Date_Stock,Close,Date_News,Sentiment_Score,Prediction,Decayed_Sentiment,Decayed_Prediction
2026-03-03,305.0,,0.0,Neutral,0.0,Neutral
2026-03-01,302.6,,0.0,Neutral,0.0,Neutral
2026-02-26,298.0,,0.0,Neutral,0.0,Neutral
2026-02-25,294.6,2026-02-25,0.8774493336677551,Strongly Positive,0.8774493336677551,Strongly Positive
2026-02-24,293.0,,0.0,Neutral,0.43872466683387756,Positive
2026-02-23,292.5,,0.0,Neutral,0.21936233341693878,Positive
2026-02-22,293.0,,0.0,Neutral,0.0,Neutral
2026-02-17,296.5,,0.0,Neutral,0.0,Neutral
2026-02-16,297.0,,0.0,Neutral,0.0,Neutral
2026-02-12,297.0,2026-02-12,-0.2644221298396587,Negative,-0.2644221298396587,Negative
2026-02-11,295.0,2026-02-11,-0.4408624172210693,Negative,-0.5730734821408986,Negative
2026-02-10,294.0,2026-02-10,-0.5762443542480469,Negative,-0.8627810953184962,Strongly Negative
2026-02-09,295.0,,0.0,Neutral,-0.39833778142929077,Negative
2026-02-08,296.0,,0.0,Neutral,-0.14406108856201172,Slightly Negative
2026-02-05,296.0,,0.0,Neutral,0.0,Neutral
2026-02-04,295.1,,0.0,Neutral,0.0,Neutral
2026-02-03,298.0,,0.0,Neutral,0.0,Neutral
2026-02-02,299.0,,0.0,Neutral,0.0,Neutral
2026-02-01,298.1,,0.0,Neutral,0.0,Neutral
2026-01-29,300.0,,0.0,Neutral,0.0,Neutral
2026-01-28,304.0,2026-01-28,0.0113222198560833,Neutral,0.0113222198560833,Neutral
2026-01-27,304.5,,0.0,Neutral,0.00566110992804165,Neutral
2026-01-26,307.0,,0.0,Neutral,0.002830554964020825,Neutral
2026-01-25,307.5,,0.0,Neutral,0.0,Neutral
2026-01-22,304.0,,0.0,Neutral,0.0,Neutral
2026-01-21,306.9,,0.0,Neutral,0.0,Neutral
2026-01-20,307.9,,0.0,Neutral,0.0,Neutral
2026-01-18,304.8,,0.0,Neutral,0.0,Neutral
2026-01-14,300.0,2026-01-14,0.0140300989151,Neutral,0.0140300989151,Neutral
2026-01-13,298.0,,0.0,Neutral,0.00701504945755,Neutral
2026-01-12,299.5,,0.0,Neutral,0.003507524728775,Neutral
2026-01-08,300.0,,0.0,Neutral,0.0,Neutral
2026-01-07,299.7,,0.0,Neutral,0.0,Neutral
2026-01-06,297.4,,0.0,Neutral,0.0,Neutral
2026-01-05,293.0,2026-01-05,-0.8387445211410522,Strongly Negative,-0.8387445211410522,Strongly Negative
2026-01-04,292.0,,0.0,Neutral,-0.4193722605705261,Negative
2026-01-01,295.0,,0.0,Neutral,-0.20968613028526306,Negative
2025-12-31,298.0,,0.0,Neutral,0.0,Neutral
2025-12-29,294.4,,0.0,Neutral,0.0,Neutral
2025-12-28,297.0,,0.0,Neutral,0.0,Neutral
2025-12-24,288.0,,0.0,Neutral,0.0,Neutral
2025-12-23,286.9,,0.0,Neutral,0.0,Neutral
2025-12-22,288.8,,0.0,Neutral,0.0,Neutral
2025-12-21,289.8,,0.0,Neutral,0.0,Neutral
2025-12-18,292.0,,0.0,Neutral,0.0,Neutral
2025-12-17,294.0,,0.0,Neutral,0.0,Neutral
2025-12-16,292.9,,0.0,Neutral,0.0,Neutral
2025-12-15,289.4,2025-12-15,0.0156788323074579,Neutral,0.0156788323074579,Neutral
2025-12-14,290.0,,0.0,Neutral,0.00783941615372895,Neutral
2025-12-11,292.0,2025-12-11,0.4957837536931038,Positive,0.49970346176996827,Positive
2025-12-10,291.4,,0.0,Neutral,0.2478918768465519,Positive
2025-12-09,292.3,,0.0,Neutral,0.12394593842327595,Slightly Positive
2025-12-08,296.6,,0.0,Neutral,0.0,Neutral
2025-12-07,298.9,,0.0,Neutral,0.0,Neutral
2025-12-03,298.2,,0.0,Neutral,0.0,Neutral
2025-12-02,301.0,,0.0,Neutral,0.0,Neutral
2025-12-01,303.9,,0.0,Neutral,0.0,Neutral
2025-11-30,307.0,2025-11-30,-0.5521965622901917,Negative,-0.5521965622901917,Negative
2025-11-27,328.9,,0.0,Neutral,-0.2760982811450958,Negative
2025-11-26,324.5,,0.0,Neutral,-0.1380491405725479,Slightly Negative
2025-11-25,320.0,2025-11-25,0.6663917303085327,Strongly Positive,0.6663917303085327,Strongly Positive
2025-11-24,317.0,,0.0,Neutral,0.33319586515426636,Positive
2025-11-23,316.0,,0.0,Neutral,0.16659793257713318,Slightly Positive
2025-11-20,312.4,,0.0,Neutral,0.0,Neutral
2025-11-19,312.8,,0.0,Neutral,0.0,Neutral
2025-11-18,314.5,,0.0,Neutral,0.0,Neutral
2025-11-17,313.7,,0.0,Neutral,0.0,Neutral
2025-11-16,312.0,,0.0,Neutral,0.0,Neutral
2025-11-13,312.0,,0.0,Neutral,0.0,Neutral
2025-11-12,313.0,,0.0,Neutral,0.0,Neutral
2025-11-11,313.8,2025-11-11,-0.5206417441368103,Negative,-0.5206417441368103,Negative
2025-11-10,312.6,2025-11-10,0.1399208903312683,Slightly Positive,-0.12039998173713684,Slightly Negative
2025-11-09,315.0,,0.0,Neutral,-0.06019999086856842,Slightly Negative
2025-11-06,318.0,,0.0,Neutral,0.03498022258281708,Neutral
2025-11-05,315.0,2025-11-05,0.9275050759315492,Strongly Positive,0.9275050759315492,Strongly Positive
2025-11-04,312.0,,0.0,Neutral,0.4637525379657746,Positive
2025-11-03,317.0,,0.0,Neutral,0.2318762689828873,Positive
2025-11-02,315.0,2025-11-02,0.8304534256458282,Strongly Positive,0.8304534256458282,Strongly Positive
2025-10-30,313.5,,0.0,Neutral,0.4152267128229141,Positive
2025-10-29,312.0,,0.0,Neutral,0.20761335641145706,Positive
2025-10-28,315.0,,0.0,Neutral,0.0,Neutral
2025-10-26,309.0,,0.0,Neutral,0.0,Neutral
2025-10-19,309.9,2025-10-19,-0.7027487754821777,Strongly Negative,-0.7027487754821777,Strongly Negative
2025-10-16,308.9,,0.0,Neutral,-0.35137438774108887,Negative
2025-10-15,308.0,,0.0,Neutral,-0.17568719387054443,Slightly Negative
2025-10-14,309.0,,0.0,Neutral,0.0,Neutral
2025-10-13,310.0,,0.0,Neutral,0.0,Neutral
2025-10-12,307.7,,0.0,Neutral,0.0,Neutral
2025-10-09,317.0,,0.0,Neutral,0.0,Neutral
2025-10-08,312.4,,0.0,Neutral,0.0,Neutral
2025-10-07,316.9,,0.0,Neutral,0.0,Neutral
2025-09-28,319.5,,0.0,Neutral,0.0,Neutral
2025-09-25,317.3,,0.0,Neutral,0.0,Neutral
2025-09-24,316.0,,0.0,Neutral,0.0,Neutral
2025-09-23,317.0,,0.0,Neutral,0.0,Neutral
2025-09-21,317.01,,0.0,Neutral,0.0,Neutral
2025-09-18,298.7,2025-09-18,0.0988965034484863,Slightly Positive,0.0988965034484863,Slightly Positive
2025-09-08,317.16,,0.0,Neutral,0.04944825172424315,Neutral
2025-09-07,321.11,,0.0,Neutral,0.024724125862121575,Neutral
2025-09-04,324.71,,0.0,Neutral,0.0,Neutral
2025-09-03,324.08,,0.0,Neutral,0.0,Neutral
2025-09-02,325.5,,0.0,Neutral,0.0,Neutral
2025-09-01,327.47,,0.0,Neutral,0.0,Neutral
2025-08-31,323.22,2025-08-31,-0.8702601194381714,Strongly Negative,-0.8702601194381714,Strongly Negative
2025-08-28,327.55,2025-08-28,0.9314732551574708,Strongly Positive,0.4963431954383851,Positive
2025-08-27,331.31,2025-08-27,-0.8449028730392456,Strongly Negative,-0.5967312753200531,Negative
2025-08-26,326.28,,0.0,Neutral,-0.1895831227302551,Slightly Negative
2025-08-25,326.49,,0.0,Neutral,-0.2112257182598114,Negative
2025-08-24,326.2,,0.0,Neutral,0.0,Neutral
2025-08-21,329.26,,0.0,Neutral,0.0,Neutral
2025-08-20,332.5,,0.0,Neutral,0.0,Neutral
2025-08-19,335.67,,0.0,Neutral,0.0,Neutral
2025-08-18,337.68,,0.0,Neutral,0.0,Neutral
2025-08-17,334.66,2025-08-17,-0.0869648940861225,Slightly Negative,-0.0869648940861225,Slightly Negative
2025-08-14,332.45,,0.0,Neutral,-0.04348244704306125,Neutral
2025-08-13,330.48,,0.0,Neutral,-0.021741223521530625,Neutral
2025-08-12,330.97,,0.0,Neutral,0.0,Neutral
2025-08-11,334.44,,0.0,Neutral,0.0,Neutral
2025-08-07,326.85,,0.0,Neutral,0.0,Neutral
2025-08-06,327.8,,0.0,Neutral,0.0,Neutral
2025-08-05,325.39,,0.0,Neutral,0.0,Neutral
2025-08-04,327.91,,0.0,Neutral,0.0,Neutral
2025-08-03,326.37,,0.0,Neutral,0.0,Neutral
2025-07-31,332.18,,0.0,Neutral,0.0,Neutral
2025-07-30,332.08,,0.0,Neutral,0.0,Neutral
2025-07-29,335.35,,0.0,Neutral,0.0,Neutral
2025-07-28,331.79,,0.0,Neutral,0.0,Neutral
2025-07-27,332.03,,0.0,Neutral,0.0,Neutral
2025-07-24,336.59,,0.0,Neutral,0.0,Neutral
2025-07-23,339.6,,0.0,Neutral,0.0,Neutral
2025-07-22,339.57,,0.0,Neutral,0.0,Neutral
2025-07-21,332.11,,0.0,Neutral,0.0,Neutral
2025-07-20,330.22,,0.0,Neutral,0.0,Neutral
2025-07-17,331.6,2025-07-17,0.0606837570667266,Slightly Positive,0.0606837570667266,Slightly Positive
2025-07-16,327.13,,0.0,Neutral,0.0303418785333633,Neutral
2025-07-15,323.7,,0.0,Neutral,0.01517093926668165,Neutral
2025-07-14,315.71,2025-07-14,0.3165594339370727,Positive,0.3165594339370727,Positive
2025-07-13,327.02,,0.0,Neutral,0.15827971696853635,Slightly Positive
2025-07-10,314.7,,0.0,Neutral,0.07913985848426817,Slightly Positive
2025-07-09,304.2,2025-07-09,0.5959690809249878,Positive,0.5959690809249878,Positive
2025-07-08,297.08,,0.0,Neutral,0.2979845404624939,Positive
2025-07-07,296.51,,0.0,Neutral,0.14899227023124695,Slightly Positive
2025-07-06,299.94,,0.0,Neutral,0.0,Neutral
2025-07-03,300.74,,0.0,Neutral,0.0,Neutral
2025-07-02,300.65,,0.0,Neutral,0.0,Neutral
2025-07-01,293.7,,0.0,Neutral,0.0,Neutral
2025-06-30,287.28,,0.0,Neutral,0.0,Neutral
2025-06-29,286.67,2025-06-29,0.0124993920326232,Neutral,0.0124993920326232,Neutral
2025-06-26,281.85,,0.0,Neutral,0.0062496960163116,Neutral
2025-06-25,281.73,2025-06-25,-0.5497723817825317,Negative,-0.5466475337743759,Negative
2025-06-24,281.48,,0.0,Neutral,-0.27488619089126587,Negative
2025-06-23,281.24,,0.0,Neutral,-0.13744309544563293,Slightly Negative
2025-06-22,281.08,,0.0,Neutral,0.0,Neutral
2025-06-19,284.18,2025-06-19,0.9185822606086732,Strongly Positive,0.9185822606086732,Strongly Positive
2025-06-18,285.52,2025-06-18,0.134243756532669,Slightly Positive,0.5935348868370056,Positive
2025-06-17,284.77,,0.0,Neutral,0.2967674434185028,Positive
2025-06-16,286.05,,0.0,Neutral,0.03356093913316725,Neutral
2025-06-15,284.25,,0.0,Neutral,0.0,Neutral
2025-06-12,286.2,,0.0,Neutral,0.0,Neutral
2025-06-11,288.09,2025-06-11,-0.1211603879928588,Slightly Negative,-0.1211603879928588,Slightly Negative
2025-06-10,288.33,2025-06-10,-0.4339157342910766,Negative,-0.494495928287506,Negative
2025-06-09,288.44,2025-06-09,-0.3343536257743835,Negative,-0.5816015899181365,Negative
2025-06-08,287.6,,0.0,Neutral,-0.2756557464599609,Negative
2025-06-05,288.25,2025-06-05,-0.5912338495254517,Negative,-0.6748222559690475,Strongly Negative
2025-06-04,290.21,,0.0,Neutral,-0.29561692476272583,Negative
2025-06-03,291.42,2025-06-03,-0.2338424623012542,Negative,-0.3816509246826171,Negative
2025-06-02,296.78,2025-06-02,-0.5659517645835876,Negative,-0.6828729957342148,Strongly Negative
2025-05-28,299.6,,0.0,Neutral,-0.3414364978671074,Negative
2025-05-27,294.44,,0.0,Neutral,-0.1414879411458969,Slightly Negative
2025-05-26,297.05,2025-05-26,-0.7628889083862305,Strongly Negative,-0.7628889083862305,Strongly Negative
2025-05-25,294.98,,0.0,Neutral,-0.38144445419311523,Negative
2025-05-22,296.73,2025-05-22,-0.7128505706787109,Strongly Negative,-0.9035727977752686,Strongly Negative
2025-05-21,289.29,,0.0,Neutral,-0.35642528533935547,Negative
2025-05-20,289.4,2025-05-20,-0.6116074919700623,Strongly Negative,-0.78982013463974,Strongly Negative
2025-05-19,282.78,,0.0,Neutral,-0.30580374598503113,Negative
2025-05-18,280.36,,0.0,Neutral,-0.15290187299251556,Slightly Negative
2025-05-15,281.11,,0.0,Neutral,0.0,Neutral
2025-05-14,281.08,2025-05-14,-0.120438814163208,Slightly Negative,-0.120438814163208,Slightly Negative
2025-05-13,282.06,,0.0,Neutral,-0.060219407081604,Slightly Negative
2025-05-11,284.27,,0.0,Neutral,-0.030109703540802,Neutral
2025-05-08,287.17,,0.0,Neutral,0.0,Neutral
2025-05-07,286.33,,0.0,Neutral,0.0,Neutral
2025-05-06,277.83,,0.0,Neutral,0.0,Neutral
2025-05-05,280.16,,0.0,Neutral,0.0,Neutral
2025-05-04,280.11,,0.0,Neutral,0.0,Neutral
2025-04-30,280.63,,0.0,Neutral,0.0,Neutral
2025-04-29,281.09,,0.0,Neutral,0.0,Neutral
2025-04-28,282.06,,0.0,Neutral,0.0,Neutral
2025-04-27,281.27,,0.0,Neutral,0.0,Neutral
2025-04-24,283.45,,0.0,Neutral,0.0,Neutral
2025-04-23,282.91,,0.0,Neutral,0.0,Neutral
2025-04-22,285.99,2025-04-22,0.0065177381038665,Neutral,0.0065177381038665,Neutral
2025-04-21,287.56,2025-04-21,-0.1222520172595977,Slightly Negative,-0.11899314820766445,Slightly Negative
2025-04-20,290.92,2025-04-20,-0.9325382113456726,Strongly Negative,-0.9920347854495049,Strongly Negative
2025-04-17,291.96,,0.0,Neutral,-0.49683210998773575,Negative
2025-04-16,289.97,2025-04-16,-0.1533498167991638,Slightly Negative,-0.38648436963558197,Negative
2025-04-15,288.45,,0.0,Neutral,-0.0766749083995819,Slightly Negative
2025-04-13,288.18,2025-04-13,0.0838408172130584,Slightly Positive,0.045503363013267455,Neutral
2025-04-10,287.85,2025-04-10,0.1280533671379089,Slightly Positive,0.16997377574443812,Slightly Positive
2025-04-09,290.37,,0.0,Neutral,0.08498688787221906,Slightly Positive
2025-04-08,291.09,,0.0,Neutral,0.03201334178447723,Neutral
2025-04-07,291.72,,0.0,Neutral,0.0,Neutral
2025-04-03,299.13,,0.0,Neutral,0.0,Neutral
2025-04-02,295.23,,0.0,Neutral,0.0,Neutral
2025-04-01,288.99,,0.0,Neutral,0.0,Neutral
2025-03-30,287.3,2025-03-30,-0.4880945086479187,Negative,-0.4880945086479187,Negative
2025-03-27,285.38,,0.0,Neutral,-0.24404725432395935,Negative
2025-03-26,282.17,2025-03-26,-0.6513763070106506,Strongly Negative,-0.7733999341726303,Strongly Negative
2025-03-25,280.58,2025-03-25,0.2815593183040619,Positive,-0.04412883520126343,Neutral
2025-03-24,285.87,,0.0,Neutral,-0.022064417600631714,Neutral
2025-03-23,282.36,2025-03-23,-0.6444237232208252,Strongly Negative,-0.5740338936448097,Negative
2025-03-20,285.66,2025-03-20,-0.406167596578598,Negative,-0.7283794581890106,Strongly Negative
2025-03-19,286.1,,0.0,Neutral,-0.3641897290945053,Negative
2025-03-18,289.6,,0.0,Neutral,-0.1015418991446495,Slightly Negative
2025-03-17,290.0,2025-03-17,-0.0320629775524139,Neutral,-0.0320629775524139,Neutral
2025-03-16,290.0,,0.0,Neutral,-0.01603148877620695,Neutral
2025-03-12,293.0,,0.0,Neutral,-0.008015744388103475,Neutral
2025-03-11,292.0,,0.0,Neutral,0.0,Neutral
2025-03-10,294.2,2025-03-10,-0.7477757930755615,Strongly Negative,-0.7477757930755615,Strongly Negative
2025-03-09,297.0,,0.0,Neutral,-0.37388789653778076,Negative
2025-03-06,301.0,,0.0,Neutral,-0.18694394826889038,Slightly Negative
2025-03-05,301.5,,0.0,Neutral,0.0,Neutral
2025-03-04,304.3,,0.0,Neutral,0.0,Neutral
2025-03-03,309.0,,0.0,Neutral,0.0,Neutral
2025-03-02,309.0,,0.0,Neutral,0.0,Neutral
2025-02-27,303.0,,0.0,Neutral,0.0,Neutral
2025-02-25,293.1,,0.0,Neutral,0.0,Neutral
2025-02-24,293.9,2025-02-24,-0.3941380977630615,Negative,-0.3941380977630615,Negative
2025-02-23,294.0,,0.0,Neutral,-0.19706904888153076,Slightly Negative
2025-02-20,296.0,,0.0,Neutral,-0.09853452444076538,Slightly Negative
2025-02-18,300.0,,0.0,Neutral,0.0,Neutral
2025-02-17,295.0,,0.0,Neutral,0.0,Neutral
2025-02-16,291.4,,0.0,Neutral,0.0,Neutral
2025-02-13,293.1,2025-02-13,-0.6699524521827698,Strongly Negative,-0.6699524521827698,Strongly Negative
2025-02-12,291.5,2025-02-12,0.2080480456352233,Positive,-0.12692818045616158,Slightly Negative
2025-02-11,291.8,,0.0,Neutral,-0.06346409022808079,Slightly Negative
2025-02-10,295.0,,0.0,Neutral,0.052012011408805826,Slightly Positive
2025-02-09,295.0,,0.0,Neutral,0.0,Neutral
2025-02-06,298.0,,0.0,Neutral,0.0,Neutral
2025-02-05,297.2,,0.0,Neutral,0.0,Neutral
2025-02-04,297.0,,0.0,Neutral,0.0,Neutral
2025-02-03,299.0,,0.0,Neutral,0.0,Neutral
2025-02-02,294.9,,0.0,Neutral,0.0,Neutral
2025-01-28,286.0,,0.0,Neutral,0.0,Neutral
2025-01-27,283.5,,0.0,Neutral,0.0,Neutral
2025-01-26,287.6,,0.0,Neutral,0.0,Neutral
2025-01-23,289.0,2025-01-23,-0.2442322820425033,Negative,-0.2442322820425033,Negative
2025-01-22,284.0,,0.0,Neutral,-0.12211614102125165,Slightly Negative
2025-01-21,281.0,,0.0,Neutral,-0.061058070510625825,Slightly Negative
2025-01-20,285.0,2025-01-20,-0.0088043892756104,Neutral,-0.0088043892756104,Neutral
2025-01-19,286.5,,0.0,Neutral,-0.0044021946378052,Neutral
2025-01-16,283.8,,0.0,Neutral,-0.0022010973189026,Neutral
2025-01-15,285.5,,0.0,Neutral,0.0,Neutral
2025-01-13,293.9,,0.0,Neutral,0.0,Neutral
2025-01-12,296.3,,0.0,Neutral,0.0,Neutral
2025-01-09,302.1,,0.0,Neutral,0.0,Neutral
2025-01-08,302.1,,0.0,Neutral,0.0,Neutral
2025-01-07,303.0,,0.0,Neutral,0.0,Neutral
2025-01-06,305.0,,0.0,Neutral,0.0,Neutral
2025-01-05,302.0,,0.0,Neutral,0.0,Neutral
2025-01-02,306.0,2025-01-02,0.9056085348129272,Strongly Positive,0.9056085348129272,Strongly Positive
2025-01-01,307.1,,0.0,Neutral,0.4528042674064636,Positive
2024-12-31,314.0,,0.0,Neutral,0.2264021337032318,Positive
2024-12-29,333.9,,0.0,Neutral,0.0,Neutral
2024-12-26,333.8,,0.0,Neutral,0.0,Neutral
2024-12-24,326.9,,0.0,Neutral,0.0,Neutral
2024-12-23,325.0,,0.0,Neutral,0.0,Neutral
2024-12-22,323.2,,0.0,Neutral,0.0,Neutral
2024-12-19,324.0,,0.0,Neutral,0.0,Neutral
2024-12-18,322.5,,0.0,Neutral,0.0,Neutral
2024-12-17,322.0,,0.0,Neutral,0.0,Neutral
2024-12-16,321.0,2024-12-16,-0.1873531192541122,Slightly Negative,-0.1873531192541122,Slightly Negative
2024-12-12,333.0,2024-12-12,-0.7372568249702454,Strongly Negative,-0.8309333845973015,Strongly Negative
2024-12-11,336.0,,0.0,Neutral,-0.41546669229865074,Negative
2024-12-10,331.0,2024-12-10,0.0605501011013984,Slightly Positive,-0.12376410514116294,Slightly Negative
2024-12-09,339.0,2024-12-09,0.0543120503425598,Slightly Positive,0.08458710089325899,Slightly Positive
2024-12-08,341.2,,0.0,Neutral,0.042293550446629496,Neutral
2024-12-05,349.0,2024-12-05,-0.8622756004333496,Strongly Negative,-0.8486975878477097,Strongly Negative
2024-12-04,352.0,,0.0,Neutral,-0.4311378002166748,Negative
2024-12-03,351.6,,0.0,Neutral,-0.2155689001083374,Negative
2024-12-02,352.4,,0.0,Neutral,0.0,Neutral
2024-12-01,355.6,,0.0,Neutral,0.0,Neutral
2024-11-28,360.0,,0.0,Neutral,0.0,Neutral
2024-11-27,358.0,,0.0,Neutral,0.0,Neutral
2024-11-26,356.8,,0.0,Neutral,0.0,Neutral
2024-11-25,351.9,,0.0,Neutral,0.0,Neutral
2024-11-24,350.0,,0.0,Neutral,0.0,Neutral
2024-11-21,353.0,2024-11-21,0.3522944152355194,Positive,0.3522944152355194,Positive
2024-11-20,358.9,,0.0,Neutral,0.1761472076177597,Slightly Positive
2024-11-19,359.1,,0.0,Neutral,0.08807360380887985,Slightly Positive
2024-11-17,363.0,,0.0,Neutral,0.0,Neutral
2024-11-14,365.1,,0.0,Neutral,0.0,Neutral
2024-11-13,367.2,,0.0,Neutral,0.0,Neutral
2024-11-12,369.0,,0.0,Neutral,0.0,Neutral
2024-11-11,370.0,2024-11-11,0.9224844574928284,Strongly Positive,0.9224844574928284,Strongly Positive
2024-11-10,369.9,2024-11-10,0.0913766026496887,Slightly Positive,0.5526188313961029,Positive
2024-11-06,366.1,2024-11-06,0.6941941380500793,Strongly Positive,0.9705035537481308,Strongly Positive
2024-11-05,366.5,,0.0,Neutral,0.36994121968746185,Positive
2024-10-30,371.5,,0.0,Neutral,0.17354853451251984,Slightly Positive
2024-10-29,371.0,2024-10-29,-0.4482151567935943,Negative,-0.4482151567935943,Negative
2024-10-28,366.0,,0.0,Neutral,-0.22410757839679715,Negative
2024-10-27,358.9,,0.0,Neutral,-0.11205378919839858,Slightly Negative
2024-10-24,361.1,,0.0,Neutral,0.0,Neutral
2024-10-23,367.0,2024-10-23,-0.5182260870933533,Negative,-0.5182260870933533,Negative
2024-10-22,378.1,,0.0,Neutral,-0.25911304354667664,Negative
2024-10-21,377.6,,0.0,Neutral,-0.12955652177333832,Slightly Negative
2024-10-20,386.6,2024-10-20,-0.0460387840867042,Neutral,-0.0460387840867042,Neutral
2024-10-17,394.0,2024-10-17,-0.5775560140609741,Negative,-0.6005754061043262,Strongly Negative
2024-10-16,395.4,2024-10-16,0.3032940030097961,Positive,0.003006299957632977,Neutral
2024-10-15,387.5,,0.0,Neutral,0.007257997989654513,Neutral
2024-10-09,383.5,2024-10-09,0.9219281077384948,Strongly Positive,0.9977516084909438,Strongly Positive
2024-10-08,381.4,,0.0,Neutral,0.4609640538692474,Positive
2024-10-07,382.0,2024-10-07,0.9075050950050354,Strongly Positive,1.1379871219396591,Strongly Positive
2024-10-06,378.0,,0.0,Neutral,0.4537525475025177,Positive
2024-10-02,369.0,,0.0,Neutral,0.22687627375125885,Positive
2024-10-01,370.1,2024-10-01,0.9054638147354126,Strongly Positive,0.9054638147354126,Strongly Positive
2024-09-30,357.5,,0.0,Neutral,0.4527319073677063,Positive
2024-09-29,352.3,,0.0,Neutral,0.22636595368385315,Positive
2024-09-26,357.0,,0.0,Neutral,0.0,Neutral
2024-09-25,359.0,,0.0,Neutral,0.0,Neutral
2024-09-24,351.2,2024-09-24,0.9053268432617188,Strongly Positive,0.9053268432617188,Strongly Positive
2024-09-23,354.0,,0.0,Neutral,0.4526634216308594,Positive
2024-09-22,355.6,,0.0,Neutral,0.2263317108154297,Positive
2024-09-18,353.1,2024-09-18,0.0292224586009979,Neutral,0.0292224586009979,Neutral
2024-09-16,349.1,2024-09-16,0.0701217502355575,Slightly Positive,0.08473297953605645,Slightly Positive
2024-09-15,360.0,,0.0,Neutral,0.042366489768028225,Neutral
2024-09-12,365.0,2024-09-12,0.7334011197090149,Strongly Positive,0.7509315572679043,Strongly Positive
2024-09-11,356.0,,0.0,Neutral,0.36670055985450745,Positive
2024-09-10,360.0,,0.0,Neutral,0.18335027992725372,Slightly Positive
2024-09-09,362.6,,0.0,Neutral,0.0,Neutral
2024-09-08,373.0,2024-09-08,0.0105989575386047,Neutral,0.0105989575386047,Neutral
2024-09-05,373.0,,0.0,Neutral,0.00529947876930235,Neutral
2024-09-04,376.8,,0.0,Neutral,0.002649739384651175,Neutral
2024-09-03,385.2,2024-09-03,-0.2997061610221863,Negative,-0.2997061610221863,Negative
2024-09-02,385.0,,0.0,Neutral,-0.14985308051109314,Slightly Negative
2024-09-01,373.0,,0.0,Neutral,-0.07492654025554657,Slightly Negative
2024-08-29,376.4,,0.0,Neutral,0.0,Neutral
2024-08-28,382.5,,0.0,Neutral,0.0,Neutral
2024-08-27,382.0,,0.0,Neutral,0.0,Neutral
2024-08-25,399.0,,0.0,Neutral,0.0,Neutral
2024-08-22,411.0,,0.0,Neutral,0.0,Neutral
2024-08-21,414.9,,0.0,Neutral,0.0,Neutral
2024-08-18,410.0,,0.0,Neutral,0.0,Neutral
2024-08-15,419.0,,0.0,Neutral,0.0,Neutral
2024-08-14,402.1,,0.0,Neutral,0.0,Neutral
2024-08-13,400.0,,0.0,Neutral,0.0,Neutral
2024-08-12,392.0,,0.0,Neutral,0.0,Neutral
2024-08-11,383.9,2024-08-11,-0.6217007637023926,Strongly Negative,-0.6217007637023926,Strongly Negative
2024-08-08,375.1,,0.0,Neutral,-0.3108503818511963,Negative
2024-08-07,378.0,,0.0,Neutral,-0.15542519092559814,Slightly Negative
2024-08-06,372.1,2024-08-06,0.06113051623106,Slightly Positive,0.06113051623106,Slightly Positive
2024-08-05,386.0,2024-08-05,-0.0004892461001873,Neutral,0.0300760120153427,Neutral
2024-08-01,369.8,,0.0,Neutral,0.01503800600767135,Neutral
2024-07-31,376.4,,0.0,Neutral,-0.000122311525046825,Neutral
2024-07-30,377.0,,0.0,Neutral,0.0,Neutral
2024-07-29,377.0,,0.0,Neutral,0.0,Neutral
2024-07-28,387.2,,0.0,Neutral,0.0,Neutral
2024-07-25,352.0,,0.0,Neutral,0.0,Neutral
2024-07-24,341.5,,0.0,Neutral,0.0,Neutral
2024-07-23,343.5,,0.0,Neutral,0.0,Neutral
2024-07-22,330.0,,0.0,Neutral,0.0,Neutral
2024-07-21,335.0,2024-07-21,0.2961920797824859,Positive,0.2961920797824859,Positive
2024-07-18,331.8,,0.0,Neutral,0.14809603989124295,Slightly Positive
2024-07-17,314.0,,0.0,Neutral,0.07404801994562148,Slightly Positive
2024-07-16,310.0,,0.0,Neutral,0.0,Neutral
2024-07-15,294.0,2024-07-15,0.0531130880117416,Slightly Positive,0.0531130880117416,Slightly Positive
2024-07-14,298.5,2024-07-14,0.4453930258750915,Positive,0.4719495698809623,Positive
2024-07-11,291.0,,0.0,Neutral,0.23597478494048116,Positive
2024-07-10,286.5,2024-07-10,-0.0372032523155212,Neutral,0.07414500415325168,Slightly Positive
2024-07-09,285.2,,0.0,Neutral,-0.0186016261577606,Neutral
2024-07-08,280.5,,0.0,Neutral,-0.0093008130788803,Neutral
2024-07-07,281.1,2024-07-07,-0.6083687543869019,Strongly Negative,-0.6083687543869019,Strongly Negative
2024-07-04,272.9,2024-07-04,-0.7496742010116577,Strongly Negative,-1.0538585782051086,Strongly Negative
2024-07-03,271.0,,0.0,Neutral,-0.5269292891025543,Negative
2024-07-02,272.0,,0.0,Neutral,-0.18741855025291443,Slightly Negative
2024-07-01,267.5,,0.0,Neutral,0.0,Neutral
2024-06-30,259.0,2024-06-30,-0.5555654168128967,Negative,-0.5555654168128967,Negative
2024-06-27,261.0,,0.0,Neutral,-0.27778270840644836,Negative
2024-06-26,263.0,,0.0,Neutral,-0.13889135420322418,Slightly Negative
2024-06-25,262.5,,0.0,Neutral,0.0,Neutral
2024-06-24,265.0,,0.0,Neutral,0.0,Neutral
2024-06-23,260.0,,0.0,Neutral,0.0,Neutral
2024-06-20,261.0,2024-06-20,-0.7754740715026855,Strongly Negative,-0.7754740715026855,Strongly Negative
2024-06-19,263.0,2024-06-19,0.928455650806427,Strongly Positive,0.5407186150550842,Positive
2024-06-18,261.5,,0.0,Neutral,0.2703593075275421,Positive
2024-06-16,268.0,,0.0,Neutral,0.23211391270160675,Positive
2024-06-13,266.0,,0.0,Neutral,0.0,Neutral
2024-06-12,269.0,2024-06-12,-0.3344677183777093,Negative,-0.3344677183777093,Negative
2024-06-11,259.0,2024-06-11,-0.703773021697998,Strongly Negative,-0.8710068808868527,Strongly Negative
2024-06-10,254.0,2024-06-10,0.0591075792908668,Slightly Positive,-0.3763958611525595,Negative
2024-06-09,255.0,,0.0,Neutral,-0.1463894657790661,Slightly Negative
2024-06-06,261.9,,0.0,Neutral,0.0147768948227167,Neutral
2024-06-05,264.0,,0.0,Neutral,0.0,Neutral
2024-06-04,266.9,,0.0,Neutral,0.0,Neutral
2024-06-03,262.0,,0.0,Neutral,0.0,Neutral
2024-06-02,265.0,,0.0,Neutral,0.0,Neutral
2024-05-30,261.0,,0.0,Neutral,0.0,Neutral
2024-05-29,270.0,,0.0,Neutral,0.0,Neutral
2024-05-27,277.0,2024-05-27,-0.6427181959152222,Strongly Negative,-0.6427181959152222,Strongly Negative
2024-05-26,277.5,2024-05-26,-0.5461372137069702,Negative,-0.8674963116645813,Strongly Negative
2024-05-22,280.0,,0.0,Neutral,-0.43374815583229065,Negative
2024-05-21,261.5,2024-05-21,0.9287891387939452,Strongly Positive,0.7922548353672026,Strongly Positive
2024-05-20,261.1,2024-05-20,-0.7473208904266357,Strongly Negative,-0.28292632102966314,Negative
2024-05-19,254.0,,0.0,Neutral,-0.14146316051483157,Slightly Negative
2024-05-16,241.1,,0.0,Neutral,-0.18683022260665894,Slightly Negative
2024-05-15,244.0,,0.0,Neutral,0.0,Neutral
2024-05-14,245.0,,0.0,Neutral,0.0,Neutral
2024-05-13,245.0,2024-05-13,-0.0147014185786247,Neutral,-0.0147014185786247,Neutral
2024-05-12,239.0,,0.0,Neutral,-0.00735070928931235,Neutral
2024-05-09,239.0,,0.0,Neutral,-0.003675354644656175,Neutral
2024-05-08,233.0,,0.0,Neutral,0.0,Neutral
2024-05-07,237.1,,0.0,Neutral,0.0,Neutral
2024-05-06,235.5,,0.0,Neutral,0.0,Neutral
2024-05-05,239.0,,0.0,Neutral,0.0,Neutral
2024-05-02,241.0,,0.0,Neutral,0.0,Neutral
2024-04-30,240.0,,0.0,Neutral,0.0,Neutral
2024-04-29,236.2,2024-04-29,-0.2238787710666656,Negative,-0.2238787710666656,Negative
2024-04-28,235.5,,0.0,Neutral,-0.1119393855333328,Slightly Negative
2024-04-25,230.0,,0.0,Neutral,-0.0559696927666664,Slightly Negative
2024-04-24,229.5,,0.0,Neutral,0.0,Neutral
2024-04-22,229.4,2024-04-22,-0.397852748632431,Negative,-0.397852748632431,Negative
2024-04-21,233.0,2024-04-21,-0.6756387948989868,Strongly Negative,-0.8745651692152023,Strongly Negative
2024-04-18,223.4,,0.0,Neutral,-0.43728258460760117,Negative
2024-04-16,223.6,2024-04-16,0.4685211181640625,Positive,0.2996114194393158,Positive
2024-04-15,225.0,2024-04-15,-0.5954660177230835,Negative,-0.36120545864105225,Negative
2024-04-14,226.1,2024-04-14,-0.4558782577514648,Negative,-0.636480987071991,Strongly Negative
2024-04-10,227.0,2024-04-10,-0.0239664651453495,Neutral,-0.40077209845185274,Negative
2024-04-09,227.5,,0.0,Neutral,-0.12595279701054093,Slightly Negative
2024-04-07,228.0,2024-04-07,-0.6892299056053162,Strongly Negative,-0.6952215218916535,Strongly Negative
2024-04-04,226.2,2024-04-04,-0.323227971792221,Negative,-0.6678429245948792,Strongly Negative
2024-04-03,230.0,,0.0,Neutral,-0.3339214622974396,Negative
2024-04-02,228.0,2024-04-02,-0.4733312129974365,Negative,-0.5541382059454918,Negative
2024-04-01,228.0,,0.0,Neutral,-0.23666560649871826,Negative
2024-03-31,228.4,,0.0,Neutral,-0.11833280324935913,Slightly Negative
2024-03-28,230.0,,0.0,Neutral,0.0,Neutral
2024-03-27,230.1,,0.0,Neutral,0.0,Neutral
2024-03-26,233.5,2024-03-26,-0.2324217855930328,Negative,-0.2324217855930328,Negative
2024-03-25,233.5,,0.0,Neutral,-0.1162108927965164,Slightly Negative
2024-03-21,235.0,2024-03-21,-0.3527610003948211,Negative,-0.4108664467930793,Negative
2024-03-20,234.5,,0.0,Neutral,-0.17638050019741056,Slightly Negative
2024-03-19,234.4,,0.0,Neutral,-0.08819025009870528,Slightly Negative
2024-03-18,235.0,,0.0,Neutral,0.0,Neutral
2024-03-17,235.0,,0.0,Neutral,0.0,Neutral
2024-03-14,233.5,2024-03-14,-0.0184712968766689,Neutral,-0.0184712968766689,Neutral
2024-03-13,236.0,2024-03-13,-0.5365344434976578,Negative,-0.5457700919359922,Negative
2024-03-12,239.7,,0.0,Neutral,-0.2728850459679961,Negative
2024-03-10,231.0,,0.0,Neutral,-0.13413361087441444,Slightly Negative
2024-03-07,228.1,,0.0,Neutral,0.0,Neutral
2024-03-06,228.3,,0.0,Neutral,0.0,Neutral
2024-03-05,229.5,,0.0,Neutral,0.0,Neutral
2024-03-04,237.4,,0.0,Neutral,0.0,Neutral
2024-03-03,224.0,2024-03-03,0.659336507320404,Strongly Positive,0.659336507320404,Strongly Positive
2024-02-29,225.8,2024-02-29,0.5973718166351318,Positive,0.9270400702953339,Strongly Positive
2024-02-28,228.0,,0.0,Neutral,0.46352003514766693,Positive
2024-02-27,227.0,,0.0,Neutral,0.14934295415878296,Slightly Positive
2024-02-26,228.0,2024-02-26,-0.6391295790672302,Strongly Negative,-0.6391295790672302,Strongly Negative
2024-02-25,227.1,2024-02-25,-0.7076578140258789,Strongly Negative,-1.027222603559494,Strongly Negative
2024-02-22,229.0,,0.0,Neutral,-0.513611301779747,Negative
2024-02-21,230.3,,0.0,Neutral,-0.17691445350646973,Slightly Negative
2024-02-20,230.0,,0.0,Neutral,0.0,Neutral
2024-02-18,230.6,,0.0,Neutral,0.0,Neutral
2024-02-15,236.7,,0.0,Neutral,0.0,Neutral
2024-02-14,233.0,,0.0,Neutral,0.0,Neutral
2024-02-13,231.3,,0.0,Neutral,0.0,Neutral
2024-02-12,238.0,2024-02-12,0.0213358532637357,Neutral,0.0213358532637357,Neutral
2024-02-11,236.8,,0.0,Neutral,0.01066792663186785,Neutral
2024-02-08,242.0,,0.0,Neutral,0.005333963315933925,Neutral
2024-02-07,241.0,2024-02-07,0.9190106987953186,Strongly Positive,0.9190106987953186,Strongly Positive
2024-02-06,240.7,,0.0,Neutral,0.4595053493976593,Positive
2024-02-05,242.0,,0.0,Neutral,0.22975267469882965,Positive
2024-02-04,240.5,,0.0,Neutral,0.0,Neutral
2024-02-01,240.5,2024-02-01,0.9017196297645568,Strongly Positive,0.9017196297645568,Strongly Positive
2024-01-31,243.2,,0.0,Neutral,0.4508598148822784,Positive
2024-01-30,245.5,,0.0,Neutral,0.2254299074411392,Positive
2024-01-29,246.5,,0.0,Neutral,0.0,Neutral
2024-01-28,245.0,2024-01-28,-0.5602532029151917,Negative,-0.5602532029151917,Negative
2024-01-25,245.1,2024-01-25,0.9305034875869752,Strongly Positive,0.6503768861293794,Strongly Positive
2024-01-24,245.5,,0.0,Neutral,0.3251884430646897,Positive
2024-01-23,245.2,,0.0,Neutral,0.2326258718967438,Positive
2024-01-22,244.0,2024-01-22,0.0955185890197753,Slightly Positive,0.0955185890197753,Slightly Positive
2024-01-21,243.9,2024-01-21,-0.0024153357371688,Neutral,0.045343958772718844,Neutral
2024-01-18,247.0,2024-01-18,0.7747501134872437,Strongly Positive,0.7974220928736031,Strongly Positive
2024-01-17,247.0,,0.0,Neutral,0.38677122280932963,Positive
2024-01-16,246.8,2024-01-16,-0.0303513295948505,Neutral,0.16333619877696043,Slightly Positive
2024-01-14,245.9,2024-01-14,-0.0015759468078613,Neutral,-0.01675161160528655,Neutral
2024-01-11,245.0,,0.0,Neutral,-0.008375805802643275,Neutral
2024-01-10,245.0,,0.0,Neutral,-0.000393986701965325,Neutral
2024-01-09,245.1,,0.0,Neutral,0.0,Neutral
2024-01-08,243.7,2024-01-08,0.3354699239134788,Positive,0.3354699239134788,Positive
2024-01-07,243.4,,0.0,Neutral,0.1677349619567394,Slightly Positive
2024-01-04,245.0,,0.0,Neutral,0.0838674809783697,Slightly Positive
2024-01-03,246.9,,0.0,Neutral,0.0,Neutral
2024-01-02,248.5,,0.0,Neutral,0.0,Neutral
2024-01-01,248.9,,0.0,Neutral,0.0,Neutral
2023-12-28,247.0,,0.0,Neutral,0.0,Neutral
2023-12-27,249.6,,0.0,Neutral,0.0,Neutral
2023-12-24,253.5,,0.0,Neutral,0.0,Neutral
2023-12-21,256.0,,0.0,Neutral,0.0,Neutral
2023-12-20,261.3,,0.0,Neutral,0.0,Neutral
2023-12-19,261.0,2023-12-19,-0.0495426394045352,Neutral,-0.0495426394045352,Neutral
2023-12-18,251.0,,0.0,Neutral,-0.0247713197022676,Neutral
2023-12-17,248.5,2023-12-17,0.1858166120946406,Slightly Positive,0.1734309522435068,Slightly Positive
2023-12-14,248.0,2023-12-14,-0.3237503468990326,Negative,-0.23084204085171228,Negative
2023-12-13,246.7,,0.0,Neutral,-0.11542102042585614,Slightly Negative
2023-12-12,245.4,,0.0,Neutral,-0.08093758672475815,Slightly Negative
2023-12-11,246.0,2023-12-11,0.8129301071166992,Strongly Positive,0.8129301071166992,Strongly Positive
2023-12-10,248.5,2023-12-10,0.3414733707904815,Positive,0.7479384243488312,Strongly Positive
2023-12-07,239.0,2023-12-07,0.7270581126213074,Strongly Positive,1.101027324795723,Strongly Positive
2023-12-06,236.0,,0.0,Neutral,0.4488973990082741,Positive
2023-12-05,238.0,,0.0,Neutral,0.18176452815532684,Slightly Positive
2023-12-04,240.0,2023-12-04,0.9314891695976256,Strongly Positive,0.9314891695976256,Strongly Positive
2023-12-03,239.0,,0.0,Neutral,0.4657445847988128,Positive
2023-11-30,239.0,,0.0,Neutral,0.2328722923994064,Positive
2023-11-29,241.8,2023-11-29,0.5706247091293335,Positive,0.5706247091293335,Positive
2023-11-28,242.0,2023-11-28,0.2470296770334244,Positive,0.5323420315980911,Positive
2023-11-27,244.0,,0.0,Neutral,0.26617101579904556,Positive
2023-11-26,242.0,,0.0,Neutral,0.0617574192583561,Slightly Positive
2023-11-23,245.0,,0.0,Neutral,0.0,Neutral
2023-11-22,245.0,,0.0,Neutral,0.0,Neutral
2023-11-21,239.0,,0.0,Neutral,0.0,Neutral
2023-11-20,239.6,2023-11-20,-0.0071662440896034,Neutral,-0.0071662440896034,Neutral
2023-11-09,244.0,,0.0,Neutral,-0.0035831220448017,Neutral
2023-11-08,246.5,,0.0,Neutral,-0.00179156102240085,Neutral
2023-11-07,244.0,,0.0,Neutral,0.0,Neutral
2023-11-06,245.0,,0.0,Neutral,0.0,Neutral
2023-11-05,240.9,2023-11-05,0.7400195002555847,Strongly Positive,0.7400195002555847,Strongly Positive
2023-11-02,248.2,,0.0,Neutral,0.37000975012779236,Positive
2023-11-01,251.0,2023-11-01,0.0985844135284423,Slightly Positive,0.28358928859233845,Positive
2023-10-31,251.7,,0.0,Neutral,0.04929220676422115,Neutral
2023-10-30,255.0,,0.0,Neutral,0.024646103382110575,Neutral
2023-10-29,255.0,,0.0,Neutral,0.0,Neutral
2023-10-19,259.0,2023-10-19,0.8292142748832703,Strongly Positive,0.8292142748832703,Strongly Positive
2023-10-18,260.0,2023-10-18,0.2993601306031147,Positive,0.7139672680447499,Strongly Positive
2023-10-17,251.0,2023-10-17,0.3895330764353275,Positive,0.7465167104577024,Strongly Positive
2023-10-16,248.0,2023-10-16,0.8377037644386292,Strongly Positive,1.1073103353070717,Strongly Positive
2023-10-12,248.3,,0.0,Neutral,0.5162351513281465,Positive
2023-10-11,250.3,,0.0,Neutral,0.2094259411096573,Positive
2023-10-10,252.0,,0.0,Neutral,0.0,Neutral
2023-10-09,253.0,2023-10-09,0.9241541624069214,Strongly Positive,0.9241541624069214,Strongly Positive
2023-10-08,254.5,2023-10-08,0.9193177223205566,Strongly Positive,1.3813948035240173,Strongly Positive
2023-10-05,258.0,,0.0,Neutral,0.6906974017620087,Strongly Positive
2023-10-04,259.3,2023-10-04,0.141101211309433,Slightly Positive,0.37093064188957214,Positive
2023-10-03,261.8,,0.0,Neutral,0.0705506056547165,Slightly Positive
2023-10-02,260.3,2023-10-02,0.8697748184204102,Strongly Positive,0.9050501212477684,Strongly Positive
2023-10-01,258.9,2023-10-01,0.9149264097213744,Strongly Positive,1.3498138189315796,Strongly Positive
2023-09-27,259.0,,0.0,Neutral,0.6749069094657898,Strongly Positive
2023-09-26,260.0,2023-09-26,0.1121289655566215,Slightly Positive,0.34086056798696507,Positive
2023-09-25,260.5,2023-09-25,0.9218896627426147,Strongly Positive,0.9779541455209255,Strongly Positive
2023-09-24,261.0,2023-09-24,0.8438069820404053,Strongly Positive,1.332784054800868,Strongly Positive
2023-09-21,262.7,,0.0,Neutral,0.6523759067058563,Strongly Positive
2023-09-19,261.0,,0.0,Neutral,0.21095174551010132,Positive
2023-09-18,259.3,2023-09-18,0.8191651403903961,Strongly Positive,0.8191651403903961,Strongly Positive
2023-09-17,259.9,2023-09-17,0.2316693365573883,Positive,0.6412519067525864,Strongly Positive
2023-09-13,264.0,,0.0,Neutral,0.3206259533762932,Positive
2023-09-12,260.8,,0.0,Neutral,0.057917334139347076,Slightly Positive
2023-09-11,263.9,2023-09-11,-0.1270755678415298,Slightly Negative,-0.1270755678415298,Slightly Negative
2023-09-10,254.9,,0.0,Neutral,-0.0635377839207649,Slightly Negative
2023-09-07,251.0,,0.0,Neutral,-0.03176889196038245,Neutral
2023-09-05,252.1,,0.0,Neutral,0.0,Neutral
2023-09-04,254.0,,0.0,Neutral,0.0,Neutral
2023-09-03,255.3,,0.0,Neutral,0.0,Neutral
2023-08-30,258.5,,0.0,Neutral,0.0,Neutral
2023-08-29,257.0,,0.0,Neutral,0.0,Neutral
2023-08-28,258.0,,0.0,Neutral,0.0,Neutral
2023-08-27,257.0,,0.0,Neutral,0.0,Neutral
2023-08-24,260.1,,0.0,Neutral,0.0,Neutral
2023-08-23,263.0,,0.0,Neutral,0.0,Neutral
2023-08-22,263.0,,0.0,Neutral,0.0,Neutral
2023-08-21,260.8,,0.0,Neutral,0.0,Neutral
2023-08-20,260.0,2023-08-20,0.4706372022628784,Positive,0.4706372022628784,Positive
2023-08-17,261.9,,0.0,Neutral,0.2353186011314392,Positive
2023-08-16,261.4,,0.0,Neutral,0.1176593005657196,Slightly Positive
2023-08-15,263.0,2023-08-15,0.0367373526096344,Neutral,0.0367373526096344,Neutral
2023-08-14,267.3,,0.0,Neutral,0.0183686763048172,Neutral
2023-08-13,264.0,2023-08-13,0.3550106883049011,Positive,0.3641950264573097,Positive
2023-08-10,260.0,2023-08-10,0.6593401432037354,Strongly Positive,0.8368454873561859,Strongly Positive
2023-08-09,258.0,,0.0,Neutral,0.41842274367809296,Positive
2023-08-08,257.9,2023-08-08,0.0437265634536743,Neutral,0.20856159925460815,Positive
2023-08-07,258.0,2023-08-07,0.7810200452804565,Strongly Positive,0.8028833270072937,Strongly Positive
2023-08-06,265.0,2023-08-06,0.2109157014638185,Positive,0.6123573649674654,Strongly Positive
2023-08-03,248.3,,0.0,Neutral,0.3007128620520234,Positive
2023-08-02,250.0,2023-08-02,-0.4065877497196197,Negative,-0.35385882435366506,Negative
2023-08-01,244.0,,0.0,Neutral,-0.20329387485980985,Negative
2023-07-31,247.0,,0.0,Neutral,-0.10164693742990492,Slightly Negative
2023-07-30,246.8,,0.0,Neutral,0.0,Neutral
2023-07-27,250.0,,0.0,Neutral,0.0,Neutral
2023-07-26,251.0,,0.0,Neutral,0.0,Neutral
2023-07-25,249.0,,0.0,Neutral,0.0,Neutral
2023-07-24,260.0,2023-07-24,-0.4698981344699859,Negative,-0.4698981344699859,Negative
2023-07-23,267.0,,0.0,Neutral,-0.23494906723499295,Negative
2023-07-20,255.0,,0.0,Neutral,-0.11747453361749648,Slightly Negative
2023-07-19,258.8,,0.0,Neutral,0.0,Neutral
2023-07-18,247.0,,0.0,Neutral,0.0,Neutral
2023-07-17,240.0,,0.0,Neutral,0.0,Neutral
2023-07-16,233.9,2023-07-16,0.883343517780304,Strongly Positive,0.883343517780304,Strongly Positive
2023-07-13,228.2,,0.0,Neutral,0.441671758890152,Positive
2023-07-12,228.1,,0.0,Neutral,0.220835879445076,Positive
2023-07-11,228.6,2023-07-11,-0.3590094149112701,Negative,-0.3590094149112701,Negative
2023-07-10,230.0,,0.0,Neutral,-0.17950470745563504,Slightly Negative
2023-07-09,230.0,2023-07-09,0.5350947976112366,Positive,0.44534244388341904,Positive
2023-07-06,229.0,,0.0,Neutral,0.2675473988056183,Positive
2023-07-05,233.0,2023-07-05,0.4177348017692566,Positive,0.5515085011720657,Positive
2023-07-04,234.0,2023-07-04,-0.20897176861763,Negative,-0.00010436773300170898,Neutral
2023-07-03,230.8,2023-07-03,0.7068891525268555,Strongly Positive,0.7068369686603546,Strongly Positive
2023-07-02,232.5,,0.0,Neutral,0.30120163410902023,Positive
2023-06-28,236.5,,0.0,Neutral,0.17672228813171387,Slightly Positive
2023-06-27,237.4,,0.0,Neutral,0.0,Neutral
2023-06-26,229.9,,0.0,Neutral,0.0,Neutral
2023-06-25,228.0,,0.0,Neutral,0.0,Neutral
2023-06-22,228.0,2023-06-22,0.873332142829895,Strongly Positive,0.873332142829895,Strongly Positive
2023-06-21,229.0,,0.0,Neutral,0.4366660714149475,Positive
2023-06-20,230.0,,0.0,Neutral,0.21833303570747375,Positive
2023-06-19,230.0,,0.0,Neutral,0.0,Neutral
2023-06-18,232.0,,0.0,Neutral,0.0,Neutral
2023-06-15,231.0,2023-06-15,0.4683806300163269,Positive,0.4683806300163269,Positive
2023-06-14,233.0,2023-06-14,0.4930647611618042,Positive,0.7272550761699677,Strongly Positive
2023-06-13,231.0,2023-06-13,0.7564454078674316,Strongly Positive,1.1200729459524155,Strongly Positive
2023-06-12,230.0,2023-06-12,0.7213075160980225,Strongly Positive,1.2227964103221893,Strongly Positive
2023-06-11,228.1,,0.0,Neutral,0.5497651100158691,Positive
2023-06-08,228.0,2023-06-08,0.7539471387863159,Strongly Positive,0.9342740178108215,Strongly Positive
2023-06-07,228.1,2023-06-07,0.4957673549652099,Positive,0.8727409243583679,Strongly Positive
2023-06-06,228.0,2023-06-06,0.7798135876655579,Strongly Positive,1.2161840498447418,Strongly Positive
2023-06-05,228.0,,0.0,Neutral,0.5138486325740814,Positive
2023-06-04,229.5,,0.0,Neutral,0.19495339691638947,Slightly Positive
2023-06-01,227.0,2023-06-01,0.4650955200195312,Positive,0.4650955200195312,Positive
2023-05-31,225.0,2023-05-31,0.9306153655052184,Strongly Positive,1.163163125514984,Strongly Positive
2023-05-30,228.0,,0.0,Neutral,0.581581562757492,Positive
2023-05-28,232.0,,0.0,Neutral,0.2326538413763046,Positive
2023-05-24,234.0,2023-05-24,0.6379044055938721,Strongly Positive,0.6379044055938721,Strongly Positive
2023-05-23,233.1,,0.0,Neutral,0.31895220279693604,Positive
2023-05-22,230.0,,0.0,Neutral,0.15947610139846802,Slightly Positive
2023-05-21,230.0,2023-05-21,0.2752208411693573,Positive,0.2752208411693573,Positive
2023-05-18,231.0,2023-05-18,-0.428337037563324,Negative,-0.2907266169786453,Negative
2023-05-17,229.0,2023-05-17,-0.1411273777484893,Slightly Negative,-0.28649068623781193,Negative
2023-05-16,228.5,,0.0,Neutral,-0.17764794826507563,Slightly Negative
2023-05-15,228.0,,0.0,Neutral,-0.035281844437122324,Neutral
2023-05-14,227.0,,0.0,Neutral,0.0,Neutral
2023-05-11,239.0,,0.0,Neutral,0.0,Neutral
2023-05-10,230.0,2023-05-10,0.3141437768936157,Positive,0.3141437768936157,Positive
2023-05-09,230.9,2023-05-09,0.6824951767921448,Strongly Positive,0.8395670652389526,Strongly Positive
2023-05-08,229.2,,0.0,Neutral,0.4197835326194763,Positive
2023-05-07,232.0,2023-05-07,-0.1594992876052856,Slightly Negative,0.011124506592750605,Neutral
2023-05-04,233.9,,0.0,Neutral,-0.0797496438026428,Slightly Negative
2023-05-03,233.1,2023-05-03,-0.3371529579162597,Negative,-0.3770277798175811,Negative
2023-05-02,234.9,,0.0,Neutral,-0.16857647895812986,Slightly Negative
2023-04-30,233.0,2023-04-30,0.5406634211540222,Positive,0.4563751816749573,Positive
2023-04-27,234.4,2023-04-27,0.3818577229976654,Positive,0.6521894335746765,Strongly Positive
2023-04-26,235.5,,0.0,Neutral,0.32609471678733826,Positive
2023-04-25,237.4,,0.0,Neutral,0.09546443074941635,Slightly Positive
2023-04-24,234.0,,0.0,Neutral,0.0,Neutral
2023-04-23,233.5,,0.0,Neutral,0.0,Neutral
2023-04-20,239.0,2023-04-20,0.1440556347370147,Slightly Positive,0.1440556347370147,Slightly Positive
2023-04-19,239.0,,0.0,Neutral,0.07202781736850734,Slightly Positive
2023-04-18,240.0,,0.0,Neutral,0.03601390868425367,Neutral
2023-04-17,242.1,,0.0,Neutral,0.0,Neutral
2023-04-16,247.5,,0.0,Neutral,0.0,Neutral
2023-04-13,246.0,,0.0,Neutral,0.0,Neutral
2023-04-12,251.0,,0.0,Neutral,0.0,Neutral
2023-04-11,238.0,,0.0,Neutral,0.0,Neutral
2023-04-10,232.1,,0.0,Neutral,0.0,Neutral
2023-04-09,234.0,,0.0,Neutral,0.0,Neutral
2023-04-06,239.0,,0.0,Neutral,0.0,Neutral
2023-04-05,240.0,,0.0,Neutral,0.0,Neutral
2023-04-04,239.9,,0.0,Neutral,0.0,Neutral
2023-04-03,240.0,,0.0,Neutral,0.0,Neutral
2023-04-02,242.0,,0.0,Neutral,0.0,Neutral
2023-03-30,244.5,,0.0,Neutral,0.0,Neutral
2023-03-29,246.0,,0.0,Neutral,0.0,Neutral
2023-03-28,247.3,,0.0,Neutral,0.0,Neutral
2023-03-27,244.9,,0.0,Neutral,0.0,Neutral
2023-03-26,248.0,,0.0,Neutral,0.0,Neutral
2023-03-23,254.0,2023-03-23,0.052819263190031,Slightly Positive,0.052819263190031,Slightly Positive
2023-03-22,256.5,,0.0,Neutral,0.0264096315950155,Neutral
2023-03-20,258.0,,0.0,Neutral,0.01320481579750775,Neutral
2023-03-19,258.2,,0.0,Neutral,0.0,Neutral
2023-03-16,261.5,,0.0,Neutral,0.0,Neutral
2023-03-15,272.0,,0.0,Neutral,0.0,Neutral
2023-03-14,281.7,,0.0,Neutral,0.0,Neutral
2023-03-13,299.0,,0.0,Neutral,0.0,Neutral
2023-03-12,298.5,,0.0,Neutral,0.0,Neutral
2023-03-09,302.0,,0.0,Neutral,0.0,Neutral
2023-03-07,291.0,,0.0,Neutral,0.0,Neutral
2023-03-05,283.9,,0.0,Neutral,0.0,Neutral
2023-03-02,279.3,,0.0,Neutral,0.0,Neutral
2023-03-01,282.0,,0.0,Neutral,0.0,Neutral
2023-02-28,285.0,,0.0,Neutral,0.0,Neutral
2023-02-27,285.0,,0.0,Neutral,0.0,Neutral
2023-02-26,286.0,,0.0,Neutral,0.0,Neutral
2023-02-23,289.1,,0.0,Neutral,0.0,Neutral
2023-02-22,294.0,,0.0,Neutral,0.0,Neutral
2023-02-20,293.0,,0.0,Neutral,0.0,Neutral
2023-02-16,295.0,,0.0,Neutral,0.0,Neutral
2023-02-15,296.1,,0.0,Neutral,0.0,Neutral
2023-02-14,298.5,,0.0,Neutral,0.0,Neutral
2023-02-12,300.2,,0.0,Neutral,0.0,Neutral
2023-02-09,308.0,,0.0,Neutral,0.0,Neutral
2023-02-08,307.0,,0.0,Neutral,0.0,Neutral
2023-02-07,304.4,,0.0,Neutral,0.0,Neutral
2023-02-06,298.0,,0.0,Neutral,0.0,Neutral
2023-02-05,298.0,,0.0,Neutral,0.0,Neutral
2023-02-02,298.5,2023-02-02,-0.6716222763061523,Strongly Negative,-0.6716222763061523,Strongly Negative
2023-02-01,300.0,,0.0,Neutral,-0.33581113815307617,Negative
2023-01-31,301.0,,0.0,Neutral,-0.16790556907653809,Slightly Negative
2023-01-30,302.7,,0.0,Neutral,0.0,Neutral
2023-01-29,305.1,2023-01-29,-0.4091926515102386,Negative,-0.4091926515102386,Negative
2023-01-26,308.0,2023-01-26,0.9144240617752076,Strongly Positive,0.7098277360200883,Strongly Positive
2023-01-25,311.2,,0.0,Neutral,0.35491386801004415,Positive
2023-01-24,308.0,,0.0,Neutral,0.2286060154438019,Positive
2023-01-23,312.1,,0.0,Neutral,0.0,Neutral
2023-01-19,324.0,,0.0,Neutral,0.0,Neutral
2023-01-18,324.0,,0.0,Neutral,0.0,Neutral
2023-01-17,328.0,2023-01-17,-0.623460054397583,Strongly Negative,-0.623460054397583,Strongly Negative
2023-01-12,330.2,2023-01-12,0.5015150904655457,Positive,0.18978506326675415,Slightly Positive
2023-01-10,340.0,2023-01-10,-0.2437212616205215,Negative,-0.14882872998714441,Slightly Negative
2023-01-09,346.0,,0.0,Neutral,0.0035181418061256686,Neutral
2023-01-08,340.0,,0.0,Neutral,-0.06093031540513037,Slightly Negative
2023-01-05,342.0,,0.0,Neutral,0.0,Neutral
2023-01-04,334.5,,0.0,Neutral,0.0,Neutral
2023-01-03,329.0,,0.0,Neutral,0.0,Neutral
2023-01-02,326.0,2023-01-02,-0.3848305940628052,Negative,-0.3848305940628052,Negative
2023-01-01,326.0,,0.0,Neutral,-0.1924152970314026,Slightly Negative
2022-12-29,328.0,,0.0,Neutral,-0.0962076485157013,Slightly Negative
2022-12-28,322.4,,0.0,Neutral,0.0,Neutral
2022-12-27,323.3,,0.0,Neutral,0.0,Neutral
2022-12-26,315.0,,0.0,Neutral,0.0,Neutral
2022-12-22,306.9,,0.0,Neutral,0.0,Neutral
2022-12-21,307.7,2022-12-21,0.6173017024993896,Strongly Positive,0.6173017024993896,Strongly Positive
2022-12-20,305.2,,0.0,Neutral,0.3086508512496948,Positive
2022-12-19,307.0,,0.0,Neutral,0.1543254256248474,Slightly Positive
2022-12-18,306.0,,0.0,Neutral,0.0,Neutral
2022-12-15,310.0,,0.0,Neutral,0.0,Neutral
2022-12-14,311.1,,0.0,Neutral,0.0,Neutral
2022-12-13,312.5,2022-12-13,0.7148497700691223,Strongly Positive,0.7148497700691223,Strongly Positive
2022-12-12,310.0,,0.0,Neutral,0.35742488503456116,Positive
2022-12-11,307.5,,0.0,Neutral,0.17871244251728058,Slightly Positive
2022-12-07,309.0,,0.0,Neutral,0.0,Neutral
2022-12-06,311.7,,0.0,Neutral,0.0,Neutral
2022-12-05,315.0,,0.0,Neutral,0.0,Neutral
2022-12-04,317.0,,0.0,Neutral,0.0,Neutral
2022-12-01,318.0,,0.0,Neutral,0.0,Neutral
2022-11-30,317.0,,0.0,Neutral,0.0,Neutral
2022-11-29,314.3,,0.0,Neutral,0.0,Neutral
2022-11-28,312.1,2022-11-28,0.1627677381038665,Slightly Positive,0.1627677381038665,Slightly Positive
2022-11-27,316.5,,0.0,Neutral,0.08138386905193325,Slightly Positive
2022-11-24,319.0,,0.0,Neutral,0.040691934525966623,Neutral
2022-11-23,317.0,,0.0,Neutral,0.0,Neutral
2022-11-22,319.0,,0.0,Neutral,0.0,Neutral
2022-11-17,319.5,,0.0,Neutral,0.0,Neutral
2022-11-16,314.5,,0.0,Neutral,0.0,Neutral
2022-11-15,315.0,2022-11-15,0.7105873227119446,Strongly Positive,0.7105873227119446,Strongly Positive
2022-11-14,311.0,2022-11-14,-0.6556950807571411,Strongly Negative,-0.3004014194011688,Negative
2022-11-13,311.7,,0.0,Neutral,-0.1502007097005844,Slightly Negative
2022-11-10,314.0,2022-11-10,0.6085646748542786,Strongly Positive,0.4446409046649933,Positive
2022-11-09,316.5,,0.0,Neutral,0.3042823374271393,Positive
2022-11-08,321.0,,0.0,Neutral,0.15214116871356964,Slightly Positive
2022-11-07,321.0,,0.0,Neutral,0.0,Neutral
2022-11-06,322.0,,0.0,Neutral,0.0,Neutral
2022-11-03,319.0,,0.0,Neutral,0.0,Neutral
2022-11-02,324.0,,0.0,Neutral,0.0,Neutral
2022-11-01,324.0,,0.0,Neutral,0.0,Neutral
2022-10-31,317.5,2022-10-31,0.1629264950752258,Slightly Positive,0.1629264950752258,Slightly Positive
2022-10-23,317.9,2022-10-23,-0.0040155053138732,Neutral,0.07744774222373971,Slightly Positive
2022-10-20,316.0,,0.0,Neutral,0.038723871111869854,Neutral
2022-10-19,313.0,2022-10-19,0.903040885925293,Strongly Positive,0.9020370095968246,Strongly Positive
2022-10-17,313.5,2022-10-17,0.71620774269104,Strongly Positive,1.1677281856536865,Strongly Positive
2022-10-16,316.0,,0.0,Neutral,0.5838640928268433,Positive
2022-10-13,315.9,2022-10-13,0.5541855245828629,Positive,0.7332374602556229,Strongly Positive
2022-10-12,317.0,,0.0,Neutral,0.2770927622914314,Positive
2022-10-11,316.0,,0.0,Neutral,0.1385463811457157,Slightly Positive
2022-10-10,316.0,,0.0,Neutral,0.0,Neutral
2022-10-09,320.5,,0.0,Neutral,0.0,Neutral
2022-09-29,316.0,2022-09-29,0.9351661205291748,Strongly Positive,0.9351661205291748,Strongly Positive
2022-09-28,310.5,,0.0,Neutral,0.4675830602645874,Positive
2022-09-27,306.1,,0.0,Neutral,0.2337915301322937,Positive
2022-09-25,304.0,,0.0,Neutral,0.0,Neutral
2022-09-22,305.0,2022-09-22,0.9082857966423036,Strongly Positive,0.9082857966423036,Strongly Positive
2022-09-21,307.0,2022-09-21,0.534334659576416,Positive,0.9884775578975677,Strongly Positive
2022-09-20,305.1,,0.0,Neutral,0.4942387789487839,Positive
2022-09-18,314.0,,0.0,Neutral,0.133583664894104,Slightly Positive
2022-09-16,315.0,,0.0,Neutral,0.0,Neutral
2022-09-15,316.0,,0.0,Neutral,0.0,Neutral
2022-09-14,321.0,,0.0,Neutral,0.0,Neutral
2022-09-13,316.2,,0.0,Neutral,0.0,Neutral
2022-09-12,314.0,,0.0,Neutral,0.0,Neutral
2022-09-11,314.0,,0.0,Neutral,0.0,Neutral
2022-09-08,319.0,,0.0,Neutral,0.0,Neutral
2022-09-07,319.8,2022-09-07,0.006325364112854,Neutral,0.006325364112854,Neutral
2022-09-06,321.0,,0.0,Neutral,0.003162682056427,Neutral
2022-09-05,321.4,,0.0,Neutral,0.0015813410282135,Neutral
2022-09-04,321.0,,0.0,Neutral,0.0,Neutral
2022-09-02,320.0,,0.0,Neutral,0.0,Neutral
2022-09-01,321.0,2022-09-01,-0.2566113471984863,Negative,-0.2566113471984863,Negative
2022-08-31,320.7,,0.0,Neutral,-0.12830567359924314,Slightly Negative
2022-08-30,322.1,2022-08-30,0.0258980691432952,Neutral,-0.03825476765632636,Neutral
2022-08-29,321.9,,0.0,Neutral,0.0129490345716476,Neutral
2022-08-28,322.5,,0.0,Neutral,0.0064745172858238,Neutral
2022-08-26,325.6,,0.0,Neutral,0.0,Neutral
2022-08-25,330.0,,0.0,Neutral,0.0,Neutral
2022-08-24,330.5,2022-08-24,0.6355215311050415,Strongly Positive,0.6355215311050415,Strongly Positive
2022-08-23,328.5,2022-08-23,0.894823431968689,Strongly Positive,1.2125841975212097,Strongly Positive
2022-08-22,328.0,,0.0,Neutral,0.6062920987606049,Strongly Positive
2022-08-21,330.0,,0.0,Neutral,0.22370585799217224,Positive
2022-08-18,323.0,,0.0,Neutral,0.0,Neutral
2022-08-17,320.0,,0.0,Neutral,0.0,Neutral
2022-08-16,322.9,,0.0,Neutral,0.0,Neutral
2022-08-15,325.0,,0.0,Neutral,0.0,Neutral
2022-08-14,317.1,,0.0,Neutral,0.0,Neutral
2022-08-11,319.9,2022-08-11,-0.061613380908966,Slightly Negative,-0.061613380908966,Slightly Negative
2022-08-10,319.0,,0.0,Neutral,-0.030806690454483,Neutral
2022-08-09,320.0,,0.0,Neutral,-0.0154033452272415,Neutral
2022-08-08,324.0,,0.0,Neutral,0.0,Neutral
2022-08-07,324.0,2022-08-07,0.0195572879165411,Neutral,0.0195572879165411,Neutral
2022-08-05,326.0,2022-08-05,0.2184320390224456,Positive,0.22821068298071615,Positive
2022-08-04,327.2,,0.0,Neutral,0.11410534149035807,Slightly Positive
2022-08-03,331.9,2022-08-03,0.7975225448608398,Strongly Positive,0.8521305546164513,Strongly Positive
2022-08-02,335.0,,0.0,Neutral,0.3987612724304199,Positive
2022-08-01,337.0,2022-08-01,-0.2906584739685058,Negative,-0.09127783775329584,Slightly Negative
2022-07-31,334.9,2022-07-31,-0.3070221543312073,Negative,-0.4523513913154602,Negative
2022-07-29,329.0,2022-07-29,-0.1990431249141693,Slightly Negative,-0.4252188205718994,Negative
2022-07-28,329.2,,0.0,Neutral,-0.17627710103988647,Slightly Negative
2022-07-27,329.0,,0.0,Neutral,-0.04976078122854233,Neutral
2022-07-26,327.9,,0.0,Neutral,0.0,Neutral
2022-07-25,331.9,,0.0,Neutral,0.0,Neutral
2022-07-24,325.0,,0.0,Neutral,0.0,Neutral
2022-07-22,320.0,,0.0,Neutral,0.0,Neutral
2022-07-21,326.0,,0.0,Neutral,0.0,Neutral
2022-07-20,330.0,,0.0,Neutral,0.0,Neutral
2022-07-19,332.2,,0.0,Neutral,0.0,Neutral
2022-07-18,333.0,,0.0,Neutral,0.0,Neutral
2022-07-17,333.0,,0.0,Neutral,0.0,Neutral
2022-07-15,331.0,2022-07-15,-0.1234379112720489,Slightly Negative,-0.1234379112720489,Slightly Negative
2022-07-14,324.9,,0.0,Neutral,-0.06171895563602445,Slightly Negative
2022-07-13,312.6,2022-07-13,0.9082242250442504,Strongly Positive,0.8773647472262381,Strongly Positive
2022-07-12,310.0,,0.0,Neutral,0.4541121125221252,Positive
2022-07-11,312.4,,0.0,Neutral,0.2270560562610626,Positive
2022-07-08,323.0,,0.0,Neutral,0.0,Neutral
2022-07-07,330.0,,0.0,Neutral,0.0,Neutral
2022-07-06,328.0,,0.0,Neutral,0.0,Neutral
2022-07-05,329.9,,0.0,Neutral,0.0,Neutral
2022-07-04,329.0,2022-07-04,-0.2904195189476013,Negative,-0.2904195189476013,Negative
2022-07-03,327.0,,0.0,Neutral,-0.14520975947380066,Slightly Negative
2022-07-01,326.0,,0.0,Neutral,-0.07260487973690033,Slightly Negative
2022-06-30,330.5,2022-06-30,-0.2598440945148468,Negative,-0.2598440945148468,Negative
2022-06-29,326.5,,0.0,Neutral,-0.1299220472574234,Slightly Negative
2022-06-28,330.0,2022-06-28,0.4208382070064544,Positive,0.3558771833777427,Positive
2022-06-27,314.0,,0.0,Neutral,0.2104191035032272,Positive
2022-06-26,315.1,2022-06-26,-0.4419355690479278,Negative,-0.3367260172963142,Negative
2022-06-24,309.0,2022-06-24,0.5870148539543152,Positive,0.36604706943035126,Positive
2022-06-23,305.0,,0.0,Neutral,0.18302353471517563,Slightly Positive
2022-06-22,310.0,,0.0,Neutral,0.1467537134885788,Slightly Positive
2022-06-21,311.0,,0.0,Neutral,0.0,Neutral
2022-06-20,310.6,2022-06-20,0.5693178772926331,Positive,0.5693178772926331,Positive
2022-06-19,318.0,,0.0,Neutral,0.28465893864631653,Positive
2022-06-17,319.9,,0.0,Neutral,0.14232946932315826,Slightly Positive
2022-06-16,321.0,2022-06-16,0.8982492685317993,Strongly Positive,0.8982492685317993,Strongly Positive
2022-06-15,327.0,,0.0,Neutral,0.44912463426589966,Positive
2022-06-14,328.5,,0.0,Neutral,0.22456231713294983,Positive
2022-06-13,332.0,,0.0,Neutral,0.0,Neutral
2022-06-10,335.6,,0.0,Neutral,0.0,Neutral
2022-06-09,335.0,,0.0,Neutral,0.0,Neutral
2022-06-08,334.0,,0.0,Neutral,0.0,Neutral
2022-06-07,328.9,2022-06-07,0.2998286485671997,Positive,0.2998286485671997,Positive
2022-06-06,343.0,2022-06-06,0.0207726825028657,Neutral,0.17068700678646556,Slightly Positive
2022-06-03,343.5,,0.0,Neutral,0.08534350339323278,Slightly Positive
2022-06-02,350.0,2022-06-02,0.8461382985115051,Strongly Positive,0.8513314691372216,Strongly Positive
2022-06-01,352.0,2022-06-01,0.3814393877983093,Positive,0.8045085370540619,Strongly Positive
2022-05-31,352.0,,0.0,Neutral,0.40225426852703094,Positive
2022-05-30,357.0,,0.0,Neutral,0.09535984694957733,Slightly Positive
2022-05-27,364.9,,0.0,Neutral,0.0,Neutral
2022-05-26,367.0,,0.0,Neutral,0.0,Neutral
2022-05-25,363.0,,0.0,Neutral,0.0,Neutral
2022-05-24,362.0,2022-05-24,0.0325568914413452,Neutral,0.0325568914413452,Neutral
2022-05-23,360.0,,0.0,Neutral,0.0162784457206726,Neutral
2022-05-20,364.0,,0.0,Neutral,0.0081392228603363,Neutral
2022-05-19,365.8,,0.0,Neutral,0.0,Neutral
2022-05-18,366.0,2022-05-18,0.2235666513442993,Positive,0.2235666513442993,Positive
2022-05-17,366.0,,0.0,Neutral,0.11178332567214964,Slightly Positive
2022-05-12,379.9,,0.0,Neutral,0.05589166283607482,Slightly Positive
2022-05-11,384.0,,0.0,Neutral,0.0,Neutral
2022-05-10,377.7,,0.0,Neutral,0.0,Neutral
2022-05-09,365.0,,0.0,Neutral,0.0,Neutral
2022-05-08,354.5,,0.0,Neutral,0.0,Neutral
2022-05-05,356.3,,0.0,Neutral,0.0,Neutral
2022-05-04,361.0,,0.0,Neutral,0.0,Neutral
2022-05-02,364.0,,0.0,Neutral,0.0,Neutral
2022-04-28,369.0,,0.0,Neutral,0.0,Neutral
2022-04-27,371.0,,0.0,Neutral,0.0,Neutral
2022-04-26,373.0,2022-04-26,0.0814896821975708,Slightly Positive,0.0814896821975708,Slightly Positive
2022-04-25,378.0,,0.0,Neutral,0.0407448410987854,Neutral
2022-04-24,376.6,2022-04-24,0.4896917045116424,Positive,0.5100641250610352,Positive
2022-04-21,370.0,2022-04-21,0.435576420277357,Positive,0.6804222725331782,Strongly Positive
2022-04-20,370.0,2022-04-20,0.1363096833229065,Slightly Positive,0.4765208195894956,Positive
2022-04-19,371.0,2022-04-19,0.9145817756652832,Strongly Positive,1.0916307223960757,Strongly Positive
2022-04-18,369.9,2022-04-18,0.6108980178833008,Strongly Positive,1.102266326546669,Strongly Positive
2022-04-17,371.0,,0.0,Neutral,0.5340944528579712,Positive
2022-04-13,367.0,,0.0,Neutral,0.1527245044708252,Slightly Positive
2022-04-12,363.8,2022-04-12,0.5773056745529175,Positive,0.5773056745529175,Positive
2022-04-11,367.0,2022-04-11,0.8681013584136963,Strongly Positive,1.156754195690155,Strongly Positive
2022-04-07,373.0,,0.0,Neutral,0.5783770978450775,Positive
2022-04-06,366.9,2022-04-06,0.3428605794906616,Positive,0.5598859190940857,Positive
2022-04-05,376.8,2022-04-05,0.651929497718811,Strongly Positive,0.8233597874641418,Strongly Positive
2022-04-04,379.0,,0.0,Neutral,0.4116798937320709,Positive
2022-04-03,380.5,2022-04-03,-0.0272224247455596,Neutral,0.13575994968414315,Slightly Positive
2022-03-31,384.1,,0.0,Neutral,-0.0136112123727798,Neutral
2022-03-30,385.0,,0.0,Neutral,-0.0068056061863899,Neutral
2022-03-29,383.9,2022-03-29,0.8759951591491699,Strongly Positive,0.8759951591491699,Strongly Positive
2022-03-28,386.0,2022-03-28,0.6411234736442566,Strongly Positive,1.0791210532188416,Strongly Positive
2022-03-27,388.1,,0.0,Neutral,0.5395605266094208,Positive
2022-03-24,393.0,,0.0,Neutral,0.16028086841106415,Slightly Positive
2022-03-23,395.0,2022-03-23,-0.0178897380828857,Neutral,-0.0178897380828857,Neutral
2022-03-22,398.0,,0.0,Neutral,-0.00894486904144285,Neutral
2022-03-21,395.6,,0.0,Neutral,-0.004472434520721425,Neutral
2022-03-20,396.6,2022-03-20,0.8301899433135986,Strongly Positive,0.8301899433135986,Strongly Positive
2022-03-16,396.2,,0.0,Neutral,0.4150949716567993,Positive
2022-03-15,399.0,,0.0,Neutral,0.20754748582839966,Positive
2022-03-14,402.0,2022-03-14,0.5405178843066096,Positive,0.5405178843066096,Positive
2022-03-13,403.0,,0.0,Neutral,0.2702589421533048,Positive
2022-03-10,386.5,,0.0,Neutral,0.1351294710766524,Slightly Positive
2022-03-09,383.9,2022-03-09,-0.5977263450622559,Negative,-0.5977263450622559,Negative
2022-03-07,385.0,,0.0,Neutral,-0.29886317253112793,Negative
2022-03-06,380.9,,0.0,Neutral,-0.14943158626556396,Slightly Negative
2022-03-02,380.0,,0.0,Neutral,0.0,Neutral
2022-02-28,390.0,2022-02-28,0.4970417022705078,Positive,0.4970417022705078,Positive
2022-02-27,395.0,,0.0,Neutral,0.2485208511352539,Positive
2022-02-24,397.0,2022-02-24,0.5140209197998047,Positive,0.6382813453674316,Strongly Positive
2022-02-23,400.0,,0.0,Neutral,0.25701045989990234,Positive
2022-02-22,404.8,,0.0,Neutral,0.12850522994995117,Slightly Positive
2022-02-21,402.0,2022-02-21,0.5519900321960449,Positive,0.5519900321960449,Positive
2022-02-20,399.0,,0.0,Neutral,0.27599501609802246,Positive
2022-02-17,405.0,,0.0,Neutral,0.13799750804901123,Slightly Positive
2022-02-16,406.9,2022-02-16,0.5795700550079346,Positive,0.5795700550079346,Positive
2022-02-15,407.0,2022-02-15,-0.3125604093074798,Negative,-0.022775381803512518,Neutral
2022-02-14,404.0,2022-02-14,-0.5765681266784668,Negative,-0.5879558175802231,Negative
2022-02-13,405.5,2022-02-13,0.4978555937608083,Positive,0.13143142809470493,Slightly Positive
2022-02-10,414.5,,0.0,Neutral,0.10478576521078745,Slightly Positive
2022-02-09,415.5,,0.0,Neutral,0.12446389844020207,Slightly Positive
2022-02-08,417.0,2022-02-08,-0.0566993355751037,Slightly Negative,-0.0566993355751037,Slightly Negative
2022-02-07,417.0,2022-02-07,0.5250307619571686,Positive,0.49668109416961675,Positive
2022-02-06,418.0,,0.0,Neutral,0.24834054708480838,Positive
2022-02-03,420.6,2022-02-03,0.908535659313202,Strongly Positive,1.039793349802494,Strongly Positive
2022-02-01,423.0,,0.0,Neutral,0.454267829656601,Positive
2022-01-31,422.0,,0.0,Neutral,0.2271339148283005,Positive
2022-01-30,424.7,,0.0,Neutral,0.0,Neutral
2022-01-27,417.0,,0.0,Neutral,0.0,Neutral
2022-01-26,416.4,2022-01-26,0.4082410056143999,Positive,0.4082410056143999,Positive
2022-01-25,419.9,,0.0,Neutral,0.20412050280719995,Positive
2022-01-24,422.0,,0.0,Neutral,0.10206025140359998,Slightly Positive
2022-01-23,430.2,,0.0,Neutral,0.0,Neutral
2022-01-20,433.0,,0.0,Neutral,0.0,Neutral
2022-01-19,433.0,2022-01-19,0.3360106647014618,Positive,0.3360106647014618,Positive
2022-01-18,440.0,2022-01-18,0.3734949231147766,Positive,0.5415002554655075,Positive
2022-01-17,441.0,2022-01-17,0.4422468543052673,Positive,0.7129969820380211,Strongly Positive
2022-01-16,435.0,,0.0,Neutral,0.3144971579313278,Positive
2022-01-13,426.9,,0.0,Neutral,0.11056171357631682,Slightly Positive
2022-01-12,424.0,2022-01-12,-0.4808397889137268,Negative,-0.4808397889137268,Negative
2022-01-11,428.9,,0.0,Neutral,-0.2404198944568634,Negative
2022-01-10,429.0,2022-01-10,0.519367516040802,Positive,0.3991575688123703,Positive
2022-01-09,431.0,2022-01-09,0.7907711267471313,Strongly Positive,1.0504548847675323,Strongly Positive
2022-01-06,421.0,,0.0,Neutral,0.5252274423837662,Positive
2022-01-05,419.0,,0.0,Neutral,0.19769278168678284,Slightly Positive
2022-01-04,422.0,2022-01-04,0.65803462266922,Strongly Positive,0.65803462266922,Strongly Positive
2022-01-03,415.0,2022-01-03,0.0013054907321929,Neutral,0.33032280206680287,Positive
2022-01-02,411.0,,0.0,Neutral,0.16516140103340143,Slightly Positive
2021-12-29,492.0,,0.0,Neutral,0.000326372683048225,Neutral
2021-12-28,494.0,,0.0,Neutral,0.0,Neutral
2021-12-27,493.0,2021-12-27,0.1544867753982544,Slightly Positive,0.1544867753982544,Slightly Positive
2021-12-26,500.0,,0.0,Neutral,0.0772433876991272,Slightly Positive
2021-12-23,496.0,,0.0,Neutral,0.0386216938495636,Neutral
2021-12-22,486.0,,0.0,Neutral,0.0,Neutral
2021-12-21,468.0,2021-12-21,-0.6907034516334534,Strongly Negative,-0.6907034516334534,Strongly Negative
2021-12-20,463.0,,0.0,Neutral,-0.3453517258167267,Negative
2021-12-16,441.0,2021-12-16,0.7056154310703278,Strongly Positive,0.5329395681619644,Positive
2021-12-15,435.0,2021-12-15,-0.3610247150063515,Negative,-0.008216999471187647,Neutral
2021-12-14,437.0,2021-12-14,0.0240390766412019,Neutral,0.019930576905608066,Neutral
2021-12-13,421.0,,0.0,Neutral,-0.07823664043098694,Slightly Negative
2021-12-12,421.0,,0.0,Neutral,0.006009769160300475,Neutral
2021-12-09,439.0,2021-12-09,0.7948119044303894,Strongly Positive,0.7948119044303894,Strongly Positive
2021-12-08,441.0,,0.0,Neutral,0.3974059522151947,Positive
2021-12-07,448.0,,0.0,Neutral,0.19870297610759735,Slightly Positive
2021-12-06,451.0,2021-12-06,-0.0454929023981094,Neutral,-0.0454929023981094,Neutral
2021-12-05,446.0,2021-12-05,-0.3157088458538055,Negative,-0.3384552970528602,Negative
2021-12-02,467.0,,0.0,Neutral,-0.1692276485264301,Slightly Negative
2021-12-01,473.0,,0.0,Neutral,-0.07892721146345137,Slightly Negative
2021-11-30,473.0,2021-11-30,0.0353909358382225,Neutral,0.0353909358382225,Neutral
2021-11-29,477.5,,0.0,Neutral,0.01769546791911125,Neutral
2021-11-28,476.0,,0.0,Neutral,0.008847733959555624,Neutral
2021-11-25,495.0,2021-11-25,-0.1864838898181915,Slightly Negative,-0.1864838898181915,Slightly Negative
2021-11-24,495.9,2021-11-24,-0.2785083949565887,Negative,-0.37175033986568445,Negative
2021-11-23,497.1,2021-11-23,0.6356387138366699,Strongly Positive,0.44976354390382767,Positive
2021-11-22,504.2,2021-11-22,0.0131739825010299,Neutral,0.2613662406802177,Positive
2021-11-21,504.0,,0.0,Neutral,0.16549666970968244,Slightly Positive
2021-11-18,508.2,,0.0,Neutral,0.003293495625257475,Neutral
2021-11-17,512.9,2021-11-17,0.6861373782157898,Strongly Positive,0.6861373782157898,Strongly Positive
2021-11-16,508.0,2021-11-16,0.8141272664070129,Strongly Positive,1.1571959555149078,Strongly Positive
2021-11-15,506.5,2021-11-15,0.4076647162437439,Positive,0.9862626940011978,Strongly Positive
2021-11-14,508.9,2021-11-14,0.0491418664654096,Neutral,0.45650604118903476,Positive
2021-11-11,507.0,2021-11-11,0.2226513624191284,Positive,0.34913847471276915,Positive
2021-11-09,515.0,,0.0,Neutral,0.12361114782591659,Slightly Positive
2021-11-08,528.0,2021-11-08,0.4568291008472442,Positive,0.5124919414520263,Positive
2021-11-03,542.9,2021-11-03,0.2788993418216705,Positive,0.5073138922452926,Positive
2021-11-02,528.5,,0.0,Neutral,0.2536569461226463,Positive
2021-11-01,521.0,2021-11-01,0.1046939715743064,Slightly Positive,0.174418807029724,Slightly Positive
2021-10-31,532.0,,0.0,Neutral,0.0523469857871532,Slightly Positive
2021-10-28,538.0,,0.0,Neutral,0.0261734928935766,Neutral
2021-10-27,551.0,,0.0,Neutral,0.0,Neutral
2021-10-26,525.0,,0.0,Neutral,0.0,Neutral
2021-10-25,512.0,,0.0,Neutral,0.0,Neutral
2021-10-24,503.0,,0.0,Neutral,0.0,Neutral
2021-10-21,500.2,2021-10-21,0.8713273406028748,Strongly Positive,0.8713273406028748,Strongly Positive
2021-10-20,503.8,2021-10-20,0.6123760342597961,Strongly Positive,1.0480397045612335,Strongly Positive
2021-10-19,493.0,,0.0,Neutral,0.5240198522806168,Positive
2021-10-18,496.0,2021-10-18,0.8018708229064941,Strongly Positive,0.9549648314714432,Strongly Positive
2021-10-17,507.9,2021-10-17,0.9213525056838988,Strongly Positive,1.322287917137146,Strongly Positive
2021-10-11,509.0,2021-10-11,0.857159435749054,Strongly Positive,1.518303394317627,Strongly Positive
2021-10-10,509.5,,0.0,Neutral,0.6589178442955017,Strongly Positive
2021-10-06,506.0,2021-10-06,0.9232880473136902,Strongly Positive,1.1375779062509537,Strongly Positive
2021-10-05,504.0,2021-10-05,0.4259742498397827,Positive,0.8876182734966278,Strongly Positive
2021-10-04,497.0,2021-10-04,-0.1786015033721923,Slightly Negative,0.26520763337612163,Positive
2021-10-03,498.0,,0.0,Neutral,0.01719281077384953,Neutral
2021-09-30,508.0,,0.0,Neutral,-0.044650375843048075,Neutral
2021-09-29,512.0,2021-09-29,0.9257281422615052,Strongly Positive,0.9257281422615052,Strongly Positive
2021-09-28,509.0,2021-09-28,0.261738121509552,Positive,0.7246021926403046,Strongly Positive
2021-09-27,523.0,,0.0,Neutral,0.3623010963201523,Positive
2021-09-26,540.0,,0.0,Neutral,0.065434530377388,Slightly Positive
2021-09-23,545.0,2021-09-23,-0.5558741092681885,Negative,-0.5558741092681885,Negative
2021-09-22,529.0,,0.0,Neutral,-0.27793705463409424,Negative
2021-09-21,507.0,,0.0,Neutral,-0.13896852731704712,Slightly Negative
2021-09-20,507.9,,0.0,Neutral,0.0,Neutral
2021-09-16,520.2,2021-09-16,0.5890231132507324,Positive,0.5890231132507324,Positive
2021-09-15,536.0,,0.0,Neutral,0.2945115566253662,Positive
2021-09-14,547.0,,0.0,Neutral,0.1472557783126831,Slightly Positive
2021-09-13,546.0,,0.0,Neutral,0.0,Neutral
2021-09-12,539.0,2021-09-12,0.4431141316890716,Positive,0.4431141316890716,Positive
2021-09-09,535.3,,0.0,Neutral,0.2215570658445358,Positive
2021-09-08,535.0,,0.0,Neutral,0.1107785329222679,Slightly Positive
2021-09-07,544.0,,0.0,Neutral,0.0,Neutral
2021-09-06,555.0,,0.0,Neutral,0.0,Neutral
2021-09-05,529.0,,0.0,Neutral,0.0,Neutral
2021-09-02,547.0,,0.0,Neutral,0.0,Neutral
2021-09-01,548.5,,0.0,Neutral,0.0,Neutral
2021-08-31,544.0,,0.0,Neutral,0.0,Neutral
2021-08-29,559.0,,0.0,Neutral,0.0,Neutral
2021-08-26,570.0,,0.0,Neutral,0.0,Neutral
2021-08-25,569.2,,0.0,Neutral,0.0,Neutral
2021-08-24,580.0,,0.0,Neutral,0.0,Neutral
2021-08-19,590.5,2021-08-19,0.5259397625923157,Positive,0.5259397625923157,Positive
2021-08-18,595.0,,0.0,Neutral,0.26296988129615784,Positive
2021-08-17,583.9,,0.0,Neutral,0.13148494064807892,Slightly Positive
2021-08-16,590.0,2021-08-16,0.146904706954956,Slightly Positive,0.146904706954956,Slightly Positive
2021-08-15,594.0,,0.0,Neutral,0.073452353477478,Slightly Positive
2021-08-12,593.1,,0.0,Neutral,0.036726176738739,Neutral
2021-08-11,589.0,,0.0,Neutral,0.0,Neutral
2021-08-10,593.0,,0.0,Neutral,0.0,Neutral
2021-08-09,580.0,,0.0,Neutral,0.0,Neutral
2021-08-08,581.0,,0.0,Neutral,0.0,Neutral
2021-08-05,580.0,,0.0,Neutral,0.0,Neutral
2021-08-04,582.5,2021-08-04,-0.4183864593505859,Negative,-0.4183864593505859,Negative
2021-08-03,580.0,,0.0,Neutral,-0.20919322967529294,Negative
2021-08-02,573.0,,0.0,Neutral,-0.10459661483764647,Slightly Negative
2021-08-01,568.0,,0.0,Neutral,0.0,Neutral
2021-07-29,571.0,,0.0,Neutral,0.0,Neutral
2021-07-28,570.0,,0.0,Neutral,0.0,Neutral
2021-07-27,575.0,,0.0,Neutral,0.0,Neutral
2021-07-26,579.0,,0.0,Neutral,0.0,Neutral
2021-07-25,597.0,2021-07-25,-0.1586503386497497,Slightly Negative,-0.1586503386497497,Slightly Negative
2021-07-22,588.0,,0.0,Neutral,-0.07932516932487485,Slightly Negative
2021-07-20,545.0,,0.0,Neutral,-0.039662584662437425,Neutral
2021-07-19,512.0,,0.0,Neutral,0.0,Neutral
2021-07-18,508.0,,0.0,Neutral,0.0,Neutral
2021-07-15,479.0,2021-07-15,0.2684071958065033,Positive,0.2684071958065033,Positive
2021-07-14,479.0,,0.0,Neutral,0.13420359790325165,Slightly Positive
2021-07-13,481.0,,0.0,Neutral,0.06710179895162582,Slightly Positive
2021-07-12,480.0,,0.0,Neutral,0.0,Neutral
2021-07-11,488.0,2021-07-11,0.7197643518447876,Strongly Positive,0.7197643518447876,Strongly Positive
2021-07-08,477.0,,0.0,Neutral,0.3598821759223938,Positive
2021-07-07,471.0,2021-07-07,0.0943080335855484,Slightly Positive,0.2742491215467453,Positive
2021-07-06,473.0,,0.0,Neutral,0.0471540167927742,Neutral
2021-07-05,476.0,,0.0,Neutral,0.0235770083963871,Neutral
2021-07-04,477.0,,0.0,Neutral,0.0,Neutral
2021-07-01,484.0,,0.0,Neutral,0.0,Neutral
2021-06-30,482.0,2021-06-30,0.864063024520874,Strongly Positive,0.864063024520874,Strongly Positive
2021-06-29,485.0,,0.0,Neutral,0.432031512260437,Positive
2021-06-28,497.0,,0.0,Neutral,0.2160157561302185,Positive
2021-06-27,493.0,,0.0,Neutral,0.0,Neutral
2021-06-24,482.0,,0.0,Neutral,0.0,Neutral
2021-06-23,471.0,,0.0,Neutral,0.0,Neutral
2021-06-22,482.0,,0.0,Neutral,0.0,Neutral
2021-06-21,470.0,,0.0,Neutral,0.0,Neutral
2021-06-20,476.0,,0.0,Neutral,0.0,Neutral
2021-06-17,490.0,,0.0,Neutral,0.0,Neutral
2021-06-16,492.0,,0.0,Neutral,0.0,Neutral
2021-06-15,487.0,,0.0,Neutral,0.0,Neutral
2021-06-14,478.0,2021-06-14,0.6951586504777273,Strongly Positive,0.6951586504777273,Strongly Positive
2021-06-13,461.0,,0.0,Neutral,0.34757932523886365,Positive
2021-06-10,457.0,,0.0,Neutral,0.17378966261943182,Slightly Positive
2021-06-09,462.0,,0.0,Neutral,0.0,Neutral
2021-06-08,463.0,,0.0,Neutral,0.0,Neutral
2021-06-07,458.0,,0.0,Neutral,0.0,Neutral
2021-06-06,466.0,,0.0,Neutral,0.0,Neutral
2021-06-03,450.0,,0.0,Neutral,0.0,Neutral
2021-06-02,440.0,,0.0,Neutral,0.0,Neutral
2021-06-01,437.0,,0.0,Neutral,0.0,Neutral
2021-05-31,442.0,,0.0,Neutral,0.0,Neutral
2021-05-30,448.0,,0.0,Neutral,0.0,Neutral
2021-05-27,444.0,2021-05-27,0.2186865657567978,Positive,0.2186865657567978,Positive
2021-05-25,446.0,2021-05-25,0.655621349811554,Strongly Positive,0.7649646326899529,Strongly Positive
2021-05-24,452.0,,0.0,Neutral,0.3824823163449764,Positive
2021-05-23,445.0,,0.0,Neutral,0.1639053374528885,Slightly Positive
2021-05-20,437.0,,0.0,Neutral,0.0,Neutral
2021-05-19,435.0,,0.0,Neutral,0.0,Neutral
2021-05-18,433.0,,0.0,Neutral,0.0,Neutral
2021-05-17,428.0,,0.0,Neutral,0.0,Neutral
2021-05-16,425.0,2021-05-16,0.8713140487670898,Strongly Positive,0.8713140487670898,Strongly Positive
2021-05-13,419.0,,0.0,Neutral,0.4356570243835449,Positive
2021-05-12,419.0,,0.0,Neutral,0.21782851219177246,Positive
2021-05-11,421.0,,0.0,Neutral,0.0,Neutral
2021-05-10,420.0,,0.0,Neutral,0.0,Neutral
2021-05-09,419.0,,0.0,Neutral,0.0,Neutral
2021-05-06,417.0,,0.0,Neutral,0.0,Neutral
2021-05-05,417.0,,0.0,Neutral,0.0,Neutral
2021-05-04,417.0,,0.0,Neutral,0.0,Neutral
2021-05-03,418.0,,0.0,Neutral,0.0,Neutral
2021-05-02,424.0,2021-05-02,0.1060797721147537,Slightly Positive,0.1060797721147537,Slightly Positive
2021-04-29,419.0,2021-04-29,-0.3356136381626129,Negative,-0.28257375210523605,Negative
2021-04-28,415.0,2021-04-28,0.0036563519388437,Neutral,-0.13763052411377433,Slightly Negative
2021-04-27,416.0,,0.0,Neutral,-0.08207523357123138,Slightly Negative
2021-04-26,412.0,,0.0,Neutral,0.000914087984710925,Neutral
2021-04-25,419.0,,0.0,Neutral,0.0,Neutral
2021-04-22,428.0,,0.0,Neutral,0.0,Neutral
2021-04-21,429.0,2021-04-21,-0.5364495515823364,Negative,-0.5364495515823364,Negative
2021-04-20,430.0,2021-04-20,-0.8707112669944763,Strongly Negative,-1.1389360427856445,Strongly Negative
2021-04-19,433.0,,0.0,Neutral,-0.5694680213928223,Negative
2021-04-18,441.0,2021-04-18,-0.4178709387779236,Negative,-0.6355487555265427,Strongly Negative
2021-04-15,448.0,,0.0,Neutral,-0.2089354693889618,Negative
2021-04-13,445.0,2021-04-13,-0.5402607917785645,Negative,-0.6447285264730453,Strongly Negative
2021-04-12,437.0,,0.0,Neutral,-0.2701303958892822,Negative
2021-04-08,437.0,,0.0,Neutral,-0.1350651979446411,Slightly Negative
2021-04-07,437.0,,0.0,Neutral,0.0,Neutral
2021-04-06,437.0,,0.0,Neutral,0.0,Neutral
2021-04-05,437.0,2021-04-05,-0.4910283088684082,Negative,-0.4910283088684082,Negative
2021-04-04,441.0,,0.0,Neutral,-0.2455141544342041,Negative
2021-04-01,439.0,2021-04-01,0.1322474330663681,Slightly Positive,0.009490355849266052,Neutral
2021-03-31,445.0,,0.0,Neutral,0.06612371653318405,Slightly Positive
2021-03-30,428.0,,0.0,Neutral,0.033061858266592026,Neutral
2021-03-29,429.0,2021-03-29,0.849197268486023,Strongly Positive,0.849197268486023,Strongly Positive
2021-03-25,431.0,,0.0,Neutral,0.4245986342430115,Positive
2021-03-24,429.0,2021-03-24,-0.4105883538722992,Negative,-0.19828903675079346,Slightly Negative
2021-03-23,427.0,2021-03-23,0.8062120676040649,Strongly Positive,0.6009178906679153,Strongly Positive
2021-03-22,429.0,2021-03-22,-0.3435660600662231,Negative,-0.04310711473226542,Neutral
2021-03-21,437.0,,0.0,Neutral,0.02976998686790469,Neutral
2021-03-18,430.0,,0.0,Neutral,-0.08589151501655577,Slightly Negative
2021-03-17,423.0,,0.0,Neutral,0.0,Neutral
2021-03-16,417.0,,0.0,Neutral,0.0,Neutral
2021-03-15,417.0,,0.0,Neutral,0.0,Neutral
2021-03-14,418.0,2021-03-14,0.3672319650650024,Positive,0.3672319650650024,Positive
2021-03-10,426.0,,0.0,Neutral,0.1836159825325012,Slightly Positive
2021-03-09,426.0,,0.0,Neutral,0.0918079912662506,Slightly Positive
2021-03-07,430.0,2021-03-07,0.8898645639419556,Strongly Positive,0.8898645639419556,Strongly Positive
2021-03-04,434.0,,0.0,Neutral,0.4449322819709778,Positive
2021-03-03,428.0,,0.0,Neutral,0.2224661409854889,Positive
2021-03-02,435.0,2021-03-02,-0.438233733177185,Negative,-0.438233733177185,Negative
2021-03-01,445.0,,0.0,Neutral,-0.2191168665885925,Negative
2021-02-28,441.0,,0.0,Neutral,-0.10955843329429625,Slightly Negative
2021-02-25,455.0,,0.0,Neutral,0.0,Neutral
2021-02-24,459.0,2021-02-24,-0.4131810963153839,Negative,-0.4131810963153839,Negative
2021-02-23,455.0,,0.0,Neutral,-0.20659054815769196,Negative
2021-02-22,464.0,,0.0,Neutral,-0.10329527407884598,Slightly Negative
2021-02-21,473.0,2021-02-21,-0.5976194143295288,Negative,-0.5976194143295288,Negative
2021-02-18,472.0,,0.0,Neutral,-0.2988097071647644,Negative
2021-02-17,467.0,,0.0,Neutral,-0.1494048535823822,Slightly Negative
2021-02-16,462.0,,0.0,Neutral,0.0,Neutral
2021-02-15,456.0,,0.0,Neutral,0.0,Neutral
2021-02-14,448.0,,0.0,Neutral,0.0,Neutral
2021-02-11,451.0,,0.0,Neutral,0.0,Neutral
2021-02-10,457.0,2021-02-10,0.4726470112800598,Positive,0.4726470112800598,Positive
2021-02-09,453.0,2021-02-09,-0.5642222166061401,Negative,-0.32789871096611023,Negative
2021-02-08,462.0,2021-02-08,-0.4620852768421173,Negative,-0.6260346323251724,Strongly Negative
2021-02-07,450.0,,0.0,Neutral,-0.3720981925725937,Negative
2021-02-04,451.0,2021-02-04,-0.4566866755485534,Negative,-0.5722079947590828,Negative
2021-02-03,451.0,,0.0,Neutral,-0.2283433377742767,Negative
2021-02-02,450.0,,0.0,Neutral,-0.11417166888713835,Slightly Negative
2021-02-01,446.0,,0.0,Neutral,0.0,Neutral
2021-01-31,445.0,2021-01-31,0.0300732478499412,Neutral,0.0300732478499412,Neutral
2021-01-28,459.0,2021-01-28,0.7391324043273926,Strongly Positive,0.7541690282523632,Strongly Positive
2021-01-27,470.0,2021-01-27,0.9172951579093932,Strongly Positive,1.294379672035575,Strongly Positive
2021-01-26,484.0,2021-01-26,-0.5346378684043884,Negative,0.10879281163215632,Slightly Positive
2021-01-25,460.0,,0.0,Neutral,-0.037995144724845914,Neutral
2021-01-24,446.0,,0.0,Neutral,-0.1336594671010971,Slightly Negative
2021-01-21,444.0,2021-01-21,-0.8496271967887878,Strongly Negative,-0.8496271967887878,Strongly Negative
2021-01-20,444.0,,0.0,Neutral,-0.4248135983943939,Negative
2021-01-19,449.0,,0.0,Neutral,-0.21240679919719696,Negative
2021-01-18,448.0,,0.0,Neutral,0.0,Neutral
2021-01-17,453.0,2021-01-17,0.3041101396083832,Positive,0.3041101396083832,Positive
2021-01-13,450.0,2021-01-13,0.4864499568939209,Positive,0.6385050266981125,Strongly Positive
2021-01-12,454.0,,0.0,Neutral,0.31925251334905624,Positive
2021-01-11,451.0,2021-01-11,-0.3791023790836334,Negative,-0.2574898898601532,Negative
2021-01-10,450.0,2021-01-10,-0.4561843276023865,Negative,-0.6457355171442032,Strongly Negative
2021-01-07,438.0,2021-01-07,0.698971003293991,Strongly Positive,0.3761032447218894,Positive
2021-01-06,438.0,,0.0,Neutral,0.23543941974639887,Positive
2021-01-05,435.0,,0.0,Neutral,0.17474275082349774,Slightly Positive
2021-01-04,439.0,,0.0,Neutral,0.0,Neutral
2021-01-03,440.0,2021-01-03,-0.3271416127681732,Negative,-0.3271416127681732,Negative
2020-12-31,425.0,,0.0,Neutral,-0.1635708063840866,Slightly Negative
2020-12-30,422.0,2020-12-30,-0.4411584436893463,Negative,-0.5229438468813896,Negative
2020-12-29,488.0,,0.0,Neutral,-0.22057922184467316,Negative
2020-12-28,492.0,,0.0,Neutral,-0.11028961092233658,Slightly Negative
2020-12-27,493.0,,0.0,Neutral,0.0,Neutral
2020-12-24,493.0,2020-12-24,0.512558102607727,Positive,0.512558102607727,Positive
2020-12-23,500.0,,0.0,Neutral,0.2562790513038635,Positive
2020-12-22,503.0,,0.0,Neutral,0.12813952565193176,Slightly Positive
2020-12-21,485.0,2020-12-21,-0.5311627984046936,Negative,-0.5311627984046936,Negative
2020-12-20,492.0,,0.0,Neutral,-0.2655813992023468,Negative
2020-12-17,518.0,2020-12-17,0.6602139472961426,Strongly Positive,0.5274232476949692,Positive
2020-12-16,527.0,2020-12-16,0.6675947904586792,Strongly Positive,0.9977017641067505,Strongly Positive
2020-12-15,528.0,,0.0,Neutral,0.49885088205337524,Positive
2020-12-14,535.0,,0.0,Neutral,0.1668986976146698,Slightly Positive
2020-12-13,552.0,,0.0,Neutral,0.0,Neutral
2020-12-10,535.0,,0.0,Neutral,0.0,Neutral
2020-12-09,536.0,2020-12-09,0.1103778183460235,Slightly Positive,0.1103778183460235,Slightly Positive
2020-12-08,547.0,,0.0,Neutral,0.05518890917301175,Slightly Positive
2020-12-07,532.0,2020-12-07,0.6842315196990967,Strongly Positive,0.7118259742856026,Strongly Positive
2020-12-06,517.0,,0.0,Neutral,0.34211575984954834,Positive
2020-12-03,532.0,,0.0,Neutral,0.17105787992477417,Slightly Positive
2020-12-02,535.0,,0.0,Neutral,0.0,Neutral
2020-12-01,530.0,,0.0,Neutral,0.0,Neutral
2020-11-30,541.0,,0.0,Neutral,0.0,Neutral
2020-11-29,554.0,,0.0,Neutral,0.0,Neutral
2020-11-26,525.0,,0.0,Neutral,0.0,Neutral
2020-11-25,519.0,2020-11-25,0.8829460740089417,Strongly Positive,0.8829460740089417,Strongly Positive
2020-11-24,512.0,,0.0,Neutral,0.4414730370044708,Positive
2020-11-23,512.0,,0.0,Neutral,0.2207365185022354,Positive
2020-11-22,505.0,,0.0,Neutral,0.0,Neutral
2020-11-19,491.0,,0.0,Neutral,0.0,Neutral
2020-11-18,487.0,2020-11-18,0.1508250832557678,Slightly Positive,0.1508250832557678,Slightly Positive
2020-11-12,484.0,,0.0,Neutral,0.0754125416278839,Slightly Positive
2020-11-11,479.0,,0.0,Neutral,0.03770627081394195,Neutral
2020-11-10,470.0,2020-11-10,0.0448877215385437,Neutral,0.0448877215385437,Neutral
2020-11-09,472.0,,0.0,Neutral,0.02244386076927185,Neutral
2020-11-08,471.0,,0.0,Neutral,0.011221930384635925,Neutral
2020-11-05,470.0,2020-11-05,0.9027197360992432,Strongly Positive,0.9027197360992432,Strongly Positive
2020-11-04,464.0,,0.0,Neutral,0.4513598680496216,Positive
2020-11-03,467.0,,0.0,Neutral,0.2256799340248108,Positive
2020-11-02,469.0,,0.0,Neutral,0.0,Neutral
2020-11-01,477.0,,0.0,Neutral,0.0,Neutral
2020-10-29,472.0,,0.0,Neutral,0.0,Neutral
2020-10-28,473.0,,0.0,Neutral,0.0,Neutral
2020-10-22,454.0,,0.0,Neutral,0.0,Neutral
2020-10-21,450.0,2020-10-21,0.8985637426376343,Strongly Positive,0.8985637426376343,Strongly Positive
2020-10-20,442.0,,0.0,Neutral,0.44928187131881714,Positive
2020-10-19,440.0,2020-10-19,0.906398057937622,Strongly Positive,1.1310389935970306,Strongly Positive
2020-10-18,439.0,2020-10-18,0.8729951977729797,Strongly Positive,1.3261942267417908,Strongly Positive
2020-10-15,442.0,2020-10-15,0.6376285552978516,Strongly Positive,1.300725668668747,Strongly Positive
2020-10-14,439.0,,0.0,Neutral,0.5370630770921707,Positive
2020-10-13,439.0,,0.0,Neutral,0.1594071388244629,Slightly Positive
2020-10-12,440.0,,0.0,Neutral,0.0,Neutral
2020-10-11,439.0,,0.0,Neutral,0.0,Neutral
2020-10-08,443.0,,0.0,Neutral,0.0,Neutral
2020-10-07,448.0,,0.0,Neutral,0.0,Neutral
2020-10-06,450.0,,0.0,Neutral,0.0,Neutral
2020-10-05,439.0,,0.0,Neutral,0.0,Neutral
2020-10-04,440.0,,0.0,Neutral,0.0,Neutral
2020-10-01,439.0,,0.0,Neutral,0.0,Neutral
2020-09-30,436.0,,0.0,Neutral,0.0,Neutral
2020-09-29,438.0,,0.0,Neutral,0.0,Neutral
2020-09-28,441.0,,0.0,Neutral,0.0,Neutral
2020-09-27,440.0,,0.0,Neutral,0.0,Neutral
2020-09-24,435.0,,0.0,Neutral,0.0,Neutral
2020-09-23,436.0,,0.0,Neutral,0.0,Neutral
2020-09-22,434.0,,0.0,Neutral,0.0,Neutral
2020-09-21,436.0,,0.0,Neutral,0.0,Neutral
2020-09-20,440.0,,0.0,Neutral,0.0,Neutral
2020-09-17,437.0,,0.0,Neutral,0.0,Neutral
2020-09-16,430.0,2020-09-16,0.859821081161499,Strongly Positive,0.859821081161499,Strongly Positive
2020-09-15,433.0,2020-09-15,0.88677579164505,Strongly Positive,1.3166863322257996,Strongly Positive
2020-09-14,435.0,,0.0,Neutral,0.6583431661128998,Strongly Positive
2020-09-13,429.0,,0.0,Neutral,0.2216939479112625,Positive
2020-09-10,425.0,,0.0,Neutral,0.0,Neutral
2020-09-09,423.0,,0.0,Neutral,0.0,Neutral
2020-09-08,422.0,,0.0,Neutral,0.0,Neutral
2020-09-07,424.0,,0.0,Neutral,0.0,Neutral
2020-09-06,429.0,,0.0,Neutral,0.0,Neutral
2020-09-03,432.0,,0.0,Neutral,0.0,Neutral
2020-09-02,436.0,,0.0,Neutral,0.0,Neutral
2020-08-31,429.0,,0.0,Neutral,0.0,Neutral
2020-08-30,424.0,,0.0,Neutral,0.0,Neutral
2020-08-27,425.0,,0.0,Neutral,0.0,Neutral
2020-08-26,426.0,2020-08-26,0.4787486214190721,Positive,0.4787486214190721,Positive
2020-08-25,421.0,,0.0,Neutral,0.23937431070953605,Positive
2020-08-24,420.0,,0.0,Neutral,0.11968715535476802,Slightly Positive
2020-08-23,414.0,,0.0,Neutral,0.0,Neutral
2020-08-20,412.0,2020-08-20,0.3619968295097351,Positive,0.3619968295097351,Positive
2020-08-19,409.0,,0.0,Neutral,0.18099841475486755,Slightly Positive
2020-08-18,417.0,,0.0,Neutral,0.09049920737743378,Slightly Positive
2020-08-17,415.0,,0.0,Neutral,0.0,Neutral
2020-08-16,410.0,2020-08-16,0.0681280344724655,Slightly Positive,0.0681280344724655,Slightly Positive
2020-08-13,415.0,2020-08-13,-0.0032728966325521,Neutral,0.030791120603680652,Neutral
2020-08-12,419.0,,0.0,Neutral,0.015395560301840326,Neutral
2020-08-11,419.0,,0.0,Neutral,-0.000818224158138025,Neutral
2020-08-10,425.0,,0.0,Neutral,0.0,Neutral
2020-08-09,412.0,,0.0,Neutral,0.0,Neutral
2020-08-06,406.0,,0.0,Neutral,0.0,Neutral
2020-08-05,404.0,,0.0,Neutral,0.0,Neutral
2020-08-03,411.0,,0.0,Neutral,0.0,Neutral
2020-08-02,406.0,,0.0,Neutral,0.0,Neutral
2020-07-30,427.0,,0.0,Neutral,0.0,Neutral
2020-07-29,422.0,2020-07-29,0.8600679636001587,Strongly Positive,0.8600679636001587,Strongly Positive
2020-07-28,432.0,,0.0,Neutral,0.43003398180007935,Positive
2020-07-27,433.0,,0.0,Neutral,0.21501699090003967,Positive
2020-07-26,434.0,,0.0,Neutral,0.0,Neutral
2020-07-23,428.0,,0.0,Neutral,0.0,Neutral
2020-07-22,426.0,2020-07-22,0.5365362167358398,Positive,0.5365362167358398,Positive
2020-07-21,431.0,,0.0,Neutral,0.2682681083679199,Positive
2020-07-20,442.0,,0.0,Neutral,0.13413405418395996,Slightly Positive
2020-07-19,432.0,,0.0,Neutral,0.0,Neutral
2020-07-16,400.0,,0.0,Neutral,0.0,Neutral
2020-07-15,385.0,,0.0,Neutral,0.0,Neutral
2020-07-14,375.0,,0.0,Neutral,0.0,Neutral
2020-07-13,375.0,,0.0,Neutral,0.0,Neutral
2020-07-12,375.0,,0.0,Neutral,0.0,Neutral
2020-07-09,368.0,2020-07-09,0.8973246514797211,Strongly Positive,0.8973246514797211,Strongly Positive
2020-07-08,368.0,,0.0,Neutral,0.44866232573986053,Positive
2020-07-07,374.0,,0.0,Neutral,0.22433116286993027,Positive
2020-07-06,365.0,,0.0,Neutral,0.0,Neutral
2020-07-05,356.0,2020-07-05,0.2238288819789886,Positive,0.2238288819789886,Positive
2020-07-02,345.0,,0.0,Neutral,0.1119144409894943,Slightly Positive
2020-07-01,380.0,2020-07-01,-0.564888060092926,Negative,-0.5089308395981789,Negative
2020-06-30,350.0,2020-06-30,0.916642129421234,Strongly Positive,0.634198099374771,Strongly Positive
2020-06-29,329.0,,0.0,Neutral,0.3170990496873855,Positive
2020-05-13,347.0,,0.0,Neutral,0.2291605323553085,Positive
2020-05-12,357.0,,0.0,Neutral,0.0,Neutral
2020-03-22,368.0,2020-03-22,0.5310344099998474,Positive,0.5310344099998474,Positive
2020-03-19,376.0,,0.0,Neutral,0.2655172049999237,Positive
2020-03-18,374.0,,0.0,Neutral,0.13275860249996185,Slightly Positive
2020-03-17,378.0,2020-03-17,0.8020090460777283,Strongly Positive,0.8020090460777283,Strongly Positive
2020-03-16,382.0,2020-03-16,0.6043878793716431,Strongly Positive,1.0053924024105072,Strongly Positive
2020-03-15,382.0,2020-03-15,0.8521060943603516,Strongly Positive,1.3548022955656052,Strongly Positive
2020-03-12,397.0,,0.0,Neutral,0.5771500170230865,Positive
2020-03-11,406.0,2020-03-11,0.6391243934631348,Strongly Positive,0.8521509170532227,Strongly Positive
2020-03-10,380.0,2020-03-10,-0.6497147083282471,Strongly Negative,-0.3301525115966797,Negative
2020-03-05,405.0,2020-03-05,0.7326845228672028,Strongly Positive,0.5676082670688629,Positive
2020-03-04,416.0,2020-03-04,-0.0493215024471282,Neutral,0.15459208190441143,Slightly Positive
2020-03-03,425.0,2020-03-03,0.9211212992668152,Strongly Positive,1.0796316787600517,Strongly Positive
2020-03-02,420.0,2020-03-02,0.7860763669013977,Strongly Positive,1.2343066409230232,Strongly Positive
2020-03-01,452.0,,0.0,Neutral,0.6233185082674026,Strongly Positive
2020-02-27,467.0,2020-02-27,0.4762963950634002,Positive,0.6728154867887497,Strongly Positive
2020-02-26,453.0,2020-02-26,-0.5152184963226318,Negative,-0.2770702987909317,Negative
2020-02-25,435.0,2020-02-25,0.9188093543052672,Strongly Positive,0.7802742049098014,Strongly Positive
2020-02-24,432.0,2020-02-24,0.0043060332536697,Neutral,0.33490608632564534,Positive
2020-02-23,431.0,2020-02-23,0.0224795639514923,Neutral,0.25433491915464396,Positive
2020-02-20,398.0,2020-02-20,0.7416114807128906,Strongly Positive,0.7539277710020542,Strongly Positive
2020-02-19,397.0,2020-02-19,0.5676307678222656,Positive,0.944056399166584,Strongly Positive
2020-02-18,398.0,,0.0,Neutral,0.46921825408935547,Positive
2020-02-17,396.0,2020-02-17,0.7569572925567627,Strongly Positive,0.8988649845123291,Strongly Positive
2020-02-16,390.0,2020-02-16,0.3593215346336365,Positive,0.7378001809120178,Strongly Positive
2020-02-13,384.0,2020-02-13,-0.1728152632713318,Slightly Negative,0.19608482718467712,Slightly Positive
2020-02-12,388.0,,0.0,Neutral,0.003422752022743225,Neutral
2020-02-11,385.0,2020-02-11,-0.6466630697250366,Strongly Negative,-0.6898668855428696,Strongly Negative
2020-02-10,380.0,,0.0,Neutral,-0.3233315348625183,Negative
2020-02-09,381.0,,0.0,Neutral,-0.16166576743125916,Slightly Negative
2020-02-06,385.0,,0.0,Neutral,0.0,Neutral
2020-02-05,385.0,2020-02-05,0.879252552986145,Strongly Positive,0.879252552986145,Strongly Positive
2020-02-04,386.0,,0.0,Neutral,0.4396262764930725,Positive
2020-02-03,388.0,,0.0,Neutral,0.21981313824653625,Positive
2020-02-02,390.0,,0.0,Neutral,0.0,Neutral
2020-01-30,384.0,,0.0,Neutral,0.0,Neutral
2020-01-29,384.0,,0.0,Neutral,0.0,Neutral
2020-01-28,386.0,2020-01-28,0.283295214176178,Positive,0.283295214176178,Positive
2020-01-27,387.0,,0.0,Neutral,0.141647607088089,Slightly Positive
2020-01-26,372.0,2020-01-26,0.8893269896507263,Strongly Positive,0.9601507931947708,Strongly Positive
2020-01-23,382.0,,0.0,Neutral,0.44466349482536316,Positive
2020-01-22,386.0,,0.0,Neutral,0.22233174741268158,Positive
2020-01-21,389.0,,0.0,Neutral,0.0,Neutral
2020-01-20,389.0,2020-01-20,-0.2280759774148464,Negative,-0.2280759774148464,Negative
2020-01-19,396.0,,0.0,Neutral,-0.1140379887074232,Slightly Negative
2020-01-16,391.0,,0.0,Neutral,-0.0570189943537116,Slightly Negative
2020-01-15,386.0,,0.0,Neutral,0.0,Neutral
2020-01-14,378.0,2020-01-14,0.5020753741264343,Positive,0.5020753741264343,Positive
2020-01-13,376.0,,0.0,Neutral,0.25103768706321716,Positive
2020-01-12,372.0,,0.0,Neutral,0.12551884353160858,Slightly Positive
2020-01-09,365.0,,0.0,Neutral,0.0,Neutral
2020-01-08,369.0,,0.0,Neutral,0.0,Neutral
2020-01-07,373.0,,0.0,Neutral,0.0,Neutral
2020-01-06,371.0,,0.0,Neutral,0.0,Neutral
2020-01-05,363.0,2020-01-05,0.5616716295480728,Positive,0.5616716295480728,Positive
2020-01-02,359.0,,0.0,Neutral,0.2808358147740364,Positive
2020-01-01,367.0,,0.0,Neutral,0.1404179073870182,Slightly Positive
2019-12-31,366.0,,0.0,Neutral,0.0,Neutral
2019-12-30,365.0,2019-12-30,0.7870628833770752,Strongly Positive,0.7870628833770752,Strongly Positive
2019-12-29,370.0,,0.0,Neutral,0.3935314416885376,Positive
2019-12-26,417.0,2019-12-26,0.3885568231344224,Positive,0.5853225439786912,Positive
2019-12-25,414.0,,0.0,Neutral,0.1942784115672112,Slightly Positive
2019-12-24,413.0,,0.0,Neutral,0.0971392057836056,Slightly Positive
2019-12-23,412.0,,0.0,Neutral,0.0,Neutral
2019-12-22,412.0,,0.0,Neutral,0.0,Neutral
2019-12-19,404.0,,0.0,Neutral,0.0,Neutral
2019-12-18,406.0,,0.0,Neutral,0.0,Neutral
2019-12-17,407.0,,0.0,Neutral,0.0,Neutral
2019-12-16,406.0,,0.0,Neutral,0.0,Neutral
2019-12-15,410.0,,0.0,Neutral,0.0,Neutral
2019-12-12,412.0,,0.0,Neutral,0.0,Neutral
2019-12-11,414.0,,0.0,Neutral,0.0,Neutral
2019-12-10,415.0,,0.0,Neutral,0.0,Neutral
2019-12-09,411.0,,0.0,Neutral,0.0,Neutral
2019-12-08,409.0,,0.0,Neutral,0.0,Neutral
2019-12-05,405.0,,0.0,Neutral,0.0,Neutral
2019-12-04,405.0,,0.0,Neutral,0.0,Neutral
2019-12-03,401.0,2019-12-03,0.618488609790802,Strongly Positive,0.618488609790802,Strongly Positive
2019-12-02,403.0,2019-12-02,0.6570655703544617,Strongly Positive,0.9663098752498627,Strongly Positive
2019-12-01,404.0,,0.0,Neutral,0.48315493762493134,Positive
2019-11-28,404.0,,0.0,Neutral,0.16426639258861542,Slightly Positive
2019-11-27,409.0,,0.0,Neutral,0.0,Neutral
2019-11-26,405.0,,0.0,Neutral,0.0,Neutral
2019-11-25,409.0,,0.0,Neutral,0.0,Neutral
2019-11-24,404.0,2019-11-24,0.7399795055389404,Strongly Positive,0.7399795055389404,Strongly Positive
2019-11-21,412.0,,0.0,Neutral,0.3699897527694702,Positive
2019-11-20,416.0,,0.0,Neutral,0.1849948763847351,Slightly Positive
2019-11-19,416.0,2019-11-19,0.4210245609283447,Positive,0.4210245609283447,Positive
2019-11-18,418.0,,0.0,Neutral,0.21051228046417236,Positive
2019-11-17,415.0,,0.0,Neutral,0.10525614023208618,Slightly Positive
2019-11-14,417.0,,0.0,Neutral,0.0,Neutral
2019-11-13,416.0,,0.0,Neutral,0.0,Neutral
2019-11-12,417.0,,0.0,Neutral,0.0,Neutral
2019-11-11,421.0,,0.0,Neutral,0.0,Neutral
2019-11-10,419.0,2019-11-10,-0.0885843336582183,Slightly Negative,-0.0885843336582183,Slightly Negative
2019-11-07,415.0,,0.0,Neutral,-0.04429216682910915,Neutral
2019-11-06,415.0,,0.0,Neutral,-0.022146083414554575,Neutral
2019-11-05,416.0,,0.0,Neutral,0.0,Neutral
2019-11-04,413.0,2019-11-04,-0.9058239459991456,Strongly Negative,-0.9058239459991456,Strongly Negative
2019-11-03,412.0,,0.0,Neutral,-0.4529119729995728,Negative
2019-10-31,413.0,,0.0,Neutral,-0.2264559864997864,Negative
2019-10-24,414.0,,0.0,Neutral,0.0,Neutral
2019-10-23,413.0,,0.0,Neutral,0.0,Neutral
2019-10-22,411.0,,0.0,Neutral,0.0,Neutral
2019-10-21,412.0,2019-10-21,0.7867043614387512,Strongly Positive,0.7867043614387512,Strongly Positive
2019-10-20,413.0,,0.0,Neutral,0.3933521807193756,Positive
2019-10-15,413.0,,0.0,Neutral,0.1966760903596878,Slightly Positive
2019-10-14,410.0,,0.0,Neutral,0.0,Neutral
2019-10-10,415.0,,0.0,Neutral,0.0,Neutral
2019-10-03,416.0,2019-10-03,0.6210771203041077,Strongly Positive,0.6210771203041077,Strongly Positive
2019-10-02,411.0,,0.0,Neutral,0.31053856015205383,Positive
2019-10-01,417.0,2019-10-01,-0.3024523556232452,Negative,-0.14718307554721827,Slightly Negative
2019-09-30,415.0,,0.0,Neutral,-0.1512261778116226,Slightly Negative
2019-09-29,418.0,2019-09-29,0.8132269978523254,Strongly Positive,0.7376139089465141,Strongly Positive
2019-09-26,410.0,2019-09-26,0.5172597169876099,Positive,0.9238732159137726,Strongly Positive
2019-09-25,412.0,,0.0,Neutral,0.4619366079568863,Positive
2019-09-24,412.0,2019-09-24,-0.0042473077774047,Neutral,0.12506762146949776,Slightly Positive
2019-09-23,414.0,,0.0,Neutral,-0.00212365388870235,Neutral
2019-09-22,414.0,,0.0,Neutral,-0.001061826944351175,Neutral
2019-09-19,419.0,,0.0,Neutral,0.0,Neutral
2019-09-18,423.0,,0.0,Neutral,0.0,Neutral
2019-09-17,418.0,2019-09-17,0.4095453321933746,Positive,0.4095453321933746,Positive
2019-09-16,408.0,2019-09-16,0.4361126124858857,Positive,0.6408852785825729,Strongly Positive
2019-09-15,413.0,2019-09-15,0.6814584136009216,Strongly Positive,1.001901052892208,Strongly Positive
2019-09-12,416.0,,0.0,Neutral,0.4497573599219322,Positive
2019-09-11,418.0,2019-09-11,0.869890034198761,Strongly Positive,1.0402546375989914,Strongly Positive
2019-09-10,418.0,,0.0,Neutral,0.4349450170993805,Positive
2019-09-09,418.0,,0.0,Neutral,0.21747250854969025,Positive
2019-09-08,422.0,2019-09-08,0.7852203249931335,Strongly Positive,0.7852203249931335,Strongly Positive
2019-09-05,425.0,,0.0,Neutral,0.3926101624965668,Positive
2019-09-04,426.0,2019-09-04,0.4178094565868377,Positive,0.6141145378351212,Strongly Positive
2019-09-03,424.0,,0.0,Neutral,0.20890472829341886,Positive
2019-09-02,417.0,2019-09-02,0.521414041519165,Positive,0.6258664056658745,Strongly Positive
2019-09-01,421.0,,0.0,Neutral,0.2607070207595825,Positive
2019-08-29,426.0,,0.0,Neutral,0.13035351037979126,Slightly Positive
2019-08-28,425.0,,0.0,Neutral,0.0,Neutral
2019-08-27,426.0,2019-08-27,0.3579877018928528,Positive,0.3579877018928528,Positive
2019-08-26,425.0,2019-08-26,0.7882136106491089,Strongly Positive,0.9672074615955353,Strongly Positive
2019-08-25,427.0,,0.0,Neutral,0.48360373079776764,Positive
2019-08-22,428.0,,0.0,Neutral,0.19705340266227722,Slightly Positive
2019-08-21,429.0,,0.0,Neutral,0.0,Neutral
2019-08-20,427.0,,0.0,Neutral,0.0,Neutral
2019-08-19,431.0,2019-08-19,0.8192152976989746,Strongly Positive,0.8192152976989746,Strongly Positive
2019-08-18,430.0,,0.0,Neutral,0.4096076488494873,Positive
2019-08-15,430.0,,0.0,Neutral,0.20480382442474365,Positive
2019-08-14,429.0,2019-08-14,0.8356881737709045,Strongly Positive,0.8356881737709045,Strongly Positive
2019-08-13,428.0,2019-08-13,0.6991210579872131,Strongly Positive,1.1169651448726654,Strongly Positive
2019-08-12,431.0,,0.0,Neutral,0.5584825724363327,Positive
2019-08-11,430.0,,0.0,Neutral,0.17478026449680328,Slightly Positive
2019-08-08,431.0,,0.0,Neutral,0.0,Neutral
2019-08-07,435.0,2019-08-07,-0.4570404589176178,Negative,-0.4570404589176178,Negative
2019-08-06,432.0,,0.0,Neutral,-0.2285202294588089,Negative
2019-08-05,433.0,,0.0,Neutral,-0.11426011472940445,Slightly Negative
2019-08-04,437.0,,0.0,Neutral,0.0,Neutral
2019-08-01,430.0,,0.0,Neutral,0.0,Neutral
2019-07-31,431.0,2019-07-31,-0.4471966624259949,Negative,-0.4471966624259949,Negative
2019-07-30,429.0,,0.0,Neutral,-0.22359833121299744,Negative
2019-07-29,427.0,2019-07-29,0.5511285066604614,Positive,0.4393293410539627,Positive
2019-07-28,425.0,,0.0,Neutral,0.2755642533302307,Positive
2019-07-25,430.0,,0.0,Neutral,0.13778212666511536,Slightly Positive
2019-07-24,433.0,2019-07-24,0.8770189881324768,Strongly Positive,0.8770189881324768,Strongly Positive
2019-07-23,435.0,,0.0,Neutral,0.4385094940662384,Positive
2019-07-22,416.0,,0.0,Neutral,0.2192547470331192,Positive
2019-07-21,414.0,2019-07-21,0.1339715123176574,Slightly Positive,0.1339715123176574,Slightly Positive
2019-07-18,418.0,,0.0,Neutral,0.0669857561588287,Slightly Positive
2019-07-17,417.0,2019-07-17,0.8922961354255676,Strongly Positive,0.925789013504982,Strongly Positive
2019-07-16,409.0,,0.0,Neutral,0.4461480677127838,Positive
2019-07-15,406.0,,0.0,Neutral,0.2230740338563919,Positive
2019-07-14,406.0,,0.0,Neutral,0.0,Neutral
2019-07-11,405.0,,0.0,Neutral,0.0,Neutral
2019-07-10,407.0,2019-07-10,-0.4849487543106079,Negative,-0.4849487543106079,Negative
2019-07-09,405.0,,0.0,Neutral,-0.24247437715530396,Negative
2019-07-08,406.0,2019-07-08,0.8237234354019165,Strongly Positive,0.7024862468242645,Strongly Positive
2019-07-07,408.0,2019-07-07,0.8937943577766418,Strongly Positive,1.3056560754776,Strongly Positive
2019-07-04,411.0,2019-07-04,0.6093844771385193,Strongly Positive,1.2622125148773193,Strongly Positive
2019-07-03,414.0,,0.0,Neutral,0.5281408280134201,Positive
2019-07-02,410.0,2019-07-02,-0.2368516623973846,Negative,-0.08450554311275477,Slightly Negative
2019-07-01,405.0,2019-07-01,-0.4330974519252777,Negative,-0.55152328312397,Negative
2019-06-30,407.0,,0.0,Neutral,-0.275761641561985,Negative
2019-06-27,413.0,,0.0,Neutral,-0.10827436298131943,Slightly Negative
2019-06-26,413.0,,0.0,Neutral,0.0,Neutral
2019-06-25,416.0,,0.0,Neutral,0.0,Neutral
2019-06-24,411.0,,0.0,Neutral,0.0,Neutral
2019-06-23,405.0,,0.0,Neutral,0.0,Neutral
2019-06-20,406.0,,0.0,Neutral,0.0,Neutral
2019-06-19,404.0,,0.0,Neutral,0.0,Neutral
2019-06-18,402.0,,0.0,Neutral,0.0,Neutral
2019-06-17,403.0,2019-06-17,-0.6195419430732727,Strongly Negative,-0.6195419430732727,Strongly Negative
2019-06-16,404.0,2019-06-16,0.0492241531610489,Neutral,-0.26054681837558746,Negative
2019-06-13,411.0,,0.0,Neutral,-0.13027340918779373,Slightly Negative
2019-06-12,415.0,,0.0,Neutral,0.012306038290262226,Neutral
2019-06-11,416.0,,0.0,Neutral,0.0,Neutral
2019-06-10,412.0,,0.0,Neutral,0.0,Neutral
2019-06-06,413.0,,0.0,Neutral,0.0,Neutral
2019-06-04,416.0,,0.0,Neutral,0.0,Neutral
2019-06-03,414.0,,0.0,Neutral,0.0,Neutral
2019-06-02,422.0,,0.0,Neutral,0.0,Neutral
2019-05-30,428.0,,0.0,Neutral,0.0,Neutral
2019-05-29,424.0,2019-05-29,0.3382772803306579,Positive,0.3382772803306579,Positive
2019-05-28,421.0,,0.0,Neutral,0.16913864016532895,Slightly Positive
2019-05-27,422.0,,0.0,Neutral,0.08456932008266448,Slightly Positive
2019-05-26,425.0,,0.0,Neutral,0.0,Neutral
2019-05-23,431.0,,0.0,Neutral,0.0,Neutral
2019-05-22,424.0,2019-05-22,0.9192432165145874,Strongly Positive,0.9192432165145874,Strongly Positive
2019-05-21,418.0,,0.0,Neutral,0.4596216082572937,Positive
2019-05-20,418.0,,0.0,Neutral,0.22981080412864685,Positive
2019-05-19,422.0,,0.0,Neutral,0.0,Neutral
2019-05-16,421.0,2019-05-16,0.6019901037216187,Strongly Positive,0.6019901037216187,Strongly Positive
2019-05-15,438.0,,0.0,Neutral,0.3009950518608093,Positive
2019-05-14,416.0,2019-05-14,-0.1161871999502182,Slightly Negative,0.03431032598018646,Neutral
2019-05-13,386.0,,0.0,Neutral,-0.0580935999751091,Slightly Negative
2019-05-12,390.0,,0.0,Neutral,-0.02904679998755455,Neutral
2019-05-09,388.0,,0.0,Neutral,0.0,Neutral
2019-05-08,388.0,,0.0,Neutral,0.0,Neutral
2019-05-07,389.0,,0.0,Neutral,0.0,Neutral
2019-05-06,388.0,,0.0,Neutral,0.0,Neutral
2019-05-05,379.0,,0.0,Neutral,0.0,Neutral
2019-05-02,385.0,,0.0,Neutral,0.0,Neutral
2019-04-30,390.0,,0.0,Neutral,0.0,Neutral
2019-04-29,389.0,2019-04-29,0.6715145111083984,Strongly Positive,0.6715145111083984,Strongly Positive
2019-04-28,395.0,,0.0,Neutral,0.3357572555541992,Positive
2019-04-25,388.0,,0.0,Neutral,0.1678786277770996,Slightly Positive
2019-04-24,354.0,2019-04-24,-0.2091304957866668,Negative,-0.2091304957866668,Negative
2019-04-23,346.0,,0.0,Neutral,-0.1045652478933334,Slightly Negative
2019-04-22,342.0,2019-04-22,0.7112140357494354,Strongly Positive,0.6589314118027687,Strongly Positive
2019-04-21,348.0,2019-04-21,0.2224275916814804,Positive,0.5780346095561981,Positive
2019-04-18,350.0,,0.0,Neutral,0.28901730477809906,Positive
2019-04-17,338.0,,0.0,Neutral,0.0556068979203701,Slightly Positive
2019-04-16,326.0,2019-04-16,0.7619708776473999,Strongly Positive,0.7619708776473999,Strongly Positive
2019-04-15,318.0,,0.0,Neutral,0.38098543882369995,Positive
2019-04-11,315.0,2019-04-11,0.5554110407829285,Positive,0.7459037601947784,Strongly Positive
2019-04-10,312.0,2019-04-10,0.8950625061988831,Strongly Positive,1.1727680265903473,Strongly Positive
2019-04-09,311.0,2019-04-09,0.8805367946624756,Strongly Positive,1.4669208079576492,Strongly Positive
2019-04-08,316.0,,0.0,Neutral,0.6640340238809586,Strongly Positive
2019-04-07,309.0,,0.0,Neutral,0.2201341986656189,Positive
2019-04-04,304.0,,0.0,Neutral,0.0,Neutral
2019-04-03,305.0,2019-04-03,0.8603233098983765,Strongly Positive,0.8603233098983765,Strongly Positive
2019-04-02,302.0,,0.0,Neutral,0.43016165494918823,Positive
2019-04-01,297.0,2019-04-01,0.6460291147232056,Strongly Positive,0.8611099421977997,Strongly Positive
2019-03-31,295.0,,0.0,Neutral,0.3230145573616028,Positive
2019-03-28,294.0,,0.0,Neutral,0.1615072786808014,Slightly Positive
2019-03-27,294.0,,0.0,Neutral,0.0,Neutral
2019-03-26,294.0,2019-03-26,0.5928543210029602,Positive,0.5928543210029602,Positive
2019-03-25,294.0,,0.0,Neutral,0.2964271605014801,Positive
2019-03-24,293.0,,0.0,Neutral,0.14821358025074005,Slightly Positive
2019-03-21,296.0,,0.0,Neutral,0.0,Neutral
2019-03-19,298.0,2019-03-19,0.4687463641166687,Positive,0.4687463641166687,Positive
2019-03-18,301.0,,0.0,Neutral,0.23437318205833435,Positive
2019-03-17,302.0,,0.0,Neutral,0.11718659102916718,Slightly Positive
2019-03-14,302.0,,0.0,Neutral,0.0,Neutral
2019-03-13,303.0,,0.0,Neutral,0.0,Neutral
2019-03-12,305.0,,0.0,Neutral,0.0,Neutral
2019-03-11,298.0,2019-03-11,-0.5805007219314575,Negative,-0.5805007219314575,Negative
2019-03-10,294.0,,0.0,Neutral,-0.29025036096572876,Negative
2019-03-07,294.0,2019-03-07,0.8529539108276367,Strongly Positive,0.7078287303447723,Strongly Positive
2019-03-06,292.0,,0.0,Neutral,0.42647695541381836,Positive
2019-03-05,292.0,2019-03-05,-0.6652853488922119,Strongly Negative,-0.45204687118530273,Negative
2019-03-03,294.0,,0.0,Neutral,-0.33264267444610596,Negative
2019-02-27,333.0,,0.0,Neutral,-0.16632133722305298,Slightly Negative
2019-02-26,332.0,,0.0,Neutral,0.0,Neutral
2019-02-25,331.0,,0.0,Neutral,0.0,Neutral
2019-02-24,330.0,,0.0,Neutral,0.0,Neutral
2019-02-21,333.0,,0.0,Neutral,0.0,Neutral
2019-02-20,329.0,2019-02-20,-0.000268280506134,Neutral,-0.000268280506134,Neutral
2019-02-19,333.0,,0.0,Neutral,-0.000134140253067,Neutral
2019-02-18,329.0,2019-02-18,0.5097264647483826,Positive,0.5096593946218491,Positive
2019-02-17,330.0,,0.0,Neutral,0.2548632323741913,Positive
2019-02-14,330.0,,0.0,Neutral,0.12743161618709564,Slightly Positive
2019-02-13,329.0,,0.0,Neutral,0.0,Neutral
2019-02-12,332.0,,0.0,Neutral,0.0,Neutral
2019-02-11,332.0,,0.0,Neutral,0.0,Neutral
2019-02-10,332.0,,0.0,Neutral,0.0,Neutral
2019-02-07,334.0,,0.0,Neutral,0.0,Neutral
2019-02-06,335.0,,0.0,Neutral,0.0,Neutral
2019-02-05,338.0,,0.0,Neutral,0.0,Neutral
2019-02-04,339.0,2019-02-04,-0.7323634028434753,Strongly Negative,-0.7323634028434753,Strongly Negative
2019-02-03,338.0,2019-02-03,0.4023022949695587,Positive,0.036120593547821045,Neutral
2019-01-31,339.0,,0.0,Neutral,0.018060296773910522,Neutral
2019-01-30,339.0,2019-01-30,0.127448558807373,Slightly Positive,0.22802413254976267,Positive
2019-01-29,341.0,,0.0,Neutral,0.0637242794036865,Slightly Positive
2019-01-28,342.0,,0.0,Neutral,0.03186213970184325,Neutral
2019-01-27,339.0,,0.0,Neutral,0.0,Neutral
2019-01-24,342.0,2019-01-24,0.6918145418167114,Strongly Positive,0.6918145418167114,Strongly Positive
2019-01-23,343.0,,0.0,Neutral,0.3459072709083557,Positive
2019-01-22,343.0,,0.0,Neutral,0.17295363545417786,Slightly Positive
2019-01-21,342.0,2019-01-21,0.4966762065887451,Positive,0.4966762065887451,Positive
2019-01-20,345.0,2019-01-20,0.7727754712104797,Strongly Positive,1.0211135745048523,Strongly Positive
2019-01-17,345.0,,0.0,Neutral,0.5105567872524261,Positive
2019-01-16,350.0,,0.0,Neutral,0.19319386780261993,Slightly Positive
2019-01-15,350.0,2019-01-15,0.519601047039032,Positive,0.519601047039032,Positive
2019-01-14,350.0,2019-01-14,0.9134968519210817,Strongly Positive,1.1732973754405975,Strongly Positive
2019-01-13,349.0,,0.0,Neutral,0.5866486877202988,Positive
2019-01-10,350.0,,0.0,Neutral,0.2283742129802704,Positive
2019-01-09,348.0,2019-01-09,0.7550469636917114,Strongly Positive,0.7550469636917114,Strongly Positive
2019-01-08,349.0,2019-01-08,0.7743663191795349,Strongly Positive,1.1518898010253906,Strongly Positive
2019-01-07,346.0,2019-01-07,0.7200121879577637,Strongly Positive,1.295957088470459,Strongly Positive
2019-01-06,344.0,2019-01-06,0.5872798562049866,Positive,1.1408775299787521,Strongly Positive
2019-01-03,345.0,,0.0,Neutral,0.4736429750919342,Positive
2019-01-02,345.0,2019-01-02,-0.4312562644481659,Negative,-0.28443630039691925,Negative
2019-01-01,346.0,2019-01-01,0.5289696455001831,Positive,0.31334151327610016,Positive
2018-12-31,349.0,2018-12-31,0.8081836700439453,Strongly Positive,0.9648544266819954,Strongly Positive
2018-12-30,351.0,2018-12-30,0.8666418790817261,Strongly Positive,1.4029761254787445,Strongly Positive
2018-12-27,359.0,2018-12-27,0.8413619995117188,Strongly Positive,1.4767288565635681,Strongly Positive
2018-12-26,362.0,2018-12-26,0.5205397605895996,Positive,1.1578812301158905,Strongly Positive
2018-12-25,353.0,,0.0,Neutral,0.4706103801727295,Positive
2018-12-24,357.0,2018-12-24,0.912123441696167,Strongly Positive,1.042258381843567,Strongly Positive
2018-12-23,357.0,,0.0,Neutral,0.4560617208480835,Positive
2018-12-20,349.0,2018-12-20,-0.2122925519943237,Negative,0.015738308429718045,Neutral
2018-12-19,343.0,2018-12-19,-0.3084029853343963,Negative,-0.41454926133155817,Negative
2018-12-18,344.0,,0.0,Neutral,-0.20727463066577909,Negative
2018-12-17,355.0,,0.0,Neutral,-0.07710074633359908,Slightly Negative
2018-12-16,344.0,2018-12-16,0.7137515544891357,Strongly Positive,0.7137515544891357,Strongly Positive
2018-12-13,338.0,2018-12-13,-0.1332300901412964,Slightly Negative,0.22364568710327148,Positive
2018-12-12,337.0,,0.0,Neutral,0.11182284355163574,Slightly Positive
2018-12-11,336.0,2018-12-11,0.8785602450370789,Strongly Positive,0.8452527225017548,Strongly Positive
2018-12-10,335.0,2018-12-10,0.7846078276634216,Strongly Positive,1.223887950181961,Strongly Positive
2018-12-09,335.0,,0.0,Neutral,0.6119439750909805,Strongly Positive
2018-12-06,327.0,,0.0,Neutral,0.1961519569158554,Slightly Positive
2018-12-05,329.0,,0.0,Neutral,0.0,Neutral
2018-12-04,334.0,2018-12-04,0.033573567867279,Neutral,0.033573567867279,Neutral
2018-12-03,330.0,,0.0,Neutral,0.0167867839336395,Neutral
2018-12-02,333.0,2018-12-02,0.0572157725691795,Slightly Positive,0.06560916453599924,Slightly Positive
2018-11-29,338.0,2018-11-29,0.8101602792739868,Strongly Positive,0.8387681655585766,Strongly Positive
2018-11-28,340.0,,0.0,Neutral,0.4193840827792883,Positive
2018-11-27,340.0,,0.0,Neutral,0.2025400698184967,Positive
2018-11-26,339.0,,0.0,Neutral,0.0,Neutral
2018-11-25,341.0,,0.0,Neutral,0.0,Neutral
2018-11-22,344.0,,0.0,Neutral,0.0,Neutral
2018-11-21,343.0,,0.0,Neutral,0.0,Neutral
2018-11-20,347.0,,0.0,Neutral,0.0,Neutral
2018-11-19,346.0,2018-11-19,0.5714744180440903,Positive,0.5714744180440903,Positive
2018-11-18,345.0,,0.0,Neutral,0.28573720902204514,Positive
2018-11-15,349.0,,0.0,Neutral,0.14286860451102257,Slightly Positive
2018-11-14,350.0,,0.0,Neutral,0.0,Neutral
2018-11-13,349.0,2018-11-13,-0.1938473582267761,Slightly Negative,-0.1938473582267761,Slightly Negative
2018-11-12,348.0,,0.0,Neutral,-0.09692367911338805,Slightly Negative
2018-11-11,352.0,,0.0,Neutral,-0.048461839556694024,Neutral
2018-11-06,354.0,2018-11-06,-0.1830361932516098,Slightly Negative,-0.1830361932516098,Slightly Negative
2018-11-05,349.0,,0.0,Neutral,-0.0915180966258049,Slightly Negative
2018-11-04,348.0,,0.0,Neutral,-0.04575904831290245,Neutral
2018-11-01,352.0,,0.0,Neutral,0.0,Neutral
2018-10-31,352.0,,0.0,Neutral,0.0,Neutral
2018-10-30,352.0,,0.0,Neutral,0.0,Neutral
2018-10-29,350.0,,0.0,Neutral,0.0,Neutral
2018-10-28,353.0,,0.0,Neutral,0.0,Neutral
2018-10-25,357.0,,0.0,Neutral,0.0,Neutral
2018-10-24,358.0,,0.0,Neutral,0.0,Neutral
2018-10-23,358.0,,0.0,Neutral,0.0,Neutral
2018-10-22,355.0,,0.0,Neutral,0.0,Neutral
2018-10-21,355.0,,0.0,Neutral,0.0,Neutral
2018-10-15,354.0,2018-10-15,-0.192320704460144,Slightly Negative,-0.192320704460144,Slightly Negative
2018-10-14,357.0,,0.0,Neutral,-0.096160352230072,Slightly Negative
2018-10-11,350.0,,0.0,Neutral,-0.048080176115036,Neutral
2018-10-10,347.0,2018-10-10,-0.1620651185512542,Slightly Negative,-0.1620651185512542,Slightly Negative
2018-10-09,347.0,,0.0,Neutral,-0.0810325592756271,Slightly Negative
2018-10-08,349.0,,0.0,Neutral,-0.04051627963781355,Neutral
2018-10-07,344.0,,0.0,Neutral,0.0,Neutral
2018-10-04,348.0,,0.0,Neutral,0.0,Neutral
2018-10-03,347.0,,0.0,Neutral,0.0,Neutral
2018-10-02,353.0,,0.0,Neutral,0.0,Neutral
2018-10-01,352.0,,0.0,Neutral,0.0,Neutral
2018-09-30,361.0,,0.0,Neutral,0.0,Neutral
2018-09-27,365.0,,0.0,Neutral,0.0,Neutral
2018-09-26,365.0,,0.0,Neutral,0.0,Neutral
2018-09-25,371.0,,0.0,Neutral,0.0,Neutral
2018-09-23,361.0,2018-09-23,0.8959836959838867,Strongly Positive,0.8959836959838867,Strongly Positive
2018-09-20,359.0,,0.0,Neutral,0.44799184799194336,Positive
2018-09-18,359.0,2018-09-18,0.4713515937328338,Positive,0.6953475177288055,Strongly Positive
2018-09-17,360.0,,0.0,Neutral,0.2356757968664169,Positive
2018-09-16,367.0,2018-09-16,0.4487057030200958,Positive,0.5665436014533043,Positive
2018-09-13,359.0,,0.0,Neutral,0.2243528515100479,Positive
2018-09-12,352.0,,0.0,Neutral,0.11217642575502396,Slightly Positive
2018-09-11,345.0,,0.0,Neutral,0.0,Neutral
2018-09-10,342.0,,0.0,Neutral,0.0,Neutral
2018-09-09,346.0,,0.0,Neutral,0.0,Neutral
2018-09-06,352.0,,0.0,Neutral,0.0,Neutral
2018-09-05,356.0,,0.0,Neutral,0.0,Neutral
2018-09-04,344.0,,0.0,Neutral,0.0,Neutral
2018-09-03,342.0,,0.0,Neutral,0.0,Neutral
2018-09-02,340.0,2018-09-02,0.9213955402374268,Strongly Positive,0.9213955402374268,Strongly Positive
2018-08-30,334.0,,0.0,Neutral,0.4606977701187134,Positive
2018-08-29,331.0,,0.0,Neutral,0.2303488850593567,Positive
2018-08-28,333.0,2018-08-28,0.8678902387619019,Strongly Positive,0.8678902387619019,Strongly Positive
2018-08-26,333.0,2018-08-26,0.908364236354828,Strongly Positive,1.3423093557357788,Strongly Positive
2018-08-23,335.0,2018-08-23,0.9118733406066896,Strongly Positive,1.583028018474579,Strongly Positive
2018-08-22,344.0,2018-08-22,0.9089189767837524,Strongly Positive,1.5919467061758041,Strongly Positive
2018-08-21,333.0,,0.0,Neutral,0.6824278235435486,Strongly Positive
2018-08-20,335.0,,0.0,Neutral,0.2272297441959381,Positive
2018-08-19,338.0,2018-08-19,0.6557104587554932,Strongly Positive,0.6557104587554932,Strongly Positive
2018-08-16,340.0,2018-08-16,0.8950644135475159,Strongly Positive,1.2229196429252625,Strongly Positive
2018-08-15,339.0,2018-08-15,-0.1866932809352874,Slightly Negative,0.42476654052734386,Positive
2018-08-14,324.0,,0.0,Neutral,0.13041946291923529,Slightly Positive
2018-08-13,317.0,2018-08-13,0.5976293087005615,Positive,0.5509559884667397,Positive
2018-08-12,320.0,,0.0,Neutral,0.29881465435028076,Positive
2018-08-09,325.0,2018-08-09,0.9233427047729492,Strongly Positive,1.0727500319480896,Strongly Positive
2018-08-08,325.0,,0.0,Neutral,0.4616713523864746,Positive
2018-08-07,326.0,,0.0,Neutral,0.2308356761932373,Positive
2018-08-06,326.0,,0.0,Neutral,0.0,Neutral
2018-08-05,328.0,,0.0,Neutral,0.0,Neutral
2018-08-02,327.0,2018-08-02,-0.2557297945022583,Negative,-0.2557297945022583,Negative
2018-08-01,322.0,2018-08-01,0.7616575956344604,Strongly Positive,0.6337926983833313,Strongly Positive
2018-07-31,321.0,2018-07-31,0.8481963723897934,Strongly Positive,1.165092721581459,Strongly Positive
2018-07-30,319.0,,0.0,Neutral,0.6145125851035118,Strongly Positive
2018-07-29,318.0,,0.0,Neutral,0.21204909309744835,Positive
2018-07-26,315.0,2018-07-26,0.8805007934570312,Strongly Positive,0.8805007934570312,Strongly Positive
2018-07-25,314.0,2018-07-25,0.5625090003013611,Positive,1.0027593970298767,Strongly Positive
2018-07-24,313.0,2018-07-24,0.8712472915649414,Strongly Positive,1.3726269900798798,Strongly Positive
2018-07-23,313.0,,0.0,Neutral,0.576250895857811,Positive
2018-07-22,314.0,2018-07-22,0.5804762393236159,Positive,0.7982880622148513,Strongly Positive
2018-07-19,315.0,,0.0,Neutral,0.29023811966180796,Positive
2018-07-18,317.0,2018-07-18,-0.6905643939971924,Strongly Negative,-0.5454453341662884,Negative
2018-07-17,315.0,2018-07-17,0.8452868461608887,Strongly Positive,0.5000046491622925,Positive
2018-07-16,314.0,,0.0,Neutral,0.25000232458114624,Positive
2018-07-15,311.0,2018-07-15,-0.0455491840839386,Neutral,0.16577252745628357,Slightly Positive
2018-07-12,310.0,2018-07-12,-0.1427455693483352,Slightly Negative,-0.1655201613903045,Slightly Negative
2018-07-11,312.0,2018-07-11,0.1307443678379058,Slightly Positive,0.047984287142753546,Neutral
2018-07-10,313.0,,0.0,Neutral,0.029685791581869098,Neutral
2018-07-09,310.0,,0.0,Neutral,0.03268609195947645,Neutral
2018-07-08,316.0,2018-07-08,0.7769768834114075,Strongly Positive,0.7769768834114075,Strongly Positive
2018-07-05,318.0,,0.0,Neutral,0.38848844170570374,Positive
2018-07-04,309.0,2018-07-04,0.3696541786193847,Positive,0.5638983994722366,Positive
2018-07-03,305.0,,0.0,Neutral,0.18482708930969236,Slightly Positive
2018-07-02,305.0,,0.0,Neutral,0.09241354465484618,Slightly Positive
2018-07-01,305.0,,0.0,Neutral,0.0,Neutral
2018-06-28,312.0,,0.0,Neutral,0.0,Neutral
2018-06-27,311.0,2018-06-27,0.6418185830116272,Strongly Positive,0.6418185830116272,Strongly Positive
2018-06-26,311.0,,0.0,Neutral,0.3209092915058136,Positive
2018-06-25,313.0,,0.0,Neutral,0.1604546457529068,Slightly Positive
2018-06-24,314.0,,0.0,Neutral,0.0,Neutral
2018-06-21,310.0,,0.0,Neutral,0.0,Neutral
2018-06-20,312.0,,0.0,Neutral,0.0,Neutral
2018-06-19,316.0,,0.0,Neutral,0.0,Neutral
2018-06-18,320.0,,0.0,Neutral,0.0,Neutral
2018-06-17,320.0,2018-06-17,0.508649468421936,Positive,0.508649468421936,Positive
2018-06-14,321.0,,0.0,Neutral,0.254324734210968,Positive
2018-06-13,318.0,2018-06-13,-0.3404492735862732,Negative,-0.21328690648078918,Negative
2018-06-12,320.0,,0.0,Neutral,-0.1702246367931366,Slightly Negative
2018-06-11,323.0,,0.0,Neutral,-0.0851123183965683,Slightly Negative
2018-06-10,317.0,,0.0,Neutral,0.0,Neutral
2018-06-07,327.0,2018-06-07,0.787387490272522,Strongly Positive,0.787387490272522,Strongly Positive
2018-06-06,336.0,,0.0,Neutral,0.393693745136261,Positive
2018-06-04,329.0,2018-06-04,0.8630961179733276,Strongly Positive,1.0599429905414581,Strongly Positive
2018-06-03,330.0,2018-06-03,0.3452410101890564,Positive,0.7767890691757202,Strongly Positive
2018-05-31,339.0,,0.0,Neutral,0.3883945345878601,Positive
2018-05-30,340.0,2018-05-30,0.7039557695388794,Strongly Positive,0.7902660220861435,Strongly Positive
2018-05-29,337.0,,0.0,Neutral,0.3519778847694397,Positive
2018-05-28,340.0,,0.0,Neutral,0.17598894238471985,Slightly Positive
2018-05-27,332.0,,0.0,Neutral,0.0,Neutral
2018-05-24,335.0,,0.0,Neutral,0.0,Neutral
2018-05-23,334.0,,0.0,Neutral,0.0,Neutral
2018-05-22,337.0,2018-05-22,0.7939203977584839,Strongly Positive,0.7939203977584839,Strongly Positive
2018-05-21,340.0,,0.0,Neutral,0.39696019887924194,Positive
2018-05-20,340.0,,0.0,Neutral,0.19848009943962097,Slightly Positive
2018-05-17,339.0,,0.0,Neutral,0.0,Neutral
2018-05-16,341.0,,0.0,Neutral,0.0,Neutral
2018-05-15,339.0,,0.0,Neutral,0.0,Neutral
2018-05-14,341.0,2018-05-14,0.7037050724029541,Strongly Positive,0.7037050724029541,Strongly Positive
2018-05-10,343.0,,0.0,Neutral,0.35185253620147705,Positive
2018-05-09,344.0,,0.0,Neutral,0.17592626810073853,Slightly Positive
2018-05-08,343.0,2018-05-08,0.7442371547222137,Strongly Positive,0.7442371547222137,Strongly Positive
2018-05-07,343.0,,0.0,Neutral,0.3721185773611069,Positive
2018-05-06,343.0,,0.0,Neutral,0.18605928868055344,Slightly Positive
2018-05-03,346.0,,0.0,Neutral,0.0,Neutral
2018-05-02,341.0,,0.0,Neutral,0.0,Neutral
2018-04-29,344.0,,0.0,Neutral,0.0,Neutral
2018-04-26,348.0,2018-04-26,-0.1422680616378784,Slightly Negative,-0.1422680616378784,Slightly Negative
2018-04-25,352.0,,0.0,Neutral,-0.0711340308189392,Slightly Negative
2018-04-24,359.0,,0.0,Neutral,-0.0355670154094696,Neutral
2018-04-23,360.0,,0.0,Neutral,0.0,Neutral
2018-04-22,369.0,,0.0,Neutral,0.0,Neutral
2018-04-19,351.0,,0.0,Neutral,0.0,Neutral
2018-04-18,345.0,2018-04-18,0.7243727445602417,Strongly Positive,0.7243727445602417,Strongly Positive
2018-04-17,337.0,2018-04-17,-0.4689792692661285,Negative,-0.10679289698600763,Slightly Negative
2018-04-16,338.0,,0.0,Neutral,-0.05339644849300382,Slightly Negative
2018-04-15,340.0,2018-04-15,0.9221633076667786,Strongly Positive,0.8049184903502464,Strongly Positive
2018-04-12,337.0,2018-04-12,-0.6430073976516724,Strongly Negative,-0.18192574381828308,Slightly Negative
2018-04-11,335.0,,0.0,Neutral,-0.09096287190914154,Slightly Negative
2018-04-10,334.0,,0.0,Neutral,-0.1607518494129181,Slightly Negative
2018-04-09,335.0,,0.0,Neutral,0.0,Neutral
2018-04-08,340.0,2018-04-08,0.4547261595726013,Positive,0.4547261595726013,Positive
2018-04-05,331.0,,0.0,Neutral,0.22736307978630066,Positive
2018-04-04,325.0,2018-04-04,0.8857042789459229,Strongly Positive,0.9993858188390732,Strongly Positive
2018-04-03,315.0,2018-04-03,0.8998837769031525,Strongly Positive,1.342735916376114,Strongly Positive
2018-04-02,314.0,2018-04-02,0.6707487106323242,Strongly Positive,1.3421166688203812,Strongly Positive
2018-04-01,313.0,,0.0,Neutral,0.5603452995419502,Positive
2018-03-29,318.0,,0.0,Neutral,0.16768717765808105,Slightly Positive
2018-03-28,311.0,2018-03-28,0.6803320646286011,Strongly Positive,0.6803320646286011,Strongly Positive
2018-03-27,316.0,2018-03-27,-0.2121085226535797,Negative,0.12805750966072083,Slightly Positive
2018-03-26,300.0,,0.0,Neutral,0.06402875483036041,Slightly Positive
2018-03-22,316.0,2018-03-22,0.6458000540733337,Strongly Positive,0.5927729234099388,Positive
2018-03-21,316.0,,0.0,Neutral,0.32290002703666687,Positive
2018-03-20,323.0,,0.0,Neutral,0.16145001351833344,Slightly Positive
2018-03-19,325.0,,0.0,Neutral,0.0,Neutral
2018-03-18,334.0,2018-03-18,-0.5104734301567078,Negative,-0.5104734301567078,Negative
2018-03-15,335.0,,0.0,Neutral,-0.2552367150783539,Negative
2018-03-14,335.0,,0.0,Neutral,-0.12761835753917694,Slightly Negative
2018-03-13,333.0,,0.0,Neutral,0.0,Neutral
2018-03-12,328.0,,0.0,Neutral,0.0,Neutral
2018-03-11,326.0,,0.0,Neutral,0.0,Neutral
2018-03-07,330.0,2018-03-07,-0.3192073702812195,Negative,-0.3192073702812195,Negative
2018-03-06,327.0,,0.0,Neutral,-0.15960368514060974,Slightly Negative
2018-03-05,324.0,,0.0,Neutral,-0.07980184257030487,Slightly Negative
2018-03-04,328.0,,0.0,Neutral,0.0,Neutral
2018-02-28,334.0,2018-02-28,-0.4559577703475952,Negative,-0.4559577703475952,Negative
2018-02-27,338.0,2018-02-27,-0.5017960667610168,Negative,-0.7297749519348145,Strongly Negative
2018-02-26,335.0,,0.0,Neutral,-0.3648874759674072,Negative
2018-02-25,338.0,,0.0,Neutral,-0.1254490166902542,Slightly Negative
2018-02-22,340.0,,0.0,Neutral,0.0,Neutral
2018-02-21,340.0,,0.0,Neutral,0.0,Neutral
2018-02-20,340.0,,0.0,Neutral,0.0,Neutral
2018-02-18,350.0,2018-02-18,-0.7218689322471619,Strongly Negative,-0.7218689322471619,Strongly Negative
2018-02-15,350.0,2018-02-15,0.89710932970047,Strongly Positive,0.536174863576889,Positive
2018-02-14,340.0,,0.0,Neutral,0.2680874317884445,Positive
2018-02-12,340.0,2018-02-12,0.1932896673679351,Slightly Positive,0.41756699979305256,Positive
2018-02-11,342.0,,0.0,Neutral,0.09664483368396755,Slightly Positive
2018-02-08,342.0,,0.0,Neutral,0.048322416841983774,Neutral
2018-02-07,342.0,,0.0,Neutral,0.0,Neutral
2018-02-06,347.0,,0.0,Neutral,0.0,Neutral
2018-02-05,342.0,2018-02-05,0.8875495791435242,Strongly Positive,0.8875495791435242,Strongly Positive
2018-02-04,350.0,,0.0,Neutral,0.4437747895717621,Positive
2018-02-01,344.0,,0.0,Neutral,0.22188739478588104,Positive
2018-01-31,344.0,,0.0,Neutral,0.0,Neutral
2018-01-29,340.0,,0.0,Neutral,0.0,Neutral
2018-01-28,415.0,2018-01-28,0.9140734672546388,Strongly Positive,0.9140734672546388,Strongly Positive
2018-01-25,420.0,,0.0,Neutral,0.4570367336273194,Positive
2018-01-24,419.0,,0.0,Neutral,0.2285183668136597,Positive
2018-01-23,416.0,,0.0,Neutral,0.0,Neutral
2018-01-22,420.0,,0.0,Neutral,0.0,Neutral
2018-01-21,419.0,2018-01-21,0.326934814453125,Positive,0.326934814453125,Positive
2018-01-17,413.0,,0.0,Neutral,0.1634674072265625,Slightly Positive
2018-01-16,417.0,2018-01-16,0.912229597568512,Strongly Positive,0.9939633011817932,Strongly Positive
2018-01-14,420.0,,0.0,Neutral,0.456114798784256,Positive
2018-01-10,425.0,2018-01-10,-0.1146869361400604,Slightly Negative,0.1133704632520676,Slightly Positive
2018-01-09,425.0,,0.0,Neutral,-0.0573434680700302,Slightly Negative
2018-01-08,425.0,2018-01-08,0.5098813772201538,Positive,0.4812096431851387,Positive
2018-01-07,423.0,2018-01-07,0.9193395376205444,Strongly Positive,1.1742802262306213,Strongly Positive
2018-01-04,421.0,,0.0,Neutral,0.5871401131153107,Positive
2018-01-03,422.0,,0.0,Neutral,0.2298348844051361,Positive
2018-01-02,425.0,2018-01-02,0.907924234867096,Strongly Positive,0.907924234867096,Strongly Positive
2018-01-01,414.0,,0.0,Neutral,0.453962117433548,Positive
2017-12-31,402.0,,0.0,Neutral,0.226981058716774,Positive
2017-12-28,410.0,,0.0,Neutral,0.0,Neutral
2017-12-27,415.0,,0.0,Neutral,0.0,Neutral
2017-12-26,420.0,,0.0,Neutral,0.0,Neutral
2017-12-24,421.0,2017-12-24,0.5628668665885925,Positive,0.5628668665885925,Positive
2017-12-21,420.0,,0.0,Neutral,0.28143343329429626,Positive
2017-12-20,422.0,,0.0,Neutral,0.14071671664714813,Slightly Positive
2017-12-19,424.0,,0.0,Neutral,0.0,Neutral
2017-12-18,426.0,,0.0,Neutral,0.0,Neutral
2017-12-17,423.0,,0.0,Neutral,0.0,Neutral
2017-12-14,425.0,,0.0,Neutral,0.0,Neutral
2017-12-13,428.0,,0.0,Neutral,0.0,Neutral
2017-12-12,427.0,,0.0,Neutral,0.0,Neutral
2017-12-11,431.0,2017-12-11,0.5815926194190979,Positive,0.5815926194190979,Positive
2017-12-10,430.0,,0.0,Neutral,0.29079630970954895,Positive
2017-12-06,435.0,,0.0,Neutral,0.14539815485477448,Slightly Positive
2017-12-05,431.0,2017-12-05,0.1702946424484253,Slightly Positive,0.1702946424484253,Slightly Positive
2017-12-04,435.0,,0.0,Neutral,0.08514732122421265,Slightly Positive
2017-11-30,437.0,,0.0,Neutral,0.04257366061210632,Neutral
2017-11-29,436.0,,0.0,Neutral,0.0,Neutral
2017-11-28,431.0,2017-11-28,-0.5181993842124939,Negative,-0.5181993842124939,Negative
2017-11-27,430.0,,0.0,Neutral,-0.25909969210624695,Negative
2017-11-26,432.0,,0.0,Neutral,-0.12954984605312347,Slightly Negative
2017-11-23,425.0,2017-11-23,0.5980113744735718,Positive,0.5980113744735718,Positive
2017-11-22,425.0,,0.0,Neutral,0.2990056872367859,Positive
2017-11-21,423.0,,0.0,Neutral,0.14950284361839294,Slightly Positive
2017-11-20,421.0,,0.0,Neutral,0.0,Neutral
2017-11-19,420.0,,0.0,Neutral,0.0,Neutral
2017-11-16,420.0,,0.0,Neutral,0.0,Neutral
2017-11-15,428.0,,0.0,Neutral,0.0,Neutral
2017-11-14,432.0,2017-11-14,-0.7073986530303955,Strongly Negative,-0.7073986530303955,Strongly Negative
2017-11-13,428.0,,0.0,Neutral,-0.35369932651519775,Negative
2017-11-12,423.0,2017-11-12,0.9169417023658752,Strongly Positive,0.7400920391082764,Strongly Positive
2017-11-09,415.0,,0.0,Neutral,0.4584708511829376,Positive
2017-11-08,416.0,,0.0,Neutral,0.2292354255914688,Positive
2017-11-07,422.0,2017-11-07,0.3921329081058502,Positive,0.3921329081058502,Positive
2017-11-06,429.0,2017-11-06,0.2062046229839325,Positive,0.4022710770368576,Positive
2017-11-05,430.0,,0.0,Neutral,0.2011355385184288,Positive
2017-11-02,440.0,,0.0,Neutral,0.051551155745983124,Slightly Positive
2017-11-01,434.0,,0.0,Neutral,0.0,Neutral
2017-10-31,437.0,,0.0,Neutral,0.0,Neutral
2017-10-30,437.0,,0.0,Neutral,0.0,Neutral
2017-10-29,442.0,2017-10-29,-0.1552224159240722,Slightly Negative,-0.1552224159240722,Slightly Negative
2017-10-25,449.0,,0.0,Neutral,-0.0776112079620361,Slightly Negative
2017-10-24,448.0,2017-10-24,0.3031669482588768,Positive,0.26436134427785873,Positive
2017-10-23,449.0,,0.0,Neutral,0.1515834741294384,Slightly Positive
2017-10-22,450.0,,0.0,Neutral,0.0757917370647192,Slightly Positive
2017-10-18,444.0,,0.0,Neutral,0.0,Neutral
2017-10-17,449.0,,0.0,Neutral,0.0,Neutral
2017-10-16,442.0,2017-10-16,0.7397989630699158,Strongly Positive,0.7397989630699158,Strongly Positive
2017-10-15,433.0,,0.0,Neutral,0.3698994815349579,Positive
2017-10-12,429.0,,0.0,Neutral,0.18494974076747894,Slightly Positive
2017-10-11,428.0,,0.0,Neutral,0.0,Neutral
2017-10-10,427.0,,0.0,Neutral,0.0,Neutral
2017-10-09,431.0,,0.0,Neutral,0.0,Neutral
2017-10-08,432.0,,0.0,Neutral,0.0,Neutral
2017-10-04,440.0,,0.0,Neutral,0.0,Neutral
2017-10-03,453.0,,0.0,Neutral,0.0,Neutral
2017-09-26,448.0,,0.0,Neutral,0.0,Neutral
2017-09-25,448.0,2017-09-25,0.6380407959222794,Strongly Positive,0.6380407959222794,Strongly Positive
2017-09-24,441.0,,0.0,Neutral,0.3190203979611397,Positive
2017-09-20,439.0,,0.0,Neutral,0.15951019898056984,Slightly Positive
2017-09-18,443.0,,0.0,Neutral,0.0,Neutral
2017-09-17,447.0,,0.0,Neutral,0.0,Neutral
2017-09-14,447.0,,0.0,Neutral,0.0,Neutral
2017-09-13,420.0,,0.0,Neutral,0.0,Neutral
2017-09-12,421.0,2017-09-12,0.1277060508728027,Slightly Positive,0.1277060508728027,Slightly Positive
2017-09-11,424.0,,0.0,Neutral,0.06385302543640135,Slightly Positive
2017-09-10,425.0,,0.0,Neutral,0.03192651271820068,Neutral
2017-09-07,428.0,,0.0,Neutral,0.0,Neutral
2017-09-06,438.0,2017-09-06,0.8836968541145325,Strongly Positive,0.8836968541145325,Strongly Positive
2017-09-04,430.0,2017-09-04,0.0743787288665771,Slightly Positive,0.5162271559238434,Positive
2017-08-31,437.0,,0.0,Neutral,0.2581135779619217,Positive
2017-08-30,438.0,,0.0,Neutral,0.018594682216644277,Neutral
2017-08-28,446.0,,0.0,Neutral,0.0,Neutral
2017-08-27,446.0,2017-08-27,0.9203059077262878,Strongly Positive,0.9203059077262878,Strongly Positive
2017-08-24,443.0,,0.0,Neutral,0.4601529538631439,Positive
2017-08-23,441.0,,0.0,Neutral,0.23007647693157196,Positive
2017-08-22,441.0,,0.0,Neutral,0.0,Neutral
2017-08-21,438.0,2017-08-21,0.9056445956230164,Strongly Positive,0.9056445956230164,Strongly Positive
2017-08-20,440.0,,0.0,Neutral,0.4528222978115082,Positive
2017-08-17,443.0,2017-08-17,0.7896273136138916,Strongly Positive,1.0160384625196457,Strongly Positive
2017-08-16,444.0,,0.0,Neutral,0.3948136568069458,Positive
2017-08-15,441.0,,0.0,Neutral,0.1974068284034729,Slightly Positive
2017-08-13,445.0,,0.0,Neutral,0.0,Neutral
2017-08-10,450.0,2017-08-10,0.8426941633224487,Strongly Positive,0.8426941633224487,Strongly Positive
2017-08-09,450.0,,0.0,Neutral,0.42134708166122437,Positive
2017-08-07,453.0,,0.0,Neutral,0.21067354083061218,Positive
2017-08-06,454.0,,0.0,Neutral,0.0,Neutral
2017-08-03,453.0,,0.0,Neutral,0.0,Neutral
2017-08-02,454.0,,0.0,Neutral,0.0,Neutral
2017-08-01,454.0,,0.0,Neutral,0.0,Neutral
2017-07-31,453.0,2017-07-31,0.5858557224273682,Positive,0.5858557224273682,Positive
2017-07-30,451.0,,0.0,Neutral,0.2929278612136841,Positive
2017-07-27,460.0,,0.0,Neutral,0.14646393060684204,Slightly Positive
2017-07-26,450.0,,0.0,Neutral,0.0,Neutral
2017-07-25,458.0,,0.0,Neutral,0.0,Neutral
2017-07-24,455.0,,0.0,Neutral,0.0,Neutral
2017-07-23,459.0,,0.0,Neutral,0.0,Neutral
2017-07-20,461.0,2017-07-20,-0.3135278224945068,Negative,-0.3135278224945068,Negative
2017-07-19,460.0,,0.0,Neutral,-0.1567639112472534,Slightly Negative
2017-07-18,472.0,,0.0,Neutral,-0.0783819556236267,Slightly Negative
2017-07-17,448.0,2017-07-17,0.9291043877601624,Strongly Positive,0.9291043877601624,Strongly Positive
2017-07-16,433.0,,0.0,Neutral,0.4645521938800812,Positive
2017-07-13,435.0,,0.0,Neutral,0.2322760969400406,Positive
2017-07-12,432.0,,0.0,Neutral,0.0,Neutral
2017-07-11,435.0,,0.0,Neutral,0.0,Neutral
2017-07-10,433.0,,0.0,Neutral,0.0,Neutral
2017-07-09,441.0,,0.0,Neutral,0.0,Neutral
2017-07-06,437.0,2017-07-06,0.9184584617614746,Strongly Positive,0.9184584617614746,Strongly Positive
2017-07-05,425.0,2017-07-05,0.925973892211914,Strongly Positive,1.3852031230926514,Strongly Positive
2017-07-04,420.0,,0.0,Neutral,0.6926015615463257,Strongly Positive
2017-07-03,423.0,,0.0,Neutral,0.2314934730529785,Positive
2017-07-02,428.0,2017-07-02,0.8309491276741028,Strongly Positive,0.8309491276741028,Strongly Positive
2017-06-28,428.0,,0.0,Neutral,0.4154745638370514,Positive
2017-06-27,422.0,,0.0,Neutral,0.2077372819185257,Positive
2017-06-25,423.0,,0.0,Neutral,0.0,Neutral
2017-06-22,421.0,,0.0,Neutral,0.0,Neutral
2017-06-21,421.0,,0.0,Neutral,0.0,Neutral
2017-06-20,423.0,,0.0,Neutral,0.0,Neutral
2017-06-19,427.0,2017-06-19,0.2736774682998657,Positive,0.2736774682998657,Positive
2017-06-18,431.0,,0.0,Neutral,0.13683873414993286,Slightly Positive
2017-06-15,440.0,,0.0,Neutral,0.06841936707496643,Slightly Positive
2017-06-14,435.0,2017-06-14,0.7516312599182129,Strongly Positive,0.7516312599182129,Strongly Positive
2017-06-13,435.0,,0.0,Neutral,0.37581562995910645,Positive
2017-06-12,445.0,,0.0,Neutral,0.18790781497955322,Slightly Positive
2017-06-11,444.0,,0.0,Neutral,0.0,Neutral
2017-06-08,449.0,,0.0,Neutral,0.0,Neutral
2017-06-07,453.0,,0.0,Neutral,0.0,Neutral
2017-06-06,454.0,,0.0,Neutral,0.0,Neutral
2017-06-05,443.0,,0.0,Neutral,0.0,Neutral
2017-06-04,445.0,,0.0,Neutral,0.0,Neutral
2017-06-01,446.0,,0.0,Neutral,0.0,Neutral
2017-05-31,450.0,,0.0,Neutral,0.0,Neutral
2017-05-30,444.0,,0.0,Neutral,0.0,Neutral
2017-05-28,450.0,,0.0,Neutral,0.0,Neutral
2017-05-24,455.0,,0.0,Neutral,0.0,Neutral
2017-05-23,450.0,,0.0,Neutral,0.0,Neutral
2017-05-22,448.0,,0.0,Neutral,0.0,Neutral
2017-05-21,450.0,2017-05-21,0.543536901473999,Positive,0.543536901473999,Positive
2017-05-18,451.0,,0.0,Neutral,0.2717684507369995,Positive
2017-05-17,455.0,2017-05-17,0.9115880727767944,Strongly Positive,1.0474722981452942,Strongly Positive
2017-05-16,456.0,,0.0,Neutral,0.4557940363883972,Positive
2017-05-15,465.0,,0.0,Neutral,0.2278970181941986,Positive
2017-05-11,464.0,2017-05-11,0.6874037981033325,Strongly Positive,0.6874037981033325,Strongly Positive
2017-05-09,457.0,,0.0,Neutral,0.34370189905166626,Positive
2017-05-08,460.0,,0.0,Neutral,0.17185094952583313,Slightly Positive
2017-05-07,454.0,,0.0,Neutral,0.0,Neutral
2017-05-04,460.0,,0.0,Neutral,0.0,Neutral
2017-05-03,461.0,,0.0,Neutral,0.0,Neutral
2017-05-02,461.0,,0.0,Neutral,0.0,Neutral
2017-04-30,459.0,,0.0,Neutral,0.0,Neutral
2017-04-27,466.0,,0.0,Neutral,0.0,Neutral
2017-04-26,467.0,,0.0,Neutral,0.0,Neutral
2017-04-25,469.0,2017-04-25,0.7321624755859375,Strongly Positive,0.7321624755859375,Strongly Positive
2017-04-24,469.0,,0.0,Neutral,0.36608123779296875,Positive
2017-04-23,472.0,,0.0,Neutral,0.18304061889648438,Slightly Positive
2017-04-20,465.0,2017-04-20,-0.3623961433768272,Negative,-0.3623961433768272,Negative
2017-04-19,463.0,,0.0,Neutral,-0.1811980716884136,Slightly Negative
2017-04-18,450.0,,0.0,Neutral,-0.0905990358442068,Slightly Negative
2017-04-16,460.0,,0.0,Neutral,0.0,Neutral
2017-04-13,472.0,,0.0,Neutral,0.0,Neutral
2017-04-12,480.0,,0.0,Neutral,0.0,Neutral
2017-04-11,489.0,,0.0,Neutral,0.0,Neutral
2017-04-10,471.0,,0.0,Neutral,0.0,Neutral
2017-04-09,472.0,,0.0,Neutral,0.0,Neutral
2017-04-06,482.0,2017-04-06,0.5967186689376831,Positive,0.5967186689376831,Positive
2017-04-04,495.0,,0.0,Neutral,0.29835933446884155,Positive
2017-04-03,504.0,,0.0,Neutral,0.14917966723442078,Slightly Positive
2017-03-30,574.0,2017-03-30,-0.1716672480106353,Slightly Negative,-0.1716672480106353,Slightly Negative
2017-03-29,565.0,,0.0,Neutral,-0.08583362400531765,Slightly Negative
2017-03-28,595.0,,0.0,Neutral,-0.04291681200265882,Neutral
2017-03-26,562.0,,0.0,Neutral,0.0,Neutral
2017-03-23,511.0,,0.0,Neutral,0.0,Neutral
2017-03-22,492.0,2017-03-22,0.6236251592636108,Strongly Positive,0.6236251592636108,Strongly Positive
2017-03-21,484.0,,0.0,Neutral,0.3118125796318054,Positive
2017-03-20,461.0,,0.0,Neutral,0.1559062898159027,Slightly Positive
2017-03-19,451.0,,0.0,Neutral,0.0,Neutral
2017-03-16,445.0,,0.0,Neutral,0.0,Neutral
2017-03-15,448.0,,0.0,Neutral,0.0,Neutral
2017-03-14,441.0,,0.0,Neutral,0.0,Neutral
2017-03-13,440.0,,0.0,Neutral,0.0,Neutral
2017-03-09,445.0,,0.0,Neutral,0.0,Neutral
2017-03-07,439.0,2017-03-07,0.2491500675678253,Positive,0.2491500675678253,Positive
2017-03-06,449.0,,0.0,Neutral,0.12457503378391264,Slightly Positive
2017-03-05,443.0,,0.0,Neutral,0.06228751689195632,Slightly Positive
2017-03-02,435.0,2017-03-02,0.8856234550476074,Strongly Positive,0.8856234550476074,Strongly Positive
2017-03-01,430.0,2017-03-01,0.7320932149887085,Strongly Positive,1.1749049425125122,Strongly Positive
2017-02-28,421.0,,0.0,Neutral,0.5874524712562561,Positive
2017-02-26,434.0,,0.0,Neutral,0.18302330374717712,Slightly Positive
2017-02-23,440.0,2017-02-23,-0.5603695511817932,Negative,-0.5603695511817932,Negative
2017-02-22,434.0,,0.0,Neutral,-0.2801847755908966,Negative
2017-02-21,439.0,,0.0,Neutral,-0.1400923877954483,Slightly Negative
2017-02-20,440.0,,0.0,Neutral,0.0,Neutral
2017-02-19,445.0,,0.0,Neutral,0.0,Neutral
2017-02-16,453.0,,0.0,Neutral,0.0,Neutral
2017-02-15,453.0,2017-02-15,-0.5029162764549255,Negative,-0.5029162764549255,Negative
2017-02-14,437.0,,0.0,Neutral,-0.25145813822746277,Negative
2017-02-13,440.0,,0.0,Neutral,-0.12572906911373138,Slightly Negative
2017-02-12,429.0,,0.0,Neutral,0.0,Neutral
2017-02-09,445.0,,0.0,Neutral,0.0,Neutral
2017-02-08,450.0,,0.0,Neutral,0.0,Neutral
2017-02-07,455.0,2017-02-07,0.7273648977279663,Strongly Positive,0.7273648977279663,Strongly Positive
2017-02-06,455.0,,0.0,Neutral,0.36368244886398315,Positive
2017-02-05,470.0,,0.0,Neutral,0.18184122443199158,Slightly Positive
2017-02-02,483.0,,0.0,Neutral,0.0,Neutral
2017-02-01,483.0,,0.0,Neutral,0.0,Neutral
2017-01-31,458.0,,0.0,Neutral,0.0,Neutral
2017-01-30,442.0,,0.0,Neutral,0.0,Neutral
2017-01-26,460.0,,0.0,Neutral,0.0,Neutral
2017-01-25,490.0,,0.0,Neutral,0.0,Neutral
2017-01-24,508.0,,0.0,Neutral,0.0,Neutral
2017-01-23,520.0,,0.0,Neutral,0.0,Neutral
2017-01-22,526.0,,0.0,Neutral,0.0,Neutral
2017-01-19,528.0,2017-01-19,0.8906235098838806,Strongly Positive,0.8906235098838806,Strongly Positive
2017-01-18,520.0,2017-01-18,-0.7480860352516174,Strongly Negative,-0.3027742803096771,Negative
2017-01-17,523.0,,0.0,Neutral,-0.15138714015483856,Slightly Negative
2017-01-16,527.0,,0.0,Neutral,-0.18702150881290436,Slightly Negative
2017-01-15,534.0,2017-01-15,0.8086245059967041,Strongly Positive,0.8086245059967041,Strongly Positive
2017-01-12,542.0,,0.0,Neutral,0.40431225299835205,Positive
2017-01-11,540.0,,0.0,Neutral,0.20215612649917603,Positive
2017-01-10,540.0,,0.0,Neutral,0.0,Neutral
2017-01-09,540.0,,0.0,Neutral,0.0,Neutral
2017-01-08,524.0,,0.0,Neutral,0.0,Neutral
2017-01-05,528.0,,0.0,Neutral,0.0,Neutral
2017-01-04,530.0,,0.0,Neutral,0.0,Neutral
2017-01-03,530.0,,0.0,Neutral,0.0,Neutral
2017-01-02,545.0,,0.0,Neutral,0.0,Neutral
2017-01-01,545.0,2017-01-01,0.1828947961330413,Slightly Positive,0.1828947961330413,Slightly Positive
2016-12-29,526.0,,0.0,Neutral,0.09144739806652065,Slightly Positive
2016-12-28,498.0,2016-12-28,0.881725013256073,Strongly Positive,0.9274487122893333,Strongly Positive
2016-12-27,495.0,,0.0,Neutral,0.4408625066280365,Positive
2016-12-26,497.0,,0.0,Neutral,0.22043125331401825,Positive
2016-12-22,513.0,,0.0,Neutral,0.0,Neutral
2016-12-21,511.0,,0.0,Neutral,0.0,Neutral
2016-12-20,520.0,,0.0,Neutral,0.0,Neutral
2016-12-19,520.0,,0.0,Neutral,0.0,Neutral
2016-12-18,540.0,,0.0,Neutral,0.0,Neutral
2016-12-15,542.0,,0.0,Neutral,0.0,Neutral
2016-12-14,530.0,,0.0,Neutral,0.0,Neutral
2016-12-12,525.0,,0.0,Neutral,0.0,Neutral
2016-12-11,530.0,,0.0,Neutral,0.0,Neutral
2016-12-08,540.0,,0.0,Neutral,0.0,Neutral
2016-12-07,550.0,,0.0,Neutral,0.0,Neutral
2016-12-06,550.0,,0.0,Neutral,0.0,Neutral
2016-12-05,545.0,2016-12-05,0.7129253149032593,Strongly Positive,0.7129253149032593,Strongly Positive
2016-12-04,558.0,,0.0,Neutral,0.35646265745162964,Positive
2016-12-01,575.0,,0.0,Neutral,0.17823132872581482,Slightly Positive
2016-11-30,576.0,,0.0,Neutral,0.0,Neutral
2016-11-29,555.0,,0.0,Neutral,0.0,Neutral
2016-11-28,525.0,,0.0,Neutral,0.0,Neutral
2016-11-27,502.0,,0.0,Neutral,0.0,Neutral
2016-11-24,527.0,,0.0,Neutral,0.0,Neutral
2016-11-23,525.0,,0.0,Neutral,0.0,Neutral
2016-11-22,550.0,,0.0,Neutral,0.0,Neutral
2016-11-21,555.0,2016-11-21,0.8399505615234375,Strongly Positive,0.8399505615234375,Strongly Positive
2016-11-20,556.0,,0.0,Neutral,0.41997528076171875,Positive
2016-11-17,580.0,,0.0,Neutral,0.20998764038085938,Positive
2016-11-16,595.0,,0.0,Neutral,0.0,Neutral
2016-11-15,596.0,,0.0,Neutral,0.0,Neutral
2016-11-14,600.0,,0.0,Neutral,0.0,Neutral
2016-11-13,600.0,,0.0,Neutral,0.0,Neutral
2016-11-10,600.0,,0.0,Neutral,0.0,Neutral
2016-11-09,600.0,2016-11-09,-0.9314858317375184,Strongly Negative,-0.9314858317375184,Strongly Negative
2016-11-08,610.0,,0.0,Neutral,-0.4657429158687592,Negative
2016-11-07,625.0,,0.0,Neutral,-0.2328714579343796,Negative
2016-11-03,645.0,,0.0,Neutral,0.0,Neutral
2016-10-27,638.0,2016-10-27,0.7380070686340332,Strongly Positive,0.7380070686340332,Strongly Positive
2016-10-26,642.0,,0.0,Neutral,0.3690035343170166,Positive
2016-10-25,645.0,,0.0,Neutral,0.1845017671585083,Slightly Positive
2016-10-24,653.0,,0.0,Neutral,0.0,Neutral
2016-10-23,655.0,2016-10-23,-0.9054261445999146,Strongly Negative,-0.9054261445999146,Strongly Negative
2016-10-20,669.0,,0.0,Neutral,-0.4527130722999573,Negative
2016-10-19,665.0,,0.0,Neutral,-0.22635653614997864,Negative
2016-10-18,670.0,,0.0,Neutral,0.0,Neutral
2016-10-17,669.0,,0.0,Neutral,0.0,Neutral
2016-10-16,683.0,,0.0,Neutral,0.0,Neutral
2016-10-06,683.0,,0.0,Neutral,0.0,Neutral
2016-10-05,680.0,,0.0,Neutral,0.0,Neutral
2016-10-04,668.0,,0.0,Neutral,0.0,Neutral
2016-10-03,672.0,2016-10-03,0.1059269905090332,Slightly Positive,0.1059269905090332,Slightly Positive
2016-10-02,680.0,2016-10-02,0.8898768424987793,Strongly Positive,0.9428403377532959,Strongly Positive
2016-09-29,670.0,2016-09-29,0.9111406207084656,Strongly Positive,1.3825607895851135,Strongly Positive
2016-09-28,672.0,,0.0,Neutral,0.6780395209789276,Strongly Positive
2016-09-27,672.0,,0.0,Neutral,0.2277851551771164,Positive
2016-09-26,675.0,,0.0,Neutral,0.0,Neutral
2016-09-25,995.0,,0.0,Neutral,0.0,Neutral
2016-09-22,0.0,2016-09-22,0.0431180894374847,Neutral,0.0431180894374847,Neutral
2016-09-21,0.0,2016-09-21,0.8862911760807037,Strongly Positive,0.9078502207994461,Strongly Positive
2016-09-20,0.0,2016-09-20,0.9242508411407472,Strongly Positive,1.3781759515404701,Strongly Positive
2016-09-18,0.0,2016-09-18,0.8751511573791504,Strongly Positive,1.5588493719696999,Strongly Positive
2016-09-14,0.0,,0.0,Neutral,0.668638288974762,Strongly Positive
2016-09-12,0.0,2016-09-12,0.902121365070343,Strongly Positive,1.1209091544151306,Strongly Positive
2016-09-11,0.0,2016-09-11,0.8642315864562988,Strongly Positive,1.3152922689914703,Strongly Positive
2016-09-08,0.0,,0.0,Neutral,0.6576461344957352,Strongly Positive
2016-09-07,0.0,,0.0,Neutral,0.2160578966140747,Positive
2016-09-06,0.0,,0.0,Neutral,0.0,Neutral
2016-09-05,0.0,,0.0,Neutral,0.0,Neutral
2016-09-04,0.0,,0.0,Neutral,0.0,Neutral
2016-09-03,0.0,,0.0,Neutral,0.0,Neutral
2016-09-01,998.0,2016-09-01,0.7710901498794556,Strongly Positive,0.7710901498794556,Strongly Positive
2016-08-31,999.0,,0.0,Neutral,0.3855450749397278,Positive
2016-08-30,999.0,2016-08-30,-0.0680882036685943,Slightly Negative,0.12468433380126959,Slightly Positive
2016-08-29,983.0,,0.0,Neutral,-0.03404410183429715,Neutral
2016-08-28,965.0,,0.0,Neutral,-0.017022050917148576,Neutral
2016-08-24,970.0,,0.0,Neutral,0.0,Neutral
2016-08-23,970.0,,0.0,Neutral,0.0,Neutral
2016-08-22,964.0,,0.0,Neutral,0.0,Neutral
2016-08-21,995.0,,0.0,Neutral,0.0,Neutral
2016-08-17,0.0,,0.0,Neutral,0.0,Neutral
2016-08-16,985.0,2016-08-16,0.0269997715950012,Neutral,0.0269997715950012,Neutral
2016-08-15,970.0,,0.0,Neutral,0.0134998857975006,Neutral
2016-08-14,968.0,,0.0,Neutral,0.0067499428987503,Neutral
2016-08-11,0.0,,0.0,Neutral,0.0,Neutral
2016-08-10,0.0,,0.0,Neutral,0.0,Neutral
2016-08-09,995.0,,0.0,Neutral,0.0,Neutral
2016-08-08,905.0,,0.0,Neutral,0.0,Neutral
2016-08-07,972.0,,0.0,Neutral,0.0,Neutral
2016-08-04,970.0,,0.0,Neutral,0.0,Neutral
2016-08-02,0.0,,0.0,Neutral,0.0,Neutral
2016-08-01,0.0,,0.0,Neutral,0.0,Neutral
2016-07-28,0.0,,0.0,Neutral,0.0,Neutral
2016-07-27,0.0,,0.0,Neutral,0.0,Neutral
2016-07-26,0.0,,0.0,Neutral,0.0,Neutral
2016-07-25,0.0,,0.0,Neutral,0.0,Neutral
2016-07-21,984.0,2016-07-21,-0.5415614247322083,Negative,-0.5415614247322083,Negative
2016-07-20,976.0,,0.0,Neutral,-0.2707807123661041,Negative
2016-07-19,888.0,2016-07-19,-0.5339106917381287,Negative,-0.6693010479211807,Strongly Negative
2016-07-18,833.0,,0.0,Neutral,-0.26695534586906433,Negative
2016-07-17,844.0,2016-07-17,0.8322827219963074,Strongly Positive,0.6988050490617752,Strongly Positive
2016-07-14,768.0,,0.0,Neutral,0.4161413609981537,Positive
2016-07-13,760.0,,0.0,Neutral,0.20807068049907684,Positive
2016-07-12,766.0,,0.0,Neutral,0.0,Neutral
2016-07-11,777.0,,0.0,Neutral,0.0,Neutral
2016-07-10,761.0,2016-07-10,0.8081753253936768,Strongly Positive,0.8081753253936768,Strongly Positive
2016-07-06,761.0,,0.0,Neutral,0.4040876626968384,Positive
2016-07-05,745.0,,0.0,Neutral,0.2020438313484192,Positive
2016-07-04,730.0,,0.0,Neutral,0.0,Neutral
2016-07-03,719.0,,0.0,Neutral,0.0,Neutral
2016-06-30,722.0,,0.0,Neutral,0.0,Neutral
2016-06-29,727.0,,0.0,Neutral,0.0,Neutral
2016-06-28,735.0,,0.0,Neutral,0.0,Neutral
2016-06-27,739.0,,0.0,Neutral,0.0,Neutral
2016-06-26,710.0,,0.0,Neutral,0.0,Neutral
2016-06-23,702.0,2016-06-23,0.581391453742981,Positive,0.581391453742981,Positive
2016-06-22,720.0,,0.0,Neutral,0.2906957268714905,Positive
2016-06-21,703.0,,0.0,Neutral,0.14534786343574524,Slightly Positive
2016-06-20,700.0,,0.0,Neutral,0.0,Neutral
2016-06-19,705.0,2016-06-19,0.8847450613975525,Strongly Positive,0.8847450613975525,Strongly Positive
2016-06-16,713.0,,0.0,Neutral,0.44237253069877625,Positive
2016-06-15,720.0,2016-06-15,0.6763022541999817,Strongly Positive,0.8974885195493698,Strongly Positive
2016-06-14,721.0,,0.0,Neutral,0.33815112709999084,Positive
2016-06-13,700.0,,0.0,Neutral,0.16907556354999542,Slightly Positive
2016-06-12,675.0,,0.0,Neutral,0.0,Neutral
2016-06-09,677.0,,0.0,Neutral,0.0,Neutral
2016-06-08,677.0,,0.0,Neutral,0.0,Neutral
2016-06-07,677.0,,0.0,Neutral,0.0,Neutral
2016-06-06,670.0,,0.0,Neutral,0.0,Neutral
2016-06-05,668.0,2016-06-05,0.9090322256088256,Strongly Positive,0.9090322256088256,Strongly Positive
2016-06-02,668.0,2016-06-02,0.8896958827972412,Strongly Positive,1.344211995601654,Strongly Positive
2016-06-01,656.0,,0.0,Neutral,0.672105997800827,Strongly Positive
2016-05-31,659.0,,0.0,Neutral,0.2224239706993103,Positive
2016-05-30,666.0,2016-05-30,0.9280319213867188,Strongly Positive,0.9280319213867188,Strongly Positive
2016-05-29,679.0,,0.0,Neutral,0.4640159606933594,Positive
2016-05-26,679.0,,0.0,Neutral,0.2320079803466797,Positive
2016-05-25,682.0,,0.0,Neutral,0.0,Neutral
2016-05-24,690.0,,0.0,Neutral,0.0,Neutral
2016-05-23,685.0,,0.0,Neutral,0.0,Neutral
2016-05-22,680.0,,0.0,Neutral,0.0,Neutral
2016-05-19,684.0,,0.0,Neutral,0.0,Neutral
2016-05-18,683.0,,0.0,Neutral,0.0,Neutral
2016-05-17,680.0,2016-05-17,0.9240453839302064,Strongly Positive,0.9240453839302064,Strongly Positive
2016-05-16,663.0,,0.0,Neutral,0.4620226919651032,Positive
2016-05-15,666.0,,0.0,Neutral,0.2310113459825516,Positive
2016-05-12,673.0,,0.0,Neutral,0.0,Neutral
2016-05-11,655.0,,0.0,Neutral,0.0,Neutral
2016-05-10,642.0,2016-05-10,0.8823189735412598,Strongly Positive,0.8823189735412598,Strongly Positive
2016-05-09,649.0,,0.0,Neutral,0.4411594867706299,Positive
2016-05-08,634.0,,0.0,Neutral,0.22057974338531494,Positive
2016-05-05,632.0,,0.0,Neutral,0.0,Neutral
2016-05-04,632.0,,0.0,Neutral,0.0,Neutral
2016-05-03,640.0,,0.0,Neutral,0.0,Neutral
2016-05-02,640.0,,0.0,Neutral,0.0,Neutral
2016-04-28,638.0,2016-04-28,-0.6809363961219788,Strongly Negative,-0.6809363961219788,Strongly Negative
2016-04-27,647.0,2016-04-27,0.1160554587841034,Slightly Positive,-0.224412739276886,Negative
2016-04-26,638.0,,0.0,Neutral,-0.112206369638443,Slightly Negative
2016-04-25,655.0,,0.0,Neutral,0.02901386469602585,Neutral
2016-04-24,640.0,,0.0,Neutral,0.0,Neutral
2016-04-21,630.0,,0.0,Neutral,0.0,Neutral
2016-04-20,605.0,2016-04-20,0.7522884607315063,Strongly Positive,0.7522884607315063,Strongly Positive
2016-04-19,599.0,2016-04-19,-0.926275670528412,Strongly Negative,-0.5501314401626588,Negative
2016-04-18,612.0,2016-04-18,0.0300204027444124,Neutral,-0.24504531733691698,Negative
2016-04-17,595.0,2016-04-17,0.9084632992744446,Strongly Positive,0.6919045830145478,Strongly Positive
2016-04-14,591.0,,0.0,Neutral,0.4617367503233254,Positive
2016-04-12,560.0,,0.0,Neutral,0.22711582481861115,Positive
2016-04-11,576.0,,0.0,Neutral,0.0,Neutral
2016-04-10,671.0,,0.0,Neutral,0.0,Neutral
2016-04-06,680.0,,0.0,Neutral,0.0,Neutral
2016-04-05,684.0,,0.0,Neutral,0.0,Neutral
2016-04-04,680.0,,0.0,Neutral,0.0,Neutral
2016-04-03,670.0,,0.0,Neutral,0.0,Neutral
2016-03-31,658.0,,0.0,Neutral,0.0,Neutral
2016-03-30,665.0,,0.0,Neutral,0.0,Neutral
2016-03-29,669.0,,0.0,Neutral,0.0,Neutral
2016-03-28,671.0,2016-03-28,0.5935075283050537,Positive,0.5935075283050537,Positive
2016-03-27,673.0,,0.0,Neutral,0.29675376415252686,Positive
2016-03-24,655.0,2016-03-24,0.9060111045837402,Strongly Positive,1.0543879866600037,Strongly Positive
2016-03-23,653.0,,0.0,Neutral,0.4530055522918701,Positive
2016-03-21,648.0,,0.0,Neutral,0.22650277614593506,Positive
2016-03-20,660.0,,0.0,Neutral,0.0,Neutral
2016-03-17,665.0,2016-03-17,0.7216230034828186,Strongly Positive,0.7216230034828186,Strongly Positive
2016-03-16,674.0,2016-03-16,-0.7536658644676208,Strongly Negative,-0.39285436272621155,Negative
2016-03-15,665.0,2016-03-15,0.789482593536377,Strongly Positive,0.5930554121732712,Positive
2016-03-14,672.0,,0.0,Neutral,0.20632483065128326,Positive
2016-03-13,707.0,,0.0,Neutral,0.19737064838409424,Slightly Positive
2016-03-10,693.0,,0.0,Neutral,0.0,Neutral
2016-03-06,630.0,,0.0,Neutral,0.0,Neutral
2016-03-03,617.0,2016-03-03,0.7107265591621399,Strongly Positive,0.7107265591621399,Strongly Positive
2016-03-02,599.0,,0.0,Neutral,0.35536327958106995,Positive
2016-03-01,585.0,,0.0,Neutral,0.17768163979053497,Slightly Positive
2016-02-29,589.0,2016-02-29,0.6740023493766785,Strongly Positive,0.6740023493766785,Strongly Positive
2016-02-28,590.0,,0.0,Neutral,0.33700117468833923,Positive
2016-02-25,585.0,2016-02-25,0.8789723515510559,Strongly Positive,1.0474729388952255,Strongly Positive
2016-02-24,595.0,,0.0,Neutral,0.43948617577552795,Positive
2016-02-23,605.0,,0.0,Neutral,0.21974308788776398,Positive
2016-02-22,590.0,,0.0,Neutral,0.0,Neutral
2016-02-21,590.0,,0.0,Neutral,0.0,Neutral
2016-02-18,588.0,,0.0,Neutral,0.0,Neutral
2016-02-17,590.0,,0.0,Neutral,0.0,Neutral
2016-02-16,576.0,,0.0,Neutral,0.0,Neutral
2016-02-15,590.0,,0.0,Neutral,0.0,Neutral
2016-02-14,570.0,2016-02-14,0.8966696262359619,Strongly Positive,0.8966696262359619,Strongly Positive
2016-02-11,580.0,,0.0,Neutral,0.44833481311798096,Positive
2016-02-08,590.0,,0.0,Neutral,0.22416740655899048,Positive
2016-02-07,595.0,,0.0,Neutral,0.0,Neutral
2016-02-04,589.0,,0.0,Neutral,0.0,Neutral
2016-02-03,574.0,,0.0,Neutral,0.0,Neutral
2016-02-02,580.0,2016-02-02,0.6775474548339844,Strongly Positive,0.6775474548339844,Strongly Positive
2016-02-01,584.0,,0.0,Neutral,0.3387737274169922,Positive
2016-01-31,574.0,,0.0,Neutral,0.1693868637084961,Slightly Positive
2016-01-28,582.0,,0.0,Neutral,0.0,Neutral
2016-01-27,585.0,,0.0,Neutral,0.0,Neutral
2016-01-26,595.0,,0.0,Neutral,0.0,Neutral
2016-01-25,595.0,,0.0,Neutral,0.0,Neutral
2016-01-24,599.0,,0.0,Neutral,0.0,Neutral
2016-01-21,583.0,2016-01-21,-0.93006694316864,Strongly Negative,-0.93006694316864,Strongly Negative
2016-01-20,593.0,,0.0,Neutral,-0.46503347158432,Negative
2016-01-19,568.0,,0.0,Neutral,-0.23251673579216,Negative
2016-01-18,580.0,,0.0,Neutral,0.0,Neutral
2016-01-17,575.0,,0.0,Neutral,0.0,Neutral
2016-01-14,545.0,,0.0,Neutral,0.0,Neutral
2016-01-13,529.0,,0.0,Neutral,0.0,Neutral
2016-01-12,521.0,,0.0,Neutral,0.0,Neutral
2016-01-11,525.0,2016-01-11,0.6818904876708984,Strongly Positive,0.6818904876708984,Strongly Positive
2016-01-10,518.0,,0.0,Neutral,0.3409452438354492,Positive
2016-01-07,515.0,,0.0,Neutral,0.1704726219177246,Slightly Positive
2016-01-06,500.0,,0.0,Neutral,0.0,Neutral
2016-01-05,505.0,,0.0,Neutral,0.0,Neutral
2016-01-04,506.0,,0.0,Neutral,0.0,Neutral
2016-01-03,518.0,,0.0,Neutral,0.0,Neutral
2015-12-31,508.0,,0.0,Neutral,0.0,Neutral
2015-12-29,500.0,,0.0,Neutral,0.0,Neutral
2015-12-28,499.0,,0.0,Neutral,0.0,Neutral
2015-12-27,502.0,,0.0,Neutral,0.0,Neutral
2015-12-24,510.0,,0.0,Neutral,0.0,Neutral
2015-12-23,496.0,,0.0,Neutral,0.0,Neutral
2015-12-22,512.0,,0.0,Neutral,0.0,Neutral
2015-12-21,529.0,,0.0,Neutral,0.0,Neutral
2015-12-20,481.0,,0.0,Neutral,0.0,Neutral
2015-12-17,465.0,,0.0,Neutral,0.0,Neutral
2015-12-16,450.0,,0.0,Neutral,0.0,Neutral
2015-12-15,445.0,,0.0,Neutral,0.0,Neutral
2015-12-14,450.0,,0.0,Neutral,0.0,Neutral
2015-12-13,456.0,,0.0,Neutral,0.0,Neutral
2015-12-10,465.0,,0.0,Neutral,0.0,Neutral
2015-12-09,469.0,,0.0,Neutral,0.0,Neutral
2015-12-08,451.0,,0.0,Neutral,0.0,Neutral
2015-12-07,455.0,2015-12-07,0.9273107945919036,Strongly Positive,0.9273107945919036,Strongly Positive
2015-12-06,465.0,,0.0,Neutral,0.4636553972959518,Positive
2015-12-03,450.0,2015-12-03,0.9220194220542908,Strongly Positive,1.1538471207022667,Strongly Positive
2015-12-02,451.0,,0.0,Neutral,0.4610097110271454,Positive
2015-12-01,454.0,2015-12-01,-0.5810050964355469,Negative,-0.3505002409219742,Negative
2015-11-30,431.0,,0.0,Neutral,-0.29050254821777344,Negative
2015-11-29,420.0,2015-11-29,0.923660397529602,Strongly Positive,0.7784091234207153,Strongly Positive
2015-11-26,447.0,,0.0,Neutral,0.461830198764801,Positive
2015-11-25,450.0,,0.0,Neutral,0.2309150993824005,Positive
2015-11-24,455.0,,0.0,Neutral,0.0,Neutral
2015-11-23,452.0,,0.0,Neutral,0.0,Neutral
2015-11-22,452.0,,0.0,Neutral,0.0,Neutral
2015-11-19,465.0,,0.0,Neutral,0.0,Neutral
2015-11-18,470.0,,0.0,Neutral,0.0,Neutral
2015-11-16,471.0,,0.0,Neutral,0.0,Neutral
2015-11-15,475.0,,0.0,Neutral,0.0,Neutral
2015-11-10,477.0,,0.0,Neutral,0.0,Neutral
2015-11-09,483.0,,0.0,Neutral,0.0,Neutral
2015-11-08,462.0,,0.0,Neutral,0.0,Neutral
2015-11-05,460.0,,0.0,Neutral,0.0,Neutral
2015-11-04,466.0,,0.0,Neutral,0.0,Neutral
2015-11-03,457.0,,0.0,Neutral,0.0,Neutral
2015-11-02,461.0,,0.0,Neutral,0.0,Neutral
2015-11-01,456.0,,0.0,Neutral,0.0,Neutral
2015-10-29,470.0,,0.0,Neutral,0.0,Neutral
2015-10-28,466.0,,0.0,Neutral,0.0,Neutral
2015-10-27,472.0,,0.0,Neutral,0.0,Neutral
2015-10-25,481.0,,0.0,Neutral,0.0,Neutral
2015-10-19,500.0,,0.0,Neutral,0.0,Neutral
2015-10-18,495.0,,0.0,Neutral,0.0,Neutral
2015-10-15,499.0,2015-10-15,0.906463861465454,Strongly Positive,0.906463861465454,Strongly Positive
2015-10-14,494.0,,0.0,Neutral,0.453231930732727,Positive
2015-10-11,530.0,,0.0,Neutral,0.2266159653663635,Positive
2015-10-08,495.0,,0.0,Neutral,0.0,Neutral
2015-10-07,450.0,,0.0,Neutral,0.0,Neutral
2015-10-06,440.0,,0.0,Neutral,0.0,Neutral
2015-10-05,445.0,,0.0,Neutral,0.0,Neutral
2015-10-04,451.0,,0.0,Neutral,0.0,Neutral
2015-10-01,459.0,2015-10-01,-0.1944545805454254,Slightly Negative,-0.1944545805454254,Slightly Negative
2015-09-30,450.0,,0.0,Neutral,-0.0972272902727127,Slightly Negative
2015-09-29,450.0,2015-09-29,0.6452875137329102,Strongly Positive,0.5966738685965538,Positive
2015-09-28,450.0,,0.0,Neutral,0.3226437568664551,Positive
2015-09-24,460.0,2015-09-24,0.9214875102043152,Strongly Positive,1.0828093886375427,Strongly Positive
2015-09-23,465.0,2015-09-23,0.8798791170120239,Strongly Positive,1.3406228721141815,Strongly Positive
2015-09-22,456.0,2015-09-22,0.9070401191711426,Strongly Positive,1.5773515552282333,Strongly Positive
2015-09-17,480.0,,0.0,Neutral,0.6734898388385773,Strongly Positive
2015-09-16,487.0,,0.0,Neutral,0.22676002979278564,Positive
2015-09-15,495.0,,0.0,Neutral,0.0,Neutral
2015-09-14,500.0,,0.0,Neutral,0.0,Neutral
2015-09-13,500.0,,0.0,Neutral,0.0,Neutral
2015-09-10,479.0,,0.0,Neutral,0.0,Neutral
2015-09-09,480.0,,0.0,Neutral,0.0,Neutral
2015-09-08,488.0,,0.0,Neutral,0.0,Neutral
2015-09-07,497.0,,0.0,Neutral,0.0,Neutral
2015-09-06,480.0,,0.0,Neutral,0.0,Neutral
2015-09-03,465.0,2015-09-03,0.8332056999206543,Strongly Positive,0.8332056999206543,Strongly Positive
2015-09-02,486.0,,0.0,Neutral,0.41660284996032715,Positive
2015-09-01,495.0,,0.0,Neutral,0.20830142498016357,Positive
2015-08-31,500.0,,0.0,Neutral,0.0,Neutral
2015-08-27,500.0,,0.0,Neutral,0.0,Neutral
2015-08-26,505.0,2015-08-26,0.0012254416942596,Neutral,0.0012254416942596,Neutral
2015-08-25,515.0,,0.0,Neutral,0.0006127208471298,Neutral
2015-08-24,506.0,,0.0,Neutral,0.0003063604235649,Neutral
2015-08-23,506.0,,0.0,Neutral,0.0,Neutral
2015-08-20,525.0,,0.0,Neutral,0.0,Neutral
2015-08-19,528.0,,0.0,Neutral,0.0,Neutral
2015-08-18,518.0,,0.0,Neutral,0.0,Neutral
2015-08-17,485.0,,0.0,Neutral,0.0,Neutral
2015-08-16,441.0,,0.0,Neutral,0.0,Neutral
2015-08-13,444.0,,0.0,Neutral,0.0,Neutral
2015-08-12,445.0,,0.0,Neutral,0.0,Neutral
2015-08-11,455.0,,0.0,Neutral,0.0,Neutral
2015-08-10,479.0,,0.0,Neutral,0.0,Neutral
2015-08-09,469.0,,0.0,Neutral,0.0,Neutral
2015-08-06,463.0,,0.0,Neutral,0.0,Neutral
2015-08-05,452.0,,0.0,Neutral,0.0,Neutral
2015-08-04,441.0,,0.0,Neutral,0.0,Neutral
2015-08-03,457.0,2015-08-03,0.8893616795539856,Strongly Positive,0.8893616795539856,Strongly Positive
2015-08-02,446.0,,0.0,Neutral,0.4446808397769928,Positive
2015-07-30,450.0,,0.0,Neutral,0.2223404198884964,Positive
2015-07-29,467.0,,0.0,Neutral,0.0,Neutral
2015-07-28,480.0,,0.0,Neutral,0.0,Neutral
2015-07-27,498.0,,0.0,Neutral,0.0,Neutral
2015-07-26,511.0,,0.0,Neutral,0.0,Neutral
2015-07-23,465.0,,0.0,Neutral,0.0,Neutral
2015-07-22,440.0,2015-07-22,-0.7776907086372375,Strongly Negative,-0.7776907086372375,Strongly Negative
2015-07-16,432.0,,0.0,Neutral,-0.3888453543186188,Negative
2015-07-15,415.0,,0.0,Neutral,-0.1944226771593094,Slightly Negative
2015-07-14,410.0,,0.0,Neutral,0.0,Neutral
2015-07-13,409.0,,0.0,Neutral,0.0,Neutral
2015-07-12,411.0,,0.0,Neutral,0.0,Neutral
2015-07-09,410.0,,0.0,Neutral,0.0,Neutral
2015-07-08,408.0,,0.0,Neutral,0.0,Neutral
2015-07-07,405.0,,0.0,Neutral,0.0,Neutral
2015-07-06,404.0,,0.0,Neutral,0.0,Neutral
2015-07-05,417.0,,0.0,Neutral,0.0,Neutral
2015-07-02,405.0,,0.0,Neutral,0.0,Neutral
2015-07-01,410.0,2015-07-01,0.9069263339042664,Strongly Positive,0.9069263339042664,Strongly Positive
2015-06-30,415.0,,0.0,Neutral,0.4534631669521332,Positive
2015-06-29,420.0,,0.0,Neutral,0.2267315834760666,Positive
2015-06-28,420.0,,0.0,Neutral,0.0,Neutral
2015-06-25,419.0,,0.0,Neutral,0.0,Neutral
2015-06-24,414.0,,0.0,Neutral,0.0,Neutral
2015-06-23,420.0,,0.0,Neutral,0.0,Neutral
2015-06-22,415.0,,0.0,Neutral,0.0,Neutral
2015-06-21,415.0,,0.0,Neutral,0.0,Neutral
2015-06-18,416.0,,0.0,Neutral,0.0,Neutral
2015-06-17,423.0,,0.0,Neutral,0.0,Neutral
2015-06-16,426.0,,0.0,Neutral,0.0,Neutral
2015-06-15,421.0,,0.0,Neutral,0.0,Neutral
2015-06-14,413.0,,0.0,Neutral,0.0,Neutral
2015-06-11,425.0,,0.0,Neutral,0.0,Neutral
2015-06-10,438.0,,0.0,Neutral,0.0,Neutral
2015-06-09,448.0,,0.0,Neutral,0.0,Neutral
2015-06-08,430.0,,0.0,Neutral,0.0,Neutral
2015-06-07,430.0,,0.0,Neutral,0.0,Neutral
2015-06-04,420.0,2015-06-04,0.895082950592041,Strongly Positive,0.895082950592041,Strongly Positive
2015-06-03,432.0,,0.0,Neutral,0.4475414752960205,Positive
2015-06-02,400.0,,0.0,Neutral,0.22377073764801025,Positive
2015-06-01,400.0,,0.0,Neutral,0.0,Neutral
2015-05-31,397.0,,0.0,Neutral,0.0,Neutral
2015-05-28,390.0,,0.0,Neutral,0.0,Neutral
2015-05-27,376.0,,0.0,Neutral,0.0,Neutral
2015-05-26,397.0,,0.0,Neutral,0.0,Neutral
2015-05-25,365.0,,0.0,Neutral,0.0,Neutral
2015-05-24,392.0,,0.0,Neutral,0.0,Neutral
2015-04-23,432.0,,0.0,Neutral,0.0,Neutral
2015-04-22,440.0,2015-04-22,0.3517574965953827,Positive,0.3517574965953827,Positive
2015-04-21,439.0,,0.0,Neutral,0.17587874829769135,Slightly Positive
2015-04-20,436.0,2015-04-20,-0.9280198216438292,Strongly Negative,-0.8400804474949836,Strongly Negative
2015-04-19,436.0,,0.0,Neutral,-0.4640099108219146,Negative
2015-04-16,468.0,,0.0,Neutral,-0.2320049554109573,Negative
2015-04-15,474.0,,0.0,Neutral,0.0,Neutral
2015-04-13,472.0,,0.0,Neutral,0.0,Neutral
2015-04-12,479.0,,0.0,Neutral,0.0,Neutral
2015-04-09,471.0,,0.0,Neutral,0.0,Neutral
2015-04-08,458.0,,0.0,Neutral,0.0,Neutral
2015-04-07,450.0,,0.0,Neutral,0.0,Neutral
2015-04-06,450.0,,0.0,Neutral,0.0,Neutral
2015-04-05,455.0,,0.0,Neutral,0.0,Neutral
2015-04-02,465.0,,0.0,Neutral,0.0,Neutral
2015-04-01,464.0,,0.0,Neutral,0.0,Neutral
2015-03-31,461.0,,0.0,Neutral,0.0,Neutral
2015-03-30,459.0,,0.0,Neutral,0.0,Neutral
2015-03-29,469.0,,0.0,Neutral,0.0,Neutral
2015-03-26,476.0,,0.0,Neutral,0.0,Neutral
2015-03-25,470.0,,0.0,Neutral,0.0,Neutral
2015-03-24,467.0,,0.0,Neutral,0.0,Neutral
2015-03-23,469.0,,0.0,Neutral,0.0,Neutral
2015-03-22,467.0,,0.0,Neutral,0.0,Neutral
2015-03-19,480.0,,0.0,Neutral,0.0,Neutral
2015-03-18,472.0,,0.0,Neutral,0.0,Neutral
2015-03-17,471.0,,0.0,Neutral,0.0,Neutral
2015-03-16,471.0,,0.0,Neutral,0.0,Neutral
2015-03-15,475.0,,0.0,Neutral,0.0,Neutral
2015-03-12,475.0,,0.0,Neutral,0.0,Neutral
2015-03-11,477.0,,0.0,Neutral,0.0,Neutral
2015-03-10,481.0,,0.0,Neutral,0.0,Neutral
2015-03-09,497.0,,0.0,Neutral,0.0,Neutral
2015-03-04,478.0,,0.0,Neutral,0.0,Neutral
2015-03-03,483.0,,0.0,Neutral,0.0,Neutral
2015-03-02,480.0,,0.0,Neutral,0.0,Neutral
2015-03-01,480.0,,0.0,Neutral,0.0,Neutral
2015-02-26,475.0,,0.0,Neutral,0.0,Neutral
2015-02-25,470.0,,0.0,Neutral,0.0,Neutral
2015-02-24,465.0,,0.0,Neutral,0.0,Neutral
2015-02-23,464.0,,0.0,Neutral,0.0,Neutral
2015-02-22,464.0,,0.0,Neutral,0.0,Neutral
2015-02-18,474.0,,0.0,Neutral,0.0,Neutral
2015-02-16,479.0,,0.0,Neutral,0.0,Neutral
2015-02-15,477.0,,0.0,Neutral,0.0,Neutral
2015-02-12,482.0,,0.0,Neutral,0.0,Neutral
2015-02-11,476.0,,0.0,Neutral,0.0,Neutral
2015-02-10,475.0,,0.0,Neutral,0.0,Neutral
2015-02-09,479.0,,0.0,Neutral,0.0,Neutral
2015-02-08,475.0,,0.0,Neutral,0.0,Neutral
2015-02-05,473.0,,0.0,Neutral,0.0,Neutral
2015-02-04,480.0,,0.0,Neutral,0.0,Neutral
2015-02-03,483.0,,0.0,Neutral,0.0,Neutral
2015-02-02,487.0,,0.0,Neutral,0.0,Neutral
2015-02-01,493.0,,0.0,Neutral,0.0,Neutral
2015-01-29,500.0,,0.0,Neutral,0.0,Neutral
2015-01-28,509.0,,0.0,Neutral,0.0,Neutral
2015-01-27,503.0,,0.0,Neutral,0.0,Neutral
2015-01-26,481.0,,0.0,Neutral,0.0,Neutral
2015-01-25,475.0,,0.0,Neutral,0.0,Neutral
2015-01-22,473.0,,0.0,Neutral,0.0,Neutral
2015-01-20,478.0,,0.0,Neutral,0.0,Neutral
2015-01-19,487.0,2015-01-19,-0.893301248550415,Strongly Negative,-0.893301248550415,Strongly Negative
2015-01-18,475.0,,0.0,Neutral,-0.4466506242752075,Negative
2015-01-14,484.0,,0.0,Neutral,-0.22332531213760376,Negative
2015-01-13,475.0,,0.0,Neutral,0.0,Neutral
2015-01-12,473.0,,0.0,Neutral,0.0,Neutral
2015-01-11,484.0,,0.0,Neutral,0.0,Neutral
2015-01-08,473.0,,0.0,Neutral,0.0,Neutral
2015-01-07,476.0,,0.0,Neutral,0.0,Neutral
2015-01-06,475.0,,0.0,Neutral,0.0,Neutral
2015-01-05,487.0,,0.0,Neutral,0.0,Neutral
2015-01-04,478.0,2015-01-04,0.9143463969230652,Strongly Positive,0.9143463969230652,Strongly Positive
2015-01-01,479.0,,0.0,Neutral,0.4571731984615326,Positive
2014-12-31,476.0,,0.0,Neutral,0.2285865992307663,Positive
2014-12-29,475.0,,0.0,Neutral,0.0,Neutral
2014-12-28,484.0,,0.0,Neutral,0.0,Neutral
2014-12-24,470.0,,0.0,Neutral,0.0,Neutral
2014-12-23,467.0,,0.0,Neutral,0.0,Neutral
2014-12-22,473.0,,0.0,Neutral,0.0,Neutral
2014-12-21,464.0,,0.0,Neutral,0.0,Neutral
2014-12-18,480.0,,0.0,Neutral,0.0,Neutral
2014-12-17,485.0,,0.0,Neutral,0.0,Neutral
2014-12-16,492.0,,0.0,Neutral,0.0,Neutral
2014-12-15,497.0,,0.0,Neutral,0.0,Neutral
2014-12-14,490.0,,0.0,Neutral,0.0,Neutral
2014-12-11,469.0,,0.0,Neutral,0.0,Neutral
2014-12-10,470.0,,0.0,Neutral,0.0,Neutral
2014-12-09,446.0,,0.0,Neutral,0.0,Neutral
2014-12-08,448.0,,0.0,Neutral,0.0,Neutral
2014-12-07,452.0,,0.0,Neutral,0.0,Neutral
2014-12-04,464.0,,0.0,Neutral,0.0,Neutral
2014-12-03,455.0,,0.0,Neutral,0.0,Neutral
2014-12-02,453.0,,0.0,Neutral,0.0,Neutral
2014-12-01,443.0,,0.0,Neutral,0.0,Neutral
2014-11-30,445.0,,0.0,Neutral,0.0,Neutral
2014-11-25,457.0,,0.0,Neutral,0.0,Neutral
2014-11-24,465.0,,0.0,Neutral,0.0,Neutral
2014-11-23,480.0,,0.0,Neutral,0.0,Neutral
2014-11-20,457.0,,0.0,Neutral,0.0,Neutral
2014-11-19,457.0,,0.0,Neutral,0.0,Neutral
2014-11-18,448.0,,0.0,Neutral,0.0,Neutral
2014-11-17,430.0,2014-11-17,0.198180817067623,Slightly Positive,0.198180817067623,Slightly Positive
2014-11-16,455.0,,0.0,Neutral,0.0990904085338115,Slightly Positive
2014-11-13,463.0,,0.0,Neutral,0.04954520426690575,Neutral
2014-11-12,470.0,,0.0,Neutral,0.0,Neutral
2014-11-11,470.0,,0.0,Neutral,0.0,Neutral
2014-11-10,469.0,,0.0,Neutral,0.0,Neutral
2014-11-09,470.0,,0.0,Neutral,0.0,Neutral
2014-11-06,486.0,,0.0,Neutral,0.0,Neutral
2014-11-05,490.0,,0.0,Neutral,0.0,Neutral
2014-11-04,480.0,,0.0,Neutral,0.0,Neutral
2014-11-03,478.0,,0.0,Neutral,0.0,Neutral
2014-11-02,487.0,,0.0,Neutral,0.0,Neutral
2014-10-30,496.0,,0.0,Neutral,0.0,Neutral
2014-10-28,503.0,,0.0,Neutral,0.0,Neutral
2014-10-27,508.0,2014-10-27,-0.8635430335998535,Strongly Negative,-0.8635430335998535,Strongly Negative
2014-10-26,501.0,,0.0,Neutral,-0.43177151679992676,Negative
2014-10-22,505.0,,0.0,Neutral,-0.21588575839996338,Negative
2014-10-21,506.0,,0.0,Neutral,0.0,Neutral
2014-10-20,512.0,,0.0,Neutral,0.0,Neutral
2014-10-19,524.0,,0.0,Neutral,0.0,Neutral
2014-10-16,512.0,,0.0,Neutral,0.0,Neutral
2014-10-15,508.0,,0.0,Neutral,0.0,Neutral
2014-10-14,500.0,,0.0,Neutral,0.0,Neutral
2014-10-13,496.0,,0.0,Neutral,0.0,Neutral
2014-10-12,499.0,,0.0,Neutral,0.0,Neutral
2014-10-09,515.0,,0.0,Neutral,0.0,Neutral
2014-10-08,520.0,,0.0,Neutral,0.0,Neutral
2014-09-30,522.0,,0.0,Neutral,0.0,Neutral
2014-09-29,549.0,,0.0,Neutral,0.0,Neutral
2014-09-28,533.0,,0.0,Neutral,0.0,Neutral
2014-09-24,533.0,,0.0,Neutral,0.0,Neutral
2014-09-23,509.0,,0.0,Neutral,0.0,Neutral
2014-09-22,463.0,,0.0,Neutral,0.0,Neutral
2014-09-21,473.0,,0.0,Neutral,0.0,Neutral
2014-09-18,500.0,,0.0,Neutral,0.0,Neutral
2014-09-17,491.0,,0.0,Neutral,0.0,Neutral
2014-09-16,500.0,,0.0,Neutral,0.0,Neutral
2014-09-15,495.0,,0.0,Neutral,0.0,Neutral
2014-09-14,501.0,,0.0,Neutral,0.0,Neutral
2014-09-11,510.0,2014-09-11,-0.7906786203384399,Strongly Negative,-0.7906786203384399,Strongly Negative
2014-09-10,515.0,,0.0,Neutral,-0.39533931016921997,Negative
2014-09-09,510.0,,0.0,Neutral,-0.19766965508460999,Slightly Negative
2014-09-07,477.0,,0.0,Neutral,0.0,Neutral
2014-09-04,516.0,,0.0,Neutral,0.0,Neutral
2014-09-03,534.0,,0.0,Neutral,0.0,Neutral
2014-09-01,540.0,,0.0,Neutral,0.0,Neutral
2014-08-31,544.0,,0.0,Neutral,0.0,Neutral
2014-08-28,555.0,,0.0,Neutral,0.0,Neutral
2014-08-27,559.0,,0.0,Neutral,0.0,Neutral
2014-08-26,532.0,,0.0,Neutral,0.0,Neutral
2014-08-25,559.0,,0.0,Neutral,0.0,Neutral
2014-08-24,600.0,,0.0,Neutral,0.0,Neutral
2014-08-21,600.0,,0.0,Neutral,0.0,Neutral
2014-08-20,605.0,,0.0,Neutral,0.0,Neutral
2014-08-19,610.0,,0.0,Neutral,0.0,Neutral
2014-08-18,612.0,,0.0,Neutral,0.0,Neutral
2014-08-14,657.0,,0.0,Neutral,0.0,Neutral
2014-08-13,660.0,,0.0,Neutral,0.0,Neutral
2014-08-12,645.0,,0.0,Neutral,0.0,Neutral
2014-08-07,655.0,,0.0,Neutral,0.0,Neutral
2014-08-06,650.0,,0.0,Neutral,0.0,Neutral
2014-08-05,657.0,,0.0,Neutral,0.0,Neutral
2014-08-04,650.0,,0.0,Neutral,0.0,Neutral
2014-08-03,659.0,,0.0,Neutral,0.0,Neutral
2014-07-31,671.0,,0.0,Neutral,0.0,Neutral
2014-07-30,680.0,,0.0,Neutral,0.0,Neutral
2014-07-28,695.0,,0.0,Neutral,0.0,Neutral
2014-07-27,699.0,,0.0,Neutral,0.0,Neutral
2014-07-24,703.0,2014-07-24,-0.9164826273918152,Strongly Negative,-0.9164826273918152,Strongly Negative
2014-07-23,710.0,2014-07-23,-0.9311224818229676,Strongly Negative,-1.3893637955188751,Strongly Negative
2014-07-22,715.0,,0.0,Neutral,-0.6946818977594376,Strongly Negative
2014-07-21,740.0,,0.0,Neutral,-0.2327806204557419,Negative
2014-07-20,726.0,,0.0,Neutral,0.0,Neutral
2014-07-17,729.0,,0.0,Neutral,0.0,Neutral
2014-07-16,756.0,,0.0,Neutral,0.0,Neutral
2014-07-15,690.0,,0.0,Neutral,0.0,Neutral
2014-07-14,690.0,,0.0,Neutral,0.0,Neutral
2014-07-13,698.0,,0.0,Neutral,0.0,Neutral
2014-07-10,677.0,,0.0,Neutral,0.0,Neutral
2014-07-09,660.0,,0.0,Neutral,0.0,Neutral
2014-07-08,628.0,,0.0,Neutral,0.0,Neutral
2014-07-07,571.0,,0.0,Neutral,0.0,Neutral
2014-07-06,550.0,,0.0,Neutral,0.0,Neutral
2014-07-03,540.0,,0.0,Neutral,0.0,Neutral
2014-07-02,526.0,,0.0,Neutral,0.0,Neutral
2014-07-01,530.0,,0.0,Neutral,0.0,Neutral
2014-06-30,535.0,,0.0,Neutral,0.0,Neutral
2014-06-29,535.0,,0.0,Neutral,0.0,Neutral
2014-06-26,490.0,,0.0,Neutral,0.0,Neutral
2014-06-25,490.0,,0.0,Neutral,0.0,Neutral
2014-06-24,486.0,,0.0,Neutral,0.0,Neutral
2014-06-23,492.0,2014-06-23,0.8464714288711548,Strongly Positive,0.8464714288711548,Strongly Positive
2014-06-19,497.0,,0.0,Neutral,0.4232357144355774,Positive
2014-06-18,500.0,,0.0,Neutral,0.2116178572177887,Positive
2014-06-17,504.0,,0.0,Neutral,0.0,Neutral
2014-06-16,504.0,,0.0,Neutral,0.0,Neutral
2014-06-15,498.0,,0.0,Neutral,0.0,Neutral
2014-06-12,456.0,,0.0,Neutral,0.0,Neutral
2014-06-11,459.0,2014-06-11,0.2576161623001098,Positive,0.2576161623001098,Positive
2014-06-10,451.0,,0.0,Neutral,0.1288080811500549,Slightly Positive
2014-06-09,442.0,,0.0,Neutral,0.06440404057502745,Slightly Positive
2014-06-08,445.0,,0.0,Neutral,0.0,Neutral
2014-06-05,451.0,,0.0,Neutral,0.0,Neutral
2014-06-04,450.0,,0.0,Neutral,0.0,Neutral
2014-06-03,465.0,,0.0,Neutral,0.0,Neutral
2014-06-02,460.0,,0.0,Neutral,0.0,Neutral
2014-06-01,449.0,,0.0,Neutral,0.0,Neutral
2014-05-28,455.0,,0.0,Neutral,0.0,Neutral
2014-05-27,442.0,,0.0,Neutral,0.0,Neutral
2014-05-26,439.0,,0.0,Neutral,0.0,Neutral
2014-05-25,440.0,,0.0,Neutral,0.0,Neutral
2014-05-22,441.0,2014-05-22,0.4946221709251404,Positive,0.4946221709251404,Positive
2014-05-21,439.0,,0.0,Neutral,0.2473110854625702,Positive
2014-05-20,440.0,2014-05-20,0.872773289680481,Strongly Positive,0.996428832411766,Strongly Positive
2014-05-19,441.0,,0.0,Neutral,0.4363866448402405,Positive
2014-05-18,438.0,,0.0,Neutral,0.21819332242012024,Positive
2014-05-15,450.0,,0.0,Neutral,0.0,Neutral
2014-05-13,452.0,,0.0,Neutral,0.0,Neutral
2014-05-12,447.0,,0.0,Neutral,0.0,Neutral
2014-05-11,451.0,,0.0,Neutral,0.0,Neutral
2014-05-08,462.0,,0.0,Neutral,0.0,Neutral
2014-05-07,465.0,,0.0,Neutral,0.0,Neutral
2014-05-06,480.0,,0.0,Neutral,0.0,Neutral
2014-05-04,485.0,,0.0,Neutral,0.0,Neutral
2014-04-30,484.0,,0.0,Neutral,0.0,Neutral
2014-04-29,465.0,,0.0,Neutral,0.0,Neutral
2014-04-28,482.0,,0.0,Neutral,0.0,Neutral
2014-04-27,486.0,,0.0,Neutral,0.0,Neutral
2014-04-23,480.0,,0.0,Neutral,0.0,Neutral
2014-04-22,484.0,,0.0,Neutral,0.0,Neutral
2014-04-21,467.0,,0.0,Neutral,0.0,Neutral
2014-04-20,470.0,2014-04-20,-0.8709391951560974,Strongly Negative,-0.8709391951560974,Strongly Negative
2014-04-17,476.0,,0.0,Neutral,-0.4354695975780487,Negative
2014-04-16,478.0,,0.0,Neutral,-0.21773479878902435,Negative
2014-04-15,477.0,,0.0,Neutral,0.0,Neutral
2014-04-13,485.0,,0.0,Neutral,0.0,Neutral
2014-04-10,480.0,,0.0,Neutral,0.0,Neutral
2014-04-09,479.0,,0.0,Neutral,0.0,Neutral
2014-04-07,480.0,,0.0,Neutral,0.0,Neutral
2014-04-06,481.0,,0.0,Neutral,0.0,Neutral
2014-04-03,484.0,,0.0,Neutral,0.0,Neutral
2014-04-02,489.0,,0.0,Neutral,0.0,Neutral
2014-04-01,494.0,,0.0,Neutral,0.0,Neutral
2014-03-31,490.0,,0.0,Neutral,0.0,Neutral
2014-03-27,499.0,,0.0,Neutral,0.0,Neutral
2014-03-26,528.0,,0.0,Neutral,0.0,Neutral
2014-03-25,490.0,,0.0,Neutral,0.0,Neutral
2014-03-24,507.0,,0.0,Neutral,0.0,Neutral
2014-03-23,483.0,,0.0,Neutral,0.0,Neutral
2014-03-20,466.0,,0.0,Neutral,0.0,Neutral
2014-03-19,480.0,,0.0,Neutral,0.0,Neutral
2014-03-18,455.0,,0.0,Neutral,0.0,Neutral
2014-03-17,460.0,,0.0,Neutral,0.0,Neutral
2014-03-13,470.0,,0.0,Neutral,0.0,Neutral
2014-03-13,470.0,,0.0,Neutral,0.0,Neutral
2014-03-12,468.0,,0.0,Neutral,0.0,Neutral
2014-03-11,466.0,,0.0,Neutral,0.0,Neutral
2014-03-10,480.0,,0.0,Neutral,0.0,Neutral
2014-03-09,477.0,,0.0,Neutral,0.0,Neutral
2014-03-06,485.0,,0.0,Neutral,0.0,Neutral
2014-03-05,491.0,,0.0,Neutral,0.0,Neutral
2014-03-04,490.0,,0.0,Neutral,0.0,Neutral
2014-03-03,500.0,,0.0,Neutral,0.0,Neutral
2014-02-26,507.0,,0.0,Neutral,0.0,Neutral
2014-02-25,510.0,,0.0,Neutral,0.0,Neutral
2014-02-24,510.0,,0.0,Neutral,0.0,Neutral
2014-02-23,510.0,,0.0,Neutral,0.0,Neutral
2014-02-20,506.0,,0.0,Neutral,0.0,Neutral
2014-02-18,500.0,,0.0,Neutral,0.0,Neutral
2014-02-17,497.0,,0.0,Neutral,0.0,Neutral
2014-02-16,500.0,,0.0,Neutral,0.0,Neutral
2014-02-13,509.0,,0.0,Neutral,0.0,Neutral
2014-02-12,515.0,,0.0,Neutral,0.0,Neutral
2014-02-11,518.0,,0.0,Neutral,0.0,Neutral
2014-02-10,520.0,,0.0,Neutral,0.0,Neutral
2014-02-09,500.0,,0.0,Neutral,0.0,Neutral
2014-02-06,497.0,,0.0,Neutral,0.0,Neutral
2014-02-04,499.0,,0.0,Neutral,0.0,Neutral
2014-02-03,499.0,,0.0,Neutral,0.0,Neutral
2014-02-02,490.0,,0.0,Neutral,0.0,Neutral
2014-01-29,503.0,,0.0,Neutral,0.0,Neutral
2014-01-28,499.0,,0.0,Neutral,0.0,Neutral
2014-01-27,490.0,,0.0,Neutral,0.0,Neutral
2014-01-26,503.0,,0.0,Neutral,0.0,Neutral
2014-01-23,480.0,,0.0,Neutral,0.0,Neutral
2014-01-22,478.0,,0.0,Neutral,0.0,Neutral
2014-01-21,488.0,2014-01-21,-0.0663483887910842,Slightly Negative,-0.0663483887910842,Slightly Negative
2014-01-20,500.0,,0.0,Neutral,-0.0331741943955421,Neutral
2014-01-19,495.0,,0.0,Neutral,-0.01658709719777105,Neutral
2014-01-16,490.0,,0.0,Neutral,0.0,Neutral
2014-01-14,501.0,,0.0,Neutral,0.0,Neutral
2014-01-13,494.0,,0.0,Neutral,0.0,Neutral
2014-01-12,486.0,,0.0,Neutral,0.0,Neutral
2014-01-09,484.0,,0.0,Neutral,0.0,Neutral
2014-01-08,491.0,,0.0,Neutral,0.0,Neutral
2014-01-07,473.0,,0.0,Neutral,0.0,Neutral
2014-01-06,470.0,,0.0,Neutral,0.0,Neutral
2014-01-05,468.0,,0.0,Neutral,0.0,Neutral
2014-01-02,462.0,,0.0,Neutral,0.0,Neutral
2014-01-01,439.0,,0.0,Neutral,0.0,Neutral
2013-12-31,460.0,2013-12-31,0.9305623173713684,Strongly Positive,0.9305623173713684,Strongly Positive
2013-12-29,465.0,,0.0,Neutral,0.4652811586856842,Positive
2013-12-26,471.0,,0.0,Neutral,0.2326405793428421,Positive
2013-12-24,469.0,,0.0,Neutral,0.0,Neutral
2013-12-23,469.0,,0.0,Neutral,0.0,Neutral
2013-12-22,480.0,,0.0,Neutral,0.0,Neutral
2013-12-19,493.0,,0.0,Neutral,0.0,Neutral
2013-12-18,485.0,,0.0,Neutral,0.0,Neutral
2013-12-16,490.0,,0.0,Neutral,0.0,Neutral
2013-12-15,446.0,,0.0,Neutral,0.0,Neutral
2013-12-12,406.0,,0.0,Neutral,0.0,Neutral
2013-12-11,410.0,,0.0,Neutral,0.0,Neutral
2013-12-10,400.0,,0.0,Neutral,0.0,Neutral
2013-12-09,396.0,,0.0,Neutral,0.0,Neutral
2013-12-08,395.0,,0.0,Neutral,0.0,Neutral
2013-12-05,400.0,,0.0,Neutral,0.0,Neutral
2013-12-04,402.0,,0.0,Neutral,0.0,Neutral
2013-12-03,400.0,,0.0,Neutral,0.0,Neutral
2013-12-02,405.0,,0.0,Neutral,0.0,Neutral
2013-12-01,376.0,,0.0,Neutral,0.0,Neutral
2013-11-28,342.0,,0.0,Neutral,0.0,Neutral
2013-11-27,340.0,,0.0,Neutral,0.0,Neutral
2013-11-26,321.0,,0.0,Neutral,0.0,Neutral
2013-11-25,314.0,,0.0,Neutral,0.0,Neutral
2013-11-24,324.0,,0.0,Neutral,0.0,Neutral
2013-11-21,306.0,,0.0,Neutral,0.0,Neutral
2013-11-14,290.0,,0.0,Neutral,0.0,Neutral
2013-11-13,285.0,,0.0,Neutral,0.0,Neutral
2013-11-12,282.0,,0.0,Neutral,0.0,Neutral
2013-11-11,270.0,,0.0,Neutral,0.0,Neutral
2013-11-07,270.0,2013-11-07,0.8954075574874878,Strongly Positive,0.8954075574874878,Strongly Positive
2013-11-06,270.0,,0.0,Neutral,0.4477037787437439,Positive
2013-10-31,271.0,,0.0,Neutral,0.22385188937187195,Positive
2013-10-30,270.0,,0.0,Neutral,0.0,Neutral
2013-10-29,268.0,,0.0,Neutral,0.0,Neutral
2013-10-28,266.0,,0.0,Neutral,0.0,Neutral
2013-10-27,270.0,,0.0,Neutral,0.0,Neutral
2013-10-24,271.0,,0.0,Neutral,0.0,Neutral
2013-10-23,279.0,,0.0,Neutral,0.0,Neutral
2013-10-22,280.0,,0.0,Neutral,0.0,Neutral
2013-10-21,281.0,2013-10-21,0.8953396379947662,Strongly Positive,0.8953396379947662,Strongly Positive
2013-10-20,288.0,,0.0,Neutral,0.4476698189973831,Positive
2013-10-17,281.0,,0.0,Neutral,0.22383490949869156,Positive
2013-10-10,287.0,,0.0,Neutral,0.0,Neutral
2013-10-09,274.0,2013-10-09,0.9173533916473388,Strongly Positive,0.9173533916473388,Strongly Positive
2013-10-07,268.0,,0.0,Neutral,0.4586766958236694,Positive
2013-10-06,268.0,,0.0,Neutral,0.2293383479118347,Positive
2013-10-03,261.0,,0.0,Neutral,0.0,Neutral
2013-10-02,265.0,,0.0,Neutral,0.0,Neutral
2013-10-01,257.0,,0.0,Neutral,0.0,Neutral
2013-09-30,253.0,,0.0,Neutral,0.0,Neutral
2013-09-29,250.0,,0.0,Neutral,0.0,Neutral
2013-09-26,250.0,,0.0,Neutral,0.0,Neutral
2013-09-25,252.0,,0.0,Neutral,0.0,Neutral
2013-09-24,255.0,,0.0,Neutral,0.0,Neutral
2013-09-23,256.0,,0.0,Neutral,0.0,Neutral
2013-09-22,248.0,,0.0,Neutral,0.0,Neutral
2013-09-19,251.0,2013-09-19,0.9179192781448364,Strongly Positive,0.9179192781448364,Strongly Positive
2013-09-17,249.0,,0.0,Neutral,0.4589596390724182,Positive
2013-09-16,243.0,,0.0,Neutral,0.2294798195362091,Positive
2013-09-15,251.0,,0.0,Neutral,0.0,Neutral
2013-09-12,256.0,,0.0,Neutral,0.0,Neutral
2013-09-11,256.0,,0.0,Neutral,0.0,Neutral
2013-09-10,260.0,,0.0,Neutral,0.0,Neutral
2013-09-09,265.0,,0.0,Neutral,0.0,Neutral
2013-09-08,268.0,,0.0,Neutral,0.0,Neutral
2013-09-05,270.0,,0.0,Neutral,0.0,Neutral
2013-09-04,268.0,,0.0,Neutral,0.0,Neutral
2013-09-03,270.0,2013-09-03,0.819646954536438,Strongly Positive,0.819646954536438,Strongly Positive
2013-09-02,273.0,,0.0,Neutral,0.409823477268219,Positive
2013-09-01,273.0,,0.0,Neutral,0.2049117386341095,Positive
2013-08-29,270.0,,0.0,Neutral,0.0,Neutral
2013-08-27,269.0,,0.0,Neutral,0.0,Neutral
2013-08-26,265.0,,0.0,Neutral,0.0,Neutral
2013-08-25,275.0,,0.0,Neutral,0.0,Neutral
2013-08-20,290.0,,0.0,Neutral,0.0,Neutral
2013-08-19,295.0,,0.0,Neutral,0.0,Neutral
2013-08-18,289.0,,0.0,Neutral,0.0,Neutral
2013-08-15,274.0,,0.0,Neutral,0.0,Neutral
2013-08-14,265.0,,0.0,Neutral,0.0,Neutral
2013-08-13,255.0,,0.0,Neutral,0.0,Neutral
2013-08-12,258.0,,0.0,Neutral,0.0,Neutral
2013-08-11,258.0,,0.0,Neutral,0.0,Neutral
2013-08-08,256.0,,0.0,Neutral,0.0,Neutral
2013-08-07,250.0,,0.0,Neutral,0.0,Neutral
2013-08-06,240.0,,0.0,Neutral,0.0,Neutral
2013-08-05,244.0,,0.0,Neutral,0.0,Neutral
2013-08-04,235.0,,0.0,Neutral,0.0,Neutral
2013-08-01,233.0,,0.0,Neutral,0.0,Neutral
2013-07-31,227.0,,0.0,Neutral,0.0,Neutral
2013-07-30,222.0,,0.0,Neutral,0.0,Neutral
2013-07-29,220.0,,0.0,Neutral,0.0,Neutral
2013-07-28,219.0,,0.0,Neutral,0.0,Neutral
2013-07-25,220.0,2013-07-25,0.3480015099048614,Positive,0.3480015099048614,Positive
2013-07-24,220.0,,0.0,Neutral,0.1740007549524307,Slightly Positive
2013-07-23,220.0,,0.0,Neutral,0.08700037747621535,Slightly Positive
2013-07-22,219.0,,0.0,Neutral,0.0,Neutral
2013-07-21,220.0,2013-07-21,-0.0085532963275909,Neutral,-0.0085532963275909,Neutral
2013-07-18,215.0,,0.0,Neutral,-0.00427664816379545,Neutral
2013-07-17,218.0,,0.0,Neutral,-0.002138324081897725,Neutral
2013-07-16,212.0,,0.0,Neutral,0.0,Neutral
2013-07-15,212.0,,0.0,Neutral,0.0,Neutral
2013-07-14,213.0,,0.0,Neutral,0.0,Neutral
2013-07-11,211.0,,0.0,Neutral,0.0,Neutral
2013-07-10,215.0,,0.0,Neutral,0.0,Neutral
2013-07-09,216.0,,0.0,Neutral,0.0,Neutral
2013-07-08,213.0,,0.0,Neutral,0.0,Neutral
2013-07-07,212.0,,0.0,Neutral,0.0,Neutral
2013-07-04,216.0,,0.0,Neutral,0.0,Neutral
2013-07-03,217.0,,0.0,Neutral,0.0,Neutral
2013-07-02,214.0,,0.0,Neutral,0.0,Neutral
2013-07-01,204.0,,0.0,Neutral,0.0,Neutral
2013-06-30,204.0,,0.0,Neutral,0.0,Neutral
2013-06-27,204.0,,0.0,Neutral,0.0,Neutral
2013-06-26,210.0,,0.0,Neutral,0.0,Neutral
2013-06-25,212.0,,0.0,Neutral,0.0,Neutral
2013-06-24,204.0,2013-06-24,0.81441730260849,Strongly Positive,0.81441730260849,Strongly Positive
2013-06-23,202.0,,0.0,Neutral,0.407208651304245,Positive
2013-06-20,202.0,,0.0,Neutral,0.2036043256521225,Positive
2013-06-19,204.0,,0.0,Neutral,0.0,Neutral
2013-06-18,203.0,,0.0,Neutral,0.0,Neutral
2013-06-17,206.0,,0.0,Neutral,0.0,Neutral
2013-06-16,205.0,,0.0,Neutral,0.0,Neutral
2013-06-13,206.0,,0.0,Neutral,0.0,Neutral
2013-06-12,213.0,,0.0,Neutral,0.0,Neutral
2013-06-11,213.0,,0.0,Neutral,0.0,Neutral
2013-06-10,215.0,,0.0,Neutral,0.0,Neutral
2013-06-09,220.0,,0.0,Neutral,0.0,Neutral
2013-06-06,221.0,,0.0,Neutral,0.0,Neutral
2013-06-05,225.0,,0.0,Neutral,0.0,Neutral
2013-06-04,225.0,,0.0,Neutral,0.0,Neutral
2013-06-03,225.0,,0.0,Neutral,0.0,Neutral
2013-06-02,223.0,,0.0,Neutral,0.0,Neutral
2013-05-30,226.0,,0.0,Neutral,0.0,Neutral
2013-05-28,225.0,,0.0,Neutral,0.0,Neutral
2013-05-27,225.0,,0.0,Neutral,0.0,Neutral
2013-05-26,221.0,,0.0,Neutral,0.0,Neutral
2013-05-23,218.0,,0.0,Neutral,0.0,Neutral
2013-05-22,232.0,,0.0,Neutral,0.0,Neutral
2013-05-21,235.0,,0.0,Neutral,0.0,Neutral
2013-05-20,223.0,,0.0,Neutral,0.0,Neutral
2013-05-19,222.0,,0.0,Neutral,0.0,Neutral
2013-05-16,232.0,,0.0,Neutral,0.0,Neutral
2013-05-15,234.0,,0.0,Neutral,0.0,Neutral
2013-05-14,222.0,,0.0,Neutral,0.0,Neutral
2013-05-13,221.0,,0.0,Neutral,0.0,Neutral
2013-05-12,216.0,,0.0,Neutral,0.0,Neutral
2013-05-09,210.0,,0.0,Neutral,0.0,Neutral
2013-05-08,215.0,,0.0,Neutral,0.0,Neutral
2013-05-07,215.0,,0.0,Neutral,0.0,Neutral
2013-05-06,203.0,,0.0,Neutral,0.0,Neutral
2013-05-05,211.0,,0.0,Neutral,0.0,Neutral
2013-05-02,221.0,,0.0,Neutral,0.0,Neutral
2013-04-30,230.0,,0.0,Neutral,0.0,Neutral
2013-04-29,227.0,,0.0,Neutral,0.0,Neutral
2013-04-28,226.0,,0.0,Neutral,0.0,Neutral
2013-04-25,230.0,,0.0,Neutral,0.0,Neutral
2013-04-23,238.0,,0.0,Neutral,0.0,Neutral
2013-04-22,235.0,2013-04-22,-0.2091480791568756,Negative,-0.2091480791568756,Negative
2013-04-21,235.0,2013-04-21,0.8760323524475098,Strongly Positive,0.771458312869072,Strongly Positive
2013-04-18,240.0,,0.0,Neutral,0.385729156434536,Positive
2013-04-17,243.0,,0.0,Neutral,0.21900808811187744,Positive
2013-04-16,241.0,,0.0,Neutral,0.0,Neutral
2013-04-15,241.0,,0.0,Neutral,0.0,Neutral
2013-04-11,245.0,,0.0,Neutral,0.0,Neutral
2013-04-09,245.0,,0.0,Neutral,0.0,Neutral
2013-04-08,244.0,,0.0,Neutral,0.0,Neutral
2013-04-07,246.0,,0.0,Neutral,0.0,Neutral
2013-04-04,244.0,,0.0,Neutral,0.0,Neutral
2013-04-03,245.0,,0.0,Neutral,0.0,Neutral
2013-04-02,246.0,,0.0,Neutral,0.0,Neutral
2013-04-01,242.0,,0.0,Neutral,0.0,Neutral
2013-03-31,240.0,,0.0,Neutral,0.0,Neutral
2013-03-28,246.0,,0.0,Neutral,0.0,Neutral
2013-03-27,247.0,,0.0,Neutral,0.0,Neutral
2013-03-25,248.0,,0.0,Neutral,0.0,Neutral
2013-03-24,245.0,,0.0,Neutral,0.0,Neutral
2013-03-21,250.0,,0.0,Neutral,0.0,Neutral
2013-03-20,253.0,,0.0,Neutral,0.0,Neutral
2013-03-19,260.0,,0.0,Neutral,0.0,Neutral
2013-03-18,256.0,,0.0,Neutral,0.0,Neutral
2013-03-17,260.0,,0.0,Neutral,0.0,Neutral
2013-03-14,265.0,,0.0,Neutral,0.0,Neutral
2013-03-13,270.0,2013-03-13,0.6635726094245911,Strongly Positive,0.6635726094245911,Strongly Positive
2013-03-11,260.0,,0.0,Neutral,0.33178630471229553,Positive
2013-03-07,260.0,,0.0,Neutral,0.16589315235614777,Slightly Positive
2013-03-06,256.0,,0.0,Neutral,0.0,Neutral
2013-03-05,252.0,,0.0,Neutral,0.0,Neutral
2013-03-04,250.0,,0.0,Neutral,0.0,Neutral
2013-03-03,250.0,,0.0,Neutral,0.0,Neutral
2013-02-28,250.0,,0.0,Neutral,0.0,Neutral
2013-02-27,250.0,,0.0,Neutral,0.0,Neutral
2013-02-26,250.0,,0.0,Neutral,0.0,Neutral
2013-02-25,255.0,,0.0,Neutral,0.0,Neutral
2013-02-24,250.0,,0.0,Neutral,0.0,Neutral
2013-02-21,250.0,,0.0,Neutral,0.0,Neutral
2013-02-20,250.0,,0.0,Neutral,0.0,Neutral
2013-02-19,260.0,,0.0,Neutral,0.0,Neutral
2013-02-17,276.0,,0.0,Neutral,0.0,Neutral
2013-02-14,251.0,,0.0,Neutral,0.0,Neutral
2013-02-13,245.0,,0.0,Neutral,0.0,Neutral
2013-02-12,250.0,,0.0,Neutral,0.0,Neutral
2013-02-10,244.0,,0.0,Neutral,0.0,Neutral
2013-02-07,240.0,,0.0,Neutral,0.0,Neutral
2013-02-06,238.0,,0.0,Neutral,0.0,Neutral
2013-02-05,242.0,,0.0,Neutral,0.0,Neutral
2013-02-04,242.0,,0.0,Neutral,0.0,Neutral
2013-02-03,241.0,,0.0,Neutral,0.0,Neutral
2013-01-31,236.0,,0.0,Neutral,0.0,Neutral
2013-01-30,242.0,,0.0,Neutral,0.0,Neutral
2013-01-28,243.0,2013-01-28,0.8766284584999084,Strongly Positive,0.8766284584999084,Strongly Positive
2013-01-27,250.0,,0.0,Neutral,0.4383142292499542,Positive
2013-01-24,252.0,,0.0,Neutral,0.2191571146249771,Positive
2013-01-23,260.0,,0.0,Neutral,0.0,Neutral
2013-01-22,261.0,,0.0,Neutral,0.0,Neutral
2013-01-21,251.0,2013-01-21,-0.8027498722076416,Strongly Negative,-0.8027498722076416,Strongly Negative
2013-01-20,247.0,,0.0,Neutral,-0.4013749361038208,Negative
2013-01-17,254.0,,0.0,Neutral,-0.2006874680519104,Negative
2013-01-16,270.0,2013-01-16,0.4959243834018707,Positive,0.4959243834018707,Positive
2013-01-15,264.0,,0.0,Neutral,0.24796219170093536,Positive
2013-01-13,240.0,,0.0,Neutral,0.12398109585046768,Slightly Positive
2013-01-10,243.0,,0.0,Neutral,0.0,Neutral
2013-01-09,238.0,,0.0,Neutral,0.0,Neutral
2013-01-08,239.0,2013-01-08,0.4011178910732269,Positive,0.4011178910732269,Positive
2013-01-07,241.0,,0.0,Neutral,0.20055894553661344,Positive
2013-01-06,241.0,,0.0,Neutral,0.10027947276830672,Slightly Positive
2013-01-03,246.0,,0.0,Neutral,0.0,Neutral
2013-01-02,242.0,,0.0,Neutral,0.0,Neutral
2013-01-01,238.0,,0.0,Neutral,0.0,Neutral
2012-12-31,240.0,,0.0,Neutral,0.0,Neutral
2012-12-27,250.0,,0.0,Neutral,0.0,Neutral
2012-12-26,238.0,,0.0,Neutral,0.0,Neutral
2012-12-24,228.0,,0.0,Neutral,0.0,Neutral
2012-12-23,213.0,,0.0,Neutral,0.0,Neutral
2012-12-20,209.0,,0.0,Neutral,0.0,Neutral
2012-12-19,216.0,,0.0,Neutral,0.0,Neutral
2012-12-18,215.0,,0.0,Neutral,0.0,Neutral
2012-12-17,218.0,,0.0,Neutral,0.0,Neutral
2012-12-16,215.0,,0.0,Neutral,0.0,Neutral
2012-12-13,208.0,,0.0,Neutral,0.0,Neutral
2012-12-12,203.0,,0.0,Neutral,0.0,Neutral
2012-12-11,205.0,,0.0,Neutral,0.0,Neutral
2012-12-10,201.0,,0.0,Neutral,0.0,Neutral
2012-12-09,204.0,,0.0,Neutral,0.0,Neutral
2012-12-06,206.0,,0.0,Neutral,0.0,Neutral
2012-12-05,208.0,,0.0,Neutral,0.0,Neutral
2012-12-04,204.0,,0.0,Neutral,0.0,Neutral
2012-12-03,203.0,,0.0,Neutral,0.0,Neutral
2012-12-02,201.0,,0.0,Neutral,0.0,Neutral
2012-11-29,207.0,,0.0,Neutral,0.0,Neutral
2012-11-28,208.0,,0.0,Neutral,0.0,Neutral
2012-11-27,203.0,,0.0,Neutral,0.0,Neutral
2012-11-26,208.0,,0.0,Neutral,0.0,Neutral
2012-11-25,211.0,,0.0,Neutral,0.0,Neutral
2012-11-22,205.0,,0.0,Neutral,0.0,Neutral
2012-11-21,205.0,,0.0,Neutral,0.0,Neutral
2012-11-20,204.0,,0.0,Neutral,0.0,Neutral
2012-11-18,202.0,,0.0,Neutral,0.0,Neutral
2012-11-12,196.0,,0.0,Neutral,0.0,Neutral
2012-11-11,194.0,,0.0,Neutral,0.0,Neutral
2012-11-08,194.0,,0.0,Neutral,0.0,Neutral
2012-11-07,195.0,,0.0,Neutral,0.0,Neutral
2012-11-06,188.0,,0.0,Neutral,0.0,Neutral
2012-11-05,188.0,,0.0,Neutral,0.0,Neutral
2012-11-04,186.0,,0.0,Neutral,0.0,Neutral
2012-11-01,182.0,,0.0,Neutral,0.0,Neutral
2012-10-31,182.0,,0.0,Neutral,0.0,Neutral
2012-10-30,183.0,2012-10-30,0.8767701387405396,Strongly Positive,0.8767701387405396,Strongly Positive
2012-10-18,178.0,2012-10-18,0.8931323885917664,Strongly Positive,1.3315174579620361,Strongly Positive
2012-10-17,178.0,,0.0,Neutral,0.6657587289810181,Strongly Positive
2012-10-15,176.0,,0.0,Neutral,0.2232830971479416,Positive
2012-10-14,177.0,,0.0,Neutral,0.0,Neutral
2012-10-11,175.0,,0.0,Neutral,0.0,Neutral
2012-10-10,176.0,,0.0,Neutral,0.0,Neutral
2012-10-09,175.0,,0.0,Neutral,0.0,Neutral
2012-10-08,175.0,2012-10-08,0.9025632739067078,Strongly Positive,0.9025632739067078,Strongly Positive
2012-10-07,175.0,,0.0,Neutral,0.4512816369533539,Positive
2012-10-04,175.0,,0.0,Neutral,0.22564081847667694,Positive
2012-10-03,176.0,,0.0,Neutral,0.0,Neutral
2012-10-02,175.0,,0.0,Neutral,0.0,Neutral
2012-10-01,175.0,,0.0,Neutral,0.0,Neutral
2012-10-01,175.0,,0.0,Neutral,0.0,Neutral
2012-09-30,175.0,,0.0,Neutral,0.0,Neutral
2012-09-26,177.0,,0.0,Neutral,0.0,Neutral
2012-09-25,175.0,,0.0,Neutral,0.0,Neutral
2012-09-24,177.0,,0.0,Neutral,0.0,Neutral
2012-09-23,180.0,,0.0,Neutral,0.0,Neutral
2012-09-20,180.0,2012-09-20,0.8236021995544434,Strongly Positive,0.8236021995544434,Strongly Positive
2012-09-19,182.0,,0.0,Neutral,0.4118010997772217,Positive
2012-09-18,180.0,,0.0,Neutral,0.20590054988861084,Positive
2012-09-17,177.0,,0.0,Neutral,0.0,Neutral
2012-09-16,175.0,,0.0,Neutral,0.0,Neutral
2012-09-13,173.0,,0.0,Neutral,0.0,Neutral
2012-09-12,171.0,,0.0,Neutral,0.0,Neutral
2012-09-11,172.0,2012-09-11,0.9140388369560242,Strongly Positive,0.9140388369560242,Strongly Positive
2012-09-10,172.0,,0.0,Neutral,0.4570194184780121,Positive
2012-09-09,171.0,,0.0,Neutral,0.22850970923900604,Positive
2012-09-06,170.0,,0.0,Neutral,0.0,Neutral
2012-09-05,170.0,,0.0,Neutral,0.0,Neutral
2012-09-04,170.0,,0.0,Neutral,0.0,Neutral
2012-09-03,171.0,,0.0,Neutral,0.0,Neutral
2012-09-02,171.0,,0.0,Neutral,0.0,Neutral
2012-08-30,171.0,,0.0,Neutral,0.0,Neutral
2012-08-29,176.0,,0.0,Neutral,0.0,Neutral
2012-08-28,177.0,,0.0,Neutral,0.0,Neutral
2012-08-27,175.0,2012-08-27,0.879736602306366,Strongly Positive,0.879736602306366,Strongly Positive
2012-08-26,173.0,,0.0,Neutral,0.439868301153183,Positive
2012-08-23,165.0,,0.0,Neutral,0.2199341505765915,Positive
2012-08-22,165.0,,0.0,Neutral,0.0,Neutral
2012-08-21,166.0,,0.0,Neutral,0.0,Neutral
2012-08-19,173.0,,0.0,Neutral,0.0,Neutral
2012-08-16,170.0,,0.0,Neutral,0.0,Neutral
2012-08-15,163.0,,0.0,Neutral,0.0,Neutral
2012-08-14,166.0,,0.0,Neutral,0.0,Neutral
2012-08-13,168.0,,0.0,Neutral,0.0,Neutral
2012-08-12,171.0,,0.0,Neutral,0.0,Neutral
2012-08-08,179.0,2012-08-08,0.8763875365257263,Strongly Positive,0.8763875365257263,Strongly Positive
2012-08-07,176.0,,0.0,Neutral,0.43819376826286316,Positive
2012-08-06,181.0,,0.0,Neutral,0.21909688413143158,Positive
2012-08-05,181.0,,0.0,Neutral,0.0,Neutral
2012-08-01,180.0,,0.0,Neutral,0.0,Neutral
2012-07-31,176.0,,0.0,Neutral,0.0,Neutral
2012-07-30,171.0,,0.0,Neutral,0.0,Neutral
2012-07-29,166.0,,0.0,Neutral,0.0,Neutral
2012-07-26,177.0,,0.0,Neutral,0.0,Neutral
2012-07-25,184.0,,0.0,Neutral,0.0,Neutral
2012-07-24,190.0,,0.0,Neutral,0.0,Neutral
2012-07-23,190.0,,0.0,Neutral,0.0,Neutral
2012-07-22,192.0,,0.0,Neutral,0.0,Neutral
2012-07-19,198.0,,0.0,Neutral,0.0,Neutral
2012-07-18,186.0,,0.0,Neutral,0.0,Neutral
2012-07-17,171.0,,0.0,Neutral,0.0,Neutral
2012-07-16,162.0,,0.0,Neutral,0.0,Neutral
2012-07-15,156.0,,0.0,Neutral,0.0,Neutral
2012-07-12,151.0,,0.0,Neutral,0.0,Neutral
2012-07-11,152.0,,0.0,Neutral,0.0,Neutral
2012-07-10,150.0,,0.0,Neutral,0.0,Neutral
2012-07-09,148.0,,0.0,Neutral,0.0,Neutral
2012-07-08,144.0,,0.0,Neutral,0.0,Neutral
2012-07-05,145.0,,0.0,Neutral,0.0,Neutral
2012-07-04,146.0,,0.0,Neutral,0.0,Neutral
2012-07-03,141.0,,0.0,Neutral,0.0,Neutral
2012-07-02,141.0,,0.0,Neutral,0.0,Neutral
2012-07-01,142.0,,0.0,Neutral,0.0,Neutral
2012-06-28,140.0,,0.0,Neutral,0.0,Neutral
2012-06-27,140.0,,0.0,Neutral,0.0,Neutral
2012-06-26,136.0,,0.0,Neutral,0.0,Neutral
2012-06-25,140.0,,0.0,Neutral,0.0,Neutral
2012-06-21,136.0,,0.0,Neutral,0.0,Neutral
2012-06-20,134.0,,0.0,Neutral,0.0,Neutral
2012-06-19,132.0,,0.0,Neutral,0.0,Neutral
2012-06-18,133.0,,0.0,Neutral,0.0,Neutral
2012-06-17,134.0,,0.0,Neutral,0.0,Neutral
2012-06-14,136.0,,0.0,Neutral,0.0,Neutral
2012-06-13,141.0,,0.0,Neutral,0.0,Neutral
2012-06-12,140.0,,0.0,Neutral,0.0,Neutral
2012-06-11,140.0,,0.0,Neutral,0.0,Neutral
2012-06-10,138.0,,0.0,Neutral,0.0,Neutral
2012-06-07,131.0,,0.0,Neutral,0.0,Neutral
2012-06-06,126.0,,0.0,Neutral,0.0,Neutral
2012-06-05,133.0,,0.0,Neutral,0.0,Neutral
2012-06-04,133.0,,0.0,Neutral,0.0,Neutral
2012-06-03,140.0,,0.0,Neutral,0.0,Neutral
2012-05-31,128.0,,0.0,Neutral,0.0,Neutral
2012-05-30,121.0,,0.0,Neutral,0.0,Neutral
2012-05-29,134.0,,0.0,Neutral,0.0,Neutral
2012-05-27,148.0,,0.0,Neutral,0.0,Neutral
2012-05-24,143.0,,0.0,Neutral,0.0,Neutral
2012-05-23,133.0,,0.0,Neutral,0.0,Neutral
2012-05-22,143.0,,0.0,Neutral,0.0,Neutral
2012-05-21,139.0,,0.0,Neutral,0.0,Neutral
2012-05-20,139.0,,0.0,Neutral,0.0,Neutral
2012-05-17,141.0,,0.0,Neutral,0.0,Neutral
2012-05-16,139.0,,0.0,Neutral,0.0,Neutral
2012-05-15,137.0,,0.0,Neutral,0.0,Neutral
2012-05-14,125.0,,0.0,Neutral,0.0,Neutral
2012-05-13,132.0,,0.0,Neutral,0.0,Neutral
2012-05-10,139.0,,0.0,Neutral,0.0,Neutral
2012-05-09,142.0,,0.0,Neutral,0.0,Neutral
2012-05-08,142.0,,0.0,Neutral,0.0,Neutral
2012-05-07,134.0,,0.0,Neutral,0.0,Neutral
2012-05-03,132.0,,0.0,Neutral,0.0,Neutral
2012-05-02,128.0,,0.0,Neutral,0.0,Neutral
2012-04-30,140.0,,0.0,Neutral,0.0,Neutral
2012-04-29,150.0,,0.0,Neutral,0.0,Neutral
2012-04-26,148.0,2012-04-26,0.8792151808738708,Strongly Positive,0.8792151808738708,Strongly Positive
2012-04-25,135.0,,0.0,Neutral,0.4396075904369354,Positive
2012-04-24,129.0,,0.0,Neutral,0.2198037952184677,Positive
2012-04-22,123.0,,0.0,Neutral,0.0,Neutral
2012-04-19,122.0,,0.0,Neutral,0.0,Neutral
2012-04-18,124.0,,0.0,Neutral,0.0,Neutral
2012-04-17,130.0,,0.0,Neutral,0.0,Neutral
2012-04-16,135.0,,0.0,Neutral,0.0,Neutral
2012-04-15,123.0,,0.0,Neutral,0.0,Neutral
2012-04-12,114.0,,0.0,Neutral,0.0,Neutral
2012-04-11,107.0,,0.0,Neutral,0.0,Neutral
2012-04-10,106.0,,0.0,Neutral,0.0,Neutral
2012-04-09,106.0,,0.0,Neutral,0.0,Neutral
2012-04-08,106.0,,0.0,Neutral,0.0,Neutral
2012-04-05,106.0,,0.0,Neutral,0.0,Neutral
2012-04-04,105.0,,0.0,Neutral,0.0,Neutral
2012-04-03,106.0,,0.0,Neutral,0.0,Neutral
2012-04-02,105.0,,0.0,Neutral,0.0,Neutral
2012-04-01,106.0,,0.0,Neutral,0.0,Neutral
2012-03-29,105.0,,0.0,Neutral,0.0,Neutral
2012-03-28,106.0,,0.0,Neutral,0.0,Neutral
2012-03-27,103.0,,0.0,Neutral,0.0,Neutral
2012-03-26,107.0,,0.0,Neutral,0.0,Neutral
2012-03-25,106.0,,0.0,Neutral,0.0,Neutral
2012-03-21,104.0,,0.0,Neutral,0.0,Neutral
2012-03-20,101.0,,0.0,Neutral,0.0,Neutral
2012-03-19,102.0,,0.0,Neutral,0.0,Neutral
2012-03-18,103.0,,0.0,Neutral,0.0,Neutral
2012-03-15,103.0,,0.0,Neutral,0.0,Neutral
2012-03-14,103.0,,0.0,Neutral,0.0,Neutral
2012-03-13,104.0,,0.0,Neutral,0.0,Neutral
2012-03-12,106.0,,0.0,Neutral,0.0,Neutral
2012-03-11,106.0,,0.0,Neutral,0.0,Neutral
2012-03-06,105.0,,0.0,Neutral,0.0,Neutral
2012-03-05,107.0,,0.0,Neutral,0.0,Neutral
2012-03-04,109.0,,0.0,Neutral,0.0,Neutral
2012-03-01,108.0,,0.0,Neutral,0.0,Neutral
2012-02-29,108.0,,0.0,Neutral,0.0,Neutral
2012-02-28,109.0,,0.0,Neutral,0.0,Neutral
2012-02-27,108.0,,0.0,Neutral,0.0,Neutral
2012-02-26,107.0,,0.0,Neutral,0.0,Neutral
2012-02-23,109.0,,0.0,Neutral,0.0,Neutral
2012-02-21,109.0,,0.0,Neutral,0.0,Neutral
2012-02-16,108.0,,0.0,Neutral,0.0,Neutral
2012-02-15,111.0,,0.0,Neutral,0.0,Neutral
2012-02-14,109.0,,0.0,Neutral,0.0,Neutral
2012-02-13,108.0,,0.0,Neutral,0.0,Neutral
2012-02-12,109.0,,0.0,Neutral,0.0,Neutral
2012-02-09,109.0,,0.0,Neutral,0.0,Neutral
2012-02-08,110.0,,0.0,Neutral,0.0,Neutral
2012-02-07,110.0,,0.0,Neutral,0.0,Neutral
2012-02-06,111.0,,0.0,Neutral,0.0,Neutral
2012-02-05,110.0,,0.0,Neutral,0.0,Neutral
2012-02-02,111.0,,0.0,Neutral,0.0,Neutral
2012-02-01,111.0,,0.0,Neutral,0.0,Neutral
2012-01-31,110.0,,0.0,Neutral,0.0,Neutral
2012-01-29,112.0,,0.0,Neutral,0.0,Neutral
2012-01-26,112.0,,0.0,Neutral,0.0,Neutral
2012-01-25,114.0,,0.0,Neutral,0.0,Neutral
2012-01-23,112.0,,0.0,Neutral,0.0,Neutral
2012-01-22,117.0,,0.0,Neutral,0.0,Neutral
2012-01-19,117.0,,0.0,Neutral,0.0,Neutral
2012-01-18,118.0,,0.0,Neutral,0.0,Neutral
2012-01-17,113.0,,0.0,Neutral,0.0,Neutral
2012-01-16,111.0,,0.0,Neutral,0.0,Neutral
2012-01-12,112.0,,0.0,Neutral,0.0,Neutral
2012-01-11,112.0,,0.0,Neutral,0.0,Neutral
2012-01-10,112.0,,0.0,Neutral,0.0,Neutral
2012-01-09,111.0,,0.0,Neutral,0.0,Neutral
2012-01-08,114.0,,0.0,Neutral,0.0,Neutral
2012-01-05,113.0,,0.0,Neutral,0.0,Neutral
2012-01-04,114.0,,0.0,Neutral,0.0,Neutral
2012-01-03,115.0,,0.0,Neutral,0.0,Neutral
2012-01-02,118.0,,0.0,Neutral,0.0,Neutral
2012-01-01,114.0,,0.0,Neutral,0.0,Neutral
2011-12-29,115.0,,0.0,Neutral,0.0,Neutral
2011-12-28,113.0,,0.0,Neutral,0.0,Neutral
2011-12-27,114.0,,0.0,Neutral,0.0,Neutral
2011-12-26,113.0,,0.0,Neutral,0.0,Neutral
2011-12-22,116.0,,0.0,Neutral,0.0,Neutral
2011-12-21,116.0,,0.0,Neutral,0.0,Neutral
2011-12-20,113.0,,0.0,Neutral,0.0,Neutral
2011-12-19,113.0,,0.0,Neutral,0.0,Neutral
2011-12-18,114.0,,0.0,Neutral,0.0,Neutral
2011-12-15,114.0,,0.0,Neutral,0.0,Neutral
2011-12-14,114.0,,0.0,Neutral,0.0,Neutral
2011-12-13,114.0,,0.0,Neutral,0.0,Neutral
2011-12-12,115.0,,0.0,Neutral,0.0,Neutral
2011-12-11,115.0,,0.0,Neutral,0.0,Neutral
2011-12-08,117.0,,0.0,Neutral,0.0,Neutral
2011-12-07,114.0,,0.0,Neutral,0.0,Neutral
2011-12-06,119.0,,0.0,Neutral,0.0,Neutral
2011-12-05,121.0,,0.0,Neutral,0.0,Neutral
2011-11-29,156.0,,0.0,Neutral,0.0,Neutral
2011-11-29,156.0,,0.0,Neutral,0.0,Neutral
2011-11-29,156.0,,0.0,Neutral,0.0,Neutral
2011-11-28,118.0,,0.0,Neutral,0.0,Neutral
2011-11-27,119.0,,0.0,Neutral,0.0,Neutral
2011-11-24,117.0,,0.0,Neutral,0.0,Neutral
2011-11-23,117.0,,0.0,Neutral,0.0,Neutral
2011-11-22,117.0,,0.0,Neutral,0.0,Neutral
2011-11-21,118.0,,0.0,Neutral,0.0,Neutral
2011-11-20,118.0,,0.0,Neutral,0.0,Neutral
2011-11-17,118.0,,0.0,Neutral,0.0,Neutral
2011-11-16,120.0,,0.0,Neutral,0.0,Neutral
2011-11-15,119.0,,0.0,Neutral,0.0,Neutral
2011-11-14,122.0,,0.0,Neutral,0.0,Neutral
2011-11-13,120.0,,0.0,Neutral,0.0,Neutral
2011-11-10,119.0,,0.0,Neutral,0.0,Neutral
2011-11-09,118.0,,0.0,Neutral,0.0,Neutral
2011-11-08,119.0,,0.0,Neutral,0.0,Neutral
2011-11-06,120.0,,0.0,Neutral,0.0,Neutral
2011-11-03,133.0,,0.0,Neutral,0.0,Neutral
2011-11-02,129.0,,0.0,Neutral,0.0,Neutral
2011-10-31,119.0,2011-10-31,0.6547511518001556,Strongly Positive,0.6547511518001556,Strongly Positive
2011-10-30,120.0,,0.0,Neutral,0.3273755759000778,Positive
2011-10-25,119.0,,0.0,Neutral,0.1636877879500389,Slightly Positive
2011-10-24,116.0,,0.0,Neutral,0.0,Neutral
2011-10-23,115.0,2011-10-23,0.885678768157959,Strongly Positive,0.885678768157959,Strongly Positive
2011-10-20,116.0,,0.0,Neutral,0.4428393840789795,Positive
2011-10-19,117.0,,0.0,Neutral,0.22141969203948975,Positive
2011-10-18,116.0,,0.0,Neutral,0.0,Neutral
2011-10-17,117.0,,0.0,Neutral,0.0,Neutral
2011-10-16,117.0,,0.0,Neutral,0.0,Neutral
2011-10-13,118.0,,0.0,Neutral,0.0,Neutral
2011-10-12,118.0,,0.0,Neutral,0.0,Neutral
2011-10-10,120.0,,0.0,Neutral,0.0,Neutral
2011-10-02,117.0,,0.0,Neutral,0.0,Neutral
2011-09-29,118.0,,0.0,Neutral,0.0,Neutral
2011-09-27,118.0,2011-09-27,0.1179360896348953,Slightly Positive,0.1179360896348953,Slightly Positive
2011-09-26,120.0,,0.0,Neutral,0.05896804481744765,Slightly Positive
2011-09-25,120.0,,0.0,Neutral,0.029484022408723824,Neutral
2011-09-22,118.0,2011-09-22,0.9205016493797302,Strongly Positive,0.9205016493797302,Strongly Positive
2011-09-21,117.0,,0.0,Neutral,0.4602508246898651,Positive
2011-09-20,118.0,2011-09-20,0.915716290473938,Strongly Positive,1.1458417028188705,Strongly Positive
2011-09-19,117.0,,0.0,Neutral,0.457858145236969,Positive
2011-09-18,116.0,,0.0,Neutral,0.2289290726184845,Positive
2011-09-15,120.0,,0.0,Neutral,0.0,Neutral
2011-09-14,117.0,,0.0,Neutral,0.0,Neutral
2011-09-13,118.0,,0.0,Neutral,0.0,Neutral
2011-09-12,119.0,,0.0,Neutral,0.0,Neutral
2011-09-08,121.0,,0.0,Neutral,0.0,Neutral
2011-09-07,120.0,,0.0,Neutral,0.0,Neutral
2011-09-06,121.0,,0.0,Neutral,0.0,Neutral
2011-09-05,120.0,,0.0,Neutral,0.0,Neutral
2011-09-04,125.0,,0.0,Neutral,0.0,Neutral
2011-09-01,125.0,,0.0,Neutral,0.0,Neutral
2011-08-30,122.0,,0.0,Neutral,0.0,Neutral
2011-08-29,124.0,,0.0,Neutral,0.0,Neutral
2011-08-28,126.0,,0.0,Neutral,0.0,Neutral
2011-08-25,126.0,,0.0,Neutral,0.0,Neutral
2011-08-24,126.0,,0.0,Neutral,0.0,Neutral
2011-08-23,127.0,,0.0,Neutral,0.0,Neutral
2011-08-22,127.0,,0.0,Neutral,0.0,Neutral
2011-08-18,128.0,,0.0,Neutral,0.0,Neutral
2011-08-17,130.0,2011-08-17,0.8718088865280151,Strongly Positive,0.8718088865280151,Strongly Positive
2011-08-16,126.0,,0.0,Neutral,0.43590444326400757,Positive
2011-08-15,127.0,,0.0,Neutral,0.21795222163200378,Positive
2011-08-11,123.0,,0.0,Neutral,0.0,Neutral
2011-08-10,125.0,,0.0,Neutral,0.0,Neutral
2011-08-09,123.0,,0.0,Neutral,0.0,Neutral
2011-08-08,125.0,,0.0,Neutral,0.0,Neutral
2011-08-07,125.0,,0.0,Neutral,0.0,Neutral
2011-08-04,126.0,,0.0,Neutral,0.0,Neutral
2011-08-03,123.0,,0.0,Neutral,0.0,Neutral
2011-08-02,125.0,,0.0,Neutral,0.0,Neutral
2011-08-01,126.0,,0.0,Neutral,0.0,Neutral
2011-07-31,125.0,,0.0,Neutral,0.0,Neutral
2011-07-28,128.0,2011-07-28,0.9249092936515808,Strongly Positive,0.9249092936515808,Strongly Positive
2011-07-27,132.0,,0.0,Neutral,0.4624546468257904,Positive
2011-07-26,127.0,,0.0,Neutral,0.2312273234128952,Positive
2011-07-25,129.0,,0.0,Neutral,0.0,Neutral
2011-07-24,130.0,,0.0,Neutral,0.0,Neutral
2011-07-21,132.0,,0.0,Neutral,0.0,Neutral
2011-07-20,132.0,,0.0,Neutral,0.0,Neutral
2011-07-19,132.0,,0.0,Neutral,0.0,Neutral
2011-07-18,132.0,,0.0,Neutral,0.0,Neutral
2011-07-14,130.0,,0.0,Neutral,0.0,Neutral
2011-07-13,131.0,,0.0,Neutral,0.0,Neutral
2011-07-12,127.0,,0.0,Neutral,0.0,Neutral
2011-07-11,127.0,,0.0,Neutral,0.0,Neutral
2011-07-10,125.0,,0.0,Neutral,0.0,Neutral
2011-07-07,125.0,,0.0,Neutral,0.0,Neutral
2011-07-06,125.0,,0.0,Neutral,0.0,Neutral
2011-07-05,126.0,,0.0,Neutral,0.0,Neutral
2011-07-04,126.0,,0.0,Neutral,0.0,Neutral
2011-06-29,140.0,,0.0,Neutral,0.0,Neutral
2011-06-26,147.0,,0.0,Neutral,0.0,Neutral
2011-06-23,147.0,,0.0,Neutral,0.0,Neutral
2011-06-21,136.0,,0.0,Neutral,0.0,Neutral
2011-06-20,130.0,,0.0,Neutral,0.0,Neutral
2011-06-19,130.0,,0.0,Neutral,0.0,Neutral
2011-06-16,124.0,,0.0,Neutral,0.0,Neutral
2011-06-15,121.0,,0.0,Neutral,0.0,Neutral
2011-06-14,117.0,,0.0,Neutral,0.0,Neutral
2011-06-13,117.0,,0.0,Neutral,0.0,Neutral
2011-06-12,120.0,,0.0,Neutral,0.0,Neutral
2011-06-09,120.0,,0.0,Neutral,0.0,Neutral
2011-06-08,118.0,,0.0,Neutral,0.0,Neutral
2011-06-07,118.0,,0.0,Neutral,0.0,Neutral
2011-06-06,122.0,,0.0,Neutral,0.0,Neutral
2011-06-05,126.0,,0.0,Neutral,0.0,Neutral
2011-06-02,129.0,,0.0,Neutral,0.0,Neutral
2011-06-01,128.0,,0.0,Neutral,0.0,Neutral
2011-05-31,132.0,,0.0,Neutral,0.0,Neutral
2011-05-30,130.0,,0.0,Neutral,0.0,Neutral
2011-05-26,129.0,,0.0,Neutral,0.0,Neutral
2011-05-25,128.0,,0.0,Neutral,0.0,Neutral
2011-05-24,132.0,,0.0,Neutral,0.0,Neutral
2011-05-23,130.0,,0.0,Neutral,0.0,Neutral
2011-05-22,131.0,,0.0,Neutral,0.0,Neutral
2011-05-19,131.0,,0.0,Neutral,0.0,Neutral
2011-05-18,133.0,,0.0,Neutral,0.0,Neutral
2011-05-16,138.0,,0.0,Neutral,0.0,Neutral
2011-05-15,131.0,,0.0,Neutral,0.0,Neutral
2011-05-12,130.0,,0.0,Neutral,0.0,Neutral
2011-05-11,129.0,,0.0,Neutral,0.0,Neutral
2011-05-10,125.0,,0.0,Neutral,0.0,Neutral
2011-05-09,124.0,,0.0,Neutral,0.0,Neutral
2011-05-08,124.0,,0.0,Neutral,0.0,Neutral
2011-05-05,125.0,,0.0,Neutral,0.0,Neutral
2011-05-04,126.0,,0.0,Neutral,0.0,Neutral
2011-05-03,127.0,2011-05-03,0.9153393507003784,Strongly Positive,0.9153393507003784,Strongly Positive
2011-05-02,123.0,,0.0,Neutral,0.4576696753501892,Positive
2011-04-28,124.0,,0.0,Neutral,0.2288348376750946,Positive
2011-04-27,121.0,,0.0,Neutral,0.0,Neutral
2011-04-26,122.0,,0.0,Neutral,0.0,Neutral
2011-04-25,122.0,,0.0,Neutral,0.0,Neutral
2011-04-21,124.0,2011-04-21,-0.8625680208206177,Strongly Negative,-0.8625680208206177,Strongly Negative
2011-04-20,126.0,,0.0,Neutral,-0.43128401041030884,Negative
2011-04-19,126.0,,0.0,Neutral,-0.21564200520515442,Negative
2011-04-18,122.0,,0.0,Neutral,0.0,Neutral
2011-04-17,125.0,,0.0,Neutral,0.0,Neutral
2011-04-13,127.0,,0.0,Neutral,0.0,Neutral
2011-04-11,128.0,,0.0,Neutral,0.0,Neutral
2011-04-10,128.0,,0.0,Neutral,0.0,Neutral
2011-04-07,128.0,,0.0,Neutral,0.0,Neutral
2011-04-06,131.0,,0.0,Neutral,0.0,Neutral
2011-04-05,128.0,,0.0,Neutral,0.0,Neutral
2011-04-04,131.0,,0.0,Neutral,0.0,Neutral
2011-03-31,132.0,,0.0,Neutral,0.0,Neutral
2011-03-30,129.0,,0.0,Neutral,0.0,Neutral
2011-03-29,127.0,,0.0,Neutral,0.0,Neutral
2011-03-28,130.0,,0.0,Neutral,0.0,Neutral
2011-03-27,134.0,2011-03-27,0.878710150718689,Strongly Positive,0.878710150718689,Strongly Positive
2011-03-25,135.0,,0.0,Neutral,0.4393550753593445,Positive
2011-03-24,133.0,,0.0,Neutral,0.21967753767967224,Positive
2011-03-20,133.0,,0.0,Neutral,0.0,Neutral
2011-03-17,132.0,,0.0,Neutral,0.0,Neutral
2011-03-16,130.0,,0.0,Neutral,0.0,Neutral
2011-03-15,130.0,,0.0,Neutral,0.0,Neutral
2011-03-14,135.0,,0.0,Neutral,0.0,Neutral
2011-03-13,136.0,,0.0,Neutral,0.0,Neutral
2011-03-10,134.0,,0.0,Neutral,0.0,Neutral
2011-03-09,135.0,,0.0,Neutral,0.0,Neutral
2011-03-07,137.0,,0.0,Neutral,0.0,Neutral
2011-03-03,136.0,,0.0,Neutral,0.0,Neutral
2011-02-28,132.0,,0.0,Neutral,0.0,Neutral
2011-02-27,135.0,,0.0,Neutral,0.0,Neutral
2011-02-24,136.0,,0.0,Neutral,0.0,Neutral
2011-02-23,135.0,,0.0,Neutral,0.0,Neutral
2011-02-22,133.0,,0.0,Neutral,0.0,Neutral
2011-02-21,135.0,,0.0,Neutral,0.0,Neutral
2011-02-20,139.0,,0.0,Neutral,0.0,Neutral
2011-02-17,139.0,,0.0,Neutral,0.0,Neutral
2011-02-16,139.0,,0.0,Neutral,0.0,Neutral
2011-02-15,138.0,,0.0,Neutral,0.0,Neutral
2011-02-14,138.0,,0.0,Neutral,0.0,Neutral
2011-02-13,138.0,,0.0,Neutral,0.0,Neutral
2011-02-10,142.0,,0.0,Neutral,0.0,Neutral
2011-02-09,145.0,,0.0,Neutral,0.0,Neutral
2011-02-08,143.0,,0.0,Neutral,0.0,Neutral
2011-02-07,141.0,,0.0,Neutral,0.0,Neutral
2011-02-06,139.0,,0.0,Neutral,0.0,Neutral
2011-02-03,140.0,,0.0,Neutral,0.0,Neutral
2011-02-02,137.0,,0.0,Neutral,0.0,Neutral
2011-02-01,141.0,,0.0,Neutral,0.0,Neutral
2011-01-31,143.0,,0.0,Neutral,0.0,Neutral
2011-01-24,143.0,,0.0,Neutral,0.0,Neutral
2011-01-23,137.0,,0.0,Neutral,0.0,Neutral
2011-01-20,135.0,,0.0,Neutral,0.0,Neutral
2011-01-19,135.0,,0.0,Neutral,0.0,Neutral
2011-01-18,135.0,,0.0,Neutral,0.0,Neutral
2011-01-17,135.0,,0.0,Neutral,0.0,Neutral
2011-01-16,136.0,,0.0,Neutral,0.0,Neutral
2011-01-13,138.0,,0.0,Neutral,0.0,Neutral
2011-01-12,141.0,,0.0,Neutral,0.0,Neutral
2011-01-11,142.0,,0.0,Neutral,0.0,Neutral
2011-01-10,141.0,,0.0,Neutral,0.0,Neutral
2011-01-09,139.0,,0.0,Neutral,0.0,Neutral
2011-01-06,140.0,,0.0,Neutral,0.0,Neutral
2011-01-05,132.0,,0.0,Neutral,0.0,Neutral
2011-01-04,139.0,,0.0,Neutral,0.0,Neutral
2011-01-03,131.0,,0.0,Neutral,0.0,Neutral
2011-01-03,137.0,,0.0,Neutral,0.0,Neutral
2011-01-02,136.0,,0.0,Neutral,0.0,Neutral
2010-12-29,143.0,,0.0,Neutral,0.0,Neutral
2010-12-28,142.0,,0.0,Neutral,0.0,Neutral
2010-12-27,140.0,,0.0,Neutral,0.0,Neutral
2010-12-26,140.0,,0.0,Neutral,0.0,Neutral
2010-12-23,135.0,,0.0,Neutral,0.0,Neutral
2010-12-22,134.0,,0.0,Neutral,0.0,Neutral
2010-12-20,134.0,,0.0,Neutral,0.0,Neutral
2010-12-19,136.0,,0.0,Neutral,0.0,Neutral
2010-12-16,136.0,,0.0,Neutral,0.0,Neutral
2010-12-15,134.0,,0.0,Neutral,0.0,Neutral
2010-12-14,137.0,,0.0,Neutral,0.0,Neutral
2010-12-13,137.0,,0.0,Neutral,0.0,Neutral
2010-12-12,137.0,,0.0,Neutral,0.0,Neutral
2010-12-09,137.0,,0.0,Neutral,0.0,Neutral
2010-12-08,135.0,,0.0,Neutral,0.0,Neutral
2010-12-07,138.0,,0.0,Neutral,0.0,Neutral
2010-12-06,145.0,,0.0,Neutral,0.0,Neutral
2010-12-05,138.0,,0.0,Neutral,0.0,Neutral
2010-12-02,144.0,,0.0,Neutral,0.0,Neutral
2010-12-01,152.0,,0.0,Neutral,0.0,Neutral
2010-11-30,155.0,,0.0,Neutral,0.0,Neutral
2010-11-29,156.0,,0.0,Neutral,0.0,Neutral
2010-11-28,160.0,,0.0,Neutral,0.0,Neutral
2010-11-25,171.0,,0.0,Neutral,0.0,Neutral
2010-11-24,165.0,,0.0,Neutral,0.0,Neutral
2010-11-23,163.0,,0.0,Neutral,0.0,Neutral
2010-11-22,162.0,,0.0,Neutral,0.0,Neutral
2010-11-21,162.0,,0.0,Neutral,0.0,Neutral
2010-11-18,161.0,,0.0,Neutral,0.0,Neutral
2010-11-16,162.0,,0.0,Neutral,0.0,Neutral
2010-11-15,160.0,,0.0,Neutral,0.0,Neutral
2010-11-14,163.0,,0.0,Neutral,0.0,Neutral
2010-11-11,166.0,,0.0,Neutral,0.0,Neutral
2010-11-10,161.0,,0.0,Neutral,0.0,Neutral
2010-11-09,159.0,,0.0,Neutral,0.0,Neutral
2010-11-04,153.0,,0.0,Neutral,0.0,Neutral
2010-11-03,149.0,,0.0,Neutral,0.0,Neutral
2010-11-02,145.0,,0.0,Neutral,0.0,Neutral
2010-11-01,146.0,,0.0,Neutral,0.0,Neutral
2010-10-31,145.0,,0.0,Neutral,0.0,Neutral
2010-10-28,145.0,,0.0,Neutral,0.0,Neutral
2010-10-27,135.0,,0.0,Neutral,0.0,Neutral
2010-10-26,135.0,,0.0,Neutral,0.0,Neutral
2010-10-25,136.0,,0.0,Neutral,0.0,Neutral
2010-10-24,134.0,,0.0,Neutral,0.0,Neutral
2010-10-21,134.0,,0.0,Neutral,0.0,Neutral
2010-10-13,134.0,,0.0,Neutral,0.0,Neutral
2010-10-12,133.0,,0.0,Neutral,0.0,Neutral
2010-10-11,130.0,,0.0,Neutral,0.0,Neutral
2010-10-10,135.0,,0.0,Neutral,0.0,Neutral
2010-10-07,132.0,,0.0,Neutral,0.0,Neutral
2010-10-06,126.0,,0.0,Neutral,0.0,Neutral
2010-10-05,130.0,,0.0,Neutral,0.0,Neutral
2010-10-04,123.0,,0.0,Neutral,0.0,Neutral
2010-10-03,119.0,,0.0,Neutral,0.0,Neutral
2010-09-30,119.0,,0.0,Neutral,0.0,Neutral
2010-09-29,119.0,,0.0,Neutral,0.0,Neutral
2010-09-28,119.0,,0.0,Neutral,0.0,Neutral
2010-09-27,119.0,,0.0,Neutral,0.0,Neutral
2010-09-26,121.0,,0.0,Neutral,0.0,Neutral
2010-09-23,120.0,,0.0,Neutral,0.0,Neutral
2010-09-21,116.0,,0.0,Neutral,0.0,Neutral
2010-09-20,118.0,,0.0,Neutral,0.0,Neutral
2010-09-19,118.0,,0.0,Neutral,0.0,Neutral
2010-09-16,120.0,,0.0,Neutral,0.0,Neutral
2010-09-15,117.0,,0.0,Neutral,0.0,Neutral
2010-09-14,116.0,,0.0,Neutral,0.0,Neutral
2010-09-13,116.0,,0.0,Neutral,0.0,Neutral
2010-09-12,118.0,,0.0,Neutral,0.0,Neutral
2010-09-09,122.0,,0.0,Neutral,0.0,Neutral
2010-09-08,125.0,,0.0,Neutral,0.0,Neutral
2010-09-07,138.0,,0.0,Neutral,0.0,Neutral
2010-09-02,255.0,,0.0,Neutral,0.0,Neutral
2026-03-03,317.0,,0.0,Neutral,0.0,Neutral
2026-03-01,316.0,,0.0,Neutral,0.0,Neutral
2026-02-26,312.4,,0.0,Neutral,0.0,Neutral
2026-02-25,302.0,2026-02-25,0.8774493336677551,Strongly Positive,0.8774493336677551,Strongly Positive
2026-02-24,297.0,,0.0,Neutral,0.43872466683387756,Positive
2026-02-23,297.8,,0.0,Neutral,0.21936233341693878,Positive
2026-02-22,291.0,,0.0,Neutral,0.0,Neutral
2026-02-17,295.0,,0.0,Neutral,0.0,Neutral
2026-02-16,299.5,,0.0,Neutral,0.0,Neutral
2026-02-12,303.0,2026-02-12,-0.2644221298396587,Negative,-0.2644221298396587,Negative
2026-02-11,303.0,2026-02-11,-0.4408624172210693,Negative,-0.5730734821408986,Negative
2026-02-10,302.0,2026-02-10,-0.5762443542480469,Negative,-0.8627810953184962,Strongly Negative
2026-02-09,297.0,,0.0,Neutral,-0.39833778142929077,Negative
2026-02-08,301.9,,0.0,Neutral,-0.14406108856201172,Slightly Negative
2026-02-05,303.0,,0.0,Neutral,0.0,Neutral
2026-02-04,296.0,,0.0,Neutral,0.0,Neutral
2026-02-03,296.5,,0.0,Neutral,0.0,Neutral
2026-02-02,298.0,,0.0,Neutral,0.0,Neutral
2026-02-01,297.0,,0.0,Neutral,0.0,Neutral
2026-01-29,299.7,,0.0,Neutral,0.0,Neutral
2026-01-28,298.0,2026-01-28,0.0113222198560833,Neutral,0.0113222198560833,Neutral
2026-01-27,297.5,,0.0,Neutral,0.00566110992804165,Neutral
2026-01-26,306.8,,0.0,Neutral,0.002830554964020825,Neutral
2026-01-25,308.0,,0.0,Neutral,0.0,Neutral
2026-01-22,298.0,,0.0,Neutral,0.0,Neutral
2026-01-21,295.9,,0.0,Neutral,0.0,Neutral
2026-01-20,299.9,,0.0,Neutral,0.0,Neutral
2026-01-18,290.0,,0.0,Neutral,0.0,Neutral
2026-01-14,289.3,2026-01-14,0.0140300989151,Neutral,0.0140300989151,Neutral
2026-01-13,289.4,,0.0,Neutral,0.00701504945755,Neutral
2026-01-12,288.8,,0.0,Neutral,0.003507524728775,Neutral
2026-01-08,285.5,,0.0,Neutral,0.0,Neutral
2026-01-07,285.9,,0.0,Neutral,0.0,Neutral
2026-01-06,284.0,,0.0,Neutral,0.0,Neutral
2026-01-05,284.0,2026-01-05,-0.8387445211410522,Strongly Negative,-0.8387445211410522,Strongly Negative
2026-01-04,281.2,,0.0,Neutral,-0.4193722605705261,Negative
2026-01-01,294.0,,0.0,Neutral,-0.20968613028526306,Negative
2025-12-31,295.0,,0.0,Neutral,0.0,Neutral
2025-12-29,292.5,,0.0,Neutral,0.0,Neutral
2025-12-28,295.7,,0.0,Neutral,0.0,Neutral
2025-12-24,289.0,,0.0,Neutral,0.0,Neutral
2025-12-23,288.0,,0.0,Neutral,0.0,Neutral
2025-12-22,286.0,,0.0,Neutral,0.0,Neutral
2025-12-21,288.0,,0.0,Neutral,0.0,Neutral
2025-12-18,288.0,,0.0,Neutral,0.0,Neutral
2025-12-17,290.0,,0.0,Neutral,0.0,Neutral
2025-12-16,288.4,,0.0,Neutral,0.0,Neutral
2025-12-15,285.5,2025-12-15,0.0156788323074579,Neutral,0.0156788323074579,Neutral
2025-12-14,285.0,,0.0,Neutral,0.00783941615372895,Neutral
2025-12-11,282.7,2025-12-11,0.4957837536931038,Positive,0.49970346176996827,Positive
2025-12-10,283.0,,0.0,Neutral,0.2478918768465519,Positive
2025-12-09,284.5,,0.0,Neutral,0.12394593842327595,Slightly Positive
2025-12-08,284.0,,0.0,Neutral,0.0,Neutral
2025-12-07,285.1,,0.0,Neutral,0.0,Neutral
2025-12-03,288.0,,0.0,Neutral,0.0,Neutral
2025-12-02,291.0,,0.0,Neutral,0.0,Neutral
2025-12-01,289.0,,0.0,Neutral,0.0,Neutral
2025-11-30,288.0,2025-11-30,-0.5521965622901917,Negative,-0.5521965622901917,Negative
2025-11-27,293.0,,0.0,Neutral,-0.2760982811450958,Negative
2025-11-26,292.7,,0.0,Neutral,-0.1380491405725479,Slightly Negative
2025-11-25,286.6,2025-11-25,0.6663917303085327,Strongly Positive,0.6663917303085327,Strongly Positive
2025-11-24,286.5,,0.0,Neutral,0.33319586515426636,Positive
2025-11-23,282.5,,0.0,Neutral,0.16659793257713318,Slightly Positive
2025-11-20,279.4,,0.0,Neutral,0.0,Neutral
2025-11-19,281.5,,0.0,Neutral,0.0,Neutral
2025-11-18,282.0,,0.0,Neutral,0.0,Neutral
2025-11-17,280.0,,0.0,Neutral,0.0,Neutral
2025-11-16,279.4,,0.0,Neutral,0.0,Neutral
2025-11-13,279.0,,0.0,Neutral,0.0,Neutral
2025-11-12,279.0,,0.0,Neutral,0.0,Neutral
2025-11-11,278.0,2025-11-11,-0.5206417441368103,Negative,-0.5206417441368103,Negative
2025-11-10,278.0,2025-11-10,0.1399208903312683,Slightly Positive,-0.12039998173713684,Slightly Negative
2025-11-09,277.0,,0.0,Neutral,-0.06019999086856842,Slightly Negative
2025-11-06,279.0,,0.0,Neutral,0.03498022258281708,Neutral
2025-11-05,285.0,2025-11-05,0.9275050759315492,Strongly Positive,0.9275050759315492,Strongly Positive
2025-11-04,284.0,,0.0,Neutral,0.4637525379657746,Positive
2025-11-03,288.0,,0.0,Neutral,0.2318762689828873,Positive
2025-11-02,292.0,2025-11-02,0.8304534256458282,Strongly Positive,0.8304534256458282,Strongly Positive
2025-10-30,284.9,,0.0,Neutral,0.4152267128229141,Positive
2025-10-29,279.0,,0.0,Neutral,0.20761335641145706,Positive
2025-10-28,282.0,,0.0,Neutral,0.0,Neutral
2025-10-26,271.9,,0.0,Neutral,0.0,Neutral
2025-10-19,273.8,2025-10-19,-0.7027487754821777,Strongly Negative,-0.7027487754821777,Strongly Negative
2025-10-16,270.2,,0.0,Neutral,-0.35137438774108887,Negative
2025-10-15,272.0,,0.0,Neutral,-0.17568719387054443,Slightly Negative
2025-10-14,275.4,,0.0,Neutral,0.0,Neutral
2025-10-13,280.0,,0.0,Neutral,0.0,Neutral
2025-10-12,278.0,,0.0,Neutral,0.0,Neutral
2025-10-09,282.1,,0.0,Neutral,0.0,Neutral
2025-10-08,280.0,,0.0,Neutral,0.0,Neutral
2025-10-07,285.5,,0.0,Neutral,0.0,Neutral
2025-09-28,292.0,,0.0,Neutral,0.0,Neutral
2025-09-25,290.0,,0.0,Neutral,0.0,Neutral
2025-09-24,288.0,,0.0,Neutral,0.0,Neutral
2025-09-23,291.9,,0.0,Neutral,0.0,Neutral
2025-09-21,286.1,,0.0,Neutral,0.0,Neutral
2025-09-18,260.1,2025-09-18,0.0988965034484863,Slightly Positive,0.0988965034484863,Slightly Positive
2025-09-08,287.28,,0.0,Neutral,0.04944825172424315,Neutral
2025-09-07,289.54,,0.0,Neutral,0.024724125862121575,Neutral
2025-09-04,290.42,,0.0,Neutral,0.0,Neutral
2025-09-03,291.24,,0.0,Neutral,0.0,Neutral
2025-09-02,292.49,,0.0,Neutral,0.0,Neutral
2025-09-01,291.82,,0.0,Neutral,0.0,Neutral
2025-08-31,291.63,2025-08-31,-0.8702601194381714,Strongly Negative,-0.8702601194381714,Strongly Negative
2025-08-28,294.75,2025-08-28,0.9314732551574708,Strongly Positive,0.4963431954383851,Positive
2025-08-27,298.89,2025-08-27,-0.8449028730392456,Strongly Negative,-0.5967312753200531,Negative
2025-08-26,292.15,,0.0,Neutral,-0.1895831227302551,Slightly Negative
2025-08-25,291.62,,0.0,Neutral,-0.2112257182598114,Negative
2025-08-24,291.03,,0.0,Neutral,0.0,Neutral
2025-08-21,292.93,,0.0,Neutral,0.0,Neutral
2025-08-20,294.47,,0.0,Neutral,0.0,Neutral
2025-08-19,296.4,,0.0,Neutral,0.0,Neutral
2025-08-18,296.94,,0.0,Neutral,0.0,Neutral
2025-08-17,294.68,2025-08-17,-0.0869648940861225,Slightly Negative,-0.0869648940861225,Slightly Negative
2025-08-14,299.29,,0.0,Neutral,-0.04348244704306125,Neutral
2025-08-13,297.99,,0.0,Neutral,-0.021741223521530625,Neutral
2025-08-12,294.91,,0.0,Neutral,0.0,Neutral
2025-08-11,297.92,,0.0,Neutral,0.0,Neutral
2025-08-07,300.73,,0.0,Neutral,0.0,Neutral
2025-08-06,296.72,,0.0,Neutral,0.0,Neutral
2025-08-05,298.95,,0.0,Neutral,0.0,Neutral
2025-08-04,302.46,,0.0,Neutral,0.0,Neutral
2025-08-03,302.47,,0.0,Neutral,0.0,Neutral
2025-07-31,306.41,,0.0,Neutral,0.0,Neutral
2025-07-30,310.32,,0.0,Neutral,0.0,Neutral
2025-07-29,317.53,,0.0,Neutral,0.0,Neutral
2025-07-28,319.79,,0.0,Neutral,0.0,Neutral
2025-07-27,320.46,,0.0,Neutral,0.0,Neutral
2025-07-24,326.63,,0.0,Neutral,0.0,Neutral
2025-07-23,320.52,,0.0,Neutral,0.0,Neutral
2025-07-22,312.07,,0.0,Neutral,0.0,Neutral
2025-07-21,302.99,,0.0,Neutral,0.0,Neutral
2025-07-20,303.33,,0.0,Neutral,0.0,Neutral
2025-07-17,304.55,2025-07-17,0.0606837570667266,Slightly Positive,0.0606837570667266,Slightly Positive
2025-07-16,295.92,,0.0,Neutral,0.0303418785333633,Neutral
2025-07-15,295.74,,0.0,Neutral,0.01517093926668165,Neutral
2025-07-14,294.15,2025-07-14,0.3165594339370727,Positive,0.3165594339370727,Positive
2025-07-13,292.0,,0.0,Neutral,0.15827971696853635,Slightly Positive
2025-07-10,293.8,,0.0,Neutral,0.07913985848426817,Slightly Positive
2025-07-09,293.87,2025-07-09,0.5959690809249878,Positive,0.5959690809249878,Positive
2025-07-08,290.82,,0.0,Neutral,0.2979845404624939,Positive
2025-07-07,291.76,,0.0,Neutral,0.14899227023124695,Slightly Positive
2025-07-06,293.98,,0.0,Neutral,0.0,Neutral
2025-07-03,296.16,,0.0,Neutral,0.0,Neutral
2025-07-02,293.72,,0.0,Neutral,0.0,Neutral
2025-07-01,293.16,,0.0,Neutral,0.0,Neutral
2025-06-30,290.46,,0.0,Neutral,0.0,Neutral
2025-06-29,288.63,2025-06-29,0.0124993920326232,Neutral,0.0124993920326232,Neutral
2025-06-26,288.55,,0.0,Neutral,0.0062496960163116,Neutral
2025-06-25,291.6,2025-06-25,-0.5497723817825317,Negative,-0.5466475337743759,Negative
2025-06-24,293.07,,0.0,Neutral,-0.27488619089126587,Negative
2025-06-23,292.53,,0.0,Neutral,-0.13744309544563293,Slightly Negative
2025-06-22,291.33,,0.0,Neutral,0.0,Neutral
2025-06-19,298.13,2025-06-19,0.9185822606086732,Strongly Positive,0.9185822606086732,Strongly Positive
2025-06-18,298.1,2025-06-18,0.134243756532669,Slightly Positive,0.5935348868370056,Positive
2025-06-17,299.55,,0.0,Neutral,0.2967674434185028,Positive
2025-06-16,300.62,,0.0,Neutral,0.03356093913316725,Neutral
2025-06-15,306.66,,0.0,Neutral,0.0,Neutral
2025-06-12,311.89,,0.0,Neutral,0.0,Neutral
2025-06-11,312.35,2025-06-11,-0.1211603879928588,Slightly Negative,-0.1211603879928588,Slightly Negative
2025-06-10,302.0,2025-06-10,-0.4339157342910766,Negative,-0.494495928287506,Negative
2025-06-09,300.32,2025-06-09,-0.3343536257743835,Negative,-0.5816015899181365,Negative
2025-06-08,302.16,,0.0,Neutral,-0.2756557464599609,Negative
2025-06-05,294.88,2025-06-05,-0.5912338495254517,Negative,-0.6748222559690475,Strongly Negative
2025-06-04,291.92,,0.0,Neutral,-0.29561692476272583,Negative
2025-06-03,293.16,2025-06-03,-0.2338424623012542,Negative,-0.3816509246826171,Negative
2025-06-02,294.47,2025-06-02,-0.5659517645835876,Negative,-0.6828729957342148,Strongly Negative
2025-05-28,296.47,,0.0,Neutral,-0.3414364978671074,Negative
2025-05-27,291.46,,0.0,Neutral,-0.1414879411458969,Slightly Negative
2025-05-26,291.17,2025-05-26,-0.7628889083862305,Strongly Negative,-0.7628889083862305,Strongly Negative
2025-05-25,292.06,,0.0,Neutral,-0.38144445419311523,Negative
2025-05-22,294.99,2025-05-22,-0.7128505706787109,Strongly Negative,-0.9035727977752686,Strongly Negative
2025-05-21,298.98,,0.0,Neutral,-0.35642528533935547,Negative
2025-05-20,303.64,2025-05-20,-0.6116074919700623,Strongly Negative,-0.78982013463974,Strongly Negative
2025-05-19,291.65,,0.0,Neutral,-0.30580374598503113,Negative
2025-05-18,286.5,,0.0,Neutral,-0.15290187299251556,Slightly Negative
2025-05-15,295.45,,0.0,Neutral,0.0,Neutral
2025-05-14,295.76,2025-05-14,-0.120438814163208,Slightly Negative,-0.120438814163208,Slightly Negative
2025-05-13,305.54,,0.0,Neutral,-0.060219407081604,Slightly Negative
2025-05-11,312.81,,0.0,Neutral,-0.030109703540802,Neutral
2025-05-08,318.46,,0.0,Neutral,0.0,Neutral
2025-05-07,311.24,,0.0,Neutral,0.0,Neutral
2025-05-06,304.59,,0.0,Neutral,0.0,Neutral
2025-05-05,298.7,,0.0,Neutral,0.0,Neutral
2025-05-04,305.82,,0.0,Neutral,0.0,Neutral
2025-04-30,293.2,,0.0,Neutral,0.0,Neutral
2025-04-29,285.88,,0.0,Neutral,0.0,Neutral
2025-04-28,287.51,,0.0,Neutral,0.0,Neutral
2025-04-27,292.34,,0.0,Neutral,0.0,Neutral
2025-04-24,281.03,,0.0,Neutral,0.0,Neutral
2025-04-23,280.09,,0.0,Neutral,0.0,Neutral
2025-04-22,289.41,2025-04-22,0.0065177381038665,Neutral,0.0065177381038665,Neutral
2025-04-21,290.8,2025-04-21,-0.1222520172595977,Slightly Negative,-0.11899314820766445,Slightly Negative
2025-04-20,285.41,2025-04-20,-0.9325382113456726,Strongly Negative,-0.9920347854495049,Strongly Negative
2025-04-17,289.56,,0.0,Neutral,-0.49683210998773575,Negative
2025-04-16,285.86,2025-04-16,-0.1533498167991638,Slightly Negative,-0.38648436963558197,Negative
2025-04-15,283.48,,0.0,Neutral,-0.0766749083995819,Slightly Negative
2025-04-13,273.09,2025-04-13,0.0838408172130584,Slightly Positive,0.045503363013267455,Neutral
2025-04-10,271.84,2025-04-10,0.1280533671379089,Slightly Positive,0.16997377574443812,Slightly Positive
2025-04-09,269.99,,0.0,Neutral,0.08498688787221906,Slightly Positive
2025-04-08,270.1,,0.0,Neutral,0.03201334178447723,Neutral
2025-04-07,270.23,,0.0,Neutral,0.0,Neutral
2025-04-03,274.86,,0.0,Neutral,0.0,Neutral
2025-04-02,278.86,,0.0,Neutral,0.0,Neutral
2025-04-01,272.32,,0.0,Neutral,0.0,Neutral
2025-03-30,275.01,2025-03-30,-0.4880945086479187,Negative,-0.4880945086479187,Negative
2025-03-27,270.71,,0.0,Neutral,-0.24404725432395935,Negative
2025-03-26,268.45,2025-03-26,-0.6513763070106506,Strongly Negative,-0.7733999341726303,Strongly Negative
2025-03-25,262.16,2025-03-25,0.2815593183040619,Positive,-0.04412883520126343,Neutral
2025-03-24,269.65,,0.0,Neutral,-0.022064417600631714,Neutral
2025-03-23,266.52,2025-03-23,-0.6444237232208252,Strongly Negative,-0.5740338936448097,Negative
2025-03-20,274.21,2025-03-20,-0.406167596578598,Negative,-0.7283794581890106,Strongly Negative
2025-03-19,274.9,,0.0,Neutral,-0.3641897290945053,Negative
2025-03-18,278.1,,0.0,Neutral,-0.1015418991446495,Slightly Negative
2025-03-17,279.2,2025-03-17,-0.0320629775524139,Neutral,-0.0320629775524139,Neutral
2025-03-16,281.0,,0.0,Neutral,-0.01603148877620695,Neutral
2025-03-12,283.0,,0.0,Neutral,-0.008015744388103475,Neutral
2025-03-11,280.0,,0.0,Neutral,0.0,Neutral
2025-03-10,286.0,2025-03-10,-0.7477757930755615,Strongly Negative,-0.7477757930755615,Strongly Negative
2025-03-09,291.0,,0.0,Neutral,-0.37388789653778076,Negative
2025-03-06,294.0,,0.0,Neutral,-0.18694394826889038,Slightly Negative
2025-03-05,291.3,,0.0,Neutral,0.0,Neutral
2025-03-04,297.9,,0.0,Neutral,0.0,Neutral
2025-03-03,300.2,,0.0,Neutral,0.0,Neutral
2025-03-02,305.5,,0.0,Neutral,0.0,Neutral
2025-02-27,297.9,,0.0,Neutral,0.0,Neutral
2025-02-25,281.6,,0.0,Neutral,0.0,Neutral
2025-02-24,280.0,2025-02-24,-0.3941380977630615,Negative,-0.3941380977630615,Negative
2025-02-23,278.9,,0.0,Neutral,-0.19706904888153076,Slightly Negative
2025-02-20,281.2,,0.0,Neutral,-0.09853452444076538,Slightly Negative
2025-02-18,284.0,,0.0,Neutral,0.0,Neutral
2025-02-17,284.0,,0.0,Neutral,0.0,Neutral
2025-02-16,283.0,,0.0,Neutral,0.0,Neutral
2025-02-13,278.2,2025-02-13,-0.6699524521827698,Strongly Negative,-0.6699524521827698,Strongly Negative
2025-02-12,276.0,2025-02-12,0.2080480456352233,Positive,-0.12692818045616158,Slightly Negative
2025-02-11,277.0,,0.0,Neutral,-0.06346409022808079,Slightly Negative
2025-02-10,278.0,,0.0,Neutral,0.052012011408805826,Slightly Positive
2025-02-09,282.1,,0.0,Neutral,0.0,Neutral
2025-02-06,276.9,,0.0,Neutral,0.0,Neutral
2025-02-05,278.0,,0.0,Neutral,0.0,Neutral
2025-02-04,278.0,,0.0,Neutral,0.0,Neutral
2025-02-03,280.0,,0.0,Neutral,0.0,Neutral
2025-02-02,283.0,,0.0,Neutral,0.0,Neutral
2025-01-28,276.1,,0.0,Neutral,0.0,Neutral
2025-01-27,274.0,,0.0,Neutral,0.0,Neutral
2025-01-26,272.0,,0.0,Neutral,0.0,Neutral
2025-01-23,274.6,2025-01-23,-0.2442322820425033,Negative,-0.2442322820425033,Negative
2025-01-22,276.0,,0.0,Neutral,-0.12211614102125165,Slightly Negative
2025-01-21,265.0,,0.0,Neutral,-0.061058070510625825,Slightly Negative
2025-01-20,265.0,2025-01-20,-0.0088043892756104,Neutral,-0.0088043892756104,Neutral
2025-01-19,261.0,,0.0,Neutral,-0.0044021946378052,Neutral
2025-01-16,260.2,,0.0,Neutral,-0.0022010973189026,Neutral
2025-01-15,264.0,,0.0,Neutral,0.0,Neutral
2025-01-13,265.0,,0.0,Neutral,0.0,Neutral
2025-01-12,264.0,,0.0,Neutral,0.0,Neutral
2025-01-09,272.0,,0.0,Neutral,0.0,Neutral
2025-01-08,273.6,,0.0,Neutral,0.0,Neutral
2025-01-07,277.0,,0.0,Neutral,0.0,Neutral
2025-01-06,273.0,,0.0,Neutral,0.0,Neutral
2025-01-05,259.0,,0.0,Neutral,0.0,Neutral
2025-01-02,259.0,2025-01-02,0.9056085348129272,Strongly Positive,0.9056085348129272,Strongly Positive
2025-01-01,257.6,,0.0,Neutral,0.4528042674064636,Positive
2024-12-31,254.9,,0.0,Neutral,0.2264021337032318,Positive
2024-12-29,260.0,,0.0,Neutral,0.0,Neutral
2024-12-26,265.0,,0.0,Neutral,0.0,Neutral
2024-12-24,263.3,,0.0,Neutral,0.0,Neutral
2024-12-23,257.5,,0.0,Neutral,0.0,Neutral
2024-12-22,249.5,,0.0,Neutral,0.0,Neutral
2024-12-19,254.0,,0.0,Neutral,0.0,Neutral
2024-12-18,260.2,,0.0,Neutral,0.0,Neutral
2024-12-17,264.9,,0.0,Neutral,0.0,Neutral
2024-12-16,265.2,2024-12-16,-0.1873531192541122,Slightly Negative,-0.1873531192541122,Slightly Negative
2024-12-12,273.5,2024-12-12,-0.7372568249702454,Strongly Negative,-0.8309333845973015,Strongly Negative
2024-12-11,278.0,,0.0,Neutral,-0.41546669229865074,Negative
2024-12-10,273.0,2024-12-10,0.0605501011013984,Slightly Positive,-0.12376410514116294,Slightly Negative
2024-12-09,274.7,2024-12-09,0.0543120503425598,Slightly Positive,0.08458710089325899,Slightly Positive
2024-12-08,275.0,,0.0,Neutral,0.042293550446629496,Neutral
2024-12-05,279.0,2024-12-05,-0.8622756004333496,Strongly Negative,-0.8486975878477097,Strongly Negative
2024-12-04,283.0,,0.0,Neutral,-0.4311378002166748,Negative
2024-12-03,285.1,,0.0,Neutral,-0.2155689001083374,Negative
2024-12-02,286.5,,0.0,Neutral,0.0,Neutral
2024-12-01,285.7,,0.0,Neutral,0.0,Neutral
2024-11-28,290.8,,0.0,Neutral,0.0,Neutral
2024-11-27,293.2,,0.0,Neutral,0.0,Neutral
2024-11-26,291.5,,0.0,Neutral,0.0,Neutral
2024-11-25,288.2,,0.0,Neutral,0.0,Neutral
2024-11-24,288.1,,0.0,Neutral,0.0,Neutral
2024-11-21,288.5,2024-11-21,0.3522944152355194,Positive,0.3522944152355194,Positive
2024-11-20,294.3,,0.0,Neutral,0.1761472076177597,Slightly Positive
2024-11-19,296.3,,0.0,Neutral,0.08807360380887985,Slightly Positive
2024-11-17,303.0,,0.0,Neutral,0.0,Neutral
2024-11-14,301.5,,0.0,Neutral,0.0,Neutral
2024-11-13,302.0,,0.0,Neutral,0.0,Neutral
2024-11-12,304.0,,0.0,Neutral,0.0,Neutral
2024-11-11,307.0,2024-11-11,0.9224844574928284,Strongly Positive,0.9224844574928284,Strongly Positive
2024-11-10,305.0,2024-11-10,0.0913766026496887,Slightly Positive,0.5526188313961029,Positive
2024-11-06,289.7,2024-11-06,0.6941941380500793,Strongly Positive,0.9705035537481308,Strongly Positive
2024-11-05,291.0,,0.0,Neutral,0.36994121968746185,Positive
2024-10-30,293.0,,0.0,Neutral,0.17354853451251984,Slightly Positive
2024-10-29,294.5,2024-10-29,-0.4482151567935943,Negative,-0.4482151567935943,Negative
2024-10-28,293.5,,0.0,Neutral,-0.22410757839679715,Negative
2024-10-27,292.8,,0.0,Neutral,-0.11205378919839858,Slightly Negative
2024-10-24,291.0,,0.0,Neutral,0.0,Neutral
2024-10-23,289.5,2024-10-23,-0.5182260870933533,Negative,-0.5182260870933533,Negative
2024-10-22,287.0,,0.0,Neutral,-0.25911304354667664,Negative
2024-10-21,283.0,,0.0,Neutral,-0.12955652177333832,Slightly Negative
2024-10-20,290.4,2024-10-20,-0.0460387840867042,Neutral,-0.0460387840867042,Neutral
2024-10-17,311.0,2024-10-17,-0.5775560140609741,Negative,-0.6005754061043262,Strongly Negative
2024-10-16,311.9,2024-10-16,0.3032940030097961,Positive,0.003006299957632977,Neutral
2024-10-15,298.9,,0.0,Neutral,0.007257997989654513,Neutral
2024-10-09,296.0,2024-10-09,0.9219281077384948,Strongly Positive,0.9977516084909438,Strongly Positive
2024-10-08,299.0,,0.0,Neutral,0.4609640538692474,Positive
2024-10-07,303.0,2024-10-07,0.9075050950050354,Strongly Positive,1.1379871219396591,Strongly Positive
2024-10-06,299.0,,0.0,Neutral,0.4537525475025177,Positive
2024-10-02,293.0,,0.0,Neutral,0.22687627375125885,Positive
2024-10-01,301.0,2024-10-01,0.9054638147354126,Strongly Positive,0.9054638147354126,Strongly Positive
2024-09-30,282.9,,0.0,Neutral,0.4527319073677063,Positive
2024-09-29,280.0,,0.0,Neutral,0.22636595368385315,Positive
2024-09-26,284.1,,0.0,Neutral,0.0,Neutral
2024-09-25,307.0,,0.0,Neutral,0.0,Neutral
2024-09-24,301.0,2024-09-24,0.9053268432617188,Strongly Positive,0.9053268432617188,Strongly Positive
2024-09-23,307.5,,0.0,Neutral,0.4526634216308594,Positive
2024-09-22,315.9,,0.0,Neutral,0.2263317108154297,Positive
2024-09-18,317.0,2024-09-18,0.0292224586009979,Neutral,0.0292224586009979,Neutral
2024-09-16,318.7,2024-09-16,0.0701217502355575,Slightly Positive,0.08473297953605645,Slightly Positive
2024-09-15,323.0,,0.0,Neutral,0.042366489768028225,Neutral
2024-09-12,328.0,2024-09-12,0.7334011197090149,Strongly Positive,0.7509315572679043,Strongly Positive
2024-09-11,312.0,,0.0,Neutral,0.36670055985450745,Positive
2024-09-10,318.0,,0.0,Neutral,0.18335027992725372,Slightly Positive
2024-09-09,321.0,,0.0,Neutral,0.0,Neutral
2024-09-08,330.0,2024-09-08,0.0105989575386047,Neutral,0.0105989575386047,Neutral
2024-09-05,335.1,,0.0,Neutral,0.00529947876930235,Neutral
2024-09-04,338.9,,0.0,Neutral,0.002649739384651175,Neutral
2024-09-03,352.0,2024-09-03,-0.2997061610221863,Negative,-0.2997061610221863,Negative
2024-09-02,353.0,,0.0,Neutral,-0.14985308051109314,Slightly Negative
2024-09-01,328.0,,0.0,Neutral,-0.07492654025554657,Slightly Negative
2024-08-29,335.5,,0.0,Neutral,0.0,Neutral
2024-08-28,346.0,,0.0,Neutral,0.0,Neutral
2024-08-27,349.0,,0.0,Neutral,0.0,Neutral
2024-08-25,367.0,,0.0,Neutral,0.0,Neutral
2024-08-22,367.2,,0.0,Neutral,0.0,Neutral
2024-08-21,363.0,,0.0,Neutral,0.0,Neutral
2024-08-18,367.0,,0.0,Neutral,0.0,Neutral
2024-08-15,375.0,,0.0,Neutral,0.0,Neutral
2024-08-14,346.3,,0.0,Neutral,0.0,Neutral
2024-08-13,314.9,,0.0,Neutral,0.0,Neutral
2024-08-12,320.0,,0.0,Neutral,0.0,Neutral
2024-08-11,297.9,2024-08-11,-0.6217007637023926,Strongly Negative,-0.6217007637023926,Strongly Negative
2024-08-08,275.9,,0.0,Neutral,-0.3108503818511963,Negative
2024-08-07,268.1,,0.0,Neutral,-0.15542519092559814,Slightly Negative
2024-08-06,250.1,2024-08-06,0.06113051623106,Slightly Positive,0.06113051623106,Slightly Positive
2024-08-05,269.7,2024-08-05,-0.0004892461001873,Neutral,0.0300760120153427,Neutral
2024-08-01,253.9,,0.0,Neutral,0.01503800600767135,Neutral
2024-07-31,258.1,,0.0,Neutral,-0.000122311525046825,Neutral
2024-07-30,241.0,,0.0,Neutral,0.0,Neutral
2024-07-29,238.5,,0.0,Neutral,0.0,Neutral
2024-07-28,233.9,,0.0,Neutral,0.0,Neutral
2024-07-25,228.5,,0.0,Neutral,0.0,Neutral
2024-07-24,228.1,,0.0,Neutral,0.0,Neutral
2024-07-23,235.9,,0.0,Neutral,0.0,Neutral
2024-07-22,220.0,,0.0,Neutral,0.0,Neutral
2024-07-21,210.2,2024-07-21,0.2961920797824859,Positive,0.2961920797824859,Positive
2024-07-18,210.0,,0.0,Neutral,0.14809603989124295,Slightly Positive
2024-07-17,208.8,,0.0,Neutral,0.07404801994562148,Slightly Positive
2024-07-16,209.4,,0.0,Neutral,0.0,Neutral
2024-07-15,191.0,2024-07-15,0.0531130880117416,Slightly Positive,0.0531130880117416,Slightly Positive
2024-07-14,188.0,2024-07-14,0.4453930258750915,Positive,0.4719495698809623,Positive
2024-07-11,176.1,,0.0,Neutral,0.23597478494048116,Positive
2024-07-10,172.3,2024-07-10,-0.0372032523155212,Neutral,0.07414500415325168,Slightly Positive
2024-07-09,171.0,,0.0,Neutral,-0.0186016261577606,Neutral
2024-07-08,170.4,,0.0,Neutral,-0.0093008130788803,Neutral
2024-07-07,171.0,2024-07-07,-0.6083687543869019,Strongly Negative,-0.6083687543869019,Strongly Negative
2024-07-04,171.0,2024-07-04,-0.7496742010116577,Strongly Negative,-1.0538585782051086,Strongly Negative
2024-07-03,171.0,,0.0,Neutral,-0.5269292891025543,Negative
2024-07-02,172.5,,0.0,Neutral,-0.18741855025291443,Slightly Negative
2024-07-01,165.9,,0.0,Neutral,0.0,Neutral
2024-06-30,165.9,2024-06-30,-0.5555654168128967,Negative,-0.5555654168128967,Negative
2024-06-27,166.1,,0.0,Neutral,-0.27778270840644836,Negative
2024-06-26,168.5,,0.0,Neutral,-0.13889135420322418,Slightly Negative
2024-06-25,172.0,,0.0,Neutral,0.0,Neutral
2024-06-24,170.3,,0.0,Neutral,0.0,Neutral
2024-06-23,169.8,,0.0,Neutral,0.0,Neutral
2024-06-20,169.0,2024-06-20,-0.7754740715026855,Strongly Negative,-0.7754740715026855,Strongly Negative
2024-06-19,171.5,2024-06-19,0.928455650806427,Strongly Positive,0.5407186150550842,Positive
2024-06-18,172.8,,0.0,Neutral,0.2703593075275421,Positive
2024-06-16,173.8,,0.0,Neutral,0.23211391270160675,Positive
2024-06-13,173.0,,0.0,Neutral,0.0,Neutral
2024-06-12,176.0,2024-06-12,-0.3344677183777093,Negative,-0.3344677183777093,Negative
2024-06-11,176.0,2024-06-11,-0.703773021697998,Strongly Negative,-0.8710068808868527,Strongly Negative
2024-06-10,173.8,2024-06-10,0.0591075792908668,Slightly Positive,-0.3763958611525595,Negative
2024-06-09,167.2,,0.0,Neutral,-0.1463894657790661,Slightly Negative
2024-06-06,167.0,,0.0,Neutral,0.0147768948227167,Neutral
2024-06-05,167.0,,0.0,Neutral,0.0,Neutral
2024-06-04,168.9,,0.0,Neutral,0.0,Neutral
2024-06-03,168.0,,0.0,Neutral,0.0,Neutral
2024-06-02,168.0,,0.0,Neutral,0.0,Neutral
2024-05-30,169.2,,0.0,Neutral,0.0,Neutral
2024-05-29,172.0,,0.0,Neutral,0.0,Neutral
2024-05-27,173.0,2024-05-27,-0.6427181959152222,Strongly Negative,-0.6427181959152222,Strongly Negative
2024-05-26,174.0,2024-05-26,-0.5461372137069702,Negative,-0.8674963116645813,Strongly Negative
2024-05-22,177.0,,0.0,Neutral,-0.43374815583229065,Negative
2024-05-21,176.6,2024-05-21,0.9287891387939452,Strongly Positive,0.7922548353672026,Strongly Positive
2024-05-20,175.7,2024-05-20,-0.7473208904266357,Strongly Negative,-0.28292632102966314,Negative
2024-05-19,174.0,,0.0,Neutral,-0.14146316051483157,Slightly Negative
2024-05-16,170.2,,0.0,Neutral,-0.18683022260665894,Slightly Negative
2024-05-15,172.6,,0.0,Neutral,0.0,Neutral
2024-05-14,176.6,,0.0,Neutral,0.0,Neutral
2024-05-13,171.0,2024-05-13,-0.0147014185786247,Neutral,-0.0147014185786247,Neutral
2024-05-12,168.0,,0.0,Neutral,-0.00735070928931235,Neutral
2024-05-09,163.3,,0.0,Neutral,-0.003675354644656175,Neutral
2024-05-08,162.5,,0.0,Neutral,0.0,Neutral
2024-05-07,162.5,,0.0,Neutral,0.0,Neutral
2024-05-06,163.6,,0.0,Neutral,0.0,Neutral
2024-05-05,167.7,,0.0,Neutral,0.0,Neutral
2024-05-02,169.0,,0.0,Neutral,0.0,Neutral
2024-04-30,172.0,,0.0,Neutral,0.0,Neutral
2024-04-29,169.7,2024-04-29,-0.2238787710666656,Negative,-0.2238787710666656,Negative
2024-04-28,171.0,,0.0,Neutral,-0.1119393855333328,Slightly Negative
2024-04-25,169.5,,0.0,Neutral,-0.0559696927666664,Slightly Negative
2024-04-24,171.6,,0.0,Neutral,0.0,Neutral
2024-04-22,170.8,2024-04-22,-0.397852748632431,Negative,-0.397852748632431,Negative
2024-04-21,174.7,2024-04-21,-0.6756387948989868,Strongly Negative,-0.8745651692152023,Strongly Negative
2024-04-18,167.9,,0.0,Neutral,-0.43728258460760117,Negative
2024-04-16,171.3,2024-04-16,0.4685211181640625,Positive,0.2996114194393158,Positive
2024-04-15,172.2,2024-04-15,-0.5954660177230835,Negative,-0.36120545864105225,Negative
2024-04-14,173.9,2024-04-14,-0.4558782577514648,Negative,-0.636480987071991,Strongly Negative
2024-04-10,176.0,2024-04-10,-0.0239664651453495,Neutral,-0.40077209845185274,Negative
2024-04-09,176.9,,0.0,Neutral,-0.12595279701054093,Slightly Negative
2024-04-07,174.1,2024-04-07,-0.6892299056053162,Strongly Negative,-0.6952215218916535,Strongly Negative
2024-04-04,173.0,2024-04-04,-0.323227971792221,Negative,-0.6678429245948792,Strongly Negative
2024-04-03,175.8,,0.0,Neutral,-0.3339214622974396,Negative
2024-04-02,175.9,2024-04-02,-0.4733312129974365,Negative,-0.5541382059454918,Negative
2024-04-01,174.6,,0.0,Neutral,-0.23666560649871826,Negative
2024-03-31,175.5,,0.0,Neutral,-0.11833280324935913,Slightly Negative
2024-03-28,178.5,,0.0,Neutral,0.0,Neutral
2024-03-27,179.5,,0.0,Neutral,0.0,Neutral
2024-03-26,179.0,2024-03-26,-0.2324217855930328,Negative,-0.2324217855930328,Negative
2024-03-25,178.6,,0.0,Neutral,-0.1162108927965164,Slightly Negative
2024-03-21,181.0,2024-03-21,-0.3527610003948211,Negative,-0.4108664467930793,Negative
2024-03-20,182.0,,0.0,Neutral,-0.17638050019741056,Slightly Negative
2024-03-19,184.0,,0.0,Neutral,-0.08819025009870528,Slightly Negative
2024-03-18,186.5,,0.0,Neutral,0.0,Neutral
2024-03-17,186.9,,0.0,Neutral,0.0,Neutral
2024-03-14,188.3,2024-03-14,-0.0184712968766689,Neutral,-0.0184712968766689,Neutral
2024-03-13,191.1,2024-03-13,-0.5365344434976578,Negative,-0.5457700919359922,Negative
2024-03-12,191.5,,0.0,Neutral,-0.2728850459679961,Negative
2024-03-10,188.0,,0.0,Neutral,-0.13413361087441444,Slightly Negative
2024-03-07,187.0,,0.0,Neutral,0.0,Neutral
2024-03-06,187.5,,0.0,Neutral,0.0,Neutral
2024-03-05,185.9,,0.0,Neutral,0.0,Neutral
2024-03-04,193.3,,0.0,Neutral,0.0,Neutral
2024-03-03,175.8,2024-03-03,0.659336507320404,Strongly Positive,0.659336507320404,Strongly Positive
2024-02-29,176.6,2024-02-29,0.5973718166351318,Positive,0.9270400702953339,Strongly Positive
2024-02-28,179.1,,0.0,Neutral,0.46352003514766693,Positive
2024-02-27,181.0,,0.0,Neutral,0.14934295415878296,Slightly Positive
2024-02-26,180.9,2024-02-26,-0.6391295790672302,Strongly Negative,-0.6391295790672302,Strongly Negative
2024-02-25,178.5,2024-02-25,-0.7076578140258789,Strongly Negative,-1.027222603559494,Strongly Negative
2024-02-22,182.7,,0.0,Neutral,-0.513611301779747,Negative
2024-02-21,186.3,,0.0,Neutral,-0.17691445350646973,Slightly Negative
2024-02-20,188.3,,0.0,Neutral,0.0,Neutral
2024-02-18,190.0,,0.0,Neutral,0.0,Neutral
2024-02-15,195.2,,0.0,Neutral,0.0,Neutral
2024-02-14,196.3,,0.0,Neutral,0.0,Neutral
2024-02-13,197.0,,0.0,Neutral,0.0,Neutral
2024-02-12,202.0,2024-02-12,0.0213358532637357,Neutral,0.0213358532637357,Neutral
2024-02-11,198.5,,0.0,Neutral,0.01066792663186785,Neutral
2024-02-08,201.0,,0.0,Neutral,0.005333963315933925,Neutral
2024-02-07,203.4,2024-02-07,0.9190106987953186,Strongly Positive,0.9190106987953186,Strongly Positive
2024-02-06,202.0,,0.0,Neutral,0.4595053493976593,Positive
2024-02-05,199.0,,0.0,Neutral,0.22975267469882965,Positive
2024-02-04,197.5,,0.0,Neutral,0.0,Neutral
2024-02-01,198.7,2024-02-01,0.9017196297645568,Strongly Positive,0.9017196297645568,Strongly Positive
2024-01-31,203.9,,0.0,Neutral,0.4508598148822784,Positive
2024-01-30,207.0,,0.0,Neutral,0.2254299074411392,Positive
2024-01-29,207.0,,0.0,Neutral,0.0,Neutral
2024-01-28,208.7,2024-01-28,-0.5602532029151917,Negative,-0.5602532029151917,Negative
2024-01-25,209.0,2024-01-25,0.9305034875869752,Strongly Positive,0.6503768861293794,Strongly Positive
2024-01-24,211.0,,0.0,Neutral,0.3251884430646897,Positive
2024-01-23,218.0,,0.0,Neutral,0.2326258718967438,Positive
2024-01-22,210.5,2024-01-22,0.0955185890197753,Slightly Positive,0.0955185890197753,Slightly Positive
2024-01-21,205.0,2024-01-21,-0.0024153357371688,Neutral,0.045343958772718844,Neutral
2024-01-18,198.0,2024-01-18,0.7747501134872437,Strongly Positive,0.7974220928736031,Strongly Positive
2024-01-17,193.5,,0.0,Neutral,0.38677122280932963,Positive
2024-01-16,200.9,2024-01-16,-0.0303513295948505,Neutral,0.16333619877696043,Slightly Positive
2024-01-14,194.0,2024-01-14,-0.0015759468078613,Neutral,-0.01675161160528655,Neutral
2024-01-11,185.0,,0.0,Neutral,-0.008375805802643275,Neutral
2024-01-10,182.9,,0.0,Neutral,-0.000393986701965325,Neutral
2024-01-09,186.0,,0.0,Neutral,0.0,Neutral
2024-01-08,186.5,2024-01-08,0.3354699239134788,Positive,0.3354699239134788,Positive
2024-01-07,184.5,,0.0,Neutral,0.1677349619567394,Slightly Positive
2024-01-04,183.0,,0.0,Neutral,0.0838674809783697,Slightly Positive
2024-01-03,182.0,,0.0,Neutral,0.0,Neutral
2024-01-02,174.5,,0.0,Neutral,0.0,Neutral
2024-01-01,177.0,,0.0,Neutral,0.0,Neutral
2023-12-28,177.0,,0.0,Neutral,0.0,Neutral
2023-12-27,180.0,,0.0,Neutral,0.0,Neutral
2023-12-24,185.0,,0.0,Neutral,0.0,Neutral
2023-12-21,187.5,,0.0,Neutral,0.0,Neutral
2023-12-20,192.3,,0.0,Neutral,0.0,Neutral
2023-12-19,192.1,2023-12-19,-0.0495426394045352,Neutral,-0.0495426394045352,Neutral
2023-12-18,192.0,,0.0,Neutral,-0.0247713197022676,Neutral
2023-12-17,190.0,2023-12-17,0.1858166120946406,Slightly Positive,0.1734309522435068,Slightly Positive
2023-12-14,175.5,2023-12-14,-0.3237503468990326,Negative,-0.23084204085171228,Negative
2023-12-13,177.6,,0.0,Neutral,-0.11542102042585614,Slightly Negative
2023-12-12,176.0,,0.0,Neutral,-0.08093758672475815,Slightly Negative
2023-12-11,171.5,2023-12-11,0.8129301071166992,Strongly Positive,0.8129301071166992,Strongly Positive
2023-12-10,172.0,2023-12-10,0.3414733707904815,Positive,0.7479384243488312,Strongly Positive
2023-12-07,161.0,2023-12-07,0.7270581126213074,Strongly Positive,1.101027324795723,Strongly Positive
2023-12-06,159.0,,0.0,Neutral,0.4488973990082741,Positive
2023-12-05,157.4,,0.0,Neutral,0.18176452815532684,Slightly Positive
2023-12-04,157.0,2023-12-04,0.9314891695976256,Strongly Positive,0.9314891695976256,Strongly Positive
2023-12-03,157.3,,0.0,Neutral,0.4657445847988128,Positive
2023-11-30,156.9,,0.0,Neutral,0.2328722923994064,Positive
2023-11-29,160.0,2023-11-29,0.5706247091293335,Positive,0.5706247091293335,Positive
2023-11-28,164.0,2023-11-28,0.2470296770334244,Positive,0.5323420315980911,Positive
2023-11-27,163.2,,0.0,Neutral,0.26617101579904556,Positive
2023-11-26,165.5,,0.0,Neutral,0.0617574192583561,Slightly Positive
2023-11-23,159.0,,0.0,Neutral,0.0,Neutral
2023-11-22,158.0,,0.0,Neutral,0.0,Neutral
2023-11-21,157.0,,0.0,Neutral,0.0,Neutral
2023-11-20,160.3,2023-11-20,-0.0071662440896034,Neutral,-0.0071662440896034,Neutral
2023-11-09,168.0,,0.0,Neutral,-0.0035831220448017,Neutral
2023-11-08,169.0,,0.0,Neutral,-0.00179156102240085,Neutral
2023-11-07,168.0,,0.0,Neutral,0.0,Neutral
2023-11-06,168.0,,0.0,Neutral,0.0,Neutral
2023-11-05,165.5,2023-11-05,0.7400195002555847,Strongly Positive,0.7400195002555847,Strongly Positive
2023-11-02,169.0,,0.0,Neutral,0.37000975012779236,Positive
2023-11-01,169.8,2023-11-01,0.0985844135284423,Slightly Positive,0.28358928859233845,Positive
2023-10-31,169.0,,0.0,Neutral,0.04929220676422115,Neutral
2023-10-30,169.8,,0.0,Neutral,0.024646103382110575,Neutral
2023-10-29,168.9,,0.0,Neutral,0.0,Neutral
2023-10-19,171.9,2023-10-19,0.8292142748832703,Strongly Positive,0.8292142748832703,Strongly Positive
2023-10-18,173.0,2023-10-18,0.2993601306031147,Positive,0.7139672680447499,Strongly Positive
2023-10-17,172.2,2023-10-17,0.3895330764353275,Positive,0.7465167104577024,Strongly Positive
2023-10-16,167.5,2023-10-16,0.8377037644386292,Strongly Positive,1.1073103353070717,Strongly Positive
2023-10-12,171.0,,0.0,Neutral,0.5162351513281465,Positive
2023-10-11,172.8,,0.0,Neutral,0.2094259411096573,Positive
2023-10-10,172.9,,0.0,Neutral,0.0,Neutral
2023-10-09,174.6,2023-10-09,0.9241541624069214,Strongly Positive,0.9241541624069214,Strongly Positive
2023-10-08,177.2,2023-10-08,0.9193177223205566,Strongly Positive,1.3813948035240173,Strongly Positive
2023-10-05,186.0,,0.0,Neutral,0.6906974017620087,Strongly Positive
2023-10-04,188.0,2023-10-04,0.141101211309433,Slightly Positive,0.37093064188957214,Positive
2023-10-03,186.0,,0.0,Neutral,0.0705506056547165,Slightly Positive
2023-10-02,191.9,2023-10-02,0.8697748184204102,Strongly Positive,0.9050501212477684,Strongly Positive
2023-10-01,187.0,2023-10-01,0.9149264097213744,Strongly Positive,1.3498138189315796,Strongly Positive
2023-09-27,194.0,,0.0,Neutral,0.6749069094657898,Strongly Positive
2023-09-26,194.5,2023-09-26,0.1121289655566215,Slightly Positive,0.34086056798696507,Positive
2023-09-25,188.2,2023-09-25,0.9218896627426147,Strongly Positive,0.9779541455209255,Strongly Positive
2023-09-24,188.8,2023-09-24,0.8438069820404053,Strongly Positive,1.332784054800868,Strongly Positive
2023-09-21,195.0,,0.0,Neutral,0.6523759067058563,Strongly Positive
2023-09-19,187.0,,0.0,Neutral,0.21095174551010132,Positive
2023-09-18,177.0,2023-09-18,0.8191651403903961,Strongly Positive,0.8191651403903961,Strongly Positive
2023-09-17,175.2,2023-09-17,0.2316693365573883,Positive,0.6412519067525864,Strongly Positive
2023-09-13,181.5,,0.0,Neutral,0.3206259533762932,Positive
2023-09-12,167.6,,0.0,Neutral,0.057917334139347076,Slightly Positive
2023-09-11,169.0,2023-09-11,-0.1270755678415298,Slightly Negative,-0.1270755678415298,Slightly Negative
2023-09-10,166.9,,0.0,Neutral,-0.0635377839207649,Slightly Negative
2023-09-07,165.3,,0.0,Neutral,-0.03176889196038245,Neutral
2023-09-05,166.9,,0.0,Neutral,0.0,Neutral
2023-09-04,168.0,,0.0,Neutral,0.0,Neutral
2023-09-03,168.0,,0.0,Neutral,0.0,Neutral
2023-08-30,171.0,,0.0,Neutral,0.0,Neutral
2023-08-29,170.0,,0.0,Neutral,0.0,Neutral
2023-08-28,171.0,,0.0,Neutral,0.0,Neutral
2023-08-27,172.0,,0.0,Neutral,0.0,Neutral
2023-08-24,176.5,,0.0,Neutral,0.0,Neutral
2023-08-23,181.0,,0.0,Neutral,0.0,Neutral
2023-08-22,176.2,,0.0,Neutral,0.0,Neutral
2023-08-21,171.0,,0.0,Neutral,0.0,Neutral
2023-08-20,174.0,2023-08-20,0.4706372022628784,Positive,0.4706372022628784,Positive
2023-08-17,178.0,,0.0,Neutral,0.2353186011314392,Positive
2023-08-16,182.0,,0.0,Neutral,0.1176593005657196,Slightly Positive
2023-08-15,183.1,2023-08-15,0.0367373526096344,Neutral,0.0367373526096344,Neutral
2023-08-14,187.0,,0.0,Neutral,0.0183686763048172,Neutral
2023-08-13,187.0,2023-08-13,0.3550106883049011,Positive,0.3641950264573097,Positive
2023-08-10,189.0,2023-08-10,0.6593401432037354,Strongly Positive,0.8368454873561859,Strongly Positive
2023-08-09,187.0,,0.0,Neutral,0.41842274367809296,Positive
2023-08-08,186.0,2023-08-08,0.0437265634536743,Neutral,0.20856159925460815,Positive
2023-08-07,189.9,2023-08-07,0.7810200452804565,Strongly Positive,0.8028833270072937,Strongly Positive
2023-08-06,189.0,2023-08-06,0.2109157014638185,Positive,0.6123573649674654,Strongly Positive
2023-08-03,192.0,,0.0,Neutral,0.3007128620520234,Positive
2023-08-02,193.5,2023-08-02,-0.4065877497196197,Negative,-0.35385882435366506,Negative
2023-08-01,195.0,,0.0,Neutral,-0.20329387485980985,Negative
2023-07-31,198.0,,0.0,Neutral,-0.10164693742990492,Slightly Negative
2023-07-30,197.9,,0.0,Neutral,0.0,Neutral
2023-07-27,201.0,,0.0,Neutral,0.0,Neutral
2023-07-26,205.0,,0.0,Neutral,0.0,Neutral
2023-07-25,211.0,,0.0,Neutral,0.0,Neutral
2023-07-24,209.0,2023-07-24,-0.4698981344699859,Negative,-0.4698981344699859,Negative
2023-07-23,202.0,,0.0,Neutral,-0.23494906723499295,Negative
2023-07-20,198.1,,0.0,Neutral,-0.11747453361749648,Slightly Negative
2023-07-19,198.0,,0.0,Neutral,0.0,Neutral
2023-07-18,201.0,,0.0,Neutral,0.0,Neutral
2023-07-17,200.4,,0.0,Neutral,0.0,Neutral
2023-07-16,197.0,2023-07-16,0.883343517780304,Strongly Positive,0.883343517780304,Strongly Positive
2023-07-13,199.0,,0.0,Neutral,0.441671758890152,Positive
2023-07-12,204.0,,0.0,Neutral,0.220835879445076,Positive
2023-07-11,193.0,2023-07-11,-0.3590094149112701,Negative,-0.3590094149112701,Negative
2023-07-10,193.5,,0.0,Neutral,-0.17950470745563504,Slightly Negative
2023-07-09,197.0,2023-07-09,0.5350947976112366,Positive,0.44534244388341904,Positive
2023-07-06,229.0,,0.0,Neutral,0.2675473988056183,Positive
2023-07-05,230.5,2023-07-05,0.4177348017692566,Positive,0.5515085011720657,Positive
2023-07-04,238.0,2023-07-04,-0.20897176861763,Negative,-0.00010436773300170898,Neutral
2023-07-03,238.0,2023-07-03,0.7068891525268555,Strongly Positive,0.7068369686603546,Strongly Positive
2023-07-02,245.5,,0.0,Neutral,0.30120163410902023,Positive
2023-06-28,251.2,,0.0,Neutral,0.17672228813171387,Slightly Positive
2023-06-27,253.5,,0.0,Neutral,0.0,Neutral
2023-06-26,254.6,,0.0,Neutral,0.0,Neutral
2023-06-25,258.0,,0.0,Neutral,0.0,Neutral
2023-06-22,249.8,2023-06-22,0.873332142829895,Strongly Positive,0.873332142829895,Strongly Positive
2023-06-21,247.9,,0.0,Neutral,0.4366660714149475,Positive
2023-06-20,248.2,,0.0,Neutral,0.21833303570747375,Positive
2023-06-19,258.0,,0.0,Neutral,0.0,Neutral
2023-06-18,257.9,,0.0,Neutral,0.0,Neutral
2023-06-15,255.0,2023-06-15,0.4683806300163269,Positive,0.4683806300163269,Positive
2023-06-14,257.9,2023-06-14,0.4930647611618042,Positive,0.7272550761699677,Strongly Positive
2023-06-13,253.5,2023-06-13,0.7564454078674316,Strongly Positive,1.1200729459524155,Strongly Positive
2023-06-12,247.0,2023-06-12,0.7213075160980225,Strongly Positive,1.2227964103221893,Strongly Positive
2023-06-11,239.0,,0.0,Neutral,0.5497651100158691,Positive
2023-06-08,234.4,2023-06-08,0.7539471387863159,Strongly Positive,0.9342740178108215,Strongly Positive
2023-06-07,235.9,2023-06-07,0.4957673549652099,Positive,0.8727409243583679,Strongly Positive
2023-06-06,234.9,2023-06-06,0.7798135876655579,Strongly Positive,1.2161840498447418,Strongly Positive
2023-06-05,231.0,,0.0,Neutral,0.5138486325740814,Positive
2023-06-04,235.1,,0.0,Neutral,0.19495339691638947,Slightly Positive
2023-06-01,227.5,2023-06-01,0.4650955200195312,Positive,0.4650955200195312,Positive
2023-05-31,226.0,2023-05-31,0.9306153655052184,Strongly Positive,1.163163125514984,Strongly Positive
2023-05-30,229.0,,0.0,Neutral,0.581581562757492,Positive
2023-05-28,237.0,,0.0,Neutral,0.2326538413763046,Positive
2023-05-24,240.0,2023-05-24,0.6379044055938721,Strongly Positive,0.6379044055938721,Strongly Positive
2023-05-23,243.6,,0.0,Neutral,0.31895220279693604,Positive
2023-05-22,236.0,,0.0,Neutral,0.15947610139846802,Slightly Positive
2023-05-21,235.5,2023-05-21,0.2752208411693573,Positive,0.2752208411693573,Positive
2023-05-18,238.0,2023-05-18,-0.428337037563324,Negative,-0.2907266169786453,Negative
2023-05-17,230.0,2023-05-17,-0.1411273777484893,Slightly Negative,-0.28649068623781193,Negative
2023-05-16,228.0,,0.0,Neutral,-0.17764794826507563,Slightly Negative
2023-05-15,222.0,,0.0,Neutral,-0.035281844437122324,Neutral
2023-05-14,222.2,,0.0,Neutral,0.0,Neutral
2023-05-11,228.6,,0.0,Neutral,0.0,Neutral
2023-05-10,230.8,2023-05-10,0.3141437768936157,Positive,0.3141437768936157,Positive
2023-05-09,231.0,2023-05-09,0.6824951767921448,Strongly Positive,0.8395670652389526,Strongly Positive
2023-05-08,226.9,,0.0,Neutral,0.4197835326194763,Positive
2023-05-07,230.0,2023-05-07,-0.1594992876052856,Slightly Negative,0.011124506592750605,Neutral
2023-05-04,232.0,,0.0,Neutral,-0.0797496438026428,Slightly Negative
2023-05-03,232.0,2023-05-03,-0.3371529579162597,Negative,-0.3770277798175811,Negative
2023-05-02,237.0,,0.0,Neutral,-0.16857647895812986,Slightly Negative
2023-04-30,240.0,2023-04-30,0.5406634211540222,Positive,0.4563751816749573,Positive
2023-04-27,246.9,2023-04-27,0.3818577229976654,Positive,0.6521894335746765,Strongly Positive
2023-04-26,247.0,,0.0,Neutral,0.32609471678733826,Positive
2023-04-25,248.0,,0.0,Neutral,0.09546443074941635,Slightly Positive
2023-04-24,246.0,,0.0,Neutral,0.0,Neutral
2023-04-23,245.0,,0.0,Neutral,0.0,Neutral
2023-04-20,249.0,2023-04-20,0.1440556347370147,Slightly Positive,0.1440556347370147,Slightly Positive
2023-04-19,254.0,,0.0,Neutral,0.07202781736850734,Slightly Positive
2023-04-18,251.0,,0.0,Neutral,0.03601390868425367,Neutral
2023-04-17,253.7,,0.0,Neutral,0.0,Neutral
2023-04-16,256.5,,0.0,Neutral,0.0,Neutral
2023-04-13,257.0,,0.0,Neutral,0.0,Neutral
2023-04-12,264.0,,0.0,Neutral,0.0,Neutral
2023-04-11,251.5,,0.0,Neutral,0.0,Neutral
2023-04-10,245.9,,0.0,Neutral,0.0,Neutral
2023-04-09,245.0,,0.0,Neutral,0.0,Neutral
2023-04-06,250.6,,0.0,Neutral,0.0,Neutral
2023-04-05,251.9,,0.0,Neutral,0.0,Neutral
2023-04-04,250.0,,0.0,Neutral,0.0,Neutral
2023-04-03,250.9,,0.0,Neutral,0.0,Neutral
2023-04-02,254.9,,0.0,Neutral,0.0,Neutral
2023-03-30,257.0,,0.0,Neutral,0.0,Neutral
2023-03-29,260.1,,0.0,Neutral,0.0,Neutral
2023-03-28,262.5,,0.0,Neutral,0.0,Neutral
2023-03-27,261.0,,0.0,Neutral,0.0,Neutral
2023-03-26,257.5,,0.0,Neutral,0.0,Neutral
2023-03-23,259.0,2023-03-23,0.052819263190031,Slightly Positive,0.052819263190031,Slightly Positive
2023-03-22,262.0,,0.0,Neutral,0.0264096315950155,Neutral
2023-03-20,264.0,,0.0,Neutral,0.01320481579750775,Neutral
2023-03-19,257.1,,0.0,Neutral,0.0,Neutral
2023-03-16,258.6,,0.0,Neutral,0.0,Neutral
2023-03-15,255.9,,0.0,Neutral,0.0,Neutral
2023-03-14,257.1,,0.0,Neutral,0.0,Neutral
2023-03-13,256.9,,0.0,Neutral,0.0,Neutral
2023-03-12,260.0,,0.0,Neutral,0.0,Neutral
2023-03-09,262.0,,0.0,Neutral,0.0,Neutral
2023-03-07,250.9,,0.0,Neutral,0.0,Neutral
2023-03-05,245.0,,0.0,Neutral,0.0,Neutral
2023-03-02,252.7,,0.0,Neutral,0.0,Neutral
2023-03-01,257.9,,0.0,Neutral,0.0,Neutral
2023-02-28,261.0,,0.0,Neutral,0.0,Neutral
2023-02-27,258.2,,0.0,Neutral,0.0,Neutral
2023-02-26,261.0,,0.0,Neutral,0.0,Neutral
2023-02-23,261.0,,0.0,Neutral,0.0,Neutral
2023-02-22,267.0,,0.0,Neutral,0.0,Neutral
2023-02-20,257.0,,0.0,Neutral,0.0,Neutral
2023-02-16,264.0,,0.0,Neutral,0.0,Neutral
2023-02-15,286.0,,0.0,Neutral,0.0,Neutral
2023-02-14,286.9,,0.0,Neutral,0.0,Neutral
2023-02-12,290.0,,0.0,Neutral,0.0,Neutral
2023-02-09,302.0,,0.0,Neutral,0.0,Neutral
2023-02-08,297.1,,0.0,Neutral,0.0,Neutral
2023-02-07,296.0,,0.0,Neutral,0.0,Neutral
2023-02-06,277.5,,0.0,Neutral,0.0,Neutral
2023-02-05,280.0,,0.0,Neutral,0.0,Neutral
2023-02-02,278.0,2023-02-02,-0.6716222763061523,Strongly Negative,-0.6716222763061523,Strongly Negative
2023-02-01,286.0,,0.0,Neutral,-0.33581113815307617,Negative
2023-01-31,286.9,,0.0,Neutral,-0.16790556907653809,Slightly Negative
2023-01-30,287.0,,0.0,Neutral,0.0,Neutral
2023-01-29,291.0,2023-01-29,-0.4091926515102386,Negative,-0.4091926515102386,Negative
2023-01-26,294.0,2023-01-26,0.9144240617752076,Strongly Positive,0.7098277360200883,Strongly Positive
2023-01-25,293.0,,0.0,Neutral,0.35491386801004415,Positive
2023-01-24,293.0,,0.0,Neutral,0.2286060154438019,Positive
2023-01-23,292.5,,0.0,Neutral,0.0,Neutral
2023-01-19,302.9,,0.0,Neutral,0.0,Neutral
2023-01-18,307.0,,0.0,Neutral,0.0,Neutral
2023-01-17,297.5,2023-01-17,-0.623460054397583,Strongly Negative,-0.623460054397583,Strongly Negative
2023-01-12,273.0,2023-01-12,0.5015150904655457,Positive,0.18978506326675415,Slightly Positive
2023-01-10,276.0,2023-01-10,-0.2437212616205215,Negative,-0.14882872998714441,Slightly Negative
2023-01-09,279.0,,0.0,Neutral,0.0035181418061256686,Neutral
2023-01-08,268.0,,0.0,Neutral,-0.06093031540513037,Slightly Negative
2023-01-05,254.9,,0.0,Neutral,0.0,Neutral
2023-01-04,246.2,,0.0,Neutral,0.0,Neutral
2023-01-03,238.0,,0.0,Neutral,0.0,Neutral
2023-01-02,237.0,2023-01-02,-0.3848305940628052,Negative,-0.3848305940628052,Negative
2023-01-01,235.0,,0.0,Neutral,-0.1924152970314026,Slightly Negative
2022-12-29,232.1,,0.0,Neutral,-0.0962076485157013,Slightly Negative
2022-12-28,222.2,,0.0,Neutral,0.0,Neutral
2022-12-27,225.4,,0.0,Neutral,0.0,Neutral
2022-12-26,214.0,,0.0,Neutral,0.0,Neutral
2022-12-22,202.9,,0.0,Neutral,0.0,Neutral
2022-12-21,203.5,2022-12-21,0.6173017024993896,Strongly Positive,0.6173017024993896,Strongly Positive
2022-12-20,206.0,,0.0,Neutral,0.3086508512496948,Positive
2022-12-19,206.0,,0.0,Neutral,0.1543254256248474,Slightly Positive
2022-12-18,205.0,,0.0,Neutral,0.0,Neutral
2022-12-15,206.1,,0.0,Neutral,0.0,Neutral
2022-12-14,210.0,,0.0,Neutral,0.0,Neutral
2022-12-13,211.0,2022-12-13,0.7148497700691223,Strongly Positive,0.7148497700691223,Strongly Positive
2022-12-12,210.0,,0.0,Neutral,0.35742488503456116,Positive
2022-12-11,205.1,,0.0,Neutral,0.17871244251728058,Slightly Positive
2022-12-07,209.5,,0.0,Neutral,0.0,Neutral
2022-12-06,210.8,,0.0,Neutral,0.0,Neutral
2022-12-05,212.0,,0.0,Neutral,0.0,Neutral
2022-12-04,215.0,,0.0,Neutral,0.0,Neutral
2022-12-01,215.0,,0.0,Neutral,0.0,Neutral
2022-11-30,215.0,,0.0,Neutral,0.0,Neutral
2022-11-29,217.0,,0.0,Neutral,0.0,Neutral
2022-11-28,216.0,2022-11-28,0.1627677381038665,Slightly Positive,0.1627677381038665,Slightly Positive
2022-11-27,218.5,,0.0,Neutral,0.08138386905193325,Slightly Positive
2022-11-24,217.0,,0.0,Neutral,0.040691934525966623,Neutral
2022-11-23,215.0,,0.0,Neutral,0.0,Neutral
2022-11-22,219.0,,0.0,Neutral,0.0,Neutral
2022-11-17,219.5,,0.0,Neutral,0.0,Neutral
2022-11-16,213.0,,0.0,Neutral,0.0,Neutral
2022-11-15,211.0,2022-11-15,0.7105873227119446,Strongly Positive,0.7105873227119446,Strongly Positive
2022-11-14,215.0,2022-11-14,-0.6556950807571411,Strongly Negative,-0.3004014194011688,Negative
2022-11-13,209.6,,0.0,Neutral,-0.1502007097005844,Slightly Negative
2022-11-10,210.0,2022-11-10,0.6085646748542786,Strongly Positive,0.4446409046649933,Positive
2022-11-09,214.0,,0.0,Neutral,0.3042823374271393,Positive
2022-11-08,220.6,,0.0,Neutral,0.15214116871356964,Slightly Positive
2022-11-07,221.0,,0.0,Neutral,0.0,Neutral
2022-11-06,219.5,,0.0,Neutral,0.0,Neutral
2022-11-03,214.0,,0.0,Neutral,0.0,Neutral
2022-11-02,215.5,,0.0,Neutral,0.0,Neutral
2022-11-01,215.0,,0.0,Neutral,0.0,Neutral
2022-10-31,203.9,2022-10-31,0.1629264950752258,Slightly Positive,0.1629264950752258,Slightly Positive
2022-10-23,205.0,2022-10-23,-0.0040155053138732,Neutral,0.07744774222373971,Slightly Positive
2022-10-20,203.2,,0.0,Neutral,0.038723871111869854,Neutral
2022-10-19,203.5,2022-10-19,0.903040885925293,Strongly Positive,0.9020370095968246,Strongly Positive
2022-10-17,207.5,2022-10-17,0.71620774269104,Strongly Positive,1.1677281856536865,Strongly Positive
2022-10-16,210.0,,0.0,Neutral,0.5838640928268433,Positive
2022-10-13,212.6,2022-10-13,0.5541855245828629,Positive,0.7332374602556229,Strongly Positive
2022-10-12,214.0,,0.0,Neutral,0.2770927622914314,Positive
2022-10-11,210.0,,0.0,Neutral,0.1385463811457157,Slightly Positive
2022-10-10,212.3,,0.0,Neutral,0.0,Neutral
2022-10-09,218.2,,0.0,Neutral,0.0,Neutral
2022-09-29,208.0,2022-09-29,0.9351661205291748,Strongly Positive,0.9351661205291748,Strongly Positive
2022-09-28,206.0,,0.0,Neutral,0.4675830602645874,Positive
2022-09-27,207.3,,0.0,Neutral,0.2337915301322937,Positive
2022-09-25,204.0,,0.0,Neutral,0.0,Neutral
2022-09-22,210.3,2022-09-22,0.9082857966423036,Strongly Positive,0.9082857966423036,Strongly Positive
2022-09-21,212.6,2022-09-21,0.534334659576416,Positive,0.9884775578975677,Strongly Positive
2022-09-20,211.5,,0.0,Neutral,0.4942387789487839,Positive
2022-09-18,218.2,,0.0,Neutral,0.133583664894104,Slightly Positive
2022-09-16,223.3,,0.0,Neutral,0.0,Neutral
2022-09-15,229.0,,0.0,Neutral,0.0,Neutral
2022-09-14,241.9,,0.0,Neutral,0.0,Neutral
2022-09-13,231.2,,0.0,Neutral,0.0,Neutral
2022-09-12,229.0,,0.0,Neutral,0.0,Neutral
2022-09-11,232.8,,0.0,Neutral,0.0,Neutral
2022-09-08,238.4,,0.0,Neutral,0.0,Neutral
2022-09-07,234.0,2022-09-07,0.006325364112854,Neutral,0.006325364112854,Neutral
2022-09-06,237.1,,0.0,Neutral,0.003162682056427,Neutral
2022-09-05,247.0,,0.0,Neutral,0.0015813410282135,Neutral
2022-09-04,249.5,,0.0,Neutral,0.0,Neutral
2022-09-02,249.9,,0.0,Neutral,0.0,Neutral
2022-09-01,252.0,2022-09-01,-0.2566113471984863,Negative,-0.2566113471984863,Negative
2022-08-31,246.0,,0.0,Neutral,-0.12830567359924314,Slightly Negative
2022-08-30,252.0,2022-08-30,0.0258980691432952,Neutral,-0.03825476765632636,Neutral
2022-08-29,255.0,,0.0,Neutral,0.0129490345716476,Neutral
2022-08-28,253.0,,0.0,Neutral,0.0064745172858238,Neutral
2022-08-26,263.1,,0.0,Neutral,0.0,Neutral
2022-08-25,270.0,,0.0,Neutral,0.0,Neutral
2022-08-24,277.5,2022-08-24,0.6355215311050415,Strongly Positive,0.6355215311050415,Strongly Positive
2022-08-23,276.9,2022-08-23,0.894823431968689,Strongly Positive,1.2125841975212097,Strongly Positive
2022-08-22,275.0,,0.0,Neutral,0.6062920987606049,Strongly Positive
2022-08-21,275.0,,0.0,Neutral,0.22370585799217224,Positive
2022-08-18,273.0,,0.0,Neutral,0.0,Neutral
2022-08-17,261.0,,0.0,Neutral,0.0,Neutral
2022-08-16,259.0,,0.0,Neutral,0.0,Neutral
2022-08-15,267.0,,0.0,Neutral,0.0,Neutral
2022-08-14,253.5,,0.0,Neutral,0.0,Neutral
2022-08-11,258.1,2022-08-11,-0.061613380908966,Slightly Negative,-0.061613380908966,Slightly Negative
2022-08-10,266.0,,0.0,Neutral,-0.030806690454483,Neutral
2022-08-09,266.1,,0.0,Neutral,-0.0154033452272415,Neutral
2022-08-08,274.0,,0.0,Neutral,0.0,Neutral
2022-08-07,279.2,2022-08-07,0.0195572879165411,Neutral,0.0195572879165411,Neutral
2022-08-05,279.0,2022-08-05,0.2184320390224456,Positive,0.22821068298071615,Positive
2022-08-04,284.0,,0.0,Neutral,0.11410534149035807,Slightly Positive
2022-08-03,288.8,2022-08-03,0.7975225448608398,Strongly Positive,0.8521305546164513,Strongly Positive
2022-08-02,276.7,,0.0,Neutral,0.3987612724304199,Positive
2022-08-01,274.0,2022-08-01,-0.2906584739685058,Negative,-0.09127783775329584,Slightly Negative
2022-07-31,269.0,2022-07-31,-0.3070221543312073,Negative,-0.4523513913154602,Negative
2022-07-29,269.0,2022-07-29,-0.1990431249141693,Slightly Negative,-0.4252188205718994,Negative
2022-07-28,270.0,,0.0,Neutral,-0.17627710103988647,Slightly Negative
2022-07-27,266.0,,0.0,Neutral,-0.04976078122854233,Neutral
2022-07-26,257.0,,0.0,Neutral,0.0,Neutral
2022-07-25,264.0,,0.0,Neutral,0.0,Neutral
2022-07-24,251.5,,0.0,Neutral,0.0,Neutral
2022-07-22,242.1,,0.0,Neutral,0.0,Neutral
2022-07-21,248.0,,0.0,Neutral,0.0,Neutral
2022-07-20,250.0,,0.0,Neutral,0.0,Neutral
2022-07-19,253.0,,0.0,Neutral,0.0,Neutral
2022-07-18,254.0,,0.0,Neutral,0.0,Neutral
2022-07-17,241.5,,0.0,Neutral,0.0,Neutral
2022-07-15,244.5,2022-07-15,-0.1234379112720489,Slightly Negative,-0.1234379112720489,Slightly Negative
2022-07-14,250.0,,0.0,Neutral,-0.06171895563602445,Slightly Negative
2022-07-13,251.0,2022-07-13,0.9082242250442504,Strongly Positive,0.8773647472262381,Strongly Positive
2022-07-12,240.0,,0.0,Neutral,0.4541121125221252,Positive
2022-07-11,238.0,,0.0,Neutral,0.2270560562610626,Positive
2022-07-08,250.0,,0.0,Neutral,0.0,Neutral
2022-07-07,258.0,,0.0,Neutral,0.0,Neutral
2022-07-06,261.9,,0.0,Neutral,0.0,Neutral
2022-07-05,258.0,,0.0,Neutral,0.0,Neutral
2022-07-04,268.0,2022-07-04,-0.2904195189476013,Negative,-0.2904195189476013,Negative
2022-07-03,266.0,,0.0,Neutral,-0.14520975947380066,Slightly Negative
2022-07-01,254.0,,0.0,Neutral,-0.07260487973690033,Slightly Negative
2022-06-30,257.0,2022-06-30,-0.2598440945148468,Negative,-0.2598440945148468,Negative
2022-06-29,245.9,,0.0,Neutral,-0.1299220472574234,Slightly Negative
2022-06-28,236.0,2022-06-28,0.4208382070064544,Positive,0.3558771833777427,Positive
2022-06-27,241.0,,0.0,Neutral,0.2104191035032272,Positive
2022-06-26,250.0,2022-06-26,-0.4419355690479278,Negative,-0.3367260172963142,Negative
2022-06-24,230.0,2022-06-24,0.5870148539543152,Positive,0.36604706943035126,Positive
2022-06-23,229.4,,0.0,Neutral,0.18302353471517563,Slightly Positive
2022-06-22,239.0,,0.0,Neutral,0.1467537134885788,Slightly Positive
2022-06-21,248.8,,0.0,Neutral,0.0,Neutral
2022-06-20,238.0,2022-06-20,0.5693178772926331,Positive,0.5693178772926331,Positive
2022-06-19,247.0,,0.0,Neutral,0.28465893864631653,Positive
2022-06-17,256.1,,0.0,Neutral,0.14232946932315826,Slightly Positive
2022-06-16,260.0,2022-06-16,0.8982492685317993,Strongly Positive,0.8982492685317993,Strongly Positive
2022-06-15,255.8,,0.0,Neutral,0.44912463426589966,Positive
2022-06-14,263.0,,0.0,Neutral,0.22456231713294983,Positive
2022-06-13,268.9,,0.0,Neutral,0.0,Neutral
2022-06-10,271.1,,0.0,Neutral,0.0,Neutral
2022-06-09,273.5,,0.0,Neutral,0.0,Neutral
2022-06-08,277.0,,0.0,Neutral,0.0,Neutral
2022-06-07,261.5,2022-06-07,0.2998286485671997,Positive,0.2998286485671997,Positive
2022-06-06,270.0,2022-06-06,0.0207726825028657,Neutral,0.17068700678646556,Slightly Positive
2022-06-03,270.0,,0.0,Neutral,0.08534350339323278,Slightly Positive
2022-06-02,279.6,2022-06-02,0.8461382985115051,Strongly Positive,0.8513314691372216,Strongly Positive
2022-06-01,283.0,2022-06-01,0.3814393877983093,Positive,0.8045085370540619,Strongly Positive
2022-05-31,283.0,,0.0,Neutral,0.40225426852703094,Positive
2022-05-30,284.9,,0.0,Neutral,0.09535984694957733,Slightly Positive
2022-05-27,293.2,,0.0,Neutral,0.0,Neutral
2022-05-26,301.0,,0.0,Neutral,0.0,Neutral
2022-05-25,301.0,,0.0,Neutral,0.0,Neutral
2022-05-24,298.0,2022-05-24,0.0325568914413452,Neutral,0.0325568914413452,Neutral
2022-05-23,292.0,,0.0,Neutral,0.0162784457206726,Neutral
2022-05-20,299.0,,0.0,Neutral,0.0081392228603363,Neutral
2022-05-19,298.0,,0.0,Neutral,0.0,Neutral
2022-05-18,307.1,2022-05-18,0.2235666513442993,Positive,0.2235666513442993,Positive
2022-05-17,295.0,,0.0,Neutral,0.11178332567214964,Slightly Positive
2022-05-12,311.9,,0.0,Neutral,0.05589166283607482,Slightly Positive
2022-05-11,321.0,,0.0,Neutral,0.0,Neutral
2022-05-10,305.0,,0.0,Neutral,0.0,Neutral
2022-05-09,290.8,,0.0,Neutral,0.0,Neutral
2022-05-08,290.0,,0.0,Neutral,0.0,Neutral
2022-05-05,277.7,,0.0,Neutral,0.0,Neutral
2022-05-04,284.0,,0.0,Neutral,0.0,Neutral
2022-05-02,288.0,,0.0,Neutral,0.0,Neutral
2022-04-28,300.0,,0.0,Neutral,0.0,Neutral
2022-04-27,305.8,,0.0,Neutral,0.0,Neutral
2022-04-26,303.0,2022-04-26,0.0814896821975708,Slightly Positive,0.0814896821975708,Slightly Positive
2022-04-25,308.9,,0.0,Neutral,0.0407448410987854,Neutral
2022-04-24,309.5,2022-04-24,0.4896917045116424,Positive,0.5100641250610352,Positive
2022-04-21,282.0,2022-04-21,0.435576420277357,Positive,0.6804222725331782,Strongly Positive
2022-04-20,288.0,2022-04-20,0.1363096833229065,Slightly Positive,0.4765208195894956,Positive
2022-04-19,297.0,2022-04-19,0.9145817756652832,Strongly Positive,1.0916307223960757,Strongly Positive
2022-04-18,292.3,2022-04-18,0.6108980178833008,Strongly Positive,1.102266326546669,Strongly Positive
2022-04-17,304.0,,0.0,Neutral,0.5340944528579712,Positive
2022-04-13,310.5,,0.0,Neutral,0.1527245044708252,Slightly Positive
2022-04-12,307.0,2022-04-12,0.5773056745529175,Positive,0.5773056745529175,Positive
2022-04-11,315.1,2022-04-11,0.8681013584136963,Strongly Positive,1.156754195690155,Strongly Positive
2022-04-07,323.0,,0.0,Neutral,0.5783770978450775,Positive
2022-04-06,320.2,2022-04-06,0.3428605794906616,Positive,0.5598859190940857,Positive
2022-04-05,328.5,2022-04-05,0.651929497718811,Strongly Positive,0.8233597874641418,Strongly Positive
2022-04-04,338.7,,0.0,Neutral,0.4116798937320709,Positive
2022-04-03,343.0,2022-04-03,-0.0272224247455596,Neutral,0.13575994968414315,Slightly Positive
2022-03-31,354.0,,0.0,Neutral,-0.0136112123727798,Neutral
2022-03-30,365.0,,0.0,Neutral,-0.0068056061863899,Neutral
2022-03-29,358.3,2022-03-29,0.8759951591491699,Strongly Positive,0.8759951591491699,Strongly Positive
2022-03-28,368.0,2022-03-28,0.6411234736442566,Strongly Positive,1.0791210532188416,Strongly Positive
2022-03-27,466.9,,0.0,Neutral,0.5395605266094208,Positive
2022-03-24,483.4,,0.0,Neutral,0.16028086841106415,Slightly Positive
2022-03-23,492.0,2022-03-23,-0.0178897380828857,Neutral,-0.0178897380828857,Neutral
2022-03-22,493.0,,0.0,Neutral,-0.00894486904144285,Neutral
2022-03-21,500.0,,0.0,Neutral,-0.004472434520721425,Neutral
2022-03-20,491.0,2022-03-20,0.8301899433135986,Strongly Positive,0.8301899433135986,Strongly Positive
2022-03-16,488.0,,0.0,Neutral,0.4150949716567993,Positive
2022-03-15,494.5,,0.0,Neutral,0.20754748582839966,Positive
2022-03-14,506.0,2022-03-14,0.5405178843066096,Positive,0.5405178843066096,Positive
2022-03-13,510.0,,0.0,Neutral,0.2702589421533048,Positive
2022-03-10,513.0,,0.0,Neutral,0.1351294710766524,Slightly Positive
2022-03-09,485.0,2022-03-09,-0.5977263450622559,Negative,-0.5977263450622559,Negative
2022-03-07,479.0,,0.0,Neutral,-0.29886317253112793,Negative
2022-03-06,483.0,,0.0,Neutral,-0.14943158626556396,Slightly Negative
2022-03-02,480.9,,0.0,Neutral,0.0,Neutral
2022-02-28,498.9,2022-02-28,0.4970417022705078,Positive,0.4970417022705078,Positive
2022-02-27,512.1,,0.0,Neutral,0.2485208511352539,Positive
2022-02-24,511.0,2022-02-24,0.5140209197998047,Positive,0.6382813453674316,Strongly Positive
2022-02-23,520.5,,0.0,Neutral,0.25701045989990234,Positive
2022-02-22,525.0,,0.0,Neutral,0.12850522994995117,Slightly Positive
2022-02-21,524.0,2022-02-21,0.5519900321960449,Positive,0.5519900321960449,Positive
2022-02-20,512.5,,0.0,Neutral,0.27599501609802246,Positive
2022-02-17,520.1,,0.0,Neutral,0.13799750804901123,Slightly Positive
2022-02-16,523.0,2022-02-16,0.5795700550079346,Positive,0.5795700550079346,Positive
2022-02-15,534.0,2022-02-15,-0.3125604093074798,Negative,-0.022775381803512518,Neutral
2022-02-14,509.0,2022-02-14,-0.5765681266784668,Negative,-0.5879558175802231,Negative
2022-02-13,505.0,2022-02-13,0.4978555937608083,Positive,0.13143142809470493,Slightly Positive
2022-02-10,525.0,,0.0,Neutral,0.10478576521078745,Slightly Positive
2022-02-09,526.0,,0.0,Neutral,0.12446389844020207,Slightly Positive
2022-02-08,531.0,2022-02-08,-0.0566993355751037,Slightly Negative,-0.0566993355751037,Slightly Negative
2022-02-07,544.0,2022-02-07,0.5250307619571686,Positive,0.49668109416961675,Positive
2022-02-06,549.0,,0.0,Neutral,0.24834054708480838,Positive
2022-02-03,557.0,2022-02-03,0.908535659313202,Strongly Positive,1.039793349802494,Strongly Positive
2022-02-01,551.0,,0.0,Neutral,0.454267829656601,Positive
2022-01-31,534.0,,0.0,Neutral,0.2271339148283005,Positive
2022-01-30,546.0,,0.0,Neutral,0.0,Neutral
2022-01-27,517.0,,0.0,Neutral,0.0,Neutral
2022-01-26,512.0,2022-01-26,0.4082410056143999,Positive,0.4082410056143999,Positive
2022-01-25,520.0,,0.0,Neutral,0.20412050280719995,Positive
2022-01-24,523.0,,0.0,Neutral,0.10206025140359998,Slightly Positive
2022-01-23,543.0,,0.0,Neutral,0.0,Neutral
2022-01-20,550.0,,0.0,Neutral,0.0,Neutral
2022-01-19,544.0,2022-01-19,0.3360106647014618,Positive,0.3360106647014618,Positive
2022-01-18,554.0,2022-01-18,0.3734949231147766,Positive,0.5415002554655075,Positive
2022-01-17,556.0,2022-01-17,0.4422468543052673,Positive,0.7129969820380211,Strongly Positive
2022-01-16,535.0,,0.0,Neutral,0.3144971579313278,Positive
2022-01-13,526.0,,0.0,Neutral,0.11056171357631682,Slightly Positive
2022-01-12,510.0,2022-01-12,-0.4808397889137268,Negative,-0.4808397889137268,Negative
2022-01-11,510.9,,0.0,Neutral,-0.2404198944568634,Negative
2022-01-10,506.0,2022-01-10,0.519367516040802,Positive,0.3991575688123703,Positive
2022-01-09,516.1,2022-01-09,0.7907711267471313,Strongly Positive,1.0504548847675323,Strongly Positive
2022-01-06,491.0,,0.0,Neutral,0.5252274423837662,Positive
2022-01-05,477.0,,0.0,Neutral,0.19769278168678284,Slightly Positive
2022-01-04,475.0,2022-01-04,0.65803462266922,Strongly Positive,0.65803462266922,Strongly Positive
2022-01-03,469.0,2022-01-03,0.0013054907321929,Neutral,0.33032280206680287,Positive
2022-01-02,467.0,,0.0,Neutral,0.16516140103340143,Slightly Positive
2021-12-29,445.0,,0.0,Neutral,0.000326372683048225,Neutral
2021-12-28,433.0,,0.0,Neutral,0.0,Neutral
2021-12-27,428.0,2021-12-27,0.1544867753982544,Slightly Positive,0.1544867753982544,Slightly Positive
2021-12-26,443.0,,0.0,Neutral,0.0772433876991272,Slightly Positive
2021-12-23,444.9,,0.0,Neutral,0.0386216938495636,Neutral
2021-12-22,447.0,,0.0,Neutral,0.0,Neutral
2021-12-21,414.2,2021-12-21,-0.6907034516334534,Strongly Negative,-0.6907034516334534,Strongly Negative
2021-12-20,401.0,,0.0,Neutral,-0.3453517258167267,Negative
2021-12-16,404.0,2021-12-16,0.7056154310703278,Strongly Positive,0.5329395681619644,Positive
2021-12-15,422.1,2021-12-15,-0.3610247150063515,Negative,-0.008216999471187647,Neutral
2021-12-14,422.0,2021-12-14,0.0240390766412019,Neutral,0.019930576905608066,Neutral
2021-12-13,384.5,,0.0,Neutral,-0.07823664043098694,Slightly Negative
2021-12-12,402.8,,0.0,Neutral,0.006009769160300475,Neutral
2021-12-09,426.6,2021-12-09,0.7948119044303894,Strongly Positive,0.7948119044303894,Strongly Positive
2021-12-08,429.0,,0.0,Neutral,0.3974059522151947,Positive
2021-12-07,445.0,,0.0,Neutral,0.19870297610759735,Slightly Positive
2021-12-06,453.9,2021-12-06,-0.0454929023981094,Neutral,-0.0454929023981094,Neutral
2021-12-05,438.0,2021-12-05,-0.3157088458538055,Negative,-0.3384552970528602,Negative
2021-12-02,460.0,,0.0,Neutral,-0.1692276485264301,Slightly Negative
2021-12-01,475.4,,0.0,Neutral,-0.07892721146345137,Slightly Negative
2021-11-30,470.0,2021-11-30,0.0353909358382225,Neutral,0.0353909358382225,Neutral
2021-11-29,470.0,,0.0,Neutral,0.01769546791911125,Neutral
2021-11-28,470.9,,0.0,Neutral,0.008847733959555624,Neutral
2021-11-25,490.1,2021-11-25,-0.1864838898181915,Slightly Negative,-0.1864838898181915,Slightly Negative
2021-11-24,498.0,2021-11-24,-0.2785083949565887,Negative,-0.37175033986568445,Negative
2021-11-23,494.0,2021-11-23,0.6356387138366699,Strongly Positive,0.44976354390382767,Positive
2021-11-22,504.9,2021-11-22,0.0131739825010299,Neutral,0.2613662406802177,Positive
2021-11-21,506.0,,0.0,Neutral,0.16549666970968244,Slightly Positive
2021-11-18,503.4,,0.0,Neutral,0.003293495625257475,Neutral
2021-11-17,510.0,2021-11-17,0.6861373782157898,Strongly Positive,0.6861373782157898,Strongly Positive
2021-11-16,521.0,2021-11-16,0.8141272664070129,Strongly Positive,1.1571959555149078,Strongly Positive
2021-11-15,507.0,2021-11-15,0.4076647162437439,Positive,0.9862626940011978,Strongly Positive
2021-11-14,495.0,2021-11-14,0.0491418664654096,Neutral,0.45650604118903476,Positive
2021-11-11,489.0,2021-11-11,0.2226513624191284,Positive,0.34913847471276915,Positive
2021-11-09,510.0,,0.0,Neutral,0.12361114782591659,Slightly Positive
2021-11-08,534.0,2021-11-08,0.4568291008472442,Positive,0.5124919414520263,Positive
2021-11-03,530.0,2021-11-03,0.2788993418216705,Positive,0.5073138922452926,Positive
2021-11-02,504.0,,0.0,Neutral,0.2536569461226463,Positive
2021-11-01,492.0,2021-11-01,0.1046939715743064,Slightly Positive,0.174418807029724,Slightly Positive
2021-10-31,511.0,,0.0,Neutral,0.0523469857871532,Slightly Positive
2021-10-28,484.0,,0.0,Neutral,0.0261734928935766,Neutral
2021-10-27,467.0,,0.0,Neutral,0.0,Neutral
2021-10-26,467.0,,0.0,Neutral,0.0,Neutral
2021-10-25,460.0,,0.0,Neutral,0.0,Neutral
2021-10-24,432.0,,0.0,Neutral,0.0,Neutral
2021-10-21,417.0,2021-10-21,0.8713273406028748,Strongly Positive,0.8713273406028748,Strongly Positive
2021-10-20,413.0,2021-10-20,0.6123760342597961,Strongly Positive,1.0480397045612335,Strongly Positive
2021-10-19,393.0,,0.0,Neutral,0.5240198522806168,Positive
2021-10-18,412.9,2021-10-18,0.8018708229064941,Strongly Positive,0.9549648314714432,Strongly Positive
2021-10-17,428.0,2021-10-17,0.9213525056838988,Strongly Positive,1.322287917137146,Strongly Positive
2021-10-11,429.0,2021-10-11,0.857159435749054,Strongly Positive,1.518303394317627,Strongly Positive
2021-10-10,435.0,,0.0,Neutral,0.6589178442955017,Strongly Positive
2021-10-06,449.0,2021-10-06,0.9232880473136902,Strongly Positive,1.1375779062509537,Strongly Positive
2021-10-05,435.0,2021-10-05,0.4259742498397827,Positive,0.8876182734966278,Strongly Positive
2021-10-04,428.5,2021-10-04,-0.1786015033721923,Slightly Negative,0.26520763337612163,Positive
2021-10-03,434.0,,0.0,Neutral,0.01719281077384953,Neutral
2021-09-30,443.0,,0.0,Neutral,-0.044650375843048075,Neutral
2021-09-29,459.8,2021-09-29,0.9257281422615052,Strongly Positive,0.9257281422615052,Strongly Positive
2021-09-28,418.0,2021-09-28,0.261738121509552,Positive,0.7246021926403046,Strongly Positive
2021-09-27,447.0,,0.0,Neutral,0.3623010963201523,Positive
2021-09-26,463.0,,0.0,Neutral,0.065434530377388,Slightly Positive
2021-09-23,492.0,2021-09-23,-0.5558741092681885,Negative,-0.5558741092681885,Negative
2021-09-22,495.0,,0.0,Neutral,-0.27793705463409424,Negative
2021-09-21,464.0,,0.0,Neutral,-0.13896852731704712,Slightly Negative
2021-09-20,449.0,,0.0,Neutral,0.0,Neutral
2021-09-16,489.0,2021-09-16,0.5890231132507324,Positive,0.5890231132507324,Positive
2021-09-15,508.0,,0.0,Neutral,0.2945115566253662,Positive
2021-09-14,522.4,,0.0,Neutral,0.1472557783126831,Slightly Positive
2021-09-13,528.0,,0.0,Neutral,0.0,Neutral
2021-09-12,544.6,2021-09-12,0.4431141316890716,Positive,0.4431141316890716,Positive
2021-09-09,495.1,,0.0,Neutral,0.2215570658445358,Positive
2021-09-08,467.0,,0.0,Neutral,0.1107785329222679,Slightly Positive
2021-09-07,478.0,,0.0,Neutral,0.0,Neutral
2021-09-06,476.3,,0.0,Neutral,0.0,Neutral
2021-09-05,433.0,,0.0,Neutral,0.0,Neutral
2021-09-02,529.0,,0.0,Neutral,0.0,Neutral
2021-09-01,551.5,,0.0,Neutral,0.0,Neutral
2021-08-31,558.4,,0.0,Neutral,0.0,Neutral
2021-08-29,576.0,,0.0,Neutral,0.0,Neutral
2021-08-26,598.0,,0.0,Neutral,0.0,Neutral
2021-08-25,560.0,,0.0,Neutral,0.0,Neutral
2021-08-24,567.0,,0.0,Neutral,0.0,Neutral
2021-08-19,613.9,2021-08-19,0.5259397625923157,Positive,0.5259397625923157,Positive
2021-08-18,630.0,,0.0,Neutral,0.26296988129615784,Positive
2021-08-17,640.0,,0.0,Neutral,0.13148494064807892,Slightly Positive
2021-08-16,631.8,2021-08-16,0.146904706954956,Slightly Positive,0.146904706954956,Slightly Positive
2021-08-15,600.1,,0.0,Neutral,0.073452353477478,Slightly Positive
2021-08-12,626.0,,0.0,Neutral,0.036726176738739,Neutral
2021-08-11,634.0,,0.0,Neutral,0.0,Neutral
2021-08-10,612.0,,0.0,Neutral,0.0,Neutral
2021-08-09,631.0,,0.0,Neutral,0.0,Neutral
2021-08-08,607.2,,0.0,Neutral,0.0,Neutral
2021-08-05,552.0,,0.0,Neutral,0.0,Neutral
2021-08-04,564.3,2021-08-04,-0.4183864593505859,Negative,-0.4183864593505859,Negative
2021-08-03,513.0,,0.0,Neutral,-0.20919322967529294,Negative
2021-08-02,472.0,,0.0,Neutral,-0.10459661483764647,Slightly Negative
2021-08-01,475.0,,0.0,Neutral,0.0,Neutral
2021-07-29,464.9,,0.0,Neutral,0.0,Neutral
2021-07-28,468.0,,0.0,Neutral,0.0,Neutral
2021-07-27,479.0,,0.0,Neutral,0.0,Neutral
2021-07-26,444.0,,0.0,Neutral,0.0,Neutral
2021-07-25,432.0,2021-07-25,-0.1586503386497497,Slightly Negative,-0.1586503386497497,Slightly Negative
2021-07-22,425.0,,0.0,Neutral,-0.07932516932487485,Slightly Negative
2021-07-20,429.0,,0.0,Neutral,-0.039662584662437425,Neutral
2021-07-19,419.1,,0.0,Neutral,0.0,Neutral
2021-07-18,410.0,,0.0,Neutral,0.0,Neutral
2021-07-15,403.0,2021-07-15,0.2684071958065033,Positive,0.2684071958065033,Positive
2021-07-14,393.0,,0.0,Neutral,0.13420359790325165,Slightly Positive
2021-07-13,388.0,,0.0,Neutral,0.06710179895162582,Slightly Positive
2021-07-12,384.0,,0.0,Neutral,0.0,Neutral
2021-07-11,395.0,2021-07-11,0.7197643518447876,Strongly Positive,0.7197643518447876,Strongly Positive
2021-07-08,365.0,,0.0,Neutral,0.3598821759223938,Positive
2021-07-07,360.0,2021-07-07,0.0943080335855484,Slightly Positive,0.2742491215467453,Positive
2021-07-06,368.0,,0.0,Neutral,0.0471540167927742,Neutral
2021-07-05,369.0,,0.0,Neutral,0.0235770083963871,Neutral
2021-07-04,378.0,,0.0,Neutral,0.0,Neutral
2021-07-01,389.0,,0.0,Neutral,0.0,Neutral
2021-06-30,374.0,2021-06-30,0.864063024520874,Strongly Positive,0.864063024520874,Strongly Positive
2021-06-29,372.0,,0.0,Neutral,0.432031512260437,Positive
2021-06-28,387.0,,0.0,Neutral,0.2160157561302185,Positive
2021-06-27,395.0,,0.0,Neutral,0.0,Neutral
2021-06-24,402.0,,0.0,Neutral,0.0,Neutral
2021-06-23,409.0,,0.0,Neutral,0.0,Neutral
2021-06-22,427.0,,0.0,Neutral,0.0,Neutral
2021-06-21,390.0,,0.0,Neutral,0.0,Neutral
2021-06-20,418.0,,0.0,Neutral,0.0,Neutral
2021-06-17,430.0,,0.0,Neutral,0.0,Neutral
2021-06-16,423.0,,0.0,Neutral,0.0,Neutral
2021-06-15,449.0,,0.0,Neutral,0.0,Neutral
2021-06-14,475.0,2021-06-14,0.6951586504777273,Strongly Positive,0.6951586504777273,Strongly Positive
2021-06-13,443.0,,0.0,Neutral,0.34757932523886365,Positive
2021-06-10,411.0,,0.0,Neutral,0.17378966261943182,Slightly Positive
2021-06-09,381.0,,0.0,Neutral,0.0,Neutral
2021-06-08,375.0,,0.0,Neutral,0.0,Neutral
2021-06-07,374.0,,0.0,Neutral,0.0,Neutral
2021-06-06,349.0,,0.0,Neutral,0.0,Neutral
2021-06-03,361.0,,0.0,Neutral,0.0,Neutral
2021-06-02,376.0,,0.0,Neutral,0.0,Neutral
2021-06-01,364.0,,0.0,Neutral,0.0,Neutral
2021-05-31,364.0,,0.0,Neutral,0.0,Neutral
2021-05-30,391.0,,0.0,Neutral,0.0,Neutral
2021-05-27,376.0,2021-05-27,0.2186865657567978,Positive,0.2186865657567978,Positive
2021-05-25,342.0,2021-05-25,0.655621349811554,Strongly Positive,0.7649646326899529,Strongly Positive
2021-05-24,326.0,,0.0,Neutral,0.3824823163449764,Positive
2021-05-23,325.0,,0.0,Neutral,0.1639053374528885,Slightly Positive
2021-05-20,323.0,,0.0,Neutral,0.0,Neutral
2021-05-19,327.0,,0.0,Neutral,0.0,Neutral
2021-05-18,340.0,,0.0,Neutral,0.0,Neutral
2021-05-17,315.0,,0.0,Neutral,0.0,Neutral
2021-05-16,309.0,2021-05-16,0.8713140487670898,Strongly Positive,0.8713140487670898,Strongly Positive
2021-05-13,313.0,,0.0,Neutral,0.4356570243835449,Positive
2021-05-12,314.0,,0.0,Neutral,0.21782851219177246,Positive
2021-05-11,353.0,,0.0,Neutral,0.0,Neutral
2021-05-10,350.0,,0.0,Neutral,0.0,Neutral
2021-05-09,349.0,,0.0,Neutral,0.0,Neutral
2021-05-06,359.0,,0.0,Neutral,0.0,Neutral
2021-05-05,367.0,,0.0,Neutral,0.0,Neutral
2021-05-04,364.0,,0.0,Neutral,0.0,Neutral
2021-05-03,369.0,,0.0,Neutral,0.0,Neutral
2021-05-02,361.0,2021-05-02,0.1060797721147537,Slightly Positive,0.1060797721147537,Slightly Positive
2021-04-29,355.0,2021-04-29,-0.3356136381626129,Negative,-0.28257375210523605,Negative
2021-04-28,354.0,2021-04-28,0.0036563519388437,Neutral,-0.13763052411377433,Slightly Negative
2021-04-27,361.0,,0.0,Neutral,-0.08207523357123138,Slightly Negative
2021-04-26,333.0,,0.0,Neutral,0.000914087984710925,Neutral
2021-04-25,347.0,,0.0,Neutral,0.0,Neutral
2021-04-22,363.0,,0.0,Neutral,0.0,Neutral
2021-04-21,365.0,2021-04-21,-0.5364495515823364,Negative,-0.5364495515823364,Negative
2021-04-20,352.0,2021-04-20,-0.8707112669944763,Strongly Negative,-1.1389360427856445,Strongly Negative
2021-04-19,345.0,,0.0,Neutral,-0.5694680213928223,Negative
2021-04-18,350.0,2021-04-18,-0.4178709387779236,Negative,-0.6355487555265427,Strongly Negative
2021-04-15,350.0,,0.0,Neutral,-0.2089354693889618,Negative
2021-04-13,344.0,2021-04-13,-0.5402607917785645,Negative,-0.6447285264730453,Strongly Negative
2021-04-12,328.0,,0.0,Neutral,-0.2701303958892822,Negative
2021-04-08,329.0,,0.0,Neutral,-0.1350651979446411,Slightly Negative
2021-04-07,330.0,,0.0,Neutral,0.0,Neutral
2021-04-06,334.0,,0.0,Neutral,0.0,Neutral
2021-04-05,328.0,2021-04-05,-0.4910283088684082,Negative,-0.4910283088684082,Negative
2021-04-04,333.0,,0.0,Neutral,-0.2455141544342041,Negative
2021-04-01,340.0,2021-04-01,0.1322474330663681,Slightly Positive,0.009490355849266052,Neutral
2021-03-31,321.0,,0.0,Neutral,0.06612371653318405,Slightly Positive
2021-03-30,315.0,,0.0,Neutral,0.033061858266592026,Neutral
2021-03-29,312.0,2021-03-29,0.849197268486023,Strongly Positive,0.849197268486023,Strongly Positive
2021-03-25,316.0,,0.0,Neutral,0.4245986342430115,Positive
2021-03-24,322.0,2021-03-24,-0.4105883538722992,Negative,-0.19828903675079346,Slightly Negative
2021-03-23,307.0,2021-03-23,0.8062120676040649,Strongly Positive,0.6009178906679153,Strongly Positive
2021-03-22,296.0,2021-03-22,-0.3435660600662231,Negative,-0.04310711473226542,Neutral
2021-03-21,297.0,,0.0,Neutral,0.02976998686790469,Neutral
2021-03-18,296.0,,0.0,Neutral,-0.08589151501655577,Slightly Negative
2021-03-17,296.0,,0.0,Neutral,0.0,Neutral
2021-03-16,296.0,,0.0,Neutral,0.0,Neutral
2021-03-15,296.0,,0.0,Neutral,0.0,Neutral
2021-03-14,300.0,2021-03-14,0.3672319650650024,Positive,0.3672319650650024,Positive
2021-03-10,300.0,,0.0,Neutral,0.1836159825325012,Slightly Positive
2021-03-09,290.0,,0.0,Neutral,0.0918079912662506,Slightly Positive
2021-03-07,286.0,2021-03-07,0.8898645639419556,Strongly Positive,0.8898645639419556,Strongly Positive
2021-03-04,294.0,,0.0,Neutral,0.4449322819709778,Positive
2021-03-03,285.0,,0.0,Neutral,0.2224661409854889,Positive
2021-03-02,288.0,2021-03-02,-0.438233733177185,Negative,-0.438233733177185,Negative
2021-03-01,301.0,,0.0,Neutral,-0.2191168665885925,Negative
2021-02-28,292.0,,0.0,Neutral,-0.10955843329429625,Slightly Negative
2021-02-25,311.0,,0.0,Neutral,0.0,Neutral
2021-02-24,315.0,2021-02-24,-0.4131810963153839,Negative,-0.4131810963153839,Negative
2021-02-23,326.0,,0.0,Neutral,-0.20659054815769196,Negative
2021-02-22,297.0,,0.0,Neutral,-0.10329527407884598,Slightly Negative
2021-02-21,293.0,2021-02-21,-0.5976194143295288,Negative,-0.5976194143295288,Negative
2021-02-18,283.0,,0.0,Neutral,-0.2988097071647644,Negative
2021-02-17,286.0,,0.0,Neutral,-0.1494048535823822,Slightly Negative
2021-02-16,288.0,,0.0,Neutral,0.0,Neutral
2021-02-15,292.0,,0.0,Neutral,0.0,Neutral
2021-02-14,280.0,,0.0,Neutral,0.0,Neutral
2021-02-11,282.0,,0.0,Neutral,0.0,Neutral
2021-02-10,285.0,2021-02-10,0.4726470112800598,Positive,0.4726470112800598,Positive
2021-02-09,288.0,2021-02-09,-0.5642222166061401,Negative,-0.32789871096611023,Negative
2021-02-08,294.0,2021-02-08,-0.4620852768421173,Negative,-0.6260346323251724,Strongly Negative
2021-02-07,299.0,,0.0,Neutral,-0.3720981925725937,Negative
2021-02-04,292.0,2021-02-04,-0.4566866755485534,Negative,-0.5722079947590828,Negative
2021-02-03,285.0,,0.0,Neutral,-0.2283433377742767,Negative
2021-02-02,277.0,,0.0,Neutral,-0.11417166888713835,Slightly Negative
2021-02-01,276.0,,0.0,Neutral,0.0,Neutral
2021-01-31,272.0,2021-01-31,0.0300732478499412,Neutral,0.0300732478499412,Neutral
2021-01-28,282.0,2021-01-28,0.7391324043273926,Strongly Positive,0.7541690282523632,Strongly Positive
2021-01-27,286.0,2021-01-27,0.9172951579093932,Strongly Positive,1.294379672035575,Strongly Positive
2021-01-26,288.0,2021-01-26,-0.5346378684043884,Negative,0.10879281163215632,Slightly Positive
2021-01-25,286.0,,0.0,Neutral,-0.037995144724845914,Neutral
2021-01-24,295.0,,0.0,Neutral,-0.1336594671010971,Slightly Negative
2021-01-21,287.0,2021-01-21,-0.8496271967887878,Strongly Negative,-0.8496271967887878,Strongly Negative
2021-01-20,265.0,,0.0,Neutral,-0.4248135983943939,Negative
2021-01-19,259.0,,0.0,Neutral,-0.21240679919719696,Negative
2021-01-18,260.0,,0.0,Neutral,0.0,Neutral
2021-01-17,264.0,2021-01-17,0.3041101396083832,Positive,0.3041101396083832,Positive
2021-01-13,265.0,2021-01-13,0.4864499568939209,Positive,0.6385050266981125,Strongly Positive
2021-01-12,256.0,,0.0,Neutral,0.31925251334905624,Positive
2021-01-11,254.0,2021-01-11,-0.3791023790836334,Negative,-0.2574898898601532,Negative
2021-01-10,254.0,2021-01-10,-0.4561843276023865,Negative,-0.6457355171442032,Strongly Negative
2021-01-07,254.0,2021-01-07,0.698971003293991,Strongly Positive,0.3761032447218894,Positive
2021-01-06,256.0,,0.0,Neutral,0.23543941974639887,Positive
2021-01-05,263.0,,0.0,Neutral,0.17474275082349774,Slightly Positive
2021-01-04,247.0,,0.0,Neutral,0.0,Neutral
2021-01-03,245.0,2021-01-03,-0.3271416127681732,Negative,-0.3271416127681732,Negative
2020-12-31,241.0,,0.0,Neutral,-0.1635708063840866,Slightly Negative
2020-12-30,238.0,2020-12-30,-0.4411584436893463,Negative,-0.5229438468813896,Negative
2020-12-29,240.0,,0.0,Neutral,-0.22057922184467316,Negative
2020-12-28,238.0,,0.0,Neutral,-0.11028961092233658,Slightly Negative
2020-12-27,230.0,,0.0,Neutral,0.0,Neutral
2020-12-24,234.0,2020-12-24,0.512558102607727,Positive,0.512558102607727,Positive
2020-12-23,233.0,,0.0,Neutral,0.2562790513038635,Positive
2020-12-22,242.0,,0.0,Neutral,0.12813952565193176,Slightly Positive
2020-12-21,233.0,2020-12-21,-0.5311627984046936,Negative,-0.5311627984046936,Negative
2020-12-20,232.0,,0.0,Neutral,-0.2655813992023468,Negative
2020-12-17,244.0,2020-12-17,0.6602139472961426,Strongly Positive,0.5274232476949692,Positive
2020-12-16,245.0,2020-12-16,0.6675947904586792,Strongly Positive,0.9977017641067505,Strongly Positive
2020-12-15,248.0,,0.0,Neutral,0.49885088205337524,Positive
2020-12-14,248.0,,0.0,Neutral,0.1668986976146698,Slightly Positive
2020-12-13,252.0,,0.0,Neutral,0.0,Neutral
2020-12-10,253.0,,0.0,Neutral,0.0,Neutral
2020-12-09,257.0,2020-12-09,0.1103778183460235,Slightly Positive,0.1103778183460235,Slightly Positive
2020-12-08,260.0,,0.0,Neutral,0.05518890917301175,Slightly Positive
2020-12-07,244.0,2020-12-07,0.6842315196990967,Strongly Positive,0.7118259742856026,Strongly Positive
2020-12-06,241.0,,0.0,Neutral,0.34211575984954834,Positive
2020-12-03,253.0,,0.0,Neutral,0.17105787992477417,Slightly Positive
2020-12-02,257.0,,0.0,Neutral,0.0,Neutral
2020-12-01,261.0,,0.0,Neutral,0.0,Neutral
2020-11-30,265.0,,0.0,Neutral,0.0,Neutral
2020-11-29,254.0,,0.0,Neutral,0.0,Neutral
2020-11-26,255.0,,0.0,Neutral,0.0,Neutral
2020-11-25,259.0,2020-11-25,0.8829460740089417,Strongly Positive,0.8829460740089417,Strongly Positive
2020-11-24,256.0,,0.0,Neutral,0.4414730370044708,Positive
2020-11-23,261.0,,0.0,Neutral,0.2207365185022354,Positive
2020-11-22,256.0,,0.0,Neutral,0.0,Neutral
2020-11-19,262.0,,0.0,Neutral,0.0,Neutral
2020-11-18,255.0,2020-11-18,0.1508250832557678,Slightly Positive,0.1508250832557678,Slightly Positive
2020-11-12,279.0,,0.0,Neutral,0.0754125416278839,Slightly Positive
2020-11-11,279.0,,0.0,Neutral,0.03770627081394195,Neutral
2020-11-10,273.0,2020-11-10,0.0448877215385437,Neutral,0.0448877215385437,Neutral
2020-11-09,275.0,,0.0,Neutral,0.02244386076927185,Neutral
2020-11-08,275.0,,0.0,Neutral,0.011221930384635925,Neutral
2020-11-05,264.0,2020-11-05,0.9027197360992432,Strongly Positive,0.9027197360992432,Strongly Positive
2020-11-04,245.0,,0.0,Neutral,0.4513598680496216,Positive
2020-11-03,237.0,,0.0,Neutral,0.2256799340248108,Positive
2020-11-02,238.0,,0.0,Neutral,0.0,Neutral
2020-11-01,240.0,,0.0,Neutral,0.0,Neutral
2020-10-29,227.0,,0.0,Neutral,0.0,Neutral
2020-10-28,227.0,,0.0,Neutral,0.0,Neutral
2020-10-22,224.0,,0.0,Neutral,0.0,Neutral
2020-10-21,215.0,2020-10-21,0.8985637426376343,Strongly Positive,0.8985637426376343,Strongly Positive
2020-10-20,220.0,,0.0,Neutral,0.44928187131881714,Positive
2020-10-19,205.0,2020-10-19,0.906398057937622,Strongly Positive,1.1310389935970306,Strongly Positive
2020-10-18,187.0,2020-10-18,0.8729951977729797,Strongly Positive,1.3261942267417908,Strongly Positive
2020-10-15,193.0,2020-10-15,0.6376285552978516,Strongly Positive,1.300725668668747,Strongly Positive
2020-10-14,191.0,,0.0,Neutral,0.5370630770921707,Positive
2020-10-13,203.0,,0.0,Neutral,0.1594071388244629,Slightly Positive
2020-10-12,209.0,,0.0,Neutral,0.0,Neutral
2020-10-11,208.0,,0.0,Neutral,0.0,Neutral
2020-10-08,224.0,,0.0,Neutral,0.0,Neutral
2020-10-07,238.0,,0.0,Neutral,0.0,Neutral
2020-10-06,217.0,,0.0,Neutral,0.0,Neutral
2020-10-05,201.0,,0.0,Neutral,0.0,Neutral
2020-10-04,189.0,,0.0,Neutral,0.0,Neutral
2020-10-01,194.0,,0.0,Neutral,0.0,Neutral
2020-09-30,200.0,,0.0,Neutral,0.0,Neutral
2020-09-29,194.0,,0.0,Neutral,0.0,Neutral
2020-09-28,190.0,,0.0,Neutral,0.0,Neutral
2020-09-27,185.0,,0.0,Neutral,0.0,Neutral
2020-09-24,180.0,,0.0,Neutral,0.0,Neutral
2020-09-23,164.0,,0.0,Neutral,0.0,Neutral
2020-09-22,156.0,,0.0,Neutral,0.0,Neutral
2020-09-21,159.0,,0.0,Neutral,0.0,Neutral
2020-09-20,157.0,,0.0,Neutral,0.0,Neutral
2020-09-17,171.0,,0.0,Neutral,0.0,Neutral
2020-09-16,156.0,2020-09-16,0.859821081161499,Strongly Positive,0.859821081161499,Strongly Positive
2020-09-15,144.0,2020-09-15,0.88677579164505,Strongly Positive,1.3166863322257996,Strongly Positive
2020-09-14,143.0,,0.0,Neutral,0.6583431661128998,Strongly Positive
2020-09-13,138.0,,0.0,Neutral,0.2216939479112625,Positive
2020-09-10,129.0,,0.0,Neutral,0.0,Neutral
2020-09-09,128.0,,0.0,Neutral,0.0,Neutral
2020-09-08,130.0,,0.0,Neutral,0.0,Neutral
2020-09-07,128.0,,0.0,Neutral,0.0,Neutral
2020-09-06,132.0,,0.0,Neutral,0.0,Neutral
2020-09-03,127.0,,0.0,Neutral,0.0,Neutral
2020-09-02,132.0,,0.0,Neutral,0.0,Neutral
2020-08-31,120.0,,0.0,Neutral,0.0,Neutral
2020-08-30,114.0,,0.0,Neutral,0.0,Neutral
2020-08-27,110.0,,0.0,Neutral,0.0,Neutral
2020-08-26,110.0,2020-08-26,0.4787486214190721,Positive,0.4787486214190721,Positive
2020-08-25,108.0,,0.0,Neutral,0.23937431070953605,Positive
2020-08-24,109.0,,0.0,Neutral,0.11968715535476802,Slightly Positive
2020-08-23,109.0,,0.0,Neutral,0.0,Neutral
2020-08-20,110.0,2020-08-20,0.3619968295097351,Positive,0.3619968295097351,Positive
2020-08-19,108.0,,0.0,Neutral,0.18099841475486755,Slightly Positive
2020-08-18,110.0,,0.0,Neutral,0.09049920737743378,Slightly Positive
2020-08-17,110.0,,0.0,Neutral,0.0,Neutral
2020-08-16,112.0,2020-08-16,0.0681280344724655,Slightly Positive,0.0681280344724655,Slightly Positive
2020-08-13,108.0,2020-08-13,-0.0032728966325521,Neutral,0.030791120603680652,Neutral
2020-08-12,106.0,,0.0,Neutral,0.015395560301840326,Neutral
2020-08-11,108.0,,0.0,Neutral,-0.000818224158138025,Neutral
2020-08-10,108.0,,0.0,Neutral,0.0,Neutral
2020-08-09,107.0,,0.0,Neutral,0.0,Neutral
2020-08-06,108.0,,0.0,Neutral,0.0,Neutral
2020-08-05,114.0,,0.0,Neutral,0.0,Neutral
2020-08-03,107.0,,0.0,Neutral,0.0,Neutral
2020-08-02,107.0,,0.0,Neutral,0.0,Neutral
2020-07-30,110.0,,0.0,Neutral,0.0,Neutral
2020-07-29,108.0,2020-07-29,0.8600679636001587,Strongly Positive,0.8600679636001587,Strongly Positive
2020-07-28,109.0,,0.0,Neutral,0.43003398180007935,Positive
2020-07-27,107.0,,0.0,Neutral,0.21501699090003967,Positive
2020-07-26,111.0,,0.0,Neutral,0.0,Neutral
2020-07-23,111.0,,0.0,Neutral,0.0,Neutral
2020-07-22,113.0,2020-07-22,0.5365362167358398,Positive,0.5365362167358398,Positive
2020-07-21,112.0,,0.0,Neutral,0.2682681083679199,Positive
2020-07-20,112.0,,0.0,Neutral,0.13413405418395996,Slightly Positive
2020-07-19,117.0,,0.0,Neutral,0.0,Neutral
2020-07-16,113.0,,0.0,Neutral,0.0,Neutral
2020-07-15,108.0,,0.0,Neutral,0.0,Neutral
2020-07-14,107.0,,0.0,Neutral,0.0,Neutral
2020-07-13,107.0,,0.0,Neutral,0.0,Neutral
2020-07-12,106.0,,0.0,Neutral,0.0,Neutral
2020-07-09,107.0,2020-07-09,0.8973246514797211,Strongly Positive,0.8973246514797211,Strongly Positive
2020-07-08,108.0,,0.0,Neutral,0.44866232573986053,Positive
2020-07-07,110.0,,0.0,Neutral,0.22433116286993027,Positive
2020-07-06,109.0,,0.0,Neutral,0.0,Neutral
2020-07-05,107.0,2020-07-05,0.2238288819789886,Positive,0.2238288819789886,Positive
2020-07-02,117.0,,0.0,Neutral,0.1119144409894943,Slightly Positive
2020-07-01,119.0,2020-07-01,-0.564888060092926,Negative,-0.5089308395981789,Negative
2020-06-30,111.0,2020-06-30,0.916642129421234,Strongly Positive,0.634198099374771,Strongly Positive
2020-06-29,105.0,,0.0,Neutral,0.3170990496873855,Positive
2020-03-22,116.0,2020-03-22,0.5310344099998474,Positive,0.760194942355156,Strongly Positive
2020-03-19,108.0,,0.0,Neutral,0.2655172049999237,Positive
2020-03-18,108.0,,0.0,Neutral,0.13275860249996185,Slightly Positive
2020-03-17,106.0,2020-03-17,0.8020090460777283,Strongly Positive,0.8020090460777283,Strongly Positive
2020-03-16,108.0,2020-03-16,0.6043878793716431,Strongly Positive,1.0053924024105072,Strongly Positive
2020-03-15,110.0,2020-03-15,0.8521060943603516,Strongly Positive,1.3548022955656052,Strongly Positive
2020-03-12,127.0,,0.0,Neutral,0.5771500170230865,Positive
2020-03-11,135.0,2020-03-11,0.6391243934631348,Strongly Positive,0.8521509170532227,Strongly Positive
2020-03-10,126.0,2020-03-10,-0.6497147083282471,Strongly Negative,-0.3301525115966797,Negative
2020-03-05,131.0,2020-03-05,0.7326845228672028,Strongly Positive,0.5676082670688629,Positive
2020-03-04,133.0,2020-03-04,-0.0493215024471282,Neutral,0.15459208190441143,Slightly Positive
2020-03-03,139.0,2020-03-03,0.9211212992668152,Strongly Positive,1.0796316787600517,Strongly Positive
2020-03-02,136.0,2020-03-02,0.7860763669013977,Strongly Positive,1.2343066409230232,Strongly Positive
2020-03-01,144.0,,0.0,Neutral,0.6233185082674026,Strongly Positive
2020-02-27,151.0,2020-02-27,0.4762963950634002,Positive,0.6728154867887497,Strongly Positive
2020-02-26,154.0,2020-02-26,-0.5152184963226318,Negative,-0.2770702987909317,Negative
2020-02-25,148.0,2020-02-25,0.9188093543052672,Strongly Positive,0.7802742049098014,Strongly Positive
2020-02-24,135.0,2020-02-24,0.0043060332536697,Neutral,0.33490608632564534,Positive
2020-02-23,140.0,2020-02-23,0.0224795639514923,Neutral,0.25433491915464396,Positive
2020-02-20,136.0,2020-02-20,0.7416114807128906,Strongly Positive,0.7539277710020542,Strongly Positive
2020-02-19,138.0,2020-02-19,0.5676307678222656,Positive,0.944056399166584,Strongly Positive
2020-02-18,139.0,,0.0,Neutral,0.46921825408935547,Positive
2020-02-17,141.0,2020-02-17,0.7569572925567627,Strongly Positive,0.8988649845123291,Strongly Positive
2020-02-16,136.0,2020-02-16,0.3593215346336365,Positive,0.7378001809120178,Strongly Positive
2020-02-13,135.0,2020-02-13,-0.1728152632713318,Slightly Negative,0.19608482718467712,Slightly Positive
2020-02-12,133.0,,0.0,Neutral,0.003422752022743225,Neutral
2020-02-11,132.0,2020-02-11,-0.6466630697250366,Strongly Negative,-0.6898668855428696,Strongly Negative
2020-02-10,126.0,,0.0,Neutral,-0.3233315348625183,Negative
2020-02-09,126.0,,0.0,Neutral,-0.16166576743125916,Slightly Negative
2020-02-06,126.0,,0.0,Neutral,0.0,Neutral
2020-02-05,127.0,2020-02-05,0.879252552986145,Strongly Positive,0.879252552986145,Strongly Positive
2020-02-04,125.0,,0.0,Neutral,0.4396262764930725,Positive
2020-02-03,123.0,,0.0,Neutral,0.21981313824653625,Positive
2020-02-02,120.0,,0.0,Neutral,0.0,Neutral
2020-01-30,119.0,,0.0,Neutral,0.0,Neutral
2020-01-29,117.0,,0.0,Neutral,0.0,Neutral
2020-01-28,118.0,2020-01-28,0.283295214176178,Positive,0.283295214176178,Positive
2020-01-27,118.0,,0.0,Neutral,0.141647607088089,Slightly Positive
2020-01-26,117.0,2020-01-26,0.8893269896507263,Strongly Positive,0.9601507931947708,Strongly Positive
2020-01-23,119.0,,0.0,Neutral,0.44466349482536316,Positive
2020-01-22,124.0,,0.0,Neutral,0.22233174741268158,Positive
2020-01-21,127.0,,0.0,Neutral,0.0,Neutral
2020-01-20,128.0,2020-01-20,-0.2280759774148464,Negative,-0.2280759774148464,Negative
2020-01-19,132.0,,0.0,Neutral,-0.1140379887074232,Slightly Negative
2020-01-16,128.0,,0.0,Neutral,-0.0570189943537116,Slightly Negative
2020-01-15,128.0,,0.0,Neutral,0.0,Neutral
2020-01-14,124.0,2020-01-14,0.5020753741264343,Positive,0.5020753741264343,Positive
2020-01-13,124.0,,0.0,Neutral,0.25103768706321716,Positive
2020-01-12,120.0,,0.0,Neutral,0.12551884353160858,Slightly Positive
2020-01-09,112.0,,0.0,Neutral,0.0,Neutral
2020-01-08,113.0,,0.0,Neutral,0.0,Neutral
2020-01-07,113.0,,0.0,Neutral,0.0,Neutral
2020-01-06,111.0,,0.0,Neutral,0.0,Neutral
2020-01-05,109.0,2020-01-05,0.5616716295480728,Positive,0.5616716295480728,Positive
2020-01-02,108.0,,0.0,Neutral,0.2808358147740364,Positive
2020-01-01,110.0,,0.0,Neutral,0.1404179073870182,Slightly Positive
2019-12-31,110.0,,0.0,Neutral,0.0,Neutral
2019-12-30,107.0,2019-12-30,0.7870628833770752,Strongly Positive,0.7870628833770752,Strongly Positive
2019-12-29,107.0,,0.0,Neutral,0.3935314416885376,Positive
2019-12-26,108.0,2019-12-26,0.3885568231344224,Positive,0.5853225439786912,Positive
2019-12-25,108.0,,0.0,Neutral,0.1942784115672112,Slightly Positive
2019-12-24,108.0,,0.0,Neutral,0.0971392057836056,Slightly Positive
2019-12-23,109.0,,0.0,Neutral,0.0,Neutral
2019-12-22,108.0,,0.0,Neutral,0.0,Neutral
2019-12-19,109.0,,0.0,Neutral,0.0,Neutral
2019-12-18,109.0,,0.0,Neutral,0.0,Neutral
2019-12-17,109.0,,0.0,Neutral,0.0,Neutral
2019-12-16,109.0,,0.0,Neutral,0.0,Neutral
2019-12-15,110.0,,0.0,Neutral,0.0,Neutral
2019-12-12,113.0,,0.0,Neutral,0.0,Neutral
2019-12-11,108.0,,0.0,Neutral,0.0,Neutral
2019-12-10,106.0,,0.0,Neutral,0.0,Neutral
2019-12-09,109.0,,0.0,Neutral,0.0,Neutral
2019-12-08,104.0,,0.0,Neutral,0.0,Neutral
2019-12-05,104.0,,0.0,Neutral,0.0,Neutral
2019-12-04,103.0,,0.0,Neutral,0.0,Neutral
2019-12-03,102.0,2019-12-03,0.618488609790802,Strongly Positive,0.618488609790802,Strongly Positive
2019-12-02,101.0,2019-12-02,0.6570655703544617,Strongly Positive,0.9663098752498627,Strongly Positive
2019-12-01,100.0,,0.0,Neutral,0.48315493762493134,Positive
2019-11-28,102.0,,0.0,Neutral,0.16426639258861542,Slightly Positive
2019-11-27,104.0,,0.0,Neutral,0.0,Neutral
2019-11-26,100.0,,0.0,Neutral,0.0,Neutral
2019-11-25,108.0,,0.0,Neutral,0.0,Neutral
2019-11-24,107.0,2019-11-24,0.7399795055389404,Strongly Positive,0.7399795055389404,Strongly Positive
2019-11-21,103.0,,0.0,Neutral,0.3699897527694702,Positive
2019-11-20,104.0,,0.0,Neutral,0.1849948763847351,Slightly Positive
2019-11-19,106.0,2019-11-19,0.4210245609283447,Positive,0.4210245609283447,Positive
2019-11-18,106.0,,0.0,Neutral,0.21051228046417236,Positive
2019-11-17,105.0,,0.0,Neutral,0.10525614023208618,Slightly Positive
2019-11-14,105.0,,0.0,Neutral,0.0,Neutral
2019-11-13,106.0,,0.0,Neutral,0.0,Neutral
2019-11-12,107.0,,0.0,Neutral,0.0,Neutral
2019-11-11,108.0,,0.0,Neutral,0.0,Neutral
2019-11-10,107.0,2019-11-10,-0.0885843336582183,Slightly Negative,-0.0885843336582183,Slightly Negative
2019-11-07,106.0,,0.0,Neutral,-0.04429216682910915,Neutral
2019-11-06,108.0,,0.0,Neutral,-0.022146083414554575,Neutral
2019-11-05,109.0,,0.0,Neutral,0.0,Neutral
2019-11-04,109.0,2019-11-04,-0.9058239459991456,Strongly Negative,-0.9058239459991456,Strongly Negative
2019-11-03,110.0,,0.0,Neutral,-0.4529119729995728,Negative
2019-10-31,110.0,,0.0,Neutral,-0.2264559864997864,Negative
2019-10-24,112.0,,0.0,Neutral,0.0,Neutral
2019-10-23,112.0,,0.0,Neutral,0.0,Neutral
2019-10-22,110.0,,0.0,Neutral,0.0,Neutral
2019-10-21,111.0,2019-10-21,0.7867043614387512,Strongly Positive,0.7867043614387512,Strongly Positive
2019-10-17,113.0,,0.0,Neutral,0.3933521807193756,Positive
2019-10-16,115.0,,0.0,Neutral,0.1966760903596878,Slightly Positive
2019-10-15,116.0,,0.0,Neutral,0.0,Neutral
2019-10-14,112.0,,0.0,Neutral,0.0,Neutral
2019-10-10,112.0,,0.0,Neutral,0.0,Neutral
2019-10-03,115.0,2019-10-03,0.6210771203041077,Strongly Positive,0.6210771203041077,Strongly Positive
2019-10-02,114.0,,0.0,Neutral,0.31053856015205383,Positive
2019-10-01,115.0,2019-10-01,-0.3024523556232452,Negative,-0.14718307554721827,Slightly Negative
2019-09-30,114.0,,0.0,Neutral,-0.1512261778116226,Slightly Negative
2019-09-29,116.0,2019-09-29,0.8132269978523254,Strongly Positive,0.7376139089465141,Strongly Positive
2019-09-26,115.0,2019-09-26,0.5172597169876099,Positive,0.9238732159137726,Strongly Positive
2019-09-25,115.0,,0.0,Neutral,0.4619366079568863,Positive
2019-09-24,115.0,2019-09-24,-0.0042473077774047,Neutral,0.12506762146949776,Slightly Positive
2019-09-23,115.0,,0.0,Neutral,-0.00212365388870235,Neutral
2019-09-22,116.0,,0.0,Neutral,-0.001061826944351175,Neutral
2019-09-19,120.0,,0.0,Neutral,0.0,Neutral
2019-09-18,121.0,,0.0,Neutral,0.0,Neutral
2019-09-17,119.0,2019-09-17,0.4095453321933746,Positive,0.4095453321933746,Positive
2019-09-16,109.0,2019-09-16,0.4361126124858857,Positive,0.6408852785825729,Strongly Positive
2019-09-15,110.0,2019-09-15,0.6814584136009216,Strongly Positive,1.001901052892208,Strongly Positive
2019-09-12,115.0,,0.0,Neutral,0.4497573599219322,Positive
2019-09-11,115.0,2019-09-11,0.869890034198761,Strongly Positive,1.0402546375989914,Strongly Positive
2019-09-10,112.0,,0.0,Neutral,0.4349450170993805,Positive
2019-09-09,114.0,,0.0,Neutral,0.21747250854969025,Positive
2019-09-08,113.0,2019-09-08,0.7852203249931335,Strongly Positive,0.7852203249931335,Strongly Positive
2019-09-05,116.0,,0.0,Neutral,0.3926101624965668,Positive
2019-09-04,118.0,2019-09-04,0.4178094565868377,Positive,0.6141145378351212,Strongly Positive
2019-09-03,118.0,,0.0,Neutral,0.20890472829341886,Positive
2019-09-02,117.0,2019-09-02,0.521414041519165,Positive,0.6258664056658745,Strongly Positive
2019-09-01,121.0,,0.0,Neutral,0.2607070207595825,Positive
2019-08-29,124.0,,0.0,Neutral,0.13035351037979126,Slightly Positive
2019-08-28,125.0,,0.0,Neutral,0.0,Neutral
2019-08-27,127.0,2019-08-27,0.3579877018928528,Positive,0.3579877018928528,Positive
2019-08-26,125.0,2019-08-26,0.7882136106491089,Strongly Positive,0.9672074615955353,Strongly Positive
2019-08-25,128.0,,0.0,Neutral,0.48360373079776764,Positive
2019-08-22,128.0,,0.0,Neutral,0.19705340266227722,Slightly Positive
2019-08-21,126.0,,0.0,Neutral,0.0,Neutral
2019-08-20,131.0,,0.0,Neutral,0.0,Neutral
2019-08-19,131.0,2019-08-19,0.8192152976989746,Strongly Positive,0.8192152976989746,Strongly Positive
2019-08-18,130.0,,0.0,Neutral,0.4096076488494873,Positive
2019-08-15,131.0,,0.0,Neutral,0.20480382442474365,Positive
2019-08-14,131.0,2019-08-14,0.8356881737709045,Strongly Positive,0.8356881737709045,Strongly Positive
2019-08-13,133.0,2019-08-13,0.6991210579872131,Strongly Positive,1.1169651448726654,Strongly Positive
2019-08-12,133.0,,0.0,Neutral,0.5584825724363327,Positive
2019-08-11,131.0,,0.0,Neutral,0.17478026449680328,Slightly Positive
2019-08-08,132.0,,0.0,Neutral,0.0,Neutral
2019-08-07,131.0,2019-08-07,-0.4570404589176178,Negative,-0.4570404589176178,Negative
2019-08-06,136.0,,0.0,Neutral,-0.2285202294588089,Negative
2019-08-05,136.0,,0.0,Neutral,-0.11426011472940445,Slightly Negative
2019-08-04,137.0,,0.0,Neutral,0.0,Neutral
2019-08-01,138.0,,0.0,Neutral,0.0,Neutral
2019-07-31,140.0,2019-07-31,-0.4471966624259949,Negative,-0.4471966624259949,Negative
2019-07-30,139.0,,0.0,Neutral,-0.22359833121299744,Negative
2019-07-29,138.0,2019-07-29,0.5511285066604614,Positive,0.4393293410539627,Positive
2019-07-28,135.0,,0.0,Neutral,0.2755642533302307,Positive
2019-07-25,139.0,,0.0,Neutral,0.13778212666511536,Slightly Positive
2019-07-24,144.0,2019-07-24,0.8770189881324768,Strongly Positive,0.8770189881324768,Strongly Positive
2019-07-23,143.0,,0.0,Neutral,0.4385094940662384,Positive
2019-07-22,142.0,,0.0,Neutral,0.2192547470331192,Positive
2019-07-21,142.0,2019-07-21,0.1339715123176574,Slightly Positive,0.1339715123176574,Slightly Positive
2019-07-18,141.0,,0.0,Neutral,0.0669857561588287,Slightly Positive
2019-07-17,143.0,2019-07-17,0.8922961354255676,Strongly Positive,0.925789013504982,Strongly Positive
2019-07-16,143.0,,0.0,Neutral,0.4461480677127838,Positive
2019-07-15,140.0,,0.0,Neutral,0.2230740338563919,Positive
2019-07-14,138.0,,0.0,Neutral,0.0,Neutral
2019-07-11,141.0,,0.0,Neutral,0.0,Neutral
2019-07-10,144.0,2019-07-10,-0.4849487543106079,Negative,-0.4849487543106079,Negative
2019-07-09,144.0,,0.0,Neutral,-0.24247437715530396,Negative
2019-07-08,144.0,2019-07-08,0.8237234354019165,Strongly Positive,0.7024862468242645,Strongly Positive
2019-07-07,143.0,2019-07-07,0.8937943577766418,Strongly Positive,1.3056560754776,Strongly Positive
2019-07-04,144.0,2019-07-04,0.6093844771385193,Strongly Positive,1.2622125148773193,Strongly Positive
2019-07-03,146.0,,0.0,Neutral,0.5281408280134201,Positive
2019-07-02,146.0,2019-07-02,-0.2368516623973846,Negative,-0.08450554311275477,Slightly Negative
2019-07-01,144.0,2019-07-01,-0.4330974519252777,Negative,-0.55152328312397,Negative
2019-06-30,144.0,,0.0,Neutral,-0.275761641561985,Negative
2019-06-27,145.0,,0.0,Neutral,-0.10827436298131943,Slightly Negative
2019-06-26,146.0,,0.0,Neutral,0.0,Neutral
2019-06-25,146.0,,0.0,Neutral,0.0,Neutral
2019-06-24,143.0,,0.0,Neutral,0.0,Neutral
2019-06-23,145.0,,0.0,Neutral,0.0,Neutral
2019-06-20,148.0,,0.0,Neutral,0.0,Neutral
2019-06-19,147.0,,0.0,Neutral,0.0,Neutral
2019-06-18,149.0,,0.0,Neutral,0.0,Neutral
2019-06-17,149.0,2019-06-17,-0.6195419430732727,Strongly Negative,-0.6195419430732727,Strongly Negative
2019-06-16,144.0,2019-06-16,0.0492241531610489,Neutral,-0.26054681837558746,Negative
2019-06-13,148.0,,0.0,Neutral,-0.13027340918779373,Slightly Negative
2019-06-12,150.0,,0.0,Neutral,0.012306038290262226,Neutral
2019-06-11,149.0,,0.0,Neutral,0.0,Neutral
2019-06-10,149.0,,0.0,Neutral,0.0,Neutral
2019-06-06,153.0,,0.0,Neutral,0.0,Neutral
2019-06-04,152.0,,0.0,Neutral,0.0,Neutral
2019-06-03,154.0,,0.0,Neutral,0.0,Neutral
2019-06-02,157.0,,0.0,Neutral,0.0,Neutral
2019-05-30,157.0,,0.0,Neutral,0.0,Neutral
2019-05-29,158.0,2019-05-29,0.3382772803306579,Positive,0.3382772803306579,Positive
2019-05-28,157.0,,0.0,Neutral,0.16913864016532895,Slightly Positive
2019-05-27,155.0,,0.0,Neutral,0.08456932008266448,Slightly Positive
2019-05-26,155.0,,0.0,Neutral,0.0,Neutral
2019-05-23,163.0,,0.0,Neutral,0.0,Neutral
2019-05-22,172.0,2019-05-22,0.9192432165145874,Strongly Positive,0.9192432165145874,Strongly Positive
2019-05-21,157.0,,0.0,Neutral,0.4596216082572937,Positive
2019-05-20,148.0,,0.0,Neutral,0.22981080412864685,Positive
2019-05-19,148.0,,0.0,Neutral,0.0,Neutral
2019-05-16,147.0,2019-05-16,0.6019901037216187,Strongly Positive,0.6019901037216187,Strongly Positive
2019-05-15,144.0,,0.0,Neutral,0.3009950518608093,Positive
2019-05-14,144.0,2019-05-14,-0.1161871999502182,Slightly Negative,0.03431032598018646,Neutral
2019-05-13,140.0,,0.0,Neutral,-0.0580935999751091,Slightly Negative
2019-05-12,137.0,,0.0,Neutral,-0.02904679998755455,Neutral
2019-05-09,135.0,,0.0,Neutral,0.0,Neutral
2019-05-08,138.0,,0.0,Neutral,0.0,Neutral
2019-05-07,140.0,,0.0,Neutral,0.0,Neutral
2019-05-06,138.0,,0.0,Neutral,0.0,Neutral
2019-05-05,138.0,,0.0,Neutral,0.0,Neutral
2019-05-02,139.0,,0.0,Neutral,0.0,Neutral
2019-04-30,139.0,,0.0,Neutral,0.0,Neutral
2019-04-29,137.0,2019-04-29,0.6715145111083984,Strongly Positive,0.6715145111083984,Strongly Positive
2019-04-28,140.0,,0.0,Neutral,0.3357572555541992,Positive
2019-04-25,132.0,,0.0,Neutral,0.1678786277770996,Slightly Positive
2019-04-24,130.0,2019-04-24,-0.2091304957866668,Negative,-0.2091304957866668,Negative
2019-04-23,134.0,,0.0,Neutral,-0.1045652478933334,Slightly Negative
2019-04-22,132.0,2019-04-22,0.7112140357494354,Strongly Positive,0.6589314118027687,Strongly Positive
2019-04-21,136.0,2019-04-21,0.2224275916814804,Positive,0.5780346095561981,Positive
2019-04-18,134.0,,0.0,Neutral,0.28901730477809906,Positive
2019-04-17,132.0,,0.0,Neutral,0.0556068979203701,Slightly Positive
2019-04-16,135.0,2019-04-16,0.7619708776473999,Strongly Positive,0.7619708776473999,Strongly Positive
2019-04-15,132.0,,0.0,Neutral,0.38098543882369995,Positive
2019-04-11,135.0,2019-04-11,0.5554110407829285,Positive,0.7459037601947784,Strongly Positive
2019-04-10,132.0,2019-04-10,0.8950625061988831,Strongly Positive,1.1727680265903473,Strongly Positive
2019-04-09,134.0,2019-04-09,0.8805367946624756,Strongly Positive,1.4669208079576492,Strongly Positive
2019-04-08,136.0,,0.0,Neutral,0.6640340238809586,Strongly Positive
2019-04-07,140.0,,0.0,Neutral,0.2201341986656189,Positive
2019-04-04,136.0,,0.0,Neutral,0.0,Neutral
2019-04-03,136.0,2019-04-03,0.8603233098983765,Strongly Positive,0.8603233098983765,Strongly Positive
2019-04-02,137.0,,0.0,Neutral,0.43016165494918823,Positive
2019-04-01,138.0,2019-04-01,0.6460291147232056,Strongly Positive,0.8611099421977997,Strongly Positive
2019-03-31,136.0,,0.0,Neutral,0.3230145573616028,Positive
2019-03-28,136.0,,0.0,Neutral,0.1615072786808014,Slightly Positive
2019-03-27,140.0,,0.0,Neutral,0.0,Neutral
2019-03-26,134.0,2019-03-26,0.5928543210029602,Positive,0.5928543210029602,Positive
2019-03-25,134.0,,0.0,Neutral,0.2964271605014801,Positive
2019-03-24,132.0,,0.0,Neutral,0.14821358025074005,Slightly Positive
2019-03-21,131.0,,0.0,Neutral,0.0,Neutral
2019-03-19,135.0,2019-03-19,0.4687463641166687,Positive,0.4687463641166687,Positive
2019-03-18,134.0,,0.0,Neutral,0.23437318205833435,Positive
2019-03-17,139.0,,0.0,Neutral,0.11718659102916718,Slightly Positive
2019-03-14,137.0,,0.0,Neutral,0.0,Neutral
2019-03-13,136.0,,0.0,Neutral,0.0,Neutral
2019-03-12,140.0,,0.0,Neutral,0.0,Neutral
2019-03-11,136.0,2019-03-11,-0.5805007219314575,Negative,-0.5805007219314575,Negative
2019-03-10,129.0,,0.0,Neutral,-0.29025036096572876,Negative
2019-03-07,129.0,2019-03-07,0.8529539108276367,Strongly Positive,0.7078287303447723,Strongly Positive
2019-03-06,125.0,,0.0,Neutral,0.42647695541381836,Positive
2019-03-05,125.0,2019-03-05,-0.6652853488922119,Strongly Negative,-0.45204687118530273,Negative
2019-03-03,126.0,,0.0,Neutral,-0.33264267444610596,Negative
2019-02-27,124.0,,0.0,Neutral,-0.16632133722305298,Slightly Negative
2019-02-26,125.0,,0.0,Neutral,0.0,Neutral
2019-02-25,127.0,,0.0,Neutral,0.0,Neutral
2019-02-24,128.0,,0.0,Neutral,0.0,Neutral
2019-02-21,126.0,,0.0,Neutral,0.0,Neutral
2019-02-20,129.0,2019-02-20,-0.000268280506134,Neutral,-0.000268280506134,Neutral
2019-02-19,133.0,,0.0,Neutral,-0.000134140253067,Neutral
2019-02-18,127.0,2019-02-18,0.5097264647483826,Positive,0.5096593946218491,Positive
2019-02-17,129.0,,0.0,Neutral,0.2548632323741913,Positive
2019-02-14,129.0,,0.0,Neutral,0.12743161618709564,Slightly Positive
2019-02-13,132.0,,0.0,Neutral,0.0,Neutral
2019-02-12,137.0,,0.0,Neutral,0.0,Neutral
2019-02-11,135.0,,0.0,Neutral,0.0,Neutral
2019-02-10,133.0,,0.0,Neutral,0.0,Neutral
2019-02-07,137.0,,0.0,Neutral,0.0,Neutral
2019-02-06,139.0,,0.0,Neutral,0.0,Neutral
2019-02-05,140.0,,0.0,Neutral,0.0,Neutral
2019-02-04,139.0,2019-02-04,-0.7323634028434753,Strongly Negative,-0.7323634028434753,Strongly Negative
2019-02-03,141.0,2019-02-03,0.4023022949695587,Positive,0.036120593547821045,Neutral
2019-01-31,141.0,,0.0,Neutral,0.018060296773910522,Neutral
2019-01-30,144.0,2019-01-30,0.127448558807373,Slightly Positive,0.22802413254976267,Positive
2019-01-29,143.0,,0.0,Neutral,0.0637242794036865,Slightly Positive
2019-01-28,142.0,,0.0,Neutral,0.03186213970184325,Neutral
2019-01-27,143.0,,0.0,Neutral,0.0,Neutral
2019-01-24,146.0,2019-01-24,0.6918145418167114,Strongly Positive,0.6918145418167114,Strongly Positive
2019-01-23,148.0,,0.0,Neutral,0.3459072709083557,Positive
2019-01-22,149.0,,0.0,Neutral,0.17295363545417786,Slightly Positive
2019-01-21,147.0,2019-01-21,0.4966762065887451,Positive,0.4966762065887451,Positive
2019-01-20,153.0,2019-01-20,0.7727754712104797,Strongly Positive,1.0211135745048523,Strongly Positive
2019-01-17,152.0,,0.0,Neutral,0.5105567872524261,Positive
2019-01-16,154.0,,0.0,Neutral,0.19319386780261993,Slightly Positive
2019-01-15,157.0,2019-01-15,0.519601047039032,Positive,0.519601047039032,Positive
2019-01-14,149.0,2019-01-14,0.9134968519210817,Strongly Positive,1.1732973754405975,Strongly Positive
2019-01-13,154.0,,0.0,Neutral,0.5866486877202988,Positive
2019-01-10,153.0,,0.0,Neutral,0.2283742129802704,Positive
2019-01-09,154.0,2019-01-09,0.7550469636917114,Strongly Positive,0.7550469636917114,Strongly Positive
2019-01-08,152.0,2019-01-08,0.7743663191795349,Strongly Positive,1.1518898010253906,Strongly Positive
2019-01-07,157.0,2019-01-07,0.7200121879577637,Strongly Positive,1.295957088470459,Strongly Positive
2019-01-06,152.0,2019-01-06,0.5872798562049866,Positive,1.1408775299787521,Strongly Positive
2019-01-03,157.0,,0.0,Neutral,0.4736429750919342,Positive
2019-01-02,153.0,2019-01-02,-0.4312562644481659,Negative,-0.28443630039691925,Negative
2019-01-01,153.0,2019-01-01,0.5289696455001831,Positive,0.31334151327610016,Positive
2018-12-31,151.0,2018-12-31,0.8081836700439453,Strongly Positive,0.9648544266819954,Strongly Positive
2018-12-27,157.0,2018-12-27,0.8413619995117188,Strongly Positive,1.3776962459087372,Strongly Positive
2018-12-26,157.0,2018-12-26,0.5205397605895996,Positive,1.1432666778564453,Strongly Positive
2018-12-25,154.0,,0.0,Neutral,0.4706103801727295,Positive
2018-12-24,157.0,2018-12-24,0.912123441696167,Strongly Positive,1.042258381843567,Strongly Positive
2018-12-23,160.0,,0.0,Neutral,0.4560617208480835,Positive
2018-12-20,156.0,2018-12-20,-0.2122925519943237,Negative,0.015738308429718045,Neutral
2018-12-19,154.0,2018-12-19,-0.3084029853343963,Negative,-0.41454926133155817,Negative
2018-12-18,152.0,,0.0,Neutral,-0.20727463066577909,Negative
2018-12-17,160.0,,0.0,Neutral,-0.07710074633359908,Slightly Negative
2018-12-16,152.0,2018-12-16,0.7137515544891357,Strongly Positive,0.7137515544891357,Strongly Positive
2018-12-13,149.0,2018-12-13,-0.1332300901412964,Slightly Negative,0.22364568710327148,Positive
2018-12-12,147.0,,0.0,Neutral,0.11182284355163574,Slightly Positive
2018-12-11,148.0,2018-12-11,0.8785602450370789,Strongly Positive,0.8452527225017548,Strongly Positive
2018-12-10,148.0,2018-12-10,0.7846078276634216,Strongly Positive,1.223887950181961,Strongly Positive
2018-12-09,148.0,,0.0,Neutral,0.6119439750909805,Strongly Positive
2018-12-06,149.0,,0.0,Neutral,0.1961519569158554,Slightly Positive
2018-12-05,141.0,,0.0,Neutral,0.0,Neutral
2018-12-04,147.0,2018-12-04,0.033573567867279,Neutral,0.033573567867279,Neutral
2018-12-03,145.0,,0.0,Neutral,0.0167867839336395,Neutral
2018-12-02,142.0,2018-12-02,0.0572157725691795,Slightly Positive,0.06560916453599924,Slightly Positive
2018-11-29,143.0,2018-11-29,0.8101602792739868,Strongly Positive,0.8387681655585766,Strongly Positive
2018-11-28,149.0,,0.0,Neutral,0.4193840827792883,Positive
2018-11-27,147.0,,0.0,Neutral,0.2025400698184967,Positive
2018-11-26,142.0,,0.0,Neutral,0.0,Neutral
2018-11-25,138.0,,0.0,Neutral,0.0,Neutral
2018-11-22,143.0,,0.0,Neutral,0.0,Neutral
2018-11-21,147.0,,0.0,Neutral,0.0,Neutral
2018-11-20,147.0,,0.0,Neutral,0.0,Neutral
2018-11-19,147.0,2018-11-19,0.5714744180440903,Positive,0.5714744180440903,Positive
2018-11-18,150.0,,0.0,Neutral,0.28573720902204514,Positive
2018-11-15,153.0,,0.0,Neutral,0.14286860451102257,Slightly Positive
2018-11-14,150.0,,0.0,Neutral,0.0,Neutral
2018-11-13,146.0,2018-11-13,-0.1938473582267761,Slightly Negative,-0.1938473582267761,Slightly Negative
2018-11-12,147.0,,0.0,Neutral,-0.09692367911338805,Slightly Negative
2018-11-11,163.0,,0.0,Neutral,-0.048461839556694024,Neutral
2018-11-06,181.0,2018-11-06,-0.1830361932516098,Slightly Negative,-0.1830361932516098,Slightly Negative
2018-11-05,176.0,,0.0,Neutral,-0.0915180966258049,Slightly Negative
2018-11-04,176.0,,0.0,Neutral,-0.04575904831290245,Neutral
2018-11-01,180.0,,0.0,Neutral,0.0,Neutral
2018-10-31,197.0,,0.0,Neutral,0.0,Neutral
2018-10-30,201.0,,0.0,Neutral,0.0,Neutral
2018-10-29,211.0,,0.0,Neutral,0.0,Neutral
2018-10-28,215.0,,0.0,Neutral,0.0,Neutral
2018-10-25,224.0,,0.0,Neutral,0.0,Neutral
2018-10-24,225.0,,0.0,Neutral,0.0,Neutral
2018-10-23,229.0,,0.0,Neutral,0.0,Neutral
2018-10-22,230.0,,0.0,Neutral,0.0,Neutral
2018-10-21,230.0,,0.0,Neutral,0.0,Neutral
2018-10-15,231.0,2018-10-15,-0.192320704460144,Slightly Negative,-0.192320704460144,Slightly Negative
2018-10-14,234.0,,0.0,Neutral,-0.096160352230072,Slightly Negative
2018-10-11,234.0,,0.0,Neutral,-0.048080176115036,Neutral
2018-10-10,234.0,2018-10-10,-0.1620651185512542,Slightly Negative,-0.1620651185512542,Slightly Negative
2018-10-09,230.0,,0.0,Neutral,-0.0810325592756271,Slightly Negative
2018-10-08,235.0,,0.0,Neutral,-0.04051627963781355,Neutral
2018-10-07,238.0,,0.0,Neutral,0.0,Neutral
2018-10-04,243.0,,0.0,Neutral,0.0,Neutral
2018-10-03,247.0,,0.0,Neutral,0.0,Neutral
2018-10-02,250.0,,0.0,Neutral,0.0,Neutral
2018-10-01,250.0,,0.0,Neutral,0.0,Neutral
2018-09-30,259.0,,0.0,Neutral,0.0,Neutral
2018-09-27,254.0,,0.0,Neutral,0.0,Neutral
2018-09-26,260.0,,0.0,Neutral,0.0,Neutral
2018-09-25,259.0,,0.0,Neutral,0.0,Neutral
2018-09-23,267.0,2018-09-23,0.8959836959838867,Strongly Positive,0.8959836959838867,Strongly Positive
2018-09-20,268.0,,0.0,Neutral,0.44799184799194336,Positive
2018-09-18,267.0,2018-09-18,0.4713515937328338,Positive,0.6953475177288055,Strongly Positive
2018-09-17,250.0,,0.0,Neutral,0.2356757968664169,Positive
2018-09-16,255.0,2018-09-16,0.4487057030200958,Positive,0.5665436014533043,Positive
2018-09-13,254.0,,0.0,Neutral,0.2243528515100479,Positive
2018-09-12,250.0,,0.0,Neutral,0.11217642575502396,Slightly Positive
2018-09-11,253.0,,0.0,Neutral,0.0,Neutral
2018-09-10,254.0,,0.0,Neutral,0.0,Neutral
2018-09-09,253.0,,0.0,Neutral,0.0,Neutral
2018-09-06,260.0,,0.0,Neutral,0.0,Neutral
2018-09-05,263.0,,0.0,Neutral,0.0,Neutral
2018-09-04,260.0,,0.0,Neutral,0.0,Neutral
2018-09-03,260.0,,0.0,Neutral,0.0,Neutral
2018-09-02,256.0,2018-09-02,0.9213955402374268,Strongly Positive,0.9213955402374268,Strongly Positive
2018-08-30,253.0,,0.0,Neutral,0.4606977701187134,Positive
2018-08-29,252.0,,0.0,Neutral,0.2303488850593567,Positive
2018-08-28,258.0,2018-08-28,0.8678902387619019,Strongly Positive,0.8678902387619019,Strongly Positive
2018-08-26,260.0,2018-08-26,0.908364236354828,Strongly Positive,1.3423093557357788,Strongly Positive
2018-08-23,260.0,2018-08-23,0.9118733406066896,Strongly Positive,1.583028018474579,Strongly Positive
2018-08-22,265.0,2018-08-22,0.9089189767837524,Strongly Positive,1.5919467061758041,Strongly Positive
2018-08-21,261.0,,0.0,Neutral,0.6824278235435486,Strongly Positive
2018-08-20,270.0,,0.0,Neutral,0.2272297441959381,Positive
2018-08-19,266.0,2018-08-19,0.6557104587554932,Strongly Positive,0.6557104587554932,Strongly Positive
2018-08-16,266.0,2018-08-16,0.8950644135475159,Strongly Positive,1.2229196429252625,Strongly Positive
2018-08-15,275.0,2018-08-15,-0.1866932809352874,Slightly Negative,0.42476654052734386,Positive
2018-08-14,264.0,,0.0,Neutral,0.13041946291923529,Slightly Positive
2018-08-13,261.0,2018-08-13,0.5976293087005615,Positive,0.5509559884667397,Positive
2018-08-12,258.0,,0.0,Neutral,0.29881465435028076,Positive
2018-08-09,261.0,2018-08-09,0.9233427047729492,Strongly Positive,1.0727500319480896,Strongly Positive
2018-08-08,265.0,,0.0,Neutral,0.4616713523864746,Positive
2018-08-07,263.0,,0.0,Neutral,0.2308356761932373,Positive
2018-08-06,270.0,,0.0,Neutral,0.0,Neutral
2018-08-05,271.0,,0.0,Neutral,0.0,Neutral
2018-08-02,271.0,2018-08-02,-0.2557297945022583,Negative,-0.2557297945022583,Negative
2018-08-01,272.0,2018-08-01,0.7616575956344604,Strongly Positive,0.6337926983833313,Strongly Positive
2018-07-31,271.0,2018-07-31,0.8481963723897934,Strongly Positive,1.165092721581459,Strongly Positive
2018-07-30,274.0,,0.0,Neutral,0.6145125851035118,Strongly Positive
2018-07-29,274.0,,0.0,Neutral,0.21204909309744835,Positive
2018-07-26,270.0,2018-07-26,0.8805007934570312,Strongly Positive,0.8805007934570312,Strongly Positive
2018-07-25,278.0,2018-07-25,0.5625090003013611,Positive,1.0027593970298767,Strongly Positive
2018-07-24,278.0,2018-07-24,0.8712472915649414,Strongly Positive,1.3726269900798798,Strongly Positive
2018-07-23,277.0,,0.0,Neutral,0.576250895857811,Positive
2018-07-22,275.0,2018-07-22,0.5804762393236159,Positive,0.7982880622148513,Strongly Positive
2018-07-19,283.0,,0.0,Neutral,0.29023811966180796,Positive
2018-07-18,288.0,2018-07-18,-0.6905643939971924,Strongly Negative,-0.5454453341662884,Negative
2018-07-17,289.0,2018-07-17,0.8452868461608887,Strongly Positive,0.5000046491622925,Positive
2018-07-16,284.0,,0.0,Neutral,0.25000232458114624,Positive
2018-07-15,285.0,2018-07-15,-0.0455491840839386,Neutral,0.16577252745628357,Slightly Positive
2018-07-12,285.0,2018-07-12,-0.1427455693483352,Slightly Negative,-0.1655201613903045,Slightly Negative
2018-07-11,291.0,2018-07-11,0.1307443678379058,Slightly Positive,0.047984287142753546,Neutral
2018-07-10,296.0,,0.0,Neutral,0.029685791581869098,Neutral
2018-07-09,293.0,,0.0,Neutral,0.03268609195947645,Neutral
2018-07-08,303.0,2018-07-08,0.7769768834114075,Strongly Positive,0.7769768834114075,Strongly Positive
2018-07-05,295.0,,0.0,Neutral,0.38848844170570374,Positive
2018-07-04,285.0,2018-07-04,0.3696541786193847,Positive,0.5638983994722366,Positive
2018-07-03,278.0,,0.0,Neutral,0.18482708930969236,Slightly Positive
2018-07-02,280.0,,0.0,Neutral,0.09241354465484618,Slightly Positive
2018-07-01,282.0,,0.0,Neutral,0.0,Neutral
2018-06-28,285.0,,0.0,Neutral,0.0,Neutral
2018-06-27,285.0,2018-06-27,0.6418185830116272,Strongly Positive,0.6418185830116272,Strongly Positive
2018-06-26,285.0,,0.0,Neutral,0.3209092915058136,Positive
2018-06-25,297.0,,0.0,Neutral,0.1604546457529068,Slightly Positive
2018-06-24,298.0,,0.0,Neutral,0.0,Neutral
2018-06-21,295.0,,0.0,Neutral,0.0,Neutral
2018-06-20,298.0,,0.0,Neutral,0.0,Neutral
2018-06-19,307.0,,0.0,Neutral,0.0,Neutral
2018-06-18,307.0,,0.0,Neutral,0.0,Neutral
2018-06-17,308.0,2018-06-17,0.508649468421936,Positive,0.508649468421936,Positive
2018-06-14,319.0,,0.0,Neutral,0.254324734210968,Positive
2018-06-13,296.0,2018-06-13,-0.3404492735862732,Negative,-0.21328690648078918,Negative
2018-06-12,291.0,,0.0,Neutral,-0.1702246367931366,Slightly Negative
2018-06-11,294.0,,0.0,Neutral,-0.0851123183965683,Slightly Negative
2018-06-10,287.0,,0.0,Neutral,0.0,Neutral
2018-06-07,300.0,2018-06-07,0.787387490272522,Strongly Positive,0.787387490272522,Strongly Positive
2018-06-06,306.0,,0.0,Neutral,0.393693745136261,Positive
2018-06-04,297.0,2018-06-04,0.8630961179733276,Strongly Positive,1.0599429905414581,Strongly Positive
2018-06-03,303.0,2018-06-03,0.3452410101890564,Positive,0.7767890691757202,Strongly Positive
2018-05-31,312.0,,0.0,Neutral,0.3883945345878601,Positive
2018-05-30,323.0,2018-05-30,0.7039557695388794,Strongly Positive,0.7902660220861435,Strongly Positive
2018-05-29,321.0,,0.0,Neutral,0.3519778847694397,Positive
2018-05-28,328.0,,0.0,Neutral,0.17598894238471985,Slightly Positive
2018-05-27,310.0,,0.0,Neutral,0.0,Neutral
2018-05-24,325.0,,0.0,Neutral,0.0,Neutral
2018-05-23,324.0,,0.0,Neutral,0.0,Neutral
2018-05-22,332.0,2018-05-22,0.7939203977584839,Strongly Positive,0.7939203977584839,Strongly Positive
2018-05-21,335.0,,0.0,Neutral,0.39696019887924194,Positive
2018-05-20,336.0,,0.0,Neutral,0.19848009943962097,Slightly Positive
2018-05-17,337.0,,0.0,Neutral,0.0,Neutral
2018-05-16,340.0,,0.0,Neutral,0.0,Neutral
2018-05-15,335.0,,0.0,Neutral,0.0,Neutral
2018-05-14,338.0,2018-05-14,0.7037050724029541,Strongly Positive,0.7037050724029541,Strongly Positive
2018-05-10,338.0,,0.0,Neutral,0.35185253620147705,Positive
2018-05-09,348.0,,0.0,Neutral,0.17592626810073853,Slightly Positive
2018-05-08,350.0,2018-05-08,0.7442371547222137,Strongly Positive,0.7442371547222137,Strongly Positive
2018-05-07,349.0,,0.0,Neutral,0.3721185773611069,Positive
2018-05-06,348.0,,0.0,Neutral,0.18605928868055344,Slightly Positive
2018-05-03,355.0,,0.0,Neutral,0.0,Neutral
2018-05-02,358.0,,0.0,Neutral,0.0,Neutral
2018-04-29,342.0,,0.0,Neutral,0.0,Neutral
2018-04-26,350.0,2018-04-26,-0.1422680616378784,Slightly Negative,-0.1422680616378784,Slightly Negative
2018-04-25,363.0,,0.0,Neutral,-0.0711340308189392,Slightly Negative
2018-04-24,360.0,,0.0,Neutral,-0.0355670154094696,Neutral
2018-04-23,361.0,,0.0,Neutral,0.0,Neutral
2018-04-22,372.0,,0.0,Neutral,0.0,Neutral
2018-04-19,339.0,,0.0,Neutral,0.0,Neutral
2018-04-18,320.0,2018-04-18,0.7243727445602417,Strongly Positive,0.7243727445602417,Strongly Positive
2018-04-17,306.0,2018-04-17,-0.4689792692661285,Negative,-0.10679289698600763,Slightly Negative
2018-04-16,299.0,,0.0,Neutral,-0.05339644849300382,Slightly Negative
2018-04-15,290.0,2018-04-15,0.9221633076667786,Strongly Positive,0.8049184903502464,Strongly Positive
2018-04-12,286.0,2018-04-12,-0.6430073976516724,Strongly Negative,-0.18192574381828308,Slightly Negative
2018-04-11,285.0,,0.0,Neutral,-0.09096287190914154,Slightly Negative
2018-04-10,280.0,,0.0,Neutral,-0.1607518494129181,Slightly Negative
2018-04-09,277.0,,0.0,Neutral,0.0,Neutral
2018-04-08,285.0,2018-04-08,0.4547261595726013,Positive,0.4547261595726013,Positive
2018-04-05,276.0,,0.0,Neutral,0.22736307978630066,Positive
2018-04-04,274.0,2018-04-04,0.8857042789459229,Strongly Positive,0.9993858188390732,Strongly Positive
2018-04-03,276.0,2018-04-03,0.8998837769031525,Strongly Positive,1.342735916376114,Strongly Positive
2018-04-02,267.0,2018-04-02,0.6707487106323242,Strongly Positive,1.3421166688203812,Strongly Positive
2018-04-01,268.0,,0.0,Neutral,0.5603452995419502,Positive
2018-03-29,279.0,,0.0,Neutral,0.16768717765808105,Slightly Positive
2018-03-28,260.0,2018-03-28,0.6803320646286011,Strongly Positive,0.6803320646286011,Strongly Positive
2018-03-27,262.0,2018-03-27,-0.2121085226535797,Negative,0.12805750966072083,Slightly Positive
2018-03-26,254.0,,0.0,Neutral,0.06402875483036041,Slightly Positive
2018-03-22,271.0,2018-03-22,0.6458000540733337,Strongly Positive,0.5927729234099388,Positive
2018-03-21,280.0,,0.0,Neutral,0.32290002703666687,Positive
2018-03-20,280.0,,0.0,Neutral,0.16145001351833344,Slightly Positive
2018-03-19,276.0,,0.0,Neutral,0.0,Neutral
2018-03-18,306.0,2018-03-18,-0.5104734301567078,Negative,-0.5104734301567078,Negative
2018-03-15,340.0,,0.0,Neutral,-0.2552367150783539,Negative
2018-03-14,346.0,,0.0,Neutral,-0.12761835753917694,Slightly Negative
2018-03-13,333.0,,0.0,Neutral,0.0,Neutral
2018-03-12,335.0,,0.0,Neutral,0.0,Neutral
2018-03-11,337.0,,0.0,Neutral,0.0,Neutral
2018-03-07,354.0,2018-03-07,-0.3192073702812195,Negative,-0.3192073702812195,Negative
2018-03-06,345.0,,0.0,Neutral,-0.15960368514060974,Slightly Negative
2018-03-05,339.0,,0.0,Neutral,-0.07980184257030487,Slightly Negative
2018-03-04,367.0,,0.0,Neutral,0.0,Neutral
2018-02-28,369.0,2018-02-28,-0.4559577703475952,Negative,-0.4559577703475952,Negative
2018-02-27,380.0,2018-02-27,-0.5017960667610168,Negative,-0.7297749519348145,Strongly Negative
2018-02-26,380.0,,0.0,Neutral,-0.3648874759674072,Negative
2018-02-25,373.0,,0.0,Neutral,-0.1254490166902542,Slightly Negative
2018-02-22,380.0,,0.0,Neutral,0.0,Neutral
2018-02-21,375.0,,0.0,Neutral,0.0,Neutral
2018-02-20,389.0,,0.0,Neutral,0.0,Neutral
2018-02-18,387.0,2018-02-18,-0.7218689322471619,Strongly Negative,-0.7218689322471619,Strongly Negative
2018-02-15,400.0,2018-02-15,0.89710932970047,Strongly Positive,0.536174863576889,Positive
2018-02-14,378.0,,0.0,Neutral,0.2680874317884445,Positive
2018-02-12,375.0,2018-02-12,0.1932896673679351,Slightly Positive,0.41756699979305256,Positive
2018-02-11,375.0,,0.0,Neutral,0.09664483368396755,Slightly Positive
2018-02-08,380.0,,0.0,Neutral,0.048322416841983774,Neutral
2018-02-07,381.0,,0.0,Neutral,0.0,Neutral
2018-02-06,381.0,,0.0,Neutral,0.0,Neutral
2018-02-05,382.0,2018-02-05,0.8875495791435242,Strongly Positive,0.8875495791435242,Strongly Positive
2018-02-04,383.0,,0.0,Neutral,0.4437747895717621,Positive
2018-02-01,392.0,,0.0,Neutral,0.22188739478588104,Positive
2018-01-31,391.0,,0.0,Neutral,0.0,Neutral
2018-01-29,392.0,,0.0,Neutral,0.0,Neutral
2018-01-28,382.0,2018-01-28,0.9140734672546388,Strongly Positive,0.9140734672546388,Strongly Positive
2018-01-25,387.0,,0.0,Neutral,0.4570367336273194,Positive
2018-01-24,391.0,,0.0,Neutral,0.2285183668136597,Positive
2018-01-23,384.0,,0.0,Neutral,0.0,Neutral
2018-01-22,397.0,,0.0,Neutral,0.0,Neutral
2018-01-21,395.0,2018-01-21,0.326934814453125,Positive,0.326934814453125,Positive
2018-01-17,405.0,,0.0,Neutral,0.1634674072265625,Slightly Positive
2018-01-16,420.0,2018-01-16,0.912229597568512,Strongly Positive,0.9939633011817932,Strongly Positive
2018-01-14,425.0,,0.0,Neutral,0.456114798784256,Positive
2018-01-10,423.0,2018-01-10,-0.1146869361400604,Slightly Negative,0.1133704632520676,Slightly Positive
2018-01-09,425.0,,0.0,Neutral,-0.0573434680700302,Slightly Negative
2018-01-08,428.0,2018-01-08,0.5098813772201538,Positive,0.4812096431851387,Positive
2018-01-07,430.0,2018-01-07,0.9193395376205444,Strongly Positive,1.1742802262306213,Strongly Positive
2018-01-04,470.0,,0.0,Neutral,0.5871401131153107,Positive
2018-01-03,446.0,,0.0,Neutral,0.2298348844051361,Positive
2018-01-02,452.0,2018-01-02,0.907924234867096,Strongly Positive,0.907924234867096,Strongly Positive
2018-01-01,459.0,,0.0,Neutral,0.453962117433548,Positive
2017-12-31,450.0,,0.0,Neutral,0.226981058716774,Positive
2017-12-28,455.0,,0.0,Neutral,0.0,Neutral
2017-12-27,457.0,,0.0,Neutral,0.0,Neutral
2017-12-26,455.0,,0.0,Neutral,0.0,Neutral
2017-12-24,455.0,2017-12-24,0.5628668665885925,Positive,0.5628668665885925,Positive
2017-12-21,456.0,,0.0,Neutral,0.28143343329429626,Positive
2017-12-20,464.0,,0.0,Neutral,0.14071671664714813,Slightly Positive
2017-12-19,465.0,,0.0,Neutral,0.0,Neutral
2017-12-18,470.0,,0.0,Neutral,0.0,Neutral
2017-12-17,478.0,,0.0,Neutral,0.0,Neutral
2017-12-14,480.0,,0.0,Neutral,0.0,Neutral
2017-12-13,489.0,,0.0,Neutral,0.0,Neutral
2017-12-12,476.0,,0.0,Neutral,0.0,Neutral
2017-12-11,485.0,2017-12-11,0.5815926194190979,Positive,0.5815926194190979,Positive
2017-12-10,485.0,,0.0,Neutral,0.29079630970954895,Positive
2017-12-06,493.0,,0.0,Neutral,0.14539815485477448,Slightly Positive
2017-12-05,486.0,2017-12-05,0.1702946424484253,Slightly Positive,0.1702946424484253,Slightly Positive
2017-12-04,485.0,,0.0,Neutral,0.08514732122421265,Slightly Positive
2017-11-30,490.0,,0.0,Neutral,0.04257366061210632,Neutral
2017-11-29,510.0,,0.0,Neutral,0.0,Neutral
2017-11-28,514.0,2017-11-28,-0.5181993842124939,Negative,-0.5181993842124939,Negative
2017-11-27,500.0,,0.0,Neutral,-0.25909969210624695,Negative
2017-11-26,507.0,,0.0,Neutral,-0.12954984605312347,Slightly Negative
2017-11-23,512.0,2017-11-23,0.5980113744735718,Positive,0.5980113744735718,Positive
2017-11-22,500.0,,0.0,Neutral,0.2990056872367859,Positive
2017-11-21,485.0,,0.0,Neutral,0.14950284361839294,Slightly Positive
2017-11-20,481.0,,0.0,Neutral,0.0,Neutral
2017-11-19,487.0,,0.0,Neutral,0.0,Neutral
2017-11-16,499.0,,0.0,Neutral,0.0,Neutral
2017-11-15,495.0,,0.0,Neutral,0.0,Neutral
2017-11-14,513.0,2017-11-14,-0.7073986530303955,Strongly Negative,-0.7073986530303955,Strongly Negative
2017-11-13,495.0,,0.0,Neutral,-0.35369932651519775,Negative
2017-11-12,500.0,2017-11-12,0.9169417023658752,Strongly Positive,0.7400920391082764,Strongly Positive
2017-11-09,482.0,,0.0,Neutral,0.4584708511829376,Positive
2017-11-08,490.0,,0.0,Neutral,0.2292354255914688,Positive
2017-11-07,495.0,2017-11-07,0.3921329081058502,Positive,0.3921329081058502,Positive
2017-11-06,515.0,2017-11-06,0.2062046229839325,Positive,0.4022710770368576,Positive
2017-11-05,515.0,,0.0,Neutral,0.2011355385184288,Positive
2017-11-02,518.0,,0.0,Neutral,0.051551155745983124,Slightly Positive
2017-11-01,519.0,,0.0,Neutral,0.0,Neutral
2017-10-31,530.0,,0.0,Neutral,0.0,Neutral
2017-10-30,540.0,,0.0,Neutral,0.0,Neutral
2017-10-29,540.0,2017-10-29,-0.1552224159240722,Slightly Negative,-0.1552224159240722,Slightly Negative
2017-10-25,541.0,,0.0,Neutral,-0.0776112079620361,Slightly Negative
2017-10-24,550.0,2017-10-24,0.3031669482588768,Positive,0.26436134427785873,Positive
2017-10-23,557.0,,0.0,Neutral,0.1515834741294384,Slightly Positive
2017-10-22,561.0,,0.0,Neutral,0.0757917370647192,Slightly Positive
2017-10-18,555.0,,0.0,Neutral,0.0,Neutral
2017-10-17,550.0,,0.0,Neutral,0.0,Neutral
2017-10-16,562.0,2017-10-16,0.7397989630699158,Strongly Positive,0.7397989630699158,Strongly Positive
2017-10-15,546.0,,0.0,Neutral,0.3698994815349579,Positive
2017-10-12,548.0,,0.0,Neutral,0.18494974076747894,Slightly Positive
2017-10-11,539.0,,0.0,Neutral,0.0,Neutral
2017-10-10,551.0,,0.0,Neutral,0.0,Neutral
2017-10-09,560.0,,0.0,Neutral,0.0,Neutral
2017-10-08,560.0,,0.0,Neutral,0.0,Neutral
2017-10-04,570.0,,0.0,Neutral,0.0,Neutral
2017-10-03,581.0,,0.0,Neutral,0.0,Neutral
2017-09-26,570.0,,0.0,Neutral,0.0,Neutral
2017-09-25,574.0,2017-09-25,0.6380407959222794,Strongly Positive,0.6380407959222794,Strongly Positive
2017-09-24,580.0,,0.0,Neutral,0.3190203979611397,Positive
2017-09-20,570.0,,0.0,Neutral,0.15951019898056984,Slightly Positive
2017-09-18,585.0,,0.0,Neutral,0.0,Neutral
2017-09-17,584.0,,0.0,Neutral,0.0,Neutral
2017-09-14,589.0,,0.0,Neutral,0.0,Neutral
2017-09-13,567.0,,0.0,Neutral,0.0,Neutral
2017-09-12,560.0,2017-09-12,0.1277060508728027,Slightly Positive,0.1277060508728027,Slightly Positive
2017-09-11,570.0,,0.0,Neutral,0.06385302543640135,Slightly Positive
2017-09-10,565.0,,0.0,Neutral,0.03192651271820068,Neutral
2017-09-07,584.0,,0.0,Neutral,0.0,Neutral
2017-09-06,615.0,2017-09-06,0.8836968541145325,Strongly Positive,0.8836968541145325,Strongly Positive
2017-09-04,601.0,2017-09-04,0.0743787288665771,Slightly Positive,0.5162271559238434,Positive
2017-08-31,610.0,,0.0,Neutral,0.2581135779619217,Positive
2017-08-30,620.0,,0.0,Neutral,0.018594682216644277,Neutral
2017-08-28,627.0,,0.0,Neutral,0.0,Neutral
2017-08-27,633.0,2017-08-27,0.9203059077262878,Strongly Positive,0.9203059077262878,Strongly Positive
2017-08-24,631.0,,0.0,Neutral,0.4601529538631439,Positive
2017-08-23,624.0,,0.0,Neutral,0.23007647693157196,Positive
2017-08-22,630.0,,0.0,Neutral,0.0,Neutral
2017-08-21,634.0,2017-08-21,0.9056445956230164,Strongly Positive,0.9056445956230164,Strongly Positive
2017-08-20,635.0,,0.0,Neutral,0.4528222978115082,Positive
2017-08-17,644.0,2017-08-17,0.7896273136138916,Strongly Positive,1.0160384625196457,Strongly Positive
2017-08-16,660.0,,0.0,Neutral,0.3948136568069458,Positive
2017-08-15,664.0,,0.0,Neutral,0.1974068284034729,Slightly Positive
2017-08-13,648.0,,0.0,Neutral,0.0,Neutral
2017-08-10,644.0,2017-08-10,0.8426941633224487,Strongly Positive,0.8426941633224487,Strongly Positive
2017-08-09,643.0,,0.0,Neutral,0.42134708166122437,Positive
2017-08-07,640.0,,0.0,Neutral,0.21067354083061218,Positive
2017-08-06,652.0,,0.0,Neutral,0.0,Neutral
2017-08-03,655.0,,0.0,Neutral,0.0,Neutral
2017-08-02,669.0,,0.0,Neutral,0.0,Neutral
2017-08-01,658.0,,0.0,Neutral,0.0,Neutral
2017-07-31,629.0,2017-07-31,0.5858557224273682,Positive,0.5858557224273682,Positive
2017-07-30,606.0,,0.0,Neutral,0.2929278612136841,Positive
2017-07-27,620.0,,0.0,Neutral,0.14646393060684204,Slightly Positive
2017-07-26,628.0,,0.0,Neutral,0.0,Neutral
2017-07-25,612.0,,0.0,Neutral,0.0,Neutral
2017-07-24,597.0,,0.0,Neutral,0.0,Neutral
2017-07-23,607.0,,0.0,Neutral,0.0,Neutral
2017-07-20,613.0,2017-07-20,-0.3135278224945068,Negative,-0.3135278224945068,Negative
2017-07-19,618.0,,0.0,Neutral,-0.1567639112472534,Slightly Negative
2017-07-18,562.0,,0.0,Neutral,-0.0783819556236267,Slightly Negative
2017-07-17,554.0,2017-07-17,0.9291043877601624,Strongly Positive,0.9291043877601624,Strongly Positive
2017-07-16,552.0,,0.0,Neutral,0.4645521938800812,Positive
2017-07-13,545.0,,0.0,Neutral,0.2322760969400406,Positive
2017-07-12,557.0,,0.0,Neutral,0.0,Neutral
2017-07-11,568.0,,0.0,Neutral,0.0,Neutral
2017-07-10,560.0,,0.0,Neutral,0.0,Neutral
2017-07-09,555.0,,0.0,Neutral,0.0,Neutral
2017-07-06,555.0,2017-07-06,0.9184584617614746,Strongly Positive,0.9184584617614746,Strongly Positive
2017-07-05,550.0,2017-07-05,0.925973892211914,Strongly Positive,1.3852031230926514,Strongly Positive
2017-07-04,547.0,,0.0,Neutral,0.6926015615463257,Strongly Positive
2017-07-03,550.0,,0.0,Neutral,0.2314934730529785,Positive
2017-07-02,549.0,2017-07-02,0.8309491276741028,Strongly Positive,0.8309491276741028,Strongly Positive
2017-06-28,547.0,,0.0,Neutral,0.4154745638370514,Positive
2017-06-27,552.0,,0.0,Neutral,0.2077372819185257,Positive
2017-06-25,554.0,,0.0,Neutral,0.0,Neutral
2017-06-22,555.0,,0.0,Neutral,0.0,Neutral
2017-06-21,553.0,,0.0,Neutral,0.0,Neutral
2017-06-20,558.0,,0.0,Neutral,0.0,Neutral
2017-06-19,556.0,2017-06-19,0.2736774682998657,Positive,0.2736774682998657,Positive
2017-06-18,554.0,,0.0,Neutral,0.13683873414993286,Slightly Positive
2017-06-15,565.0,,0.0,Neutral,0.06841936707496643,Slightly Positive
2017-06-14,564.0,2017-06-14,0.7516312599182129,Strongly Positive,0.7516312599182129,Strongly Positive
2017-06-13,560.0,,0.0,Neutral,0.37581562995910645,Positive
2017-06-12,556.0,,0.0,Neutral,0.18790781497955322,Slightly Positive
2017-06-11,570.0,,0.0,Neutral,0.0,Neutral
2017-06-08,565.0,,0.0,Neutral,0.0,Neutral
2017-06-07,567.0,,0.0,Neutral,0.0,Neutral
2017-06-06,573.0,,0.0,Neutral,0.0,Neutral
2017-06-05,568.0,,0.0,Neutral,0.0,Neutral
2017-06-04,565.0,,0.0,Neutral,0.0,Neutral
2017-06-01,572.0,,0.0,Neutral,0.0,Neutral
2017-05-31,570.0,,0.0,Neutral,0.0,Neutral
2017-05-30,557.0,,0.0,Neutral,0.0,Neutral
2017-05-28,579.0,,0.0,Neutral,0.0,Neutral
2017-05-24,586.0,,0.0,Neutral,0.0,Neutral
2017-05-23,575.0,,0.0,Neutral,0.0,Neutral
2017-05-22,580.0,,0.0,Neutral,0.0,Neutral
2017-05-21,585.0,2017-05-21,0.543536901473999,Positive,0.543536901473999,Positive
2017-05-18,584.0,,0.0,Neutral,0.2717684507369995,Positive
2017-05-17,587.0,2017-05-17,0.9115880727767944,Strongly Positive,1.0474722981452942,Strongly Positive
2017-05-16,588.0,,0.0,Neutral,0.4557940363883972,Positive
2017-05-15,598.0,,0.0,Neutral,0.2278970181941986,Positive
2017-05-11,600.0,2017-05-11,0.6874037981033325,Strongly Positive,0.6874037981033325,Strongly Positive
2017-05-09,593.0,,0.0,Neutral,0.34370189905166626,Positive
2017-05-08,545.0,,0.0,Neutral,0.17185094952583313,Slightly Positive
2017-05-07,544.0,,0.0,Neutral,0.0,Neutral
2017-05-04,557.0,,0.0,Neutral,0.0,Neutral
2017-05-03,572.0,,0.0,Neutral,0.0,Neutral
2017-05-02,560.0,,0.0,Neutral,0.0,Neutral
2017-04-30,557.0,,0.0,Neutral,0.0,Neutral
2017-04-27,560.0,,0.0,Neutral,0.0,Neutral
2017-04-26,561.0,,0.0,Neutral,0.0,Neutral
2017-04-25,563.0,2017-04-25,0.7321624755859375,Strongly Positive,0.7321624755859375,Strongly Positive
2017-04-24,570.0,,0.0,Neutral,0.36608123779296875,Positive
2017-04-23,570.0,,0.0,Neutral,0.18304061889648438,Slightly Positive
2017-04-20,568.0,2017-04-20,-0.3623961433768272,Negative,-0.3623961433768272,Negative
2017-04-19,568.0,,0.0,Neutral,-0.1811980716884136,Slightly Negative
2017-04-18,567.0,,0.0,Neutral,-0.0905990358442068,Slightly Negative
2017-04-16,584.0,,0.0,Neutral,0.0,Neutral
2017-04-13,615.0,,0.0,Neutral,0.0,Neutral
2017-04-12,635.0,,0.0,Neutral,0.0,Neutral
2017-04-11,616.0,,0.0,Neutral,0.0,Neutral
2017-04-10,560.0,,0.0,Neutral,0.0,Neutral
2017-04-09,560.0,,0.0,Neutral,0.0,Neutral
2017-04-06,547.0,2017-04-06,0.5967186689376831,Positive,0.5967186689376831,Positive
2017-04-04,555.0,,0.0,Neutral,0.29835933446884155,Positive
2017-04-03,570.0,,0.0,Neutral,0.14917966723442078,Slightly Positive
2017-04-02,580.0,2017-04-02,0.903369665145874,Strongly Positive,0.903369665145874,Strongly Positive
2017-03-30,553.0,2017-03-30,-0.1716672480106353,Slightly Negative,0.28001758456230175,Positive
2017-03-29,555.0,,0.0,Neutral,0.14000879228115087,Slightly Positive
2017-03-28,578.0,,0.0,Neutral,-0.04291681200265882,Neutral
2017-03-26,526.0,,0.0,Neutral,0.0,Neutral
2017-03-23,479.0,,0.0,Neutral,0.0,Neutral
2017-03-22,436.0,2017-03-22,0.6236251592636108,Strongly Positive,0.6236251592636108,Strongly Positive
2017-03-21,428.0,,0.0,Neutral,0.3118125796318054,Positive
2017-03-20,433.0,,0.0,Neutral,0.1559062898159027,Slightly Positive
2017-03-19,428.0,,0.0,Neutral,0.0,Neutral
2017-03-16,417.0,,0.0,Neutral,0.0,Neutral
2017-03-15,436.0,,0.0,Neutral,0.0,Neutral
2017-03-14,412.0,,0.0,Neutral,0.0,Neutral
2017-03-13,435.0,,0.0,Neutral,0.0,Neutral
2017-03-09,405.0,,0.0,Neutral,0.0,Neutral
2017-03-07,373.0,2017-03-07,0.2491500675678253,Positive,0.2491500675678253,Positive
2017-03-06,348.0,,0.0,Neutral,0.12457503378391264,Slightly Positive
2017-03-05,344.0,,0.0,Neutral,0.06228751689195632,Slightly Positive
2017-03-02,338.0,2017-03-02,0.8856234550476074,Strongly Positive,0.8856234550476074,Strongly Positive
2017-03-01,350.0,2017-03-01,0.7320932149887085,Strongly Positive,1.1749049425125122,Strongly Positive
2017-02-28,336.0,,0.0,Neutral,0.5874524712562561,Positive
2017-02-26,350.0,,0.0,Neutral,0.18302330374717712,Slightly Positive
2017-02-23,350.0,2017-02-23,-0.5603695511817932,Negative,-0.5603695511817932,Negative
2017-02-22,351.0,,0.0,Neutral,-0.2801847755908966,Negative
2017-02-21,360.0,,0.0,Neutral,-0.1400923877954483,Slightly Negative
2017-02-20,353.0,,0.0,Neutral,0.0,Neutral
2017-02-19,355.0,,0.0,Neutral,0.0,Neutral
2017-02-16,363.0,,0.0,Neutral,0.0,Neutral
2017-02-15,340.0,2017-02-15,-0.5029162764549255,Negative,-0.5029162764549255,Negative
2017-02-14,316.0,,0.0,Neutral,-0.25145813822746277,Negative
2017-02-13,311.0,,0.0,Neutral,-0.12572906911373138,Slightly Negative
2017-02-12,301.0,,0.0,Neutral,0.0,Neutral
2017-02-09,315.0,,0.0,Neutral,0.0,Neutral
2017-02-08,340.0,,0.0,Neutral,0.0,Neutral
2017-02-07,356.0,2017-02-07,0.7273648977279663,Strongly Positive,0.7273648977279663,Strongly Positive
2017-02-06,358.0,,0.0,Neutral,0.36368244886398315,Positive
2017-02-05,360.0,,0.0,Neutral,0.18184122443199158,Slightly Positive
2017-02-02,353.0,,0.0,Neutral,0.0,Neutral
2017-02-01,358.0,,0.0,Neutral,0.0,Neutral
2017-01-31,331.0,,0.0,Neutral,0.0,Neutral
2017-01-30,338.0,,0.0,Neutral,0.0,Neutral
2017-01-26,375.0,,0.0,Neutral,0.0,Neutral
2017-01-25,370.0,,0.0,Neutral,0.0,Neutral
2017-01-24,378.0,,0.0,Neutral,0.0,Neutral
2017-01-23,390.0,,0.0,Neutral,0.0,Neutral
2017-01-22,377.0,,0.0,Neutral,0.0,Neutral
2017-01-19,395.0,2017-01-19,0.8906235098838806,Strongly Positive,0.8906235098838806,Strongly Positive
2017-01-18,395.0,2017-01-18,-0.7480860352516174,Strongly Negative,-0.3027742803096771,Negative
2017-01-17,390.0,,0.0,Neutral,-0.15138714015483856,Slightly Negative
2017-01-16,400.0,,0.0,Neutral,-0.18702150881290436,Slightly Negative
2017-01-15,395.0,2017-01-15,0.8086245059967041,Strongly Positive,0.8086245059967041,Strongly Positive
2017-01-12,405.0,,0.0,Neutral,0.40431225299835205,Positive
2017-01-11,401.0,,0.0,Neutral,0.20215612649917603,Positive
2017-01-10,405.0,,0.0,Neutral,0.0,Neutral
2017-01-09,405.0,,0.0,Neutral,0.0,Neutral
2017-01-08,400.0,,0.0,Neutral,0.0,Neutral
2017-01-05,395.0,,0.0,Neutral,0.0,Neutral
2017-01-04,400.0,,0.0,Neutral,0.0,Neutral
2017-01-03,407.0,,0.0,Neutral,0.0,Neutral
2017-01-02,405.0,,0.0,Neutral,0.0,Neutral
2017-01-01,390.0,2017-01-01,0.1828947961330413,Slightly Positive,0.1828947961330413,Slightly Positive
2016-12-29,404.0,,0.0,Neutral,0.09144739806652065,Slightly Positive
2016-12-28,388.0,2016-12-28,0.881725013256073,Strongly Positive,0.9274487122893333,Strongly Positive
2016-12-27,386.0,,0.0,Neutral,0.4408625066280365,Positive
2016-12-26,395.0,,0.0,Neutral,0.22043125331401825,Positive
2016-12-22,394.0,,0.0,Neutral,0.0,Neutral
2016-12-21,395.0,,0.0,Neutral,0.0,Neutral
2016-12-20,396.0,,0.0,Neutral,0.0,Neutral
2016-12-19,405.0,,0.0,Neutral,0.0,Neutral
2016-12-18,405.0,,0.0,Neutral,0.0,Neutral
2016-12-15,413.0,,0.0,Neutral,0.0,Neutral
2016-12-14,428.0,,0.0,Neutral,0.0,Neutral
2016-12-12,417.0,,0.0,Neutral,0.0,Neutral
2016-12-11,432.0,,0.0,Neutral,0.0,Neutral
2016-12-08,479.0,,0.0,Neutral,0.0,Neutral
2016-12-07,508.0,,0.0,Neutral,0.0,Neutral
2016-12-06,509.0,,0.0,Neutral,0.0,Neutral
2016-12-05,509.0,2016-12-05,0.7129253149032593,Strongly Positive,0.7129253149032593,Strongly Positive
2016-12-04,520.0,,0.0,Neutral,0.35646265745162964,Positive
2016-12-01,506.0,,0.0,Neutral,0.17823132872581482,Slightly Positive
2016-11-30,529.0,,0.0,Neutral,0.0,Neutral
2016-11-29,490.0,,0.0,Neutral,0.0,Neutral
2016-11-28,449.0,,0.0,Neutral,0.0,Neutral
2016-11-27,446.0,,0.0,Neutral,0.0,Neutral
2016-11-24,495.0,,0.0,Neutral,0.0,Neutral
2016-11-23,504.0,,0.0,Neutral,0.0,Neutral
2016-11-22,525.0,,0.0,Neutral,0.0,Neutral
2016-11-21,541.0,2016-11-21,0.8399505615234375,Strongly Positive,0.8399505615234375,Strongly Positive
2016-11-20,540.0,,0.0,Neutral,0.41997528076171875,Positive
2016-11-17,549.0,,0.0,Neutral,0.20998764038085938,Positive
2016-11-16,569.0,,0.0,Neutral,0.0,Neutral
2016-11-15,569.0,,0.0,Neutral,0.0,Neutral
2016-11-14,578.0,,0.0,Neutral,0.0,Neutral
2016-11-13,575.0,,0.0,Neutral,0.0,Neutral
2016-11-10,577.0,,0.0,Neutral,0.0,Neutral
2016-11-09,580.0,2016-11-09,-0.9314858317375184,Strongly Negative,-0.9314858317375184,Strongly Negative
2016-11-08,600.0,,0.0,Neutral,-0.4657429158687592,Negative
2016-11-07,597.0,,0.0,Neutral,-0.2328714579343796,Negative
2016-11-03,617.0,,0.0,Neutral,0.0,Neutral
2016-10-27,585.0,2016-10-27,0.7380070686340332,Strongly Positive,0.7380070686340332,Strongly Positive
2016-10-26,590.0,,0.0,Neutral,0.3690035343170166,Positive
2016-10-25,586.0,,0.0,Neutral,0.1845017671585083,Slightly Positive
2016-10-24,590.0,,0.0,Neutral,0.0,Neutral
2016-10-23,599.0,2016-10-23,-0.9054261445999146,Strongly Negative,-0.9054261445999146,Strongly Negative
2016-10-20,612.0,,0.0,Neutral,-0.4527130722999573,Negative
2016-10-19,600.0,,0.0,Neutral,-0.22635653614997864,Negative
2016-10-18,615.0,,0.0,Neutral,0.0,Neutral
2016-10-17,630.0,,0.0,Neutral,0.0,Neutral
2016-10-16,613.0,,0.0,Neutral,0.0,Neutral
2016-10-06,600.0,,0.0,Neutral,0.0,Neutral
2016-10-05,587.0,,0.0,Neutral,0.0,Neutral
2016-10-04,595.0,,0.0,Neutral,0.0,Neutral
2016-10-03,599.0,2016-10-03,0.1059269905090332,Slightly Positive,0.1059269905090332,Slightly Positive
2016-10-02,600.0,2016-10-02,0.8898768424987793,Strongly Positive,0.9428403377532959,Strongly Positive
2016-09-29,602.0,2016-09-29,0.9111406207084656,Strongly Positive,1.3825607895851135,Strongly Positive
2016-09-28,597.0,,0.0,Neutral,0.6780395209789276,Strongly Positive
2016-09-27,601.0,,0.0,Neutral,0.2277851551771164,Positive
2016-09-26,600.0,,0.0,Neutral,0.0,Neutral
2016-09-25,600.0,,0.0,Neutral,0.0,Neutral
2016-09-22,620.0,2016-09-22,0.0431180894374847,Neutral,0.0431180894374847,Neutral
2016-09-21,620.0,2016-09-21,0.8862911760807037,Strongly Positive,0.9078502207994461,Strongly Positive
2016-09-20,630.0,2016-09-20,0.9242508411407472,Strongly Positive,1.3781759515404701,Strongly Positive
2016-09-18,640.0,2016-09-18,0.8751511573791504,Strongly Positive,1.5588493719696999,Strongly Positive
2016-09-14,620.0,,0.0,Neutral,0.668638288974762,Strongly Positive
2016-09-12,623.0,2016-09-12,0.902121365070343,Strongly Positive,1.1209091544151306,Strongly Positive
2016-09-11,620.0,2016-09-11,0.8642315864562988,Strongly Positive,1.3152922689914703,Strongly Positive
2016-09-08,632.0,,0.0,Neutral,0.6576461344957352,Strongly Positive
2016-09-07,640.0,,0.0,Neutral,0.2160578966140747,Positive
2016-09-06,639.0,,0.0,Neutral,0.0,Neutral
2016-09-05,644.0,,0.0,Neutral,0.0,Neutral
2016-09-04,630.0,,0.0,Neutral,0.0,Neutral
2016-09-03,630.0,,0.0,Neutral,0.0,Neutral
2016-09-01,605.0,2016-09-01,0.7710901498794556,Strongly Positive,0.7710901498794556,Strongly Positive
2016-08-31,630.0,,0.0,Neutral,0.3855450749397278,Positive
2016-08-30,700.0,2016-08-30,-0.0680882036685943,Slightly Negative,0.12468433380126959,Slightly Positive
2016-08-29,697.0,,0.0,Neutral,-0.03404410183429715,Neutral
2016-08-28,650.0,,0.0,Neutral,-0.017022050917148576,Neutral
2016-08-24,635.0,,0.0,Neutral,0.0,Neutral
2016-08-23,623.0,,0.0,Neutral,0.0,Neutral
2016-08-22,600.0,,0.0,Neutral,0.0,Neutral
2016-08-21,655.0,,0.0,Neutral,0.0,Neutral
2016-08-17,670.0,,0.0,Neutral,0.0,Neutral
2016-08-16,705.0,2016-08-16,0.0269997715950012,Neutral,0.0269997715950012,Neutral
2016-08-15,695.0,,0.0,Neutral,0.0134998857975006,Neutral
2016-08-14,733.0,,0.0,Neutral,0.0067499428987503,Neutral
2016-08-11,786.0,,0.0,Neutral,0.0,Neutral
2016-08-10,801.0,,0.0,Neutral,0.0,Neutral
2016-08-09,801.0,,0.0,Neutral,0.0,Neutral
2016-08-08,742.0,,0.0,Neutral,0.0,Neutral
2016-08-07,812.0,,0.0,Neutral,0.0,Neutral
2016-08-04,804.0,,0.0,Neutral,0.0,Neutral
2016-08-03,834.0,,0.0,Neutral,0.0,Neutral
2016-08-02,835.0,,0.0,Neutral,0.0,Neutral
2016-08-01,855.0,,0.0,Neutral,0.0,Neutral
2016-07-31,837.0,,0.0,Neutral,0.0,Neutral
2016-07-28,855.0,,0.0,Neutral,0.0,Neutral
2016-07-27,880.0,,0.0,Neutral,0.0,Neutral
2016-07-26,828.0,,0.0,Neutral,0.0,Neutral
2016-07-25,830.0,,0.0,Neutral,0.0,Neutral
2016-07-21,835.0,2016-07-21,-0.5415614247322083,Negative,-0.5415614247322083,Negative
2016-07-20,830.0,,0.0,Neutral,-0.2707807123661041,Negative
2016-07-19,830.0,2016-07-19,-0.5339106917381287,Negative,-0.6693010479211807,Strongly Negative
2016-07-18,830.0,,0.0,Neutral,-0.26695534586906433,Negative
2016-07-17,825.0,2016-07-17,0.8322827219963074,Strongly Positive,0.6988050490617752,Strongly Positive
2016-07-14,843.0,,0.0,Neutral,0.4161413609981537,Positive
2016-07-13,830.0,,0.0,Neutral,0.20807068049907684,Positive
2016-07-12,820.0,,0.0,Neutral,0.0,Neutral
2016-07-11,840.0,,0.0,Neutral,0.0,Neutral
2016-07-10,864.0,2016-07-10,0.8081753253936768,Strongly Positive,0.8081753253936768,Strongly Positive
2016-07-06,865.0,,0.0,Neutral,0.4040876626968384,Positive
2016-07-05,860.0,,0.0,Neutral,0.2020438313484192,Positive
2016-07-04,854.0,,0.0,Neutral,0.0,Neutral
2016-07-03,859.0,,0.0,Neutral,0.0,Neutral
2016-06-30,835.0,,0.0,Neutral,0.0,Neutral
2016-06-29,855.0,,0.0,Neutral,0.0,Neutral
2016-06-28,848.0,,0.0,Neutral,0.0,Neutral
2016-06-27,852.0,,0.0,Neutral,0.0,Neutral
2016-06-26,860.0,,0.0,Neutral,0.0,Neutral
2016-06-23,872.0,2016-06-23,0.581391453742981,Positive,0.581391453742981,Positive
2016-06-22,839.0,,0.0,Neutral,0.2906957268714905,Positive
2016-06-21,846.0,,0.0,Neutral,0.14534786343574524,Slightly Positive
2016-06-20,816.0,,0.0,Neutral,0.0,Neutral
2016-06-19,800.0,2016-06-19,0.8847450613975525,Strongly Positive,0.8847450613975525,Strongly Positive
2016-06-16,770.0,,0.0,Neutral,0.44237253069877625,Positive
2016-06-15,770.0,2016-06-15,0.6763022541999817,Strongly Positive,0.8974885195493698,Strongly Positive
2016-06-14,771.0,,0.0,Neutral,0.33815112709999084,Positive
2016-06-13,779.0,,0.0,Neutral,0.16907556354999542,Slightly Positive
2016-06-12,780.0,,0.0,Neutral,0.0,Neutral
2016-06-09,772.0,,0.0,Neutral,0.0,Neutral
2016-06-08,737.0,,0.0,Neutral,0.0,Neutral
2016-06-07,717.0,,0.0,Neutral,0.0,Neutral
2016-06-06,728.0,,0.0,Neutral,0.0,Neutral
2016-06-05,714.0,2016-06-05,0.9090322256088256,Strongly Positive,0.9090322256088256,Strongly Positive
2016-06-02,710.0,2016-06-02,0.8896958827972412,Strongly Positive,1.344211995601654,Strongly Positive
2016-06-01,728.0,,0.0,Neutral,0.672105997800827,Strongly Positive
2016-05-31,760.0,,0.0,Neutral,0.2224239706993103,Positive
2016-05-30,692.0,2016-05-30,0.9280319213867188,Strongly Positive,0.9280319213867188,Strongly Positive
2016-05-29,670.0,,0.0,Neutral,0.4640159606933594,Positive
2016-05-26,665.0,,0.0,Neutral,0.2320079803466797,Positive
2016-05-25,661.0,,0.0,Neutral,0.0,Neutral
2016-05-24,660.0,,0.0,Neutral,0.0,Neutral
2016-05-23,656.0,,0.0,Neutral,0.0,Neutral
2016-05-22,670.0,,0.0,Neutral,0.0,Neutral
2016-05-19,667.0,,0.0,Neutral,0.0,Neutral
2016-05-18,666.0,,0.0,Neutral,0.0,Neutral
2016-05-17,674.0,2016-05-17,0.9240453839302064,Strongly Positive,0.9240453839302064,Strongly Positive
2016-05-16,671.0,,0.0,Neutral,0.4620226919651032,Positive
2016-05-15,670.0,,0.0,Neutral,0.2310113459825516,Positive
2016-05-12,677.0,,0.0,Neutral,0.0,Neutral
2016-05-11,633.0,,0.0,Neutral,0.0,Neutral
2016-05-10,627.0,2016-05-10,0.8823189735412598,Strongly Positive,0.8823189735412598,Strongly Positive
2016-05-09,620.0,,0.0,Neutral,0.4411594867706299,Positive
2016-05-08,630.0,,0.0,Neutral,0.22057974338531494,Positive
2016-05-05,603.0,,0.0,Neutral,0.0,Neutral
2016-05-04,615.0,,0.0,Neutral,0.0,Neutral
2016-05-03,618.0,,0.0,Neutral,0.0,Neutral
2016-05-02,620.0,,0.0,Neutral,0.0,Neutral
2016-04-28,620.0,2016-04-28,-0.6809363961219788,Strongly Negative,-0.6809363961219788,Strongly Negative
2016-04-27,625.0,2016-04-27,0.1160554587841034,Slightly Positive,-0.224412739276886,Negative
2016-04-26,626.0,,0.0,Neutral,-0.112206369638443,Slightly Negative
2016-04-25,627.0,,0.0,Neutral,0.02901386469602585,Neutral
2016-04-24,629.0,,0.0,Neutral,0.0,Neutral
2016-04-21,635.0,,0.0,Neutral,0.0,Neutral
2016-04-20,643.0,2016-04-20,0.7522884607315063,Strongly Positive,0.7522884607315063,Strongly Positive
2016-04-19,649.0,2016-04-19,-0.926275670528412,Strongly Negative,-0.5501314401626588,Negative
2016-04-18,658.0,2016-04-18,0.0300204027444124,Neutral,-0.24504531733691698,Negative
2016-04-17,660.0,2016-04-17,0.9084632992744446,Strongly Positive,0.6919045830145478,Strongly Positive
2016-04-14,663.0,,0.0,Neutral,0.4617367503233254,Positive
2016-04-12,658.0,,0.0,Neutral,0.22711582481861115,Positive
2016-04-11,675.0,,0.0,Neutral,0.0,Neutral
2016-04-10,660.0,,0.0,Neutral,0.0,Neutral
2016-04-06,669.0,,0.0,Neutral,0.0,Neutral
2016-04-05,652.0,,0.0,Neutral,0.0,Neutral
2016-04-04,643.0,,0.0,Neutral,0.0,Neutral
2016-04-03,661.0,,0.0,Neutral,0.0,Neutral
2016-03-31,637.0,,0.0,Neutral,0.0,Neutral
2016-03-30,658.0,,0.0,Neutral,0.0,Neutral
2016-03-29,615.0,,0.0,Neutral,0.0,Neutral
2016-03-28,630.0,2016-03-28,0.5935075283050537,Positive,0.5935075283050537,Positive
2016-03-27,656.0,,0.0,Neutral,0.29675376415252686,Positive
2016-03-24,694.0,2016-03-24,0.9060111045837402,Strongly Positive,1.0543879866600037,Strongly Positive
2016-03-23,710.0,,0.0,Neutral,0.4530055522918701,Positive
2016-03-21,733.0,,0.0,Neutral,0.22650277614593506,Positive
2016-03-20,739.0,,0.0,Neutral,0.0,Neutral
2016-03-17,720.0,2016-03-17,0.7216230034828186,Strongly Positive,0.7216230034828186,Strongly Positive
2016-03-16,680.0,2016-03-16,-0.7536658644676208,Strongly Negative,-0.39285436272621155,Negative
2016-03-15,740.0,2016-03-15,0.789482593536377,Strongly Positive,0.5930554121732712,Positive
2016-03-14,821.0,,0.0,Neutral,0.20632483065128326,Positive
2016-03-13,747.0,,0.0,Neutral,0.19737064838409424,Slightly Positive
2016-03-10,686.0,,0.0,Neutral,0.0,Neutral
2016-03-06,624.0,,0.0,Neutral,0.0,Neutral
2016-03-03,568.0,2016-03-03,0.7107265591621399,Strongly Positive,0.7107265591621399,Strongly Positive
2016-03-02,517.0,,0.0,Neutral,0.35536327958106995,Positive
2016-03-01,470.0,,0.0,Neutral,0.17768163979053497,Slightly Positive
2016-02-29,471.0,2016-02-29,0.6740023493766785,Strongly Positive,0.6740023493766785,Strongly Positive
2016-02-28,474.0,,0.0,Neutral,0.33700117468833923,Positive
2016-02-25,495.0,2016-02-25,0.8789723515510559,Strongly Positive,1.0474729388952255,Strongly Positive
2016-02-24,472.0,,0.0,Neutral,0.43948617577552795,Positive
2016-02-23,486.0,,0.0,Neutral,0.21974308788776398,Positive
2016-02-22,491.0,,0.0,Neutral,0.0,Neutral
2016-02-21,498.0,,0.0,Neutral,0.0,Neutral
2016-02-18,480.0,,0.0,Neutral,0.0,Neutral
2016-02-17,483.0,,0.0,Neutral,0.0,Neutral
2016-02-16,482.0,,0.0,Neutral,0.0,Neutral
2016-02-15,485.0,,0.0,Neutral,0.0,Neutral
2016-02-14,500.0,2016-02-14,0.8966696262359619,Strongly Positive,0.8966696262359619,Strongly Positive
2016-02-11,540.0,,0.0,Neutral,0.44833481311798096,Positive
2016-02-08,515.0,,0.0,Neutral,0.22416740655899048,Positive
2016-02-07,493.0,,0.0,Neutral,0.0,Neutral
2016-02-04,449.0,,0.0,Neutral,0.0,Neutral
2016-02-03,441.0,,0.0,Neutral,0.0,Neutral
2016-02-02,430.0,2016-02-02,0.6775474548339844,Strongly Positive,0.6775474548339844,Strongly Positive
2016-02-01,435.0,,0.0,Neutral,0.3387737274169922,Positive
2016-01-31,432.0,,0.0,Neutral,0.1693868637084961,Slightly Positive
2016-01-28,430.0,,0.0,Neutral,0.0,Neutral
2016-01-27,432.0,,0.0,Neutral,0.0,Neutral
2016-01-26,448.0,,0.0,Neutral,0.0,Neutral
2016-01-25,454.0,,0.0,Neutral,0.0,Neutral
2016-01-24,429.0,,0.0,Neutral,0.0,Neutral
2016-01-14,390.0,,0.0,Neutral,0.0,Neutral
2016-01-13,394.0,,0.0,Neutral,0.0,Neutral
2016-01-12,400.0,,0.0,Neutral,0.0,Neutral
2016-01-11,376.0,2016-01-11,0.6818904876708984,Strongly Positive,0.6818904876708984,Strongly Positive
2016-01-10,378.0,,0.0,Neutral,0.3409452438354492,Positive
2016-01-07,368.0,,0.0,Neutral,0.1704726219177246,Slightly Positive
2016-01-06,360.0,,0.0,Neutral,0.0,Neutral
2016-01-05,375.0,,0.0,Neutral,0.0,Neutral
2016-01-04,368.0,,0.0,Neutral,0.0,Neutral
2016-01-03,369.0,,0.0,Neutral,0.0,Neutral
2015-12-31,370.0,,0.0,Neutral,0.0,Neutral
2015-12-29,372.0,,0.0,Neutral,0.0,Neutral
2015-12-28,371.0,,0.0,Neutral,0.0,Neutral
2015-12-27,385.0,,0.0,Neutral,0.0,Neutral
2015-12-24,379.0,,0.0,Neutral,0.0,Neutral
2015-12-23,372.0,,0.0,Neutral,0.0,Neutral
2015-12-22,370.0,,0.0,Neutral,0.0,Neutral
2015-12-21,378.0,,0.0,Neutral,0.0,Neutral
2015-12-20,389.0,,0.0,Neutral,0.0,Neutral
2015-12-17,391.0,,0.0,Neutral,0.0,Neutral
2015-12-16,393.0,,0.0,Neutral,0.0,Neutral
2015-12-15,391.0,,0.0,Neutral,0.0,Neutral
2015-12-14,398.0,,0.0,Neutral,0.0,Neutral
2015-12-13,400.0,,0.0,Neutral,0.0,Neutral
2015-12-10,400.0,,0.0,Neutral,0.0,Neutral
2015-12-09,412.0,,0.0,Neutral,0.0,Neutral
2015-12-08,399.0,,0.0,Neutral,0.0,Neutral
2015-12-07,397.0,2015-12-07,0.9273107945919036,Strongly Positive,0.9273107945919036,Strongly Positive
2015-12-06,398.0,,0.0,Neutral,0.4636553972959518,Positive
2015-12-03,392.0,2015-12-03,0.9220194220542908,Strongly Positive,1.1538471207022667,Strongly Positive
2015-12-02,398.0,,0.0,Neutral,0.4610097110271454,Positive
2015-12-01,400.0,2015-12-01,-0.5810050964355469,Negative,-0.3505002409219742,Negative
2015-11-30,384.0,,0.0,Neutral,-0.29050254821777344,Negative
2015-11-29,381.0,2015-11-29,0.923660397529602,Strongly Positive,0.7784091234207153,Strongly Positive
2015-11-26,395.0,,0.0,Neutral,0.461830198764801,Positive
2015-11-25,406.0,,0.0,Neutral,0.2309150993824005,Positive
2015-11-24,430.0,,0.0,Neutral,0.0,Neutral
2015-11-23,400.0,,0.0,Neutral,0.0,Neutral
2015-11-22,364.0,,0.0,Neutral,0.0,Neutral
2015-11-19,331.0,,0.0,Neutral,0.0,Neutral
2015-11-18,307.0,,0.0,Neutral,0.0,Neutral
2019-03-14,116.0,,0.0,Neutral,0.0,Neutral
2019-03-13,119.0,,0.0,Neutral,0.0,Neutral
2019-03-12,127.0,,0.0,Neutral,0.0,Neutral
2019-03-11,121.0,2019-03-11,-0.5805007219314575,Negative,-0.5805007219314575,Negative
2019-03-10,125.0,,0.0,Neutral,-0.29025036096572876,Negative
2019-03-07,123.0,2019-03-07,0.8529539108276367,Strongly Positive,0.7078287303447723,Strongly Positive
2019-03-06,117.0,,0.0,Neutral,0.42647695541381836,Positive
2019-03-05,108.0,2019-03-05,-0.6652853488922119,Strongly Negative,-0.45204687118530273,Negative
2019-03-03,107.0,,0.0,Neutral,-0.33264267444610596,Negative
2019-02-27,109.0,,0.0,Neutral,-0.16632133722305298,Slightly Negative
2019-02-26,110.0,,0.0,Neutral,0.0,Neutral
2019-02-25,110.0,,0.0,Neutral,0.0,Neutral
2019-02-24,110.0,,0.0,Neutral,0.0,Neutral
2019-02-11,114.0,,0.0,Neutral,0.0,Neutral
2019-02-07,114.0,,0.0,Neutral,0.0,Neutral
2019-02-06,116.0,,0.0,Neutral,0.0,Neutral
2019-02-05,114.0,,0.0,Neutral,0.0,Neutral
2019-02-04,114.0,2019-02-04,-0.7323634028434753,Strongly Negative,-0.7323634028434753,Strongly Negative
2019-02-03,115.0,2019-02-03,0.4023022949695587,Positive,0.036120593547821045,Neutral
2019-01-31,113.0,,0.0,Neutral,0.018060296773910522,Neutral
2019-01-30,114.0,2019-01-30,0.127448558807373,Slightly Positive,0.22802413254976267,Positive
2019-01-29,119.0,,0.0,Neutral,0.0637242794036865,Slightly Positive
2019-01-28,121.0,,0.0,Neutral,0.03186213970184325,Neutral
2019-01-27,127.0,,0.0,Neutral,0.0,Neutral
2019-01-23,127.0,,0.0,Neutral,0.0,Neutral
2019-01-22,123.0,,0.0,Neutral,0.0,Neutral
2019-01-20,121.0,2019-01-20,0.7727754712104797,Strongly Positive,0.7727754712104797,Strongly Positive
2019-01-17,119.0,,0.0,Neutral,0.38638773560523987,Positive
2019-01-16,120.0,,0.0,Neutral,0.19319386780261993,Slightly Positive
2019-01-15,118.0,2019-01-15,0.519601047039032,Positive,0.519601047039032,Positive
2019-01-14,116.0,2019-01-14,0.9134968519210817,Strongly Positive,1.1732973754405975,Strongly Positive
2019-01-13,119.0,,0.0,Neutral,0.5866486877202988,Positive
2019-01-10,121.0,,0.0,Neutral,0.2283742129802704,Positive
2019-01-09,121.0,2019-01-09,0.7550469636917114,Strongly Positive,0.7550469636917114,Strongly Positive
2019-01-08,125.0,2019-01-08,0.7743663191795349,Strongly Positive,1.1518898010253906,Strongly Positive
2019-01-07,128.0,2019-01-07,0.7200121879577637,Strongly Positive,1.295957088470459,Strongly Positive
2019-01-06,120.0,2019-01-06,0.5872798562049866,Positive,1.1408775299787521,Strongly Positive
2019-01-03,120.0,,0.0,Neutral,0.4736429750919342,Positive
2019-01-02,126.0,2019-01-02,-0.4312562644481659,Negative,-0.28443630039691925,Negative
2019-01-01,132.0,2019-01-01,0.5289696455001831,Positive,0.31334151327610016,Positive
2018-12-31,133.0,2018-12-31,0.8081836700439453,Strongly Positive,0.9648544266819954,Strongly Positive
2018-12-30,132.0,2018-12-30,0.8666418790817261,Strongly Positive,1.4029761254787445,Strongly Positive
2018-12-27,130.0,2018-12-27,0.8413619995117188,Strongly Positive,1.4767288565635681,Strongly Positive
2018-12-26,132.0,2018-12-26,0.5205397605895996,Positive,1.1578812301158905,Strongly Positive
2018-12-25,132.0,,0.0,Neutral,0.4706103801727295,Positive
2018-12-24,132.0,2018-12-24,0.912123441696167,Strongly Positive,1.042258381843567,Strongly Positive
2018-12-23,120.0,,0.0,Neutral,0.4560617208480835,Positive
2018-12-20,118.0,2018-12-20,-0.2122925519943237,Negative,0.015738308429718045,Neutral
2018-12-19,116.0,2018-12-19,-0.3084029853343963,Negative,-0.41454926133155817,Negative
2018-12-18,118.0,,0.0,Neutral,-0.20727463066577909,Negative
2018-12-17,115.0,,0.0,Neutral,-0.07710074633359908,Slightly Negative
2018-12-13,116.0,2018-12-13,-0.1332300901412964,Slightly Negative,-0.1332300901412964,Slightly Negative
2018-12-11,118.0,2018-12-11,0.8785602450370789,Strongly Positive,0.8119451999664307,Strongly Positive
2018-12-10,118.0,2018-12-10,0.7846078276634216,Strongly Positive,1.190580427646637,Strongly Positive
2018-12-09,112.0,,0.0,Neutral,0.6119439750909805,Strongly Positive
2018-12-06,112.0,,0.0,Neutral,0.1961519569158554,Slightly Positive
2018-12-05,110.0,,0.0,Neutral,0.0,Neutral
2018-11-28,104.0,,0.0,Neutral,0.0,Neutral
2018-11-26,106.0,,0.0,Neutral,0.0,Neutral
2018-11-25,108.0,,0.0,Neutral,0.0,Neutral
2018-11-05,110.0,,0.0,Neutral,0.0,Neutral
2018-11-04,112.0,,0.0,Neutral,0.0,Neutral
2018-11-01,114.0,,0.0,Neutral,0.0,Neutral
2018-10-31,113.0,,0.0,Neutral,0.0,Neutral
2018-10-30,115.0,,0.0,Neutral,0.0,Neutral
2018-10-25,119.0,,0.0,Neutral,0.0,Neutral
2018-10-24,118.0,,0.0,Neutral,0.0,Neutral
2018-10-23,118.0,,0.0,Neutral,0.0,Neutral
2018-10-14,120.0,,0.0,Neutral,0.0,Neutral
2018-10-10,116.0,2018-10-10,-0.1620651185512542,Slightly Negative,-0.1620651185512542,Slightly Negative
2018-10-09,116.0,,0.0,Neutral,-0.0810325592756271,Slightly Negative
2018-10-08,116.0,,0.0,Neutral,-0.04051627963781355,Neutral
2018-10-07,118.0,,0.0,Neutral,0.0,Neutral
2018-10-04,120.0,,0.0,Neutral,0.0,Neutral
2018-10-03,122.0,,0.0,Neutral,0.0,Neutral
2018-10-02,124.0,,0.0,Neutral,0.0,Neutral
2018-10-01,126.0,,0.0,Neutral,0.0,Neutral
2018-09-27,128.0,,0.0,Neutral,0.0,Neutral
2018-09-26,124.0,,0.0,Neutral,0.0,Neutral
2018-09-25,125.0,,0.0,Neutral,0.0,Neutral
2018-09-20,120.0,,0.0,Neutral,0.0,Neutral
2018-09-18,118.0,2018-09-18,0.4713515937328338,Positive,0.4713515937328338,Positive
2018-09-16,124.0,2018-09-16,0.4487057030200958,Positive,0.6843814998865128,Strongly Positive
2018-09-13,122.0,,0.0,Neutral,0.3421907499432564,Positive
2018-09-12,120.0,,0.0,Neutral,0.11217642575502396,Slightly Positive
2018-09-11,122.0,,0.0,Neutral,0.0,Neutral
2018-09-10,120.0,,0.0,Neutral,0.0,Neutral
2018-09-09,124.0,,0.0,Neutral,0.0,Neutral
2018-09-06,125.0,,0.0,Neutral,0.0,Neutral
2018-09-05,123.0,,0.0,Neutral,0.0,Neutral
2018-09-04,121.0,,0.0,Neutral,0.0,Neutral
2018-09-03,124.0,,0.0,Neutral,0.0,Neutral
2018-09-02,116.0,2018-09-02,0.9213955402374268,Strongly Positive,0.9213955402374268,Strongly Positive
2018-08-30,118.0,,0.0,Neutral,0.4606977701187134,Positive
2018-08-29,116.0,,0.0,Neutral,0.2303488850593567,Positive
2018-08-28,119.0,2018-08-28,0.8678902387619019,Strongly Positive,0.8678902387619019,Strongly Positive
2018-08-26,121.0,2018-08-26,0.908364236354828,Strongly Positive,1.3423093557357788,Strongly Positive
2018-08-23,123.0,2018-08-23,0.9118733406066896,Strongly Positive,1.583028018474579,Strongly Positive
2018-08-22,125.0,2018-08-22,0.9089189767837524,Strongly Positive,1.5919467061758041,Strongly Positive
2018-08-21,125.0,,0.0,Neutral,0.6824278235435486,Strongly Positive
2018-08-20,125.0,,0.0,Neutral,0.2272297441959381,Positive
2018-08-16,127.0,2018-08-16,0.8950644135475159,Strongly Positive,0.8950644135475159,Strongly Positive
2018-08-15,129.0,2018-08-15,-0.1866932809352874,Slightly Negative,0.26083892583847057,Positive
2018-08-14,127.0,,0.0,Neutral,0.13041946291923529,Slightly Positive
2018-08-12,123.0,,0.0,Neutral,-0.04667332023382185,Neutral
2018-08-06,124.0,,0.0,Neutral,0.0,Neutral
2018-08-05,127.0,,0.0,Neutral,0.0,Neutral
2018-08-02,129.0,2018-08-02,-0.2557297945022583,Negative,-0.2557297945022583,Negative
2018-08-01,130.0,2018-08-01,0.7616575956344604,Strongly Positive,0.6337926983833313,Strongly Positive
2018-07-31,134.0,2018-07-31,0.8481963723897934,Strongly Positive,1.165092721581459,Strongly Positive
2018-07-30,134.0,,0.0,Neutral,0.6145125851035118,Strongly Positive
2018-07-29,136.0,,0.0,Neutral,0.21204909309744835,Positive
2018-07-26,134.0,2018-07-26,0.8805007934570312,Strongly Positive,0.8805007934570312,Strongly Positive
2018-07-25,132.0,2018-07-25,0.5625090003013611,Positive,1.0027593970298767,Strongly Positive
2018-07-24,130.0,2018-07-24,0.8712472915649414,Strongly Positive,1.3726269900798798,Strongly Positive
2018-07-23,124.0,,0.0,Neutral,0.576250895857811,Positive
2018-07-22,126.0,2018-07-22,0.5804762393236159,Positive,0.7982880622148513,Strongly Positive
2018-07-19,126.0,,0.0,Neutral,0.29023811966180796,Positive
2018-07-15,126.0,2018-07-15,-0.0455491840839386,Neutral,0.09956987574696538,Slightly Positive
2018-07-12,128.0,2018-07-12,-0.1427455693483352,Slightly Negative,-0.1655201613903045,Slightly Negative
2018-07-11,128.0,2018-07-11,0.1307443678379058,Slightly Positive,0.047984287142753546,Neutral
2018-07-10,134.0,,0.0,Neutral,0.029685791581869098,Neutral
2018-07-09,127.0,,0.0,Neutral,0.03268609195947645,Neutral
2018-07-08,131.0,2018-07-08,0.7769768834114075,Strongly Positive,0.7769768834114075,Strongly Positive
2018-07-05,129.0,,0.0,Neutral,0.38848844170570374,Positive
2018-07-04,123.0,2018-07-04,0.3696541786193847,Positive,0.5638983994722366,Positive
2018-07-03,123.0,,0.0,Neutral,0.18482708930969236,Slightly Positive
2018-07-02,131.0,,0.0,Neutral,0.09241354465484618,Slightly Positive
2018-07-01,135.0,,0.0,Neutral,0.0,Neutral
2018-06-28,143.0,,0.0,Neutral,0.0,Neutral
2018-06-27,141.0,2018-06-27,0.6418185830116272,Strongly Positive,0.6418185830116272,Strongly Positive
2018-06-26,137.0,,0.0,Neutral,0.3209092915058136,Positive
2018-06-25,139.0,,0.0,Neutral,0.1604546457529068,Slightly Positive
2018-06-24,133.0,,0.0,Neutral,0.0,Neutral
2018-06-21,133.0,,0.0,Neutral,0.0,Neutral
2018-06-20,133.0,,0.0,Neutral,0.0,Neutral
2018-06-19,134.0,,0.0,Neutral,0.0,Neutral
2018-06-18,129.0,,0.0,Neutral,0.0,Neutral
2018-06-17,131.0,2018-06-17,0.508649468421936,Positive,0.508649468421936,Positive
2018-06-14,132.0,,0.0,Neutral,0.254324734210968,Positive
2018-06-13,126.0,2018-06-13,-0.3404492735862732,Negative,-0.21328690648078918,Negative
2018-06-12,127.0,,0.0,Neutral,-0.1702246367931366,Slightly Negative
2018-06-11,126.0,,0.0,Neutral,-0.0851123183965683,Slightly Negative
2018-06-10,130.0,,0.0,Neutral,0.0,Neutral
2018-06-07,138.0,2018-06-07,0.787387490272522,Strongly Positive,0.787387490272522,Strongly Positive
2018-06-03,136.0,2018-06-03,0.3452410101890564,Positive,0.7389347553253174,Strongly Positive
2018-05-31,138.0,,0.0,Neutral,0.3694673776626587,Positive
2018-05-30,142.0,2018-05-30,0.7039557695388794,Strongly Positive,0.7902660220861435,Strongly Positive
2018-05-29,144.0,,0.0,Neutral,0.3519778847694397,Positive
2018-05-28,142.0,,0.0,Neutral,0.17598894238471985,Slightly Positive
2018-05-27,138.0,,0.0,Neutral,0.0,Neutral
2018-05-24,142.0,,0.0,Neutral,0.0,Neutral
2018-05-23,137.0,,0.0,Neutral,0.0,Neutral
2018-05-22,142.0,2018-05-22,0.7939203977584839,Strongly Positive,0.7939203977584839,Strongly Positive
2018-05-21,144.0,,0.0,Neutral,0.39696019887924194,Positive
2018-05-20,142.0,,0.0,Neutral,0.19848009943962097,Slightly Positive
2018-05-17,140.0,,0.0,Neutral,0.0,Neutral
2018-05-14,141.0,2018-05-14,0.7037050724029541,Strongly Positive,0.7037050724029541,Strongly Positive
2018-05-09,146.0,,0.0,Neutral,0.35185253620147705,Positive
2018-05-07,151.0,,0.0,Neutral,0.17592626810073853,Slightly Positive
2018-05-03,152.0,,0.0,Neutral,0.0,Neutral
2018-05-02,142.0,,0.0,Neutral,0.0,Neutral
2018-04-29,142.0,,0.0,Neutral,0.0,Neutral
2018-04-26,140.0,2018-04-26,-0.1422680616378784,Slightly Negative,-0.1422680616378784,Slightly Negative
2018-04-25,142.0,,0.0,Neutral,-0.0711340308189392,Slightly Negative
2018-04-24,150.0,,0.0,Neutral,-0.0355670154094696,Neutral
2018-04-23,150.0,,0.0,Neutral,0.0,Neutral
2018-04-22,159.0,,0.0,Neutral,0.0,Neutral
2018-04-19,157.0,,0.0,Neutral,0.0,Neutral
2018-04-18,159.0,2018-04-18,0.7243727445602417,Strongly Positive,0.7243727445602417,Strongly Positive
2018-04-17,145.0,2018-04-17,-0.4689792692661285,Negative,-0.10679289698600763,Slightly Negative
2018-04-16,140.0,,0.0,Neutral,-0.05339644849300382,Slightly Negative
2018-04-15,140.0,2018-04-15,0.9221633076667786,Strongly Positive,0.8049184903502464,Strongly Positive
2018-04-12,140.0,2018-04-12,-0.6430073976516724,Strongly Negative,-0.18192574381828308,Slightly Negative
2018-04-11,142.0,,0.0,Neutral,-0.09096287190914154,Slightly Negative
2018-04-10,144.0,,0.0,Neutral,-0.1607518494129181,Slightly Negative
2018-04-09,140.0,,0.0,Neutral,0.0,Neutral
2018-04-08,142.0,2018-04-08,0.4547261595726013,Positive,0.4547261595726013,Positive
2018-04-05,139.0,,0.0,Neutral,0.22736307978630066,Positive
2018-04-04,135.0,2018-04-04,0.8857042789459229,Strongly Positive,0.9993858188390732,Strongly Positive
2018-04-03,132.0,2018-04-03,0.8998837769031525,Strongly Positive,1.342735916376114,Strongly Positive
2018-04-02,134.0,2018-04-02,0.6707487106323242,Strongly Positive,1.3421166688203812,Strongly Positive
2018-04-01,132.0,,0.0,Neutral,0.5603452995419502,Positive
2018-03-29,136.0,,0.0,Neutral,0.16768717765808105,Slightly Positive
2018-03-28,139.0,2018-03-28,0.6803320646286011,Strongly Positive,0.6803320646286011,Strongly Positive
2018-03-27,143.0,2018-03-27,-0.2121085226535797,Negative,0.12805750966072083,Slightly Positive
2018-03-26,141.0,,0.0,Neutral,0.06402875483036041,Slightly Positive
2018-03-22,142.0,2018-03-22,0.6458000540733337,Strongly Positive,0.5927729234099388,Positive
2018-03-21,136.0,,0.0,Neutral,0.32290002703666687,Positive
2018-03-20,137.0,,0.0,Neutral,0.16145001351833344,Slightly Positive
2018-03-19,138.0,,0.0,Neutral,0.0,Neutral
2018-03-18,143.0,2018-03-18,-0.5104734301567078,Negative,-0.5104734301567078,Negative
2018-03-15,142.0,,0.0,Neutral,-0.2552367150783539,Negative
2018-03-14,142.0,,0.0,Neutral,-0.12761835753917694,Slightly Negative
2018-03-13,138.0,,0.0,Neutral,0.0,Neutral
2018-03-12,145.0,,0.0,Neutral,0.0,Neutral
2018-03-11,147.0,,0.0,Neutral,0.0,Neutral
2018-03-07,153.0,2018-03-07,-0.3192073702812195,Negative,-0.3192073702812195,Negative
2018-03-06,144.0,,0.0,Neutral,-0.15960368514060974,Slightly Negative
2018-03-05,146.0,,0.0,Neutral,-0.07980184257030487,Slightly Negative
2018-03-04,146.0,,0.0,Neutral,0.0,Neutral
2018-02-28,153.0,2018-02-28,-0.4559577703475952,Negative,-0.4559577703475952,Negative
2018-02-27,156.0,2018-02-27,-0.5017960667610168,Negative,-0.7297749519348145,Strongly Negative
2018-02-26,155.0,,0.0,Neutral,-0.3648874759674072,Negative
2018-02-25,157.0,,0.0,Neutral,-0.1254490166902542,Slightly Negative
2018-02-22,160.0,,0.0,Neutral,0.0,Neutral
2018-02-21,157.0,,0.0,Neutral,0.0,Neutral
2018-02-20,163.0,,0.0,Neutral,0.0,Neutral
2018-02-18,166.0,2018-02-18,-0.7218689322471619,Strongly Negative,-0.7218689322471619,Strongly Negative
2018-02-15,169.0,2018-02-15,0.89710932970047,Strongly Positive,0.536174863576889,Positive
2018-02-14,154.0,,0.0,Neutral,0.2680874317884445,Positive
2018-02-12,154.0,2018-02-12,0.1932896673679351,Slightly Positive,0.41756699979305256,Positive
2018-02-11,154.0,,0.0,Neutral,0.09664483368396755,Slightly Positive
2018-02-08,158.0,,0.0,Neutral,0.048322416841983774,Neutral
2018-02-07,155.0,,0.0,Neutral,0.0,Neutral
2018-02-06,158.0,,0.0,Neutral,0.0,Neutral
2018-02-05,158.0,2018-02-05,0.8875495791435242,Strongly Positive,0.8875495791435242,Strongly Positive
2018-02-04,155.0,,0.0,Neutral,0.4437747895717621,Positive
2018-02-01,153.0,,0.0,Neutral,0.22188739478588104,Positive
2018-01-31,156.0,,0.0,Neutral,0.0,Neutral
2018-01-29,157.0,,0.0,Neutral,0.0,Neutral
2018-01-28,160.0,2018-01-28,0.9140734672546388,Strongly Positive,0.9140734672546388,Strongly Positive
2018-01-25,165.0,,0.0,Neutral,0.4570367336273194,Positive
2018-01-24,165.0,,0.0,Neutral,0.2285183668136597,Positive
2018-01-23,162.0,,0.0,Neutral,0.0,Neutral
2018-01-22,161.0,,0.0,Neutral,0.0,Neutral
2018-01-21,166.0,2018-01-21,0.326934814453125,Positive,0.326934814453125,Positive
2018-01-17,169.0,,0.0,Neutral,0.1634674072265625,Slightly Positive
2018-01-16,167.0,2018-01-16,0.912229597568512,Strongly Positive,0.9939633011817932,Strongly Positive
2018-01-14,170.0,,0.0,Neutral,0.456114798784256,Positive
2018-01-10,172.0,2018-01-10,-0.1146869361400604,Slightly Negative,0.1133704632520676,Slightly Positive
2018-01-09,172.0,,0.0,Neutral,-0.0573434680700302,Slightly Negative
2018-01-08,172.0,2018-01-08,0.5098813772201538,Positive,0.4812096431851387,Positive
2018-01-07,166.0,2018-01-07,0.9193395376205444,Strongly Positive,1.1742802262306213,Strongly Positive
2018-01-04,169.0,,0.0,Neutral,0.5871401131153107,Positive
2018-01-03,171.0,,0.0,Neutral,0.2298348844051361,Positive
2018-01-02,168.0,2018-01-02,0.907924234867096,Strongly Positive,0.907924234867096,Strongly Positive
2018-01-01,170.0,,0.0,Neutral,0.453962117433548,Positive
2017-12-31,170.0,,0.0,Neutral,0.226981058716774,Positive
2017-12-28,173.0,,0.0,Neutral,0.0,Neutral
2017-12-27,169.0,,0.0,Neutral,0.0,Neutral
2017-12-26,171.0,,0.0,Neutral,0.0,Neutral
2017-12-24,181.0,2017-12-24,0.5628668665885925,Positive,0.5628668665885925,Positive
2017-12-21,183.0,,0.0,Neutral,0.28143343329429626,Positive
2017-12-20,189.0,,0.0,Neutral,0.14071671664714813,Slightly Positive
2017-12-19,181.0,,0.0,Neutral,0.0,Neutral
2017-12-18,165.0,,0.0,Neutral,0.0,Neutral
2017-12-17,165.0,,0.0,Neutral,0.0,Neutral
2017-12-14,162.0,,0.0,Neutral,0.0,Neutral
2017-12-06,162.0,,0.0,Neutral,0.0,Neutral
2017-12-05,163.0,2017-12-05,0.1702946424484253,Slightly Positive,0.1702946424484253,Slightly Positive
2017-12-04,167.0,,0.0,Neutral,0.08514732122421265,Slightly Positive
2017-11-30,167.0,,0.0,Neutral,0.04257366061210632,Neutral
2017-11-29,173.0,,0.0,Neutral,0.0,Neutral
2017-11-28,170.0,2017-11-28,-0.5181993842124939,Negative,-0.5181993842124939,Negative
2017-11-27,164.0,,0.0,Neutral,-0.25909969210624695,Negative
2017-11-26,161.0,,0.0,Neutral,-0.12954984605312347,Slightly Negative
2017-11-23,155.0,2017-11-23,0.5980113744735718,Positive,0.5980113744735718,Positive
2017-11-22,156.0,,0.0,Neutral,0.2990056872367859,Positive
2017-11-20,162.0,,0.0,Neutral,0.14950284361839294,Slightly Positive
2017-11-19,151.0,,0.0,Neutral,0.0,Neutral
2017-11-16,150.0,,0.0,Neutral,0.0,Neutral
2017-11-15,155.0,,0.0,Neutral,0.0,Neutral
2017-11-14,156.0,2017-11-14,-0.7073986530303955,Strongly Negative,-0.7073986530303955,Strongly Negative
2017-11-13,153.0,,0.0,Neutral,-0.35369932651519775,Negative
2017-11-12,153.0,2017-11-12,0.9169417023658752,Strongly Positive,0.7400920391082764,Strongly Positive
2017-11-06,150.0,2017-11-06,0.2062046229839325,Positive,0.6646754741668701,Strongly Positive
2017-11-05,155.0,,0.0,Neutral,0.33233773708343506,Positive
2017-11-02,153.0,,0.0,Neutral,0.051551155745983124,Slightly Positive
2017-11-01,152.0,,0.0,Neutral,0.0,Neutral
2017-10-30,158.0,,0.0,Neutral,0.0,Neutral
2017-10-29,158.0,2017-10-29,-0.1552224159240722,Slightly Negative,-0.1552224159240722,Slightly Negative
2017-10-25,157.0,,0.0,Neutral,-0.0776112079620361,Slightly Negative
2017-10-24,160.0,2017-10-24,0.3031669482588768,Positive,0.26436134427785873,Positive
2017-10-23,162.0,,0.0,Neutral,0.1515834741294384,Slightly Positive
2017-10-22,163.0,,0.0,Neutral,0.0757917370647192,Slightly Positive
2017-10-18,165.0,,0.0,Neutral,0.0,Neutral
2017-10-17,167.0,,0.0,Neutral,0.0,Neutral
2017-10-16,164.0,2017-10-16,0.7397989630699158,Strongly Positive,0.7397989630699158,Strongly Positive
2017-10-15,153.0,,0.0,Neutral,0.3698994815349579,Positive
2017-10-11,159.0,,0.0,Neutral,0.18494974076747894,Slightly Positive
2017-10-10,161.0,,0.0,Neutral,0.0,Neutral
2017-10-09,164.0,,0.0,Neutral,0.0,Neutral
2017-10-08,167.0,,0.0,Neutral,0.0,Neutral
2017-09-26,170.0,,0.0,Neutral,0.0,Neutral
2017-09-25,167.0,2017-09-25,0.6380407959222794,Strongly Positive,0.6380407959222794,Strongly Positive
2017-09-24,169.0,,0.0,Neutral,0.3190203979611397,Positive
2017-09-20,172.0,,0.0,Neutral,0.15951019898056984,Slightly Positive
2017-09-18,167.0,,0.0,Neutral,0.0,Neutral
2017-09-17,164.0,,0.0,Neutral,0.0,Neutral
2017-09-14,170.0,,0.0,Neutral,0.0,Neutral
2017-09-13,170.0,,0.0,Neutral,0.0,Neutral
2017-09-12,165.0,2017-09-12,0.1277060508728027,Slightly Positive,0.1277060508728027,Slightly Positive
2017-09-11,173.0,,0.0,Neutral,0.06385302543640135,Slightly Positive
2017-09-10,162.0,,0.0,Neutral,0.03192651271820068,Neutral
2017-09-07,173.0,,0.0,Neutral,0.0,Neutral
2017-09-06,176.0,2017-09-06,0.8836968541145325,Strongly Positive,0.8836968541145325,Strongly Positive
2017-09-04,174.0,2017-09-04,0.0743787288665771,Slightly Positive,0.5162271559238434,Positive
2017-08-31,181.0,,0.0,Neutral,0.2581135779619217,Positive
2017-08-30,183.0,,0.0,Neutral,0.018594682216644277,Neutral
2017-08-28,180.0,,0.0,Neutral,0.0,Neutral
2017-08-27,181.0,2017-08-27,0.9203059077262878,Strongly Positive,0.9203059077262878,Strongly Positive
2017-08-24,175.0,,0.0,Neutral,0.4601529538631439,Positive
2017-08-23,178.0,,0.0,Neutral,0.23007647693157196,Positive
2017-08-22,180.0,,0.0,Neutral,0.0,Neutral
2017-08-21,175.0,2017-08-21,0.9056445956230164,Strongly Positive,0.9056445956230164,Strongly Positive
2017-08-20,178.0,,0.0,Neutral,0.4528222978115082,Positive
2017-08-17,177.0,2017-08-17,0.7896273136138916,Strongly Positive,1.0160384625196457,Strongly Positive
2017-08-16,183.0,,0.0,Neutral,0.3948136568069458,Positive
2017-08-15,186.0,,0.0,Neutral,0.1974068284034729,Slightly Positive
2017-08-13,195.0,,0.0,Neutral,0.0,Neutral
2017-08-10,184.0,2017-08-10,0.8426941633224487,Strongly Positive,0.8426941633224487,Strongly Positive
2017-08-09,181.0,,0.0,Neutral,0.42134708166122437,Positive
2017-08-07,187.0,,0.0,Neutral,0.21067354083061218,Positive
2017-08-06,185.0,,0.0,Neutral,0.0,Neutral
2017-08-03,190.0,,0.0,Neutral,0.0,Neutral
2017-08-02,183.0,,0.0,Neutral,0.0,Neutral
2017-08-01,183.0,,0.0,Neutral,0.0,Neutral
2017-07-31,195.0,2017-07-31,0.5858557224273682,Positive,0.5858557224273682,Positive
2017-07-30,191.0,,0.0,Neutral,0.2929278612136841,Positive
2017-07-27,185.0,,0.0,Neutral,0.14646393060684204,Slightly Positive
2017-07-26,198.0,,0.0,Neutral,0.0,Neutral
2017-07-25,190.0,,0.0,Neutral,0.0,Neutral
2017-07-24,176.0,,0.0,Neutral,0.0,Neutral
2017-07-23,220.0,,0.0,Neutral,0.0,Neutral
2017-07-20,220.0,2017-07-20,-0.3135278224945068,Negative,-0.3135278224945068,Negative
2017-07-19,216.0,,0.0,Neutral,-0.1567639112472534,Slightly Negative
2017-07-18,217.0,,0.0,Neutral,-0.0783819556236267,Slightly Negative
2017-07-17,219.0,2017-07-17,0.9291043877601624,Strongly Positive,0.9291043877601624,Strongly Positive
2017-07-16,214.0,,0.0,Neutral,0.4645521938800812,Positive
2017-07-13,202.0,,0.0,Neutral,0.2322760969400406,Positive
2017-07-12,213.0,,0.0,Neutral,0.0,Neutral
2017-07-11,194.0,,0.0,Neutral,0.0,Neutral
2017-07-10,197.0,,0.0,Neutral,0.0,Neutral
2017-07-09,188.0,,0.0,Neutral,0.0,Neutral
2017-07-04,191.0,,0.0,Neutral,0.0,Neutral
2017-07-03,191.0,,0.0,Neutral,0.0,Neutral
2017-07-02,190.0,2017-07-02,0.8309491276741028,Strongly Positive,0.8309491276741028,Strongly Positive
2017-06-27,193.0,,0.0,Neutral,0.4154745638370514,Positive
2017-06-25,200.0,,0.0,Neutral,0.2077372819185257,Positive
2017-06-22,197.0,,0.0,Neutral,0.0,Neutral
2017-06-21,204.0,,0.0,Neutral,0.0,Neutral
2017-06-20,202.0,,0.0,Neutral,0.0,Neutral
2017-06-19,196.0,2017-06-19,0.2736774682998657,Positive,0.2736774682998657,Positive
2017-06-18,193.0,,0.0,Neutral,0.13683873414993286,Slightly Positive
2017-06-15,194.0,,0.0,Neutral,0.06841936707496643,Slightly Positive
2017-06-14,200.0,2017-06-14,0.7516312599182129,Strongly Positive,0.7516312599182129,Strongly Positive
2017-06-13,199.0,,0.0,Neutral,0.37581562995910645,Positive
2017-06-12,196.0,,0.0,Neutral,0.18790781497955322,Slightly Positive
2017-06-11,200.0,,0.0,Neutral,0.0,Neutral
2017-06-08,198.0,,0.0,Neutral,0.0,Neutral
2017-06-07,204.0,,0.0,Neutral,0.0,Neutral
2017-06-06,207.0,,0.0,Neutral,0.0,Neutral
2017-06-05,209.0,,0.0,Neutral,0.0,Neutral
2017-06-04,205.0,,0.0,Neutral,0.0,Neutral
2017-06-01,204.0,,0.0,Neutral,0.0,Neutral
2017-05-31,202.0,,0.0,Neutral,0.0,Neutral
2017-05-30,196.0,,0.0,Neutral,0.0,Neutral
2017-05-28,200.0,,0.0,Neutral,0.0,Neutral
2017-05-24,198.0,,0.0,Neutral,0.0,Neutral
2017-05-23,210.0,,0.0,Neutral,0.0,Neutral
2017-05-22,206.0,,0.0,Neutral,0.0,Neutral
2017-05-21,204.0,2017-05-21,0.543536901473999,Positive,0.543536901473999,Positive
2017-05-18,204.0,,0.0,Neutral,0.2717684507369995,Positive
2017-05-17,207.0,2017-05-17,0.9115880727767944,Strongly Positive,1.0474722981452942,Strongly Positive
2017-05-16,210.0,,0.0,Neutral,0.4557940363883972,Positive
2017-05-15,218.0,,0.0,Neutral,0.2278970181941986,Positive
2017-05-11,218.0,2017-05-11,0.6874037981033325,Strongly Positive,0.6874037981033325,Strongly Positive
2017-05-09,210.0,,0.0,Neutral,0.34370189905166626,Positive
2017-05-08,209.0,,0.0,Neutral,0.17185094952583313,Slightly Positive
2017-05-07,205.0,,0.0,Neutral,0.0,Neutral
2017-05-04,215.0,,0.0,Neutral,0.0,Neutral
2017-05-03,218.0,,0.0,Neutral,0.0,Neutral
2017-05-02,216.0,,0.0,Neutral,0.0,Neutral
2017-04-30,209.0,,0.0,Neutral,0.0,Neutral
2017-04-27,220.0,,0.0,Neutral,0.0,Neutral
2017-04-26,214.0,,0.0,Neutral,0.0,Neutral
2017-04-25,195.0,2017-04-25,0.7321624755859375,Strongly Positive,0.7321624755859375,Strongly Positive
2017-04-24,190.0,,0.0,Neutral,0.36608123779296875,Positive
2017-04-23,186.0,,0.0,Neutral,0.18304061889648438,Slightly Positive
2017-04-20,177.0,2017-04-20,-0.3623961433768272,Negative,-0.3623961433768272,Negative
2017-04-19,185.0,,0.0,Neutral,-0.1811980716884136,Slightly Negative
2017-04-18,184.0,,0.0,Neutral,-0.0905990358442068,Slightly Negative
2017-04-16,196.0,,0.0,Neutral,0.0,Neutral
2017-04-13,205.0,,0.0,Neutral,0.0,Neutral
2017-04-12,190.0,,0.0,Neutral,0.0,Neutral
2017-04-11,175.0,,0.0,Neutral,0.0,Neutral
2017-04-04,172.0,,0.0,Neutral,0.0,Neutral
2017-04-03,172.0,,0.0,Neutral,0.0,Neutral
2017-03-30,175.0,2017-03-30,-0.1716672480106353,Slightly Negative,-0.1716672480106353,Slightly Negative
2017-03-29,178.0,,0.0,Neutral,-0.08583362400531765,Slightly Negative
2017-03-28,178.0,,0.0,Neutral,-0.04291681200265882,Neutral
2017-03-26,178.0,,0.0,Neutral,0.0,Neutral
2017-03-22,178.0,2017-03-22,0.6236251592636108,Strongly Positive,0.6236251592636108,Strongly Positive
2017-03-21,175.0,,0.0,Neutral,0.3118125796318054,Positive
2017-03-20,173.0,,0.0,Neutral,0.1559062898159027,Slightly Positive
2017-03-19,158.0,,0.0,Neutral,0.0,Neutral
2017-03-16,155.0,,0.0,Neutral,0.0,Neutral
2017-03-14,154.0,,0.0,Neutral,0.0,Neutral
2017-03-13,156.0,,0.0,Neutral,0.0,Neutral
2017-03-07,162.0,2017-03-07,0.2491500675678253,Positive,0.2491500675678253,Positive
2017-03-06,162.0,,0.0,Neutral,0.12457503378391264,Slightly Positive
2017-03-05,167.0,,0.0,Neutral,0.06228751689195632,Slightly Positive
2017-03-01,157.0,2017-03-01,0.7320932149887085,Strongly Positive,0.7320932149887085,Strongly Positive
2017-02-28,162.0,,0.0,Neutral,0.36604660749435425,Positive
2017-02-26,164.0,,0.0,Neutral,0.18302330374717712,Slightly Positive
2017-02-21,167.0,,0.0,Neutral,0.0,Neutral
2017-02-16,173.0,,0.0,Neutral,0.0,Neutral
2017-02-15,172.0,2017-02-15,-0.5029162764549255,Negative,-0.5029162764549255,Negative
2017-02-14,160.0,,0.0,Neutral,-0.25145813822746277,Negative
2017-02-13,159.0,,0.0,Neutral,-0.12572906911373138,Slightly Negative
2017-02-09,165.0,,0.0,Neutral,0.0,Neutral
2017-02-08,167.0,,0.0,Neutral,0.0,Neutral
2017-02-07,167.0,2017-02-07,0.7273648977279663,Strongly Positive,0.7273648977279663,Strongly Positive
2017-02-06,161.0,,0.0,Neutral,0.36368244886398315,Positive
2017-02-05,163.0,,0.0,Neutral,0.18184122443199158,Slightly Positive
2017-02-02,173.0,,0.0,Neutral,0.0,Neutral
2017-02-01,174.0,,0.0,Neutral,0.0,Neutral
2017-01-31,171.0,,0.0,Neutral,0.0,Neutral
2017-01-30,171.0,,0.0,Neutral,0.0,Neutral
2017-01-26,162.0,,0.0,Neutral,0.0,Neutral
2017-01-25,164.0,,0.0,Neutral,0.0,Neutral
2017-01-24,170.0,,0.0,Neutral,0.0,Neutral
2017-01-23,173.0,,0.0,Neutral,0.0,Neutral
2017-01-22,175.0,,0.0,Neutral,0.0,Neutral
2017-01-19,173.0,2017-01-19,0.8906235098838806,Strongly Positive,0.8906235098838806,Strongly Positive
2017-01-17,176.0,,0.0,Neutral,0.4453117549419403,Positive
2017-01-16,179.0,,0.0,Neutral,0.22265587747097015,Positive
2017-01-15,185.0,2017-01-15,0.8086245059967041,Strongly Positive,0.8086245059967041,Strongly Positive
2017-01-12,189.0,,0.0,Neutral,0.40431225299835205,Positive
2017-01-11,180.0,,0.0,Neutral,0.20215612649917603,Positive
2017-01-10,180.0,,0.0,Neutral,0.0,Neutral
2017-01-09,174.0,,0.0,Neutral,0.0,Neutral
2017-01-08,182.0,,0.0,Neutral,0.0,Neutral
2017-01-05,184.0,,0.0,Neutral,0.0,Neutral
2017-01-04,185.0,,0.0,Neutral,0.0,Neutral
2017-01-03,200.0,,0.0,Neutral,0.0,Neutral
2017-01-02,182.0,,0.0,Neutral,0.0,Neutral
2017-01-01,166.0,2017-01-01,0.1828947961330413,Slightly Positive,0.1828947961330413,Slightly Positive
2016-12-29,163.0,,0.0,Neutral,0.09144739806652065,Slightly Positive
2016-12-28,155.0,2016-12-28,0.881725013256073,Strongly Positive,0.9274487122893333,Strongly Positive
2016-12-27,157.0,,0.0,Neutral,0.4408625066280365,Positive
2016-12-26,163.0,,0.0,Neutral,0.22043125331401825,Positive
2016-12-22,169.0,,0.0,Neutral,0.0,Neutral
2016-12-21,171.0,,0.0,Neutral,0.0,Neutral
2016-12-20,165.0,,0.0,Neutral,0.0,Neutral
2016-12-19,168.0,,0.0,Neutral,0.0,Neutral
2016-12-18,175.0,,0.0,Neutral,0.0,Neutral
2016-12-15,165.0,,0.0,Neutral,0.0,Neutral
2016-12-14,154.0,,0.0,Neutral,0.0,Neutral
2016-12-12,171.0,,0.0,Neutral,0.0,Neutral
2016-12-11,176.0,,0.0,Neutral,0.0,Neutral
2016-12-08,194.0,,0.0,Neutral,0.0,Neutral
2016-12-07,212.0,,0.0,Neutral,0.0,Neutral
2016-12-06,231.0,,0.0,Neutral,0.0,Neutral
2016-12-05,210.0,2016-12-05,0.7129253149032593,Strongly Positive,0.7129253149032593,Strongly Positive
2016-12-04,191.0,,0.0,Neutral,0.35646265745162964,Positive
2016-12-01,174.0,,0.0,Neutral,0.17823132872581482,Slightly Positive
2016-11-30,159.0,,0.0,Neutral,0.0,Neutral
2016-11-29,145.0,,0.0,Neutral,0.0,Neutral
2016-11-28,135.0,,0.0,Neutral,0.0,Neutral
2016-11-24,127.0,,0.0,Neutral,0.0,Neutral
2016-11-22,117.0,,0.0,Neutral,0.0,Neutral
2016-11-16,115.0,,0.0,Neutral,0.0,Neutral
2016-11-14,107.0,,0.0,Neutral,0.0,Neutral
2016-11-13,98.0,,0.0,Neutral,0.0,Neutral
2016-01-14,97.0,,0.0,Neutral,0.0,Neutral
2016-01-13,98.0,,0.0,Neutral,0.0,Neutral
2016-01-12,94.0,,0.0,Neutral,0.0,Neutral
2016-01-11,96.0,2016-01-11,0.6818904876708984,Strongly Positive,0.6818904876708984,Strongly Positive
2016-01-10,97.0,,0.0,Neutral,0.3409452438354492,Positive
2016-01-07,93.0,,0.0,Neutral,0.1704726219177246,Slightly Positive
2016-01-06,97.0,,0.0,Neutral,0.0,Neutral
2016-01-05,98.0,,0.0,Neutral,0.0,Neutral
2016-01-04,104.0,,0.0,Neutral,0.0,Neutral
2016-01-03,112.0,,0.0,Neutral,0.0,Neutral
2015-12-31,102.0,,0.0,Neutral,0.0,Neutral
2015-12-29,96.0,,0.0,Neutral,0.0,Neutral
2015-12-28,92.0,,0.0,Neutral,0.0,Neutral
2015-12-24,93.0,,0.0,Neutral,0.0,Neutral
2015-12-23,95.0,,0.0,Neutral,0.0,Neutral
2015-12-22,87.0,,0.0,Neutral,0.0,Neutral
2015-12-21,85.0,,0.0,Neutral,0.0,Neutral
2015-12-20,82.0,,0.0,Neutral,0.0,Neutral
2015-12-17,79.0,,0.0,Neutral,0.0,Neutral
2015-12-16,86.0,,0.0,Neutral,0.0,Neutral
2015-12-15,87.0,,0.0,Neutral,0.0,Neutral
2015-12-14,88.0,,0.0,Neutral,0.0,Neutral
2015-11-26,94.0,,0.0,Neutral,0.0,Neutral
2015-11-25,95.0,,0.0,Neutral,0.0,Neutral
2015-11-24,96.0,,0.0,Neutral,0.0,Neutral
2015-11-19,98.0,,0.0,Neutral,0.0,Neutral
2015-11-18,98.0,,0.0,Neutral,0.0,Neutral
2015-11-16,97.0,,0.0,Neutral,0.0,Neutral
2015-11-15,98.0,,0.0,Neutral,0.0,Neutral
2015-11-10,96.0,,0.0,Neutral,0.0,Neutral
2015-11-09,100.0,,0.0,Neutral,0.0,Neutral
2015-11-08,100.0,,0.0,Neutral,0.0,Neutral
2015-11-05,100.0,,0.0,Neutral,0.0,Neutral
2015-11-04,101.0,,0.0,Neutral,0.0,Neutral
2015-11-03,108.0,,0.0,Neutral,0.0,Neutral
2015-11-02,112.0,,0.0,Neutral,0.0,Neutral
2015-11-01,117.0,,0.0,Neutral,0.0,Neutral
2015-10-07,119.0,,0.0,Neutral,0.0,Neutral
2015-10-06,117.0,,0.0,Neutral,0.0,Neutral
2015-10-05,120.0,,0.0,Neutral,0.0,Neutral
2015-10-04,114.0,,0.0,Neutral,0.0,Neutral
2015-10-01,126.0,2015-10-01,-0.1944545805454254,Slightly Negative,-0.1944545805454254,Slightly Negative
2015-09-30,115.0,,0.0,Neutral,-0.0972272902727127,Slightly Negative
2015-09-29,105.0,2015-09-29,0.6452875137329102,Strongly Positive,0.5966738685965538,Positive
2015-09-28,96.0,,0.0,Neutral,0.3226437568664551,Positive
2015-09-24,88.0,2015-09-24,0.9214875102043152,Strongly Positive,1.0828093886375427,Strongly Positive
2015-09-23,80.0,2015-09-23,0.8798791170120239,Strongly Positive,1.3406228721141815,Strongly Positive
2015-09-22,73.0,2015-09-22,0.9070401191711426,Strongly Positive,1.5773515552282333,Strongly Positive
2015-09-17,71.0,,0.0,Neutral,0.6734898388385773,Strongly Positive
2015-09-15,69.0,,0.0,Neutral,0.22676002979278564,Positive
2015-09-13,64.0,,0.0,Neutral,0.0,Neutral
2015-09-10,60.0,,0.0,Neutral,0.0,Neutral
2015-09-09,57.0,,0.0,Neutral,0.0,Neutral
2013-05-30,51.0,,0.0,Neutral,0.0,Neutral
2013-05-28,53.0,,0.0,Neutral,0.0,Neutral
2013-05-22,48.0,,0.0,Neutral,0.0,Neutral
2013-05-21,50.0,,0.0,Neutral,0.0,Neutral
2013-05-20,45.0,,0.0,Neutral,0.0,Neutral
2013-05-19,41.0,,0.0,Neutral,0.0,Neutral
2013-05-16,37.0,,0.0,Neutral,0.0,Neutral
2013-05-15,34.0,,0.0,Neutral,0.0,Neutral
2013-05-14,31.0,,0.0,Neutral,0.0,Neutral
2013-05-13,28.0,,0.0,Neutral,0.0,Neutral
2013-05-12,25.0,,0.0,Neutral,0.0,Neutral
2013-05-07,24.0,,0.0,Neutral,0.0,Neutral
2013-05-05,25.0,,0.0,Neutral,0.0,Neutral
2013-04-30,25.0,,0.0,Neutral,0.0,Neutral
2013-04-29,24.0,,0.0,Neutral,0.0,Neutral
2013-04-22,25.0,2013-04-22,-0.2091480791568756,Negative,-0.2091480791568756,Negative
2013-04-18,25.0,,0.0,Neutral,-0.1045740395784378,Slightly Negative
2013-04-17,25.0,,0.0,Neutral,-0.0522870197892189,Slightly Negative
2013-04-15,25.0,,0.0,Neutral,0.0,Neutral
2013-04-11,25.0,,0.0,Neutral,0.0,Neutral
2013-04-09,25.0,,0.0,Neutral,0.0,Neutral
2013-04-08,25.0,,0.0,Neutral,0.0,Neutral
2013-04-04,26.0,,0.0,Neutral,0.0,Neutral
2013-04-02,26.0,,0.0,Neutral,0.0,Neutral
2013-04-01,27.0,,0.0,Neutral,0.0,Neutral
2013-03-31,27.0,,0.0,Neutral,0.0,Neutral
2013-03-27,27.0,,0.0,Neutral,0.0,Neutral
2013-03-24,25.0,,0.0,Neutral,0.0,Neutral
2013-03-21,26.0,,0.0,Neutral,0.0,Neutral
2013-03-20,28.0,,0.0,Neutral,0.0,Neutral
2013-03-19,31.0,,0.0,Neutral,0.0,Neutral
2013-03-17,33.0,,0.0,Neutral,0.0,Neutral
2012-12-18,36.0,,0.0,Neutral,0.0,Neutral
2012-12-17,36.0,,0.0,Neutral,0.0,Neutral
2012-12-09,36.0,,0.0,Neutral,0.0,Neutral
2012-11-22,36.0,,0.0,Neutral,0.0,Neutral
2012-11-08,37.0,,0.0,Neutral,0.0,Neutral
2012-11-07,37.0,,0.0,Neutral,0.0,Neutral
2012-11-06,36.0,,0.0,Neutral,0.0,Neutral
2012-10-18,36.0,2012-10-18,0.8931323885917664,Strongly Positive,0.8931323885917664,Strongly Positive
2012-10-09,36.0,,0.0,Neutral,0.4465661942958832,Positive
2012-10-07,35.0,,0.0,Neutral,0.2232830971479416,Positive
2012-10-04,34.0,,0.0,Neutral,0.0,Neutral
2012-10-02,34.0,,0.0,Neutral,0.0,Neutral
2012-10-01,33.0,,0.0,Neutral,0.0,Neutral
2012-10-01,33.0,,0.0,Neutral,0.0,Neutral
2012-09-30,34.0,,0.0,Neutral,0.0,Neutral
2012-09-26,33.0,,0.0,Neutral,0.0,Neutral
2012-09-25,34.0,,0.0,Neutral,0.0,Neutral
2012-09-24,34.0,,0.0,Neutral,0.0,Neutral
2012-09-12,35.0,,0.0,Neutral,0.0,Neutral
2012-09-11,36.0,2012-09-11,0.9140388369560242,Strongly Positive,0.9140388369560242,Strongly Positive
2012-08-29,36.0,,0.0,Neutral,0.4570194184780121,Positive
2012-08-26,36.0,,0.0,Neutral,0.22850970923900604,Positive
2012-08-23,36.0,,0.0,Neutral,0.0,Neutral
2012-08-22,36.0,,0.0,Neutral,0.0,Neutral
2012-08-21,36.0,,0.0,Neutral,0.0,Neutral
2012-08-16,36.0,,0.0,Neutral,0.0,Neutral
2012-08-12,35.0,,0.0,Neutral,0.0,Neutral
2012-08-07,35.0,,0.0,Neutral,0.0,Neutral
2012-08-01,36.0,,0.0,Neutral,0.0,Neutral
2012-07-31,35.0,,0.0,Neutral,0.0,Neutral
2012-07-29,35.0,,0.0,Neutral,0.0,Neutral
2012-07-26,35.0,,0.0,Neutral,0.0,Neutral
2012-07-18,34.0,,0.0,Neutral,0.0,Neutral
2012-06-27,34.0,,0.0,Neutral,0.0,Neutral
2012-06-26,34.0,,0.0,Neutral,0.0,Neutral
2012-06-25,34.0,,0.0,Neutral,0.0,Neutral
2012-06-20,33.0,,0.0,Neutral,0.0,Neutral
2012-06-19,34.0,,0.0,Neutral,0.0,Neutral
2012-06-18,34.0,,0.0,Neutral,0.0,Neutral
2012-06-17,34.0,,0.0,Neutral,0.0,Neutral
2012-06-14,33.0,,0.0,Neutral,0.0,Neutral
2012-06-11,34.0,,0.0,Neutral,0.0,Neutral
2012-06-05,34.0,,0.0,Neutral,0.0,Neutral
2012-05-24,35.0,,0.0,Neutral,0.0,Neutral
2012-05-22,35.0,,0.0,Neutral,0.0,Neutral
2012-05-21,34.0,,0.0,Neutral,0.0,Neutral
2012-05-17,34.0,,0.0,Neutral,0.0,Neutral
2012-05-14,33.0,,0.0,Neutral,0.0,Neutral
2012-05-13,36.0,,0.0,Neutral,0.0,Neutral
2012-05-10,36.0,,0.0,Neutral,0.0,Neutral
2012-05-09,36.0,,0.0,Neutral,0.0,Neutral
2012-04-22,35.0,,0.0,Neutral,0.0,Neutral
2012-04-19,35.0,,0.0,Neutral,0.0,Neutral
2012-04-12,34.0,,0.0,Neutral,0.0,Neutral
2012-04-05,33.0,,0.0,Neutral,0.0,Neutral
2012-04-04,34.0,,0.0,Neutral,0.0,Neutral
2012-03-29,34.0,,0.0,Neutral,0.0,Neutral
2012-03-28,36.0,,0.0,Neutral,0.0,Neutral
2012-03-27,36.0,,0.0,Neutral,0.0,Neutral
2012-03-25,36.0,,0.0,Neutral,0.0,Neutral
2012-03-21,37.0,,0.0,Neutral,0.0,Neutral
2012-03-20,35.0,,0.0,Neutral,0.0,Neutral
2012-03-19,37.0,,0.0,Neutral,0.0,Neutral
2012-03-18,38.0,,0.0,Neutral,0.0,Neutral
2012-03-15,39.0,,0.0,Neutral,0.0,Neutral
2012-03-14,39.0,,0.0,Neutral,0.0,Neutral
2012-03-13,40.0,,0.0,Neutral,0.0,Neutral
2012-03-11,41.0,,0.0,Neutral,0.0,Neutral
2012-03-06,40.0,,0.0,Neutral,0.0,Neutral
2012-03-05,40.0,,0.0,Neutral,0.0,Neutral
2012-03-04,37.0,,0.0,Neutral,0.0,Neutral
2012-03-01,38.0,,0.0,Neutral,0.0,Neutral
2012-02-28,39.0,,0.0,Neutral,0.0,Neutral
2012-02-27,37.0,,0.0,Neutral,0.0,Neutral
2012-02-26,41.0,,0.0,Neutral,0.0,Neutral
2012-02-21,41.0,,0.0,Neutral,0.0,Neutral
2012-02-16,44.0,,0.0,Neutral,0.0,Neutral
2012-02-15,44.0,,0.0,Neutral,0.0,Neutral
2012-02-05,44.0,,0.0,Neutral,0.0,Neutral
2012-01-26,44.0,,0.0,Neutral,0.0,Neutral
2012-01-25,44.0,,0.0,Neutral,0.0,Neutral
2012-01-22,45.0,,0.0,Neutral,0.0,Neutral
2012-01-18,46.0,,0.0,Neutral,0.0,Neutral
2012-01-17,45.0,,0.0,Neutral,0.0,Neutral
2012-01-16,44.0,,0.0,Neutral,0.0,Neutral
2012-01-12,44.0,,0.0,Neutral,0.0,Neutral
2012-01-11,44.0,,0.0,Neutral,0.0,Neutral
2012-01-09,44.0,,0.0,Neutral,0.0,Neutral
2012-01-08,44.0,,0.0,Neutral,0.0,Neutral
2012-01-05,44.0,,0.0,Neutral,0.0,Neutral
2012-01-04,44.0,,0.0,Neutral,0.0,Neutral
2012-01-03,43.0,,0.0,Neutral,0.0,Neutral
2012-01-02,42.0,,0.0,Neutral,0.0,Neutral
2012-01-01,43.0,,0.0,Neutral,0.0,Neutral
2011-12-29,45.0,,0.0,Neutral,0.0,Neutral
2011-12-28,46.0,,0.0,Neutral,0.0,Neutral
2011-12-27,46.0,,0.0,Neutral,0.0,Neutral
2011-12-26,46.0,,0.0,Neutral,0.0,Neutral
2011-12-19,47.0,,0.0,Neutral,0.0,Neutral
2011-12-15,47.0,,0.0,Neutral,0.0,Neutral
2011-12-08,47.0,,0.0,Neutral,0.0,Neutral
2011-12-07,47.0,,0.0,Neutral,0.0,Neutral
2011-12-06,46.0,,0.0,Neutral,0.0,Neutral
2011-12-01,46.0,,0.0,Neutral,0.0,Neutral
2011-11-28,46.0,,0.0,Neutral,0.0,Neutral
2011-11-27,46.0,,0.0,Neutral,0.0,Neutral
2011-11-24,46.0,,0.0,Neutral,0.0,Neutral
2011-11-23,46.0,,0.0,Neutral,0.0,Neutral
2011-11-21,46.0,,0.0,Neutral,0.0,Neutral
2011-11-17,46.0,,0.0,Neutral,0.0,Neutral
2011-11-14,47.0,,0.0,Neutral,0.0,Neutral
2011-11-13,47.0,,0.0,Neutral,0.0,Neutral
2011-10-31,47.0,2011-10-31,0.6547511518001556,Strongly Positive,0.6547511518001556,Strongly Positive
2011-10-30,49.0,,0.0,Neutral,0.3273755759000778,Positive
2011-10-25,53.0,,0.0,Neutral,0.1636877879500389,Slightly Positive
2011-10-24,54.0,,0.0,Neutral,0.0,Neutral
2011-10-23,55.0,2011-10-23,0.885678768157959,Strongly Positive,0.885678768157959,Strongly Positive
2011-10-20,56.0,,0.0,Neutral,0.4428393840789795,Positive
2011-10-19,58.0,,0.0,Neutral,0.22141969203948975,Positive
2011-10-17,64.0,,0.0,Neutral,0.0,Neutral
2011-10-13,66.0,,0.0,Neutral,0.0,Neutral
2011-10-12,66.0,,0.0,Neutral,0.0,Neutral
2011-09-26,64.0,,0.0,Neutral,0.0,Neutral
2011-09-25,64.0,,0.0,Neutral,0.0,Neutral
2011-09-22,63.0,2011-09-22,0.9205016493797302,Strongly Positive,0.9205016493797302,Strongly Positive
2011-09-20,64.0,2011-09-20,0.915716290473938,Strongly Positive,1.375967115163803,Strongly Positive
2011-09-08,67.0,,0.0,Neutral,0.6879835575819016,Strongly Positive
2011-09-05,67.0,,0.0,Neutral,0.2289290726184845,Positive
2011-08-30,68.0,,0.0,Neutral,0.0,Neutral
2011-08-29,71.0,,0.0,Neutral,0.0,Neutral
2011-08-28,74.0,,0.0,Neutral,0.0,Neutral
2011-08-25,74.0,,0.0,Neutral,0.0,Neutral
2011-08-24,73.0,,0.0,Neutral,0.0,Neutral
2011-08-23,74.0,,0.0,Neutral,0.0,Neutral
2011-08-18,75.0,,0.0,Neutral,0.0,Neutral
2011-08-17,77.0,2011-08-17,0.8718088865280151,Strongly Positive,0.8718088865280151,Strongly Positive
2011-08-16,76.0,,0.0,Neutral,0.43590444326400757,Positive
2011-08-10,76.0,,0.0,Neutral,0.21795222163200378,Positive
2011-07-31,75.0,,0.0,Neutral,0.0,Neutral
2011-07-28,74.0,2011-07-28,0.9249092936515808,Strongly Positive,0.9249092936515808,Strongly Positive
2011-06-14,76.0,,0.0,Neutral,0.4624546468257904,Positive
2011-06-09,76.0,,0.0,Neutral,0.2312273234128952,Positive
2011-06-08,76.0,,0.0,Neutral,0.0,Neutral
2011-06-05,76.0,,0.0,Neutral,0.0,Neutral
2011-06-02,78.0,,0.0,Neutral,0.0,Neutral
2011-06-01,79.0,,0.0,Neutral,0.0,Neutral
2011-05-31,79.0,,0.0,Neutral,0.0,Neutral
2011-05-30,78.0,,0.0,Neutral,0.0,Neutral
2011-05-26,76.0,,0.0,Neutral,0.0,Neutral
2011-05-25,78.0,,0.0,Neutral,0.0,Neutral
2011-05-24,78.0,,0.0,Neutral,0.0,Neutral
2011-05-23,78.0,,0.0,Neutral,0.0,Neutral
2011-05-22,81.0,,0.0,Neutral,0.0,Neutral
2011-05-18,82.0,,0.0,Neutral,0.0,Neutral
2011-05-12,86.0,,0.0,Neutral,0.0,Neutral
2011-05-08,85.0,,0.0,Neutral,0.0,Neutral
2011-05-05,85.0,,0.0,Neutral,0.0,Neutral
2011-05-04,87.0,,0.0,Neutral,0.0,Neutral
2011-05-03,88.0,2011-05-03,0.9153393507003784,Strongly Positive,0.9153393507003784,Strongly Positive
2011-05-02,87.0,,0.0,Neutral,0.4576696753501892,Positive
2011-04-19,95.0,,0.0,Neutral,0.2288348376750946,Positive
2011-04-04,96.0,,0.0,Neutral,0.0,Neutral
2011-03-29,97.0,,0.0,Neutral,0.0,Neutral
2011-03-27,98.0,2011-03-27,0.878710150718689,Strongly Positive,0.878710150718689,Strongly Positive
2011-03-25,101.0,,0.0,Neutral,0.4393550753593445,Positive
2011-03-24,112.0,,0.0,Neutral,0.21967753767967224,Positive
2015-12-16,50.0,,0.0,Neutral,0.0,Neutral
2026-03-03,272.9,,0.0,Neutral,0.0,Neutral
2026-03-01,267.5,,0.0,Neutral,0.0,Neutral
2026-02-26,263.8,,0.0,Neutral,0.0,Neutral
2026-02-25,260.0,2026-02-25,0.8774493336677551,Strongly Positive,0.8774493336677551,Strongly Positive
2026-02-24,259.9,,0.0,Neutral,0.43872466683387756,Positive
2026-02-23,256.0,,0.0,Neutral,0.21936233341693878,Positive
2026-02-22,256.8,,0.0,Neutral,0.0,Neutral
2026-02-17,265.0,,0.0,Neutral,0.0,Neutral
2026-02-16,269.0,,0.0,Neutral,0.0,Neutral
2026-02-12,277.0,2026-02-12,-0.2644221298396587,Negative,-0.2644221298396587,Negative
2026-02-11,283.2,2026-02-11,-0.4408624172210693,Negative,-0.5730734821408986,Negative
2026-02-10,277.3,2026-02-10,-0.5762443542480469,Negative,-0.8627810953184962,Strongly Negative
2026-02-09,266.9,,0.0,Neutral,-0.39833778142929077,Negative
2026-02-08,269.0,,0.0,Neutral,-0.14406108856201172,Slightly Negative
2026-02-05,271.0,,0.0,Neutral,0.0,Neutral
2026-02-04,263.9,,0.0,Neutral,0.0,Neutral
2026-02-03,265.0,,0.0,Neutral,0.0,Neutral
2026-02-02,268.0,,0.0,Neutral,0.0,Neutral
2026-02-01,266.8,,0.0,Neutral,0.0,Neutral
2026-01-29,271.0,,0.0,Neutral,0.0,Neutral
2026-01-28,267.0,2026-01-28,0.0113222198560833,Neutral,0.0113222198560833,Neutral
2026-01-27,269.0,,0.0,Neutral,0.00566110992804165,Neutral
2026-01-26,272.9,,0.0,Neutral,0.002830554964020825,Neutral
2026-01-25,264.0,,0.0,Neutral,0.0,Neutral
2026-01-22,255.0,,0.0,Neutral,0.0,Neutral
2026-01-21,254.6,,0.0,Neutral,0.0,Neutral
2026-01-20,254.5,,0.0,Neutral,0.0,Neutral
2026-01-18,247.1,,0.0,Neutral,0.0,Neutral
2026-01-14,246.0,2026-01-14,0.0140300989151,Neutral,0.0140300989151,Neutral
2026-01-13,248.0,,0.0,Neutral,0.00701504945755,Neutral
2026-01-12,246.2,,0.0,Neutral,0.003507524728775,Neutral
2026-01-08,249.5,,0.0,Neutral,0.0,Neutral
2026-01-07,246.9,,0.0,Neutral,0.0,Neutral
2026-01-06,248.0,,0.0,Neutral,0.0,Neutral
2026-01-05,244.9,2026-01-05,-0.8387445211410522,Strongly Negative,-0.8387445211410522,Strongly Negative
2026-01-04,242.5,,0.0,Neutral,-0.4193722605705261,Negative
2026-01-01,245.8,,0.0,Neutral,-0.20968613028526306,Negative
2025-12-31,247.0,,0.0,Neutral,0.0,Neutral
2025-12-29,247.0,,0.0,Neutral,0.0,Neutral
2025-12-28,248.9,,0.0,Neutral,0.0,Neutral
2025-12-24,244.0,,0.0,Neutral,0.0,Neutral
2025-12-23,245.6,,0.0,Neutral,0.0,Neutral
2025-12-22,242.9,,0.0,Neutral,0.0,Neutral
2025-12-21,241.0,,0.0,Neutral,0.0,Neutral
2025-12-18,243.9,,0.0,Neutral,0.0,Neutral
2025-12-17,245.0,,0.0,Neutral,0.0,Neutral
2025-12-16,245.0,,0.0,Neutral,0.0,Neutral
2025-12-15,240.4,2025-12-15,0.0156788323074579,Neutral,0.0156788323074579,Neutral
2025-12-14,241.0,,0.0,Neutral,0.00783941615372895,Neutral
2025-12-11,242.0,2025-12-11,0.4957837536931038,Positive,0.49970346176996827,Positive
2025-12-10,242.0,,0.0,Neutral,0.2478918768465519,Positive
2025-12-09,241.8,,0.0,Neutral,0.12394593842327595,Slightly Positive
2025-12-08,242.0,,0.0,Neutral,0.0,Neutral
2025-12-07,243.0,,0.0,Neutral,0.0,Neutral
2025-12-03,243.0,,0.0,Neutral,0.0,Neutral
2025-12-02,243.0,,0.0,Neutral,0.0,Neutral
2025-12-01,245.0,,0.0,Neutral,0.0,Neutral
2025-11-30,245.8,2025-11-30,-0.5521965622901917,Negative,-0.5521965622901917,Negative
2025-11-27,250.0,,0.0,Neutral,-0.2760982811450958,Negative
2025-11-26,248.0,,0.0,Neutral,-0.1380491405725479,Slightly Negative
2025-11-25,248.0,2025-11-25,0.6663917303085327,Strongly Positive,0.6663917303085327,Strongly Positive
2025-11-24,249.9,,0.0,Neutral,0.33319586515426636,Positive
2025-11-23,247.0,,0.0,Neutral,0.16659793257713318,Slightly Positive
2025-11-20,242.0,,0.0,Neutral,0.0,Neutral
2025-11-19,241.0,,0.0,Neutral,0.0,Neutral
2025-11-18,243.0,,0.0,Neutral,0.0,Neutral
2025-11-17,239.5,,0.0,Neutral,0.0,Neutral
2025-11-16,239.9,,0.0,Neutral,0.0,Neutral
2025-11-13,241.5,,0.0,Neutral,0.0,Neutral
2025-11-12,241.2,,0.0,Neutral,0.0,Neutral
2025-11-11,241.1,2025-11-11,-0.5206417441368103,Negative,-0.5206417441368103,Negative
2025-11-10,241.0,2025-11-10,0.1399208903312683,Slightly Positive,-0.12039998173713684,Slightly Negative
2025-11-09,244.0,,0.0,Neutral,-0.06019999086856842,Slightly Negative
2025-11-06,248.9,,0.0,Neutral,0.03498022258281708,Neutral
2025-11-05,249.5,2025-11-05,0.9275050759315492,Strongly Positive,0.9275050759315492,Strongly Positive
2025-11-04,247.1,,0.0,Neutral,0.4637525379657746,Positive
2025-11-03,255.0,,0.0,Neutral,0.2318762689828873,Positive
2025-11-02,257.0,2025-11-02,0.8304534256458282,Strongly Positive,0.8304534256458282,Strongly Positive
2025-10-30,247.5,,0.0,Neutral,0.4152267128229141,Positive
2025-10-29,240.0,,0.0,Neutral,0.20761335641145706,Positive
2025-10-28,242.5,,0.0,Neutral,0.0,Neutral
2025-10-26,236.0,,0.0,Neutral,0.0,Neutral
2025-10-19,235.0,2025-10-19,-0.7027487754821777,Strongly Negative,-0.7027487754821777,Strongly Negative
2025-10-16,235.0,,0.0,Neutral,-0.35137438774108887,Negative
2025-10-15,238.0,,0.0,Neutral,-0.17568719387054443,Slightly Negative
2025-10-14,240.2,,0.0,Neutral,0.0,Neutral
2025-10-13,245.0,,0.0,Neutral,0.0,Neutral
2025-10-12,243.7,,0.0,Neutral,0.0,Neutral
2025-10-09,250.0,,0.0,Neutral,0.0,Neutral
2025-10-08,247.6,,0.0,Neutral,0.0,Neutral
2025-10-07,252.9,,0.0,Neutral,0.0,Neutral
2025-09-28,260.0,,0.0,Neutral,0.0,Neutral
2025-09-25,259.0,,0.0,Neutral,0.0,Neutral
2025-09-24,256.2,,0.0,Neutral,0.0,Neutral
2025-09-23,261.0,,0.0,Neutral,0.0,Neutral
2025-09-21,254.61,,0.0,Neutral,0.0,Neutral
2025-09-18,238.0,2025-09-18,0.0988965034484863,Slightly Positive,0.0988965034484863,Slightly Positive
2025-09-08,252.68,,0.0,Neutral,0.04944825172424315,Neutral
2025-09-07,255.57,,0.0,Neutral,0.024724125862121575,Neutral
2025-09-04,255.64,,0.0,Neutral,0.0,Neutral
2025-09-03,258.11,,0.0,Neutral,0.0,Neutral
2025-09-02,260.56,,0.0,Neutral,0.0,Neutral
2025-09-01,264.0,,0.0,Neutral,0.0,Neutral
2025-08-31,262.88,2025-08-31,-0.8702601194381714,Strongly Negative,-0.8702601194381714,Strongly Negative
2025-08-28,268.55,2025-08-28,0.9314732551574708,Strongly Positive,0.4963431954383851,Positive
2025-08-27,268.64,2025-08-27,-0.8449028730392456,Strongly Negative,-0.5967312753200531,Negative
2025-08-26,257.62,,0.0,Neutral,-0.1895831227302551,Slightly Negative
2025-08-25,259.03,,0.0,Neutral,-0.2112257182598114,Negative
2025-08-24,255.89,,0.0,Neutral,0.0,Neutral
2025-08-21,257.5,,0.0,Neutral,0.0,Neutral
2025-08-20,261.54,,0.0,Neutral,0.0,Neutral
2025-08-19,262.91,,0.0,Neutral,0.0,Neutral
2025-08-18,262.06,,0.0,Neutral,0.0,Neutral
2025-08-17,260.23,2025-08-17,-0.0869648940861225,Slightly Negative,-0.0869648940861225,Slightly Negative
2025-08-14,264.35,,0.0,Neutral,-0.04348244704306125,Neutral
2025-08-13,264.62,,0.0,Neutral,-0.021741223521530625,Neutral
2025-08-12,263.11,,0.0,Neutral,0.0,Neutral
2025-08-11,265.73,,0.0,Neutral,0.0,Neutral
2025-08-07,273.21,,0.0,Neutral,0.0,Neutral
2025-08-06,264.7,,0.0,Neutral,0.0,Neutral
2025-08-05,265.98,,0.0,Neutral,0.0,Neutral
2025-08-04,272.08,,0.0,Neutral,0.0,Neutral
2025-08-03,270.96,,0.0,Neutral,0.0,Neutral
2025-07-31,274.78,,0.0,Neutral,0.0,Neutral
2025-07-30,280.05,,0.0,Neutral,0.0,Neutral
2025-07-29,291.19,,0.0,Neutral,0.0,Neutral
2025-07-28,295.06,,0.0,Neutral,0.0,Neutral
2025-07-27,296.57,,0.0,Neutral,0.0,Neutral
2025-07-24,289.39,,0.0,Neutral,0.0,Neutral
2025-07-23,283.1,,0.0,Neutral,0.0,Neutral
2025-07-22,269.08,,0.0,Neutral,0.0,Neutral
2025-07-21,264.89,,0.0,Neutral,0.0,Neutral
2025-07-20,265.02,,0.0,Neutral,0.0,Neutral
2025-07-17,268.99,2025-07-17,0.0606837570667266,Slightly Positive,0.0606837570667266,Slightly Positive
2025-07-16,262.97,,0.0,Neutral,0.0303418785333633,Neutral
2025-07-15,261.98,,0.0,Neutral,0.01517093926668165,Neutral
2025-07-14,253.73,2025-07-14,0.3165594339370727,Positive,0.3165594339370727,Positive
2025-07-13,253.7,,0.0,Neutral,0.15827971696853635,Slightly Positive
2025-07-10,254.31,,0.0,Neutral,0.07913985848426817,Slightly Positive
2025-07-09,256.71,2025-07-09,0.5959690809249878,Positive,0.5959690809249878,Positive
2025-07-08,253.61,,0.0,Neutral,0.2979845404624939,Positive
2025-07-07,253.72,,0.0,Neutral,0.14899227023124695,Slightly Positive
2025-07-06,255.52,,0.0,Neutral,0.0,Neutral
2025-07-03,261.41,,0.0,Neutral,0.0,Neutral
2025-07-02,265.2,,0.0,Neutral,0.0,Neutral
2025-07-01,267.08,,0.0,Neutral,0.0,Neutral
2025-06-30,262.95,,0.0,Neutral,0.0,Neutral
2025-06-29,257.18,2025-06-29,0.0124993920326232,Neutral,0.0124993920326232,Neutral
2025-06-26,256.48,,0.0,Neutral,0.0062496960163116,Neutral
2025-06-25,257.26,2025-06-25,-0.5497723817825317,Negative,-0.5466475337743759,Negative
2025-06-24,258.8,,0.0,Neutral,-0.27488619089126587,Negative
2025-06-23,260.26,,0.0,Neutral,-0.13744309544563293,Slightly Negative
2025-06-22,258.43,,0.0,Neutral,0.0,Neutral
2025-06-19,271.57,2025-06-19,0.9185822606086732,Strongly Positive,0.9185822606086732,Strongly Positive
2025-06-18,277.98,2025-06-18,0.134243756532669,Slightly Positive,0.5935348868370056,Positive
2025-06-17,278.24,,0.0,Neutral,0.2967674434185028,Positive
2025-06-16,280.31,,0.0,Neutral,0.03356093913316725,Neutral
2025-06-15,281.84,,0.0,Neutral,0.0,Neutral
2025-06-12,284.35,,0.0,Neutral,0.0,Neutral
2025-06-11,293.29,2025-06-11,-0.1211603879928588,Slightly Negative,-0.1211603879928588,Slightly Negative
2025-06-10,285.75,2025-06-10,-0.4339157342910766,Negative,-0.494495928287506,Negative
2025-06-09,270.19,2025-06-09,-0.3343536257743835,Negative,-0.5816015899181365,Negative
2025-06-08,274.14,,0.0,Neutral,-0.2756557464599609,Negative
2025-06-05,276.92,2025-06-05,-0.5912338495254517,Negative,-0.6748222559690475,Strongly Negative
2025-06-04,273.68,,0.0,Neutral,-0.29561692476272583,Negative
2025-06-03,264.7,2025-06-03,-0.2338424623012542,Negative,-0.3816509246826171,Negative
2025-06-02,260.66,2025-06-02,-0.5659517645835876,Negative,-0.6828729957342148,Strongly Negative
2025-05-28,254.98,,0.0,Neutral,-0.3414364978671074,Negative
2025-05-27,240.8,,0.0,Neutral,-0.1414879411458969,Slightly Negative
2025-05-26,240.98,2025-05-26,-0.7628889083862305,Strongly Negative,-0.7628889083862305,Strongly Negative
2025-05-25,241.97,,0.0,Neutral,-0.38144445419311523,Negative
2025-05-22,244.04,2025-05-22,-0.7128505706787109,Strongly Negative,-0.9035727977752686,Strongly Negative
2025-05-21,246.52,,0.0,Neutral,-0.35642528533935547,Negative
2025-05-20,251.29,2025-05-20,-0.6116074919700623,Strongly Negative,-0.78982013463974,Strongly Negative
2025-05-19,240.41,,0.0,Neutral,-0.30580374598503113,Negative
2025-05-18,236.88,,0.0,Neutral,-0.15290187299251556,Slightly Negative
2025-05-15,244.15,,0.0,Neutral,0.0,Neutral
2025-05-14,242.4,2025-05-14,-0.120438814163208,Slightly Negative,-0.120438814163208,Slightly Negative
2025-05-13,248.77,,0.0,Neutral,-0.060219407081604,Slightly Negative
2025-05-11,256.73,,0.0,Neutral,-0.030109703540802,Neutral
2025-05-08,265.89,,0.0,Neutral,0.0,Neutral
2025-05-07,262.61,,0.0,Neutral,0.0,Neutral
2025-05-06,252.99,,0.0,Neutral,0.0,Neutral
2025-05-05,242.37,,0.0,Neutral,0.0,Neutral
2025-05-04,251.07,,0.0,Neutral,0.0,Neutral
2025-04-30,246.63,,0.0,Neutral,0.0,Neutral
2025-04-29,238.51,,0.0,Neutral,0.0,Neutral
2025-04-28,240.81,,0.0,Neutral,0.0,Neutral
2025-04-27,235.85,,0.0,Neutral,0.0,Neutral
2025-04-24,227.04,,0.0,Neutral,0.0,Neutral
2025-04-23,227.93,,0.0,Neutral,0.0,Neutral
2025-04-22,232.16,2025-04-22,0.0065177381038665,Neutral,0.0065177381038665,Neutral
2025-04-21,234.21,2025-04-21,-0.1222520172595977,Slightly Negative,-0.11899314820766445,Slightly Negative
2025-04-20,231.87,2025-04-20,-0.9325382113456726,Strongly Negative,-0.9920347854495049,Strongly Negative
2025-04-17,237.83,,0.0,Neutral,-0.49683210998773575,Negative
2025-04-16,235.98,2025-04-16,-0.1533498167991638,Slightly Negative,-0.38648436963558197,Negative
2025-04-15,231.08,,0.0,Neutral,-0.0766749083995819,Slightly Negative
2025-04-13,226.61,2025-04-13,0.0838408172130584,Slightly Positive,0.045503363013267455,Neutral
2025-04-10,227.09,2025-04-10,0.1280533671379089,Slightly Positive,0.16997377574443812,Slightly Positive
2025-04-09,225.71,,0.0,Neutral,0.08498688787221906,Slightly Positive
2025-04-08,226.32,,0.0,Neutral,0.03201334178447723,Neutral
2025-04-07,225.87,,0.0,Neutral,0.0,Neutral
2025-04-03,227.28,,0.0,Neutral,0.0,Neutral
2025-04-02,228.61,,0.0,Neutral,0.0,Neutral
2025-04-01,229.17,,0.0,Neutral,0.0,Neutral
2025-03-30,232.98,2025-03-30,-0.4880945086479187,Negative,-0.4880945086479187,Negative
2025-03-27,226.65,,0.0,Neutral,-0.24404725432395935,Negative
2025-03-26,223.09,2025-03-26,-0.6513763070106506,Strongly Negative,-0.7733999341726303,Strongly Negative
2025-03-25,218.99,2025-03-25,0.2815593183040619,Positive,-0.04412883520126343,Neutral
2025-03-24,226.34,,0.0,Neutral,-0.022064417600631714,Neutral
2025-03-23,225.12,2025-03-23,-0.6444237232208252,Strongly Negative,-0.5740338936448097,Negative
2025-03-20,229.59,2025-03-20,-0.406167596578598,Negative,-0.7283794581890106,Strongly Negative
2025-03-19,230.3,,0.0,Neutral,-0.3641897290945053,Negative
2025-03-18,232.5,,0.0,Neutral,-0.1015418991446495,Slightly Negative
2025-03-17,234.4,2025-03-17,-0.0320629775524139,Neutral,-0.0320629775524139,Neutral
2025-03-16,236.0,,0.0,Neutral,-0.01603148877620695,Neutral
2025-03-12,236.4,,0.0,Neutral,-0.008015744388103475,Neutral
2025-03-11,232.0,,0.0,Neutral,0.0,Neutral
2025-03-10,235.5,2025-03-10,-0.7477757930755615,Strongly Negative,-0.7477757930755615,Strongly Negative
2025-03-09,239.8,,0.0,Neutral,-0.37388789653778076,Negative
2025-03-06,244.5,,0.0,Neutral,-0.18694394826889038,Slightly Negative
2025-03-05,246.0,,0.0,Neutral,0.0,Neutral
2025-03-04,250.7,,0.0,Neutral,0.0,Neutral
2025-03-03,250.6,,0.0,Neutral,0.0,Neutral
2025-03-02,256.4,,0.0,Neutral,0.0,Neutral
2025-02-27,241.0,,0.0,Neutral,0.0,Neutral
2025-02-25,231.1,,0.0,Neutral,0.0,Neutral
2025-02-24,232.5,2025-02-24,-0.3941380977630615,Negative,-0.3941380977630615,Negative
2025-02-23,229.2,,0.0,Neutral,-0.19706904888153076,Slightly Negative
2025-02-20,232.0,,0.0,Neutral,-0.09853452444076538,Slightly Negative
2025-02-18,233.0,,0.0,Neutral,0.0,Neutral
2025-02-17,235.5,,0.0,Neutral,0.0,Neutral
2025-02-16,233.8,,0.0,Neutral,0.0,Neutral
2025-02-13,232.4,2025-02-13,-0.6699524521827698,Strongly Negative,-0.6699524521827698,Strongly Negative
2025-02-12,233.5,2025-02-12,0.2080480456352233,Positive,-0.12692818045616158,Slightly Negative
2025-02-11,234.7,,0.0,Neutral,-0.06346409022808079,Slightly Negative
2025-02-10,237.0,,0.0,Neutral,0.052012011408805826,Slightly Positive
2025-02-09,241.9,,0.0,Neutral,0.0,Neutral
2025-02-06,240.0,,0.0,Neutral,0.0,Neutral
2025-02-05,242.0,,0.0,Neutral,0.0,Neutral
2025-02-04,243.9,,0.0,Neutral,0.0,Neutral
2025-02-03,246.0,,0.0,Neutral,0.0,Neutral
2025-02-02,245.8,,0.0,Neutral,0.0,Neutral
2025-01-28,237.9,,0.0,Neutral,0.0,Neutral
2025-01-27,233.9,,0.0,Neutral,0.0,Neutral
2025-01-26,236.0,,0.0,Neutral,0.0,Neutral
2025-01-23,235.1,2025-01-23,-0.2442322820425033,Negative,-0.2442322820425033,Negative
2025-01-22,239.0,,0.0,Neutral,-0.12211614102125165,Slightly Negative
2025-01-21,233.9,,0.0,Neutral,-0.061058070510625825,Slightly Negative
2025-01-20,236.6,2025-01-20,-0.0088043892756104,Neutral,-0.0088043892756104,Neutral
2025-01-19,232.0,,0.0,Neutral,-0.0044021946378052,Neutral
2025-01-16,230.0,,0.0,Neutral,-0.0022010973189026,Neutral
2025-01-15,230.5,,0.0,Neutral,0.0,Neutral
2025-01-13,234.0,,0.0,Neutral,0.0,Neutral
2025-01-12,235.0,,0.0,Neutral,0.0,Neutral
2025-01-09,238.0,,0.0,Neutral,0.0,Neutral
2025-01-08,239.0,,0.0,Neutral,0.0,Neutral
2025-01-07,241.0,,0.0,Neutral,0.0,Neutral
2025-01-06,241.7,,0.0,Neutral,0.0,Neutral
2025-01-05,231.0,,0.0,Neutral,0.0,Neutral
2025-01-02,229.9,2025-01-02,0.9056085348129272,Strongly Positive,0.9056085348129272,Strongly Positive
2025-01-01,227.0,,0.0,Neutral,0.4528042674064636,Positive
2024-12-31,225.0,,0.0,Neutral,0.2264021337032318,Positive
2024-12-29,231.0,,0.0,Neutral,0.0,Neutral
2024-12-26,236.0,,0.0,Neutral,0.0,Neutral
2024-12-24,236.3,,0.0,Neutral,0.0,Neutral
2024-12-23,237.5,,0.0,Neutral,0.0,Neutral
2024-12-22,235.0,,0.0,Neutral,0.0,Neutral
2024-12-19,237.0,,0.0,Neutral,0.0,Neutral
2024-12-18,240.0,,0.0,Neutral,0.0,Neutral
2024-12-17,240.0,,0.0,Neutral,0.0,Neutral
2024-12-16,239.0,2024-12-16,-0.1873531192541122,Slightly Negative,-0.1873531192541122,Slightly Negative
2024-12-12,245.5,2024-12-12,-0.7372568249702454,Strongly Negative,-0.8309333845973015,Strongly Negative
2024-12-11,251.0,,0.0,Neutral,-0.41546669229865074,Negative
2024-12-10,246.0,2024-12-10,0.0605501011013984,Slightly Positive,-0.12376410514116294,Slightly Negative
2024-12-09,248.9,2024-12-09,0.0543120503425598,Slightly Positive,0.08458710089325899,Slightly Positive
2024-12-08,250.0,,0.0,Neutral,0.042293550446629496,Neutral
2024-12-05,257.0,2024-12-05,-0.8622756004333496,Strongly Negative,-0.8486975878477097,Strongly Negative
2024-12-04,257.0,,0.0,Neutral,-0.4311378002166748,Negative
2024-12-03,255.6,,0.0,Neutral,-0.2155689001083374,Negative
2024-12-02,255.0,,0.0,Neutral,0.0,Neutral
2024-12-01,253.1,,0.0,Neutral,0.0,Neutral
2024-11-28,258.3,,0.0,Neutral,0.0,Neutral
2024-11-27,264.0,,0.0,Neutral,0.0,Neutral
2024-11-26,263.0,,0.0,Neutral,0.0,Neutral
2024-11-25,255.0,,0.0,Neutral,0.0,Neutral
2024-11-24,254.1,,0.0,Neutral,0.0,Neutral
2024-11-21,259.0,2024-11-21,0.3522944152355194,Positive,0.3522944152355194,Positive
2024-11-20,265.0,,0.0,Neutral,0.1761472076177597,Slightly Positive
2024-11-19,265.1,,0.0,Neutral,0.08807360380887985,Slightly Positive
2024-11-17,274.9,,0.0,Neutral,0.0,Neutral
2024-11-14,270.0,,0.0,Neutral,0.0,Neutral
2024-11-13,272.7,,0.0,Neutral,0.0,Neutral
2024-11-12,274.5,,0.0,Neutral,0.0,Neutral
2024-11-11,273.0,2024-11-11,0.9224844574928284,Strongly Positive,0.9224844574928284,Strongly Positive
2024-11-10,269.0,2024-11-10,0.0913766026496887,Slightly Positive,0.5526188313961029,Positive
2024-11-06,255.3,2024-11-06,0.6941941380500793,Strongly Positive,0.9705035537481308,Strongly Positive
2024-11-05,257.0,,0.0,Neutral,0.36994121968746185,Positive
2024-10-30,259.0,,0.0,Neutral,0.17354853451251984,Slightly Positive
2024-10-29,256.3,2024-10-29,-0.4482151567935943,Negative,-0.4482151567935943,Negative
2024-10-28,252.0,,0.0,Neutral,-0.22410757839679715,Negative
2024-10-27,248.9,,0.0,Neutral,-0.11205378919839858,Slightly Negative
2024-10-24,249.0,,0.0,Neutral,0.0,Neutral
2024-10-23,248.5,2024-10-23,-0.5182260870933533,Negative,-0.5182260870933533,Negative
2024-10-22,251.0,,0.0,Neutral,-0.25911304354667664,Negative
2024-10-21,244.2,,0.0,Neutral,-0.12955652177333832,Slightly Negative
2024-11-24,254.1,,0.0,Neutral,0.0,Neutral
2024-11-21,259.0,2024-11-21,0.3522944152355194,Positive,0.3522944152355194,Positive
2024-11-20,265.0,,0.0,Neutral,0.1761472076177597,Slightly Positive
2024-11-19,265.1,,0.0,Neutral,0.08807360380887985,Slightly Positive
2024-11-17,274.9,,0.0,Neutral,0.0,Neutral
2024-11-14,270.0,,0.0,Neutral,0.0,Neutral
2024-11-13,272.7,,0.0,Neutral,0.0,Neutral
2024-11-12,274.5,,0.0,Neutral,0.0,Neutral
2024-11-11,273.0,2024-11-11,0.9224844574928284,Strongly Positive,0.9224844574928284,Strongly Positive
2024-11-10,269.0,2024-11-10,0.0913766026496887,Slightly Positive,0.5526188313961029,Positive
2024-11-06,255.3,2024-11-06,0.6941941380500793,Strongly Positive,0.9705035537481308,Strongly Positive
2024-11-05,257.0,,0.0,Neutral,0.36994121968746185,Positive
2024-10-30,259.0,,0.0,Neutral,0.17354853451251984,Slightly Positive
2024-10-29,256.3,2024-10-29,-0.4482151567935943,Negative,-0.4482151567935943,Negative
2024-10-28,252.0,,0.0,Neutral,-0.22410757839679715,Negative
2024-10-27,248.9,,0.0,Neutral,-0.11205378919839858,Slightly Negative
2024-10-24,249.0,,0.0,Neutral,0.0,Neutral
2024-10-23,248.5,2024-10-23,-0.5182260870933533,Negative,-0.5182260870933533,Negative
2024-10-22,251.0,,0.0,Neutral,-0.25911304354667664,Negative
2024-10-21,244.2,,0.0,Neutral,-0.12955652177333832,Slightly Negative
2024-09-12,258.0,2024-09-12,0.7334011197090149,Strongly Positive,0.7334011197090149,Strongly Positive
2024-09-11,244.5,,0.0,Neutral,0.36670055985450745,Positive
2024-09-10,249.5,,0.0,Neutral,0.18335027992725372,Slightly Positive
2024-09-09,252.0,,0.0,Neutral,0.0,Neutral
2024-09-08,256.0,2024-09-08,0.0105989575386047,Neutral,0.0105989575386047,Neutral
2024-09-05,264.1,,0.0,Neutral,0.00529947876930235,Neutral
2024-09-04,268.0,,0.0,Neutral,0.002649739384651175,Neutral
2024-09-03,282.0,2024-09-03,-0.2997061610221863,Negative,-0.2997061610221863,Negative
2024-09-02,284.0,,0.0,Neutral,-0.14985308051109314,Slightly Negative
2024-09-01,260.0,,0.0,Neutral,-0.07492654025554657,Slightly Negative
2024-08-29,269.0,,0.0,Neutral,0.0,Neutral
2024-08-28,275.0,,0.0,Neutral,0.0,Neutral
2024-08-27,272.0,,0.0,Neutral,0.0,Neutral
2024-08-25,292.1,,0.0,Neutral,0.0,Neutral
2024-08-22,307.2,,0.0,Neutral,0.0,Neutral
2024-08-21,301.0,,0.0,Neutral,0.0,Neutral
2024-08-18,305.0,,0.0,Neutral,0.0,Neutral
2024-08-15,318.0,,0.0,Neutral,0.0,Neutral
2024-08-14,301.0,,0.0,Neutral,0.0,Neutral
2024-08-13,286.0,,0.0,Neutral,0.0,Neutral
2024-08-12,287.7,,0.0,Neutral,0.0,Neutral
2024-08-11,261.6,2024-08-11,-0.6217007637023926,Strongly Negative,-0.6217007637023926,Strongly Negative
2024-08-08,237.9,,0.0,Neutral,-0.3108503818511963,Negative
2024-08-07,225.9,,0.0,Neutral,-0.15542519092559814,Slightly Negative
2024-08-06,215.0,2024-08-06,0.06113051623106,Slightly Positive,0.06113051623106,Slightly Positive
2024-08-05,229.5,2024-08-05,-0.0004892461001873,Neutral,0.0300760120153427,Neutral
2024-08-01,224.9,,0.0,Neutral,0.01503800600767135,Neutral
2024-07-31,226.0,,0.0,Neutral,-0.000122311525046825,Neutral
2024-07-30,218.7,,0.0,Neutral,0.0,Neutral
2024-07-29,217.0,,0.0,Neutral,0.0,Neutral
2024-07-28,217.0,,0.0,Neutral,0.0,Neutral
2024-07-25,211.0,,0.0,Neutral,0.0,Neutral
2024-07-24,210.0,,0.0,Neutral,0.0,Neutral
2024-07-23,218.0,,0.0,Neutral,0.0,Neutral
2024-07-22,208.8,,0.0,Neutral,0.0,Neutral
2024-07-21,201.0,2024-07-21,0.2961920797824859,Positive,0.2961920797824859,Positive
2024-07-18,201.0,,0.0,Neutral,0.14809603989124295,Slightly Positive
2024-07-17,200.1,,0.0,Neutral,0.07404801994562148,Slightly Positive
2024-07-16,202.5,,0.0,Neutral,0.0,Neutral
2024-07-15,185.0,2024-07-15,0.0531130880117416,Slightly Positive,0.0531130880117416,Slightly Positive
2024-07-14,181.4,2024-07-14,0.4453930258750915,Positive,0.4719495698809623,Positive
2024-07-11,168.0,,0.0,Neutral,0.23597478494048116,Positive
2024-07-10,164.0,2024-07-10,-0.0372032523155212,Neutral,0.07414500415325168,Slightly Positive
2024-07-09,164.0,,0.0,Neutral,-0.0186016261577606,Neutral
2024-07-08,162.5,,0.0,Neutral,-0.0093008130788803,Neutral
2024-07-07,163.9,2024-07-07,-0.6083687543869019,Strongly Negative,-0.6083687543869019,Strongly Negative
2024-07-04,163.0,2024-07-04,-0.7496742010116577,Strongly Negative,-1.0538585782051086,Strongly Negative
2024-07-03,164.0,,0.0,Neutral,-0.5269292891025543,Negative
2024-07-02,165.0,,0.0,Neutral,-0.18741855025291443,Slightly Negative
2024-07-01,159.0,,0.0,Neutral,0.0,Neutral
2024-06-30,159.0,2024-06-30,-0.5555654168128967,Negative,-0.5555654168128967,Negative
2024-06-27,159.9,,0.0,Neutral,-0.27778270840644836,Negative
2024-06-26,161.1,,0.0,Neutral,-0.13889135420322418,Slightly Negative
2024-06-25,163.0,,0.0,Neutral,0.0,Neutral
2024-06-24,162.9,,0.0,Neutral,0.0,Neutral
2024-06-23,162.5,,0.0,Neutral,0.0,Neutral
2024-06-20,163.5,2024-06-20,-0.7754740715026855,Strongly Negative,-0.7754740715026855,Strongly Negative
2024-06-19,164.0,2024-06-19,0.928455650806427,Strongly Positive,0.5407186150550842,Positive
2024-06-18,164.9,,0.0,Neutral,0.2703593075275421,Positive
2024-06-16,166.0,,0.0,Neutral,0.23211391270160675,Positive
2024-06-13,167.0,,0.0,Neutral,0.0,Neutral
2024-06-12,168.0,2024-06-12,-0.3344677183777093,Negative,-0.3344677183777093,Negative
2024-06-11,169.8,2024-06-11,-0.703773021697998,Strongly Negative,-0.8710068808868527,Strongly Negative
2024-06-10,165.7,2024-06-10,0.0591075792908668,Slightly Positive,-0.3763958611525595,Negative
2024-06-09,162.1,,0.0,Neutral,-0.1463894657790661,Slightly Negative
2024-06-06,161.7,,0.0,Neutral,0.0147768948227167,Neutral
2024-06-05,163.0,,0.0,Neutral,0.0,Neutral
2024-06-04,163.1,,0.0,Neutral,0.0,Neutral
2024-06-03,164.0,,0.0,Neutral,0.0,Neutral
2024-06-02,166.1,,0.0,Neutral,0.0,Neutral
2024-05-30,166.9,,0.0,Neutral,0.0,Neutral
2024-05-29,168.9,,0.0,Neutral,0.0,Neutral
2024-05-27,172.0,2024-05-27,-0.6427181959152222,Strongly Negative,-0.6427181959152222,Strongly Negative
2024-05-26,172.4,2024-05-26,-0.5461372137069702,Negative,-0.8674963116645813,Strongly Negative
2024-05-22,170.2,,0.0,Neutral,-0.43374815583229065,Negative
2024-05-21,170.6,2024-05-21,0.9287891387939452,Strongly Positive,0.7922548353672026,Strongly Positive
2024-05-20,171.0,2024-05-20,-0.7473208904266357,Strongly Negative,-0.28292632102966314,Negative
2024-05-19,170.0,,0.0,Neutral,-0.14146316051483157,Slightly Negative
2024-05-16,165.1,,0.0,Neutral,-0.18683022260665894,Slightly Negative
2024-05-15,167.1,,0.0,Neutral,0.0,Neutral
2024-05-14,171.0,,0.0,Neutral,0.0,Neutral
2024-05-13,163.4,2024-05-13,-0.0147014185786247,Neutral,-0.0147014185786247,Neutral
2024-05-12,162.6,,0.0,Neutral,-0.00735070928931235,Neutral
2024-05-09,162.9,,0.0,Neutral,-0.003675354644656175,Neutral
2024-05-08,163.0,,0.0,Neutral,0.0,Neutral
2024-05-07,164.5,,0.0,Neutral,0.0,Neutral
2024-05-06,164.0,,0.0,Neutral,0.0,Neutral
2024-05-05,165.6,,0.0,Neutral,0.0,Neutral
2024-05-02,168.5,,0.0,Neutral,0.0,Neutral
2024-04-30,171.0,,0.0,Neutral,0.0,Neutral
2024-04-29,167.0,2024-04-29,-0.2238787710666656,Negative,-0.2238787710666656,Negative
2024-04-28,167.0,,0.0,Neutral,-0.1119393855333328,Slightly Negative
2024-04-25,165.0,,0.0,Neutral,-0.0559696927666664,Slightly Negative
2024-04-24,165.4,,0.0,Neutral,0.0,Neutral
2024-04-22,167.0,2024-04-22,-0.397852748632431,Negative,-0.397852748632431,Negative
2024-04-21,166.9,2024-04-21,-0.6756387948989868,Strongly Negative,-0.8745651692152023,Strongly Negative
2024-04-18,167.8,,0.0,Neutral,-0.43728258460760117,Negative
2024-04-16,170.0,2024-04-16,0.4685211181640625,Positive,0.2996114194393158,Positive
2024-04-15,171.1,2024-04-15,-0.5954660177230835,Negative,-0.36120545864105225,Negative
2024-04-14,172.8,2024-04-14,-0.4558782577514648,Negative,-0.636480987071991,Strongly Negative
2024-04-10,174.0,2024-04-10,-0.0239664651453495,Neutral,-0.40077209845185274,Negative
2024-04-09,175.5,,0.0,Neutral,-0.12595279701054093,Slightly Negative
2024-04-07,174.0,2024-04-07,-0.6892299056053162,Strongly Negative,-0.6952215218916535,Strongly Negative
2024-04-04,174.0,2024-04-04,-0.323227971792221,Negative,-0.6678429245948792,Strongly Negative
2024-04-03,172.9,,0.0,Neutral,-0.3339214622974396,Negative
2024-04-02,174.9,2024-04-02,-0.4733312129974365,Negative,-0.5541382059454918,Negative
2024-04-01,175.0,,0.0,Neutral,-0.23666560649871826,Negative
2024-03-31,177.0,,0.0,Neutral,-0.11833280324935913,Slightly Negative
2024-03-28,177.6,,0.0,Neutral,0.0,Neutral
2024-03-27,178.5,,0.0,Neutral,0.0,Neutral
2024-03-26,178.5,2024-03-26,-0.2324217855930328,Negative,-0.2324217855930328,Negative
2024-03-25,179.0,,0.0,Neutral,-0.1162108927965164,Slightly Negative
2024-03-21,181.0,2024-03-21,-0.3527610003948211,Negative,-0.4108664467930793,Negative
2024-03-20,181.1,,0.0,Neutral,-0.17638050019741056,Slightly Negative
2024-03-19,183.0,,0.0,Neutral,-0.08819025009870528,Slightly Negative
2024-03-18,186.4,,0.0,Neutral,0.0,Neutral
2024-03-17,185.2,,0.0,Neutral,0.0,Neutral
2024-03-14,186.2,2024-03-14,-0.0184712968766689,Neutral,-0.0184712968766689,Neutral
2024-03-13,188.2,2024-03-13,-0.5365344434976578,Negative,-0.5457700919359922,Negative
2024-03-12,189.9,,0.0,Neutral,-0.2728850459679961,Negative
2024-03-10,185.6,,0.0,Neutral,-0.13413361087441444,Slightly Negative
2024-03-07,184.8,,0.0,Neutral,0.0,Neutral
2024-03-06,182.1,,0.0,Neutral,0.0,Neutral
2024-03-05,183.4,,0.0,Neutral,0.0,Neutral
2024-03-04,188.0,,0.0,Neutral,0.0,Neutral
2024-03-03,174.0,2024-03-03,0.659336507320404,Strongly Positive,0.659336507320404,Strongly Positive
2024-02-29,176.6,2024-02-29,0.5973718166351318,Positive,0.9270400702953339,Strongly Positive
2024-02-28,179.0,,0.0,Neutral,0.46352003514766693,Positive
2024-02-27,179.0,,0.0,Neutral,0.14934295415878296,Slightly Positive
2024-02-26,177.7,2024-02-26,-0.6391295790672302,Strongly Negative,-0.6391295790672302,Strongly Negative
2024-02-25,175.0,2024-02-25,-0.7076578140258789,Strongly Negative,-1.027222603559494,Strongly Negative
2024-02-22,179.8,,0.0,Neutral,-0.513611301779747,Negative
2024-02-21,184.5,,0.0,Neutral,-0.17691445350646973,Slightly Negative
2024-02-20,186.0,,0.0,Neutral,0.0,Neutral
2024-02-18,186.5,,0.0,Neutral,0.0,Neutral
2024-02-15,189.0,,0.0,Neutral,0.0,Neutral
2024-02-14,191.9,,0.0,Neutral,0.0,Neutral
2024-02-13,192.2,,0.0,Neutral,0.0,Neutral
2024-02-12,197.0,2024-02-12,0.0213358532637357,Neutral,0.0213358532637357,Neutral
2024-02-11,195.6,,0.0,Neutral,0.01066792663186785,Neutral
2024-02-08,195.0,,0.0,Neutral,0.005333963315933925,Neutral
2024-02-07,195.2,2024-02-07,0.9190106987953186,Strongly Positive,0.9190106987953186,Strongly Positive
2024-02-06,196.7,,0.0,Neutral,0.4595053493976593,Positive
2024-02-05,195.7,,0.0,Neutral,0.22975267469882965,Positive
2024-02-04,193.9,,0.0,Neutral,0.0,Neutral
2024-02-01,196.6,2024-02-01,0.9017196297645568,Strongly Positive,0.9017196297645568,Strongly Positive
2024-01-31,201.0,,0.0,Neutral,0.4508598148822784,Positive
2024-01-30,206.0,,0.0,Neutral,0.2254299074411392,Positive
2024-01-29,206.0,,0.0,Neutral,0.0,Neutral
2024-01-28,206.0,2024-01-28,-0.5602532029151917,Negative,-0.5602532029151917,Negative
2024-01-25,208.0,2024-01-25,0.9305034875869752,Strongly Positive,0.6503768861293794,Strongly Positive
2024-01-24,209.0,,0.0,Neutral,0.3251884430646897,Positive
2024-01-23,209.0,,0.0,Neutral,0.2326258718967438,Positive
2024-01-22,204.0,2024-01-22,0.0955185890197753,Slightly Positive,0.0955185890197753,Slightly Positive
2024-01-21,207.0,2024-01-21,-0.0024153357371688,Neutral,0.045343958772718844,Neutral
2024-01-18,202.0,2024-01-18,0.7747501134872437,Strongly Positive,0.7974220928736031,Strongly Positive
2024-01-17,198.0,,0.0,Neutral,0.38677122280932963,Positive
2024-01-16,209.6,2024-01-16,-0.0303513295948505,Neutral,0.16333619877696043,Slightly Positive
2024-01-14,197.0,2024-01-14,-0.0015759468078613,Neutral,-0.01675161160528655,Neutral
2024-01-11,190.0,,0.0,Neutral,-0.008375805802643275,Neutral
2024-01-10,182.4,,0.0,Neutral,-0.000393986701965325,Neutral
2024-01-09,184.9,,0.0,Neutral,0.0,Neutral
2024-01-08,185.0,2024-01-08,0.3354699239134788,Positive,0.3354699239134788,Positive
2024-01-07,185.0,,0.0,Neutral,0.1677349619567394,Slightly Positive
2024-01-04,183.5,,0.0,Neutral,0.0838674809783697,Slightly Positive
2024-01-03,182.8,,0.0,Neutral,0.0,Neutral
2024-01-02,174.8,,0.0,Neutral,0.0,Neutral
2024-01-01,174.0,,0.0,Neutral,0.0,Neutral
2023-12-28,177.0,,0.0,Neutral,0.0,Neutral
2023-12-27,180.0,,0.0,Neutral,0.0,Neutral
2023-12-24,181.9,,0.0,Neutral,0.0,Neutral
2023-12-21,188.2,,0.0,Neutral,0.0,Neutral
2023-12-20,196.9,,0.0,Neutral,0.0,Neutral
2023-12-19,193.0,2023-12-19,-0.0495426394045352,Neutral,-0.0495426394045352,Neutral
2023-12-18,193.0,,0.0,Neutral,-0.0247713197022676,Neutral
2023-12-17,196.0,2023-12-17,0.1858166120946406,Slightly Positive,0.1734309522435068,Slightly Positive
2023-12-14,182.2,2023-12-14,-0.3237503468990326,Negative,-0.23084204085171228,Negative
2023-12-13,178.0,,0.0,Neutral,-0.11542102042585614,Slightly Negative
2023-12-12,173.0,,0.0,Neutral,-0.08093758672475815,Slightly Negative
2023-12-11,171.1,2023-12-11,0.8129301071166992,Strongly Positive,0.8129301071166992,Strongly Positive
2023-12-10,172.3,2023-12-10,0.3414733707904815,Positive,0.7479384243488312,Strongly Positive
2023-12-07,159.8,2023-12-07,0.7270581126213074,Strongly Positive,1.101027324795723,Strongly Positive
2023-12-06,157.5,,0.0,Neutral,0.4488973990082741,Positive
2023-12-05,158.0,,0.0,Neutral,0.18176452815532684,Slightly Positive
2023-12-04,161.5,2023-12-04,0.9314891695976256,Strongly Positive,0.9314891695976256,Strongly Positive
2023-12-03,158.8,,0.0,Neutral,0.4657445847988128,Positive
2023-11-30,162.0,,0.0,Neutral,0.2328722923994064,Positive
2023-11-29,165.0,2023-11-29,0.5706247091293335,Positive,0.5706247091293335,Positive
2023-11-28,169.9,2023-11-28,0.2470296770334244,Positive,0.5323420315980911,Positive
2023-11-27,170.0,,0.0,Neutral,0.26617101579904556,Positive
2023-11-26,173.1,,0.0,Neutral,0.0617574192583561,Slightly Positive
2023-11-23,164.5,,0.0,Neutral,0.0,Neutral
2023-11-22,162.9,,0.0,Neutral,0.0,Neutral
2023-11-21,160.3,,0.0,Neutral,0.0,Neutral
2023-11-20,165.9,2023-11-20,-0.0071662440896034,Neutral,-0.0071662440896034,Neutral
2023-11-09,165.0,,0.0,Neutral,-0.0035831220448017,Neutral
2023-11-08,168.0,,0.0,Neutral,-0.00179156102240085,Neutral
2023-11-07,170.0,,0.0,Neutral,0.0,Neutral
2023-11-06,171.8,,0.0,Neutral,0.0,Neutral
2023-11-05,169.0,2023-11-05,0.7400195002555847,Strongly Positive,0.7400195002555847,Strongly Positive
2023-11-02,169.2,,0.0,Neutral,0.37000975012779236,Positive
2023-11-01,170.3,2023-11-01,0.0985844135284423,Slightly Positive,0.28358928859233845,Positive
2023-10-31,171.0,,0.0,Neutral,0.04929220676422115,Neutral
2023-10-30,174.5,,0.0,Neutral,0.024646103382110575,Neutral
2023-10-29,172.9,,0.0,Neutral,0.0,Neutral
2023-10-19,178.6,2023-10-19,0.8292142748832703,Strongly Positive,0.8292142748832703,Strongly Positive
2023-10-18,183.9,2023-10-18,0.2993601306031147,Positive,0.7139672680447499,Strongly Positive
2023-10-17,177.8,2023-10-17,0.3895330764353275,Positive,0.7465167104577024,Strongly Positive
2023-10-16,168.8,2023-10-16,0.8377037644386292,Strongly Positive,1.1073103353070717,Strongly Positive
2023-10-12,171.0,,0.0,Neutral,0.5162351513281465,Positive
2023-10-11,177.8,,0.0,Neutral,0.2094259411096573,Positive
2023-10-10,176.0,,0.0,Neutral,0.0,Neutral
2023-10-09,182.9,2023-10-09,0.9241541624069214,Strongly Positive,0.9241541624069214,Strongly Positive
2023-10-08,185.9,2023-10-08,0.9193177223205566,Strongly Positive,1.3813948035240173,Strongly Positive
2023-10-05,192.1,,0.0,Neutral,0.6906974017620087,Strongly Positive
2023-10-04,193.9,2023-10-04,0.141101211309433,Slightly Positive,0.37093064188957214,Positive
2023-10-03,190.3,,0.0,Neutral,0.0705506056547165,Slightly Positive
2023-10-02,196.0,2023-10-02,0.8697748184204102,Strongly Positive,0.9050501212477684,Strongly Positive
2023-10-01,194.9,2023-10-01,0.9149264097213744,Strongly Positive,1.3498138189315796,Strongly Positive
2023-09-27,201.0,,0.0,Neutral,0.6749069094657898,Strongly Positive
2023-09-26,208.0,2023-09-26,0.1121289655566215,Slightly Positive,0.34086056798696507,Positive
2023-09-25,196.3,2023-09-25,0.9218896627426147,Strongly Positive,0.9779541455209255,Strongly Positive
2023-09-24,197.1,2023-09-24,0.8438069820404053,Strongly Positive,1.332784054800868,Strongly Positive
2023-09-21,199.6,,0.0,Neutral,0.6523759067058563,Strongly Positive
2023-09-19,181.5,,0.0,Neutral,0.21095174551010132,Positive
2023-09-18,179.0,2023-09-18,0.8191651403903961,Strongly Positive,0.8191651403903961,Strongly Positive
2023-09-17,175.0,2023-09-17,0.2316693365573883,Positive,0.6412519067525864,Strongly Positive
2023-09-13,175.0,,0.0,Neutral,0.3206259533762932,Positive
2023-09-12,160.5,,0.0,Neutral,0.057917334139347076,Slightly Positive
2023-09-11,154.0,2023-09-11,-0.1270755678415298,Slightly Negative,-0.1270755678415298,Slightly Negative
2023-09-10,155.1,,0.0,Neutral,-0.0635377839207649,Slightly Negative
2023-09-07,159.4,,0.0,Neutral,-0.03176889196038245,Neutral
2023-09-05,165.0,,0.0,Neutral,0.0,Neutral
2023-09-04,166.5,,0.0,Neutral,0.0,Neutral
2023-09-03,168.7,,0.0,Neutral,0.0,Neutral
2023-08-30,174.9,,0.0,Neutral,0.0,Neutral
2023-08-29,177.9,,0.0,Neutral,0.0,Neutral
2023-08-28,177.3,,0.0,Neutral,0.0,Neutral
2023-08-27,181.8,,0.0,Neutral,0.0,Neutral
2023-08-24,185.6,,0.0,Neutral,0.0,Neutral
2023-08-23,191.1,,0.0,Neutral,0.0,Neutral
2023-08-22,186.5,,0.0,Neutral,0.0,Neutral
2023-08-21,183.2,,0.0,Neutral,0.0,Neutral
2023-08-20,184.8,2023-08-20,0.4706372022628784,Positive,0.4706372022628784,Positive
2023-08-17,188.9,,0.0,Neutral,0.2353186011314392,Positive
2023-08-16,189.0,,0.0,Neutral,0.1176593005657196,Slightly Positive
2023-08-15,195.0,2023-08-15,0.0367373526096344,Neutral,0.0367373526096344,Neutral
2023-08-14,206.1,,0.0,Neutral,0.0183686763048172,Neutral
2023-08-13,208.0,2023-08-13,0.3550106883049011,Positive,0.3641950264573097,Positive
2023-08-10,210.4,2023-08-10,0.6593401432037354,Strongly Positive,0.8368454873561859,Strongly Positive
2023-08-09,212.0,,0.0,Neutral,0.41842274367809296,Positive
2023-08-08,207.5,2023-08-08,0.0437265634536743,Neutral,0.20856159925460815,Positive
2023-08-07,214.0,2023-08-07,0.7810200452804565,Strongly Positive,0.8028833270072937,Strongly Positive
2023-08-06,213.0,2023-08-06,0.2109157014638185,Positive,0.6123573649674654,Strongly Positive
2023-08-03,214.0,,0.0,Neutral,0.3007128620520234,Positive
2023-08-02,214.0,2023-08-02,-0.4065877497196197,Negative,-0.35385882435366506,Negative
2023-08-01,216.5,,0.0,Neutral,-0.20329387485980985,Negative
2023-07-31,218.1,,0.0,Neutral,-0.10164693742990492,Slightly Negative
2023-07-30,219.0,,0.0,Neutral,0.0,Neutral
2023-07-27,224.0,,0.0,Neutral,0.0,Neutral
2023-07-26,226.0,,0.0,Neutral,0.0,Neutral
2023-07-25,231.1,,0.0,Neutral,0.0,Neutral
2023-07-24,232.3,2023-07-24,-0.4698981344699859,Negative,-0.4698981344699859,Negative
2023-07-23,232.0,,0.0,Neutral,-0.23494906723499295,Negative
2023-07-20,226.1,,0.0,Neutral,-0.11747453361749648,Slightly Negative
2023-07-19,227.5,,0.0,Neutral,0.0,Neutral
2023-07-18,229.0,,0.0,Neutral,0.0,Neutral
2023-07-17,231.9,,0.0,Neutral,0.0,Neutral
2023-07-16,234.5,2023-07-16,0.883343517780304,Strongly Positive,0.883343517780304,Strongly Positive
2023-07-13,237.3,,0.0,Neutral,0.441671758890152,Positive
2023-07-12,248.0,,0.0,Neutral,0.220835879445076,Positive
2023-07-11,227.2,2023-07-11,-0.3590094149112701,Negative,-0.3590094149112701,Negative
2023-07-10,232.0,,0.0,Neutral,-0.17950470745563504,Slightly Negative
2023-07-09,335.5,2023-07-09,0.5350947976112366,Positive,0.44534244388341904,Positive
2023-07-06,332.0,,0.0,Neutral,0.2675473988056183,Positive
2023-07-05,342.0,2023-07-05,0.4177348017692566,Positive,0.5515085011720657,Positive
2023-07-04,351.9,2023-07-04,-0.20897176861763,Negative,-0.00010436773300170898,Neutral
2023-07-03,355.0,2023-07-03,0.7068891525268555,Strongly Positive,0.7068369686603546,Strongly Positive
2023-07-02,357.6,,0.0,Neutral,0.30120163410902023,Positive
2023-06-28,352.0,,0.0,Neutral,0.17672228813171387,Slightly Positive
2023-06-27,357.0,,0.0,Neutral,0.0,Neutral
2023-06-26,353.9,,0.0,Neutral,0.0,Neutral
2023-06-25,355.0,,0.0,Neutral,0.0,Neutral
2023-06-22,358.0,2023-06-22,0.873332142829895,Strongly Positive,0.873332142829895,Strongly Positive
2023-06-21,360.7,,0.0,Neutral,0.4366660714149475,Positive
2023-06-20,366.8,,0.0,Neutral,0.21833303570747375,Positive
2023-06-19,376.9,,0.0,Neutral,0.0,Neutral
2023-06-18,375.9,,0.0,Neutral,0.0,Neutral
2023-06-15,372.0,2023-06-15,0.4683806300163269,Positive,0.4683806300163269,Positive
2023-06-14,373.0,2023-06-14,0.4930647611618042,Positive,0.7272550761699677,Strongly Positive
2023-06-13,375.0,2023-06-13,0.7564454078674316,Strongly Positive,1.1200729459524155,Strongly Positive
2023-06-12,373.1,2023-06-12,0.7213075160980225,Strongly Positive,1.2227964103221893,Strongly Positive
2023-06-11,375.2,,0.0,Neutral,0.5497651100158691,Positive
2023-06-08,369.8,2023-06-08,0.7539471387863159,Strongly Positive,0.9342740178108215,Strongly Positive
2023-06-07,375.0,2023-06-07,0.4957673549652099,Positive,0.8727409243583679,Strongly Positive
2023-06-06,370.0,2023-06-06,0.7798135876655579,Strongly Positive,1.2161840498447418,Strongly Positive
2023-06-05,364.0,,0.0,Neutral,0.5138486325740814,Positive
2023-06-04,366.0,,0.0,Neutral,0.19495339691638947,Slightly Positive
2023-06-01,352.0,2023-06-01,0.4650955200195312,Positive,0.4650955200195312,Positive
2023-05-31,348.0,2023-05-31,0.9306153655052184,Strongly Positive,1.163163125514984,Strongly Positive
2023-05-30,355.0,,0.0,Neutral,0.581581562757492,Positive
2023-05-28,362.9,,0.0,Neutral,0.2326538413763046,Positive
2023-05-24,372.0,2023-05-24,0.6379044055938721,Strongly Positive,0.6379044055938721,Strongly Positive
2023-05-23,372.0,,0.0,Neutral,0.31895220279693604,Positive
2023-05-22,364.0,,0.0,Neutral,0.15947610139846802,Slightly Positive
2023-05-21,364.0,2023-05-21,0.2752208411693573,Positive,0.2752208411693573,Positive
2023-05-18,364.0,2023-05-18,-0.428337037563324,Negative,-0.2907266169786453,Negative
2023-05-17,359.8,2023-05-17,-0.1411273777484893,Slightly Negative,-0.28649068623781193,Negative
2023-05-16,350.6,,0.0,Neutral,-0.17764794826507563,Slightly Negative
2023-05-15,349.0,,0.0,Neutral,-0.035281844437122324,Neutral
2023-05-14,350.0,,0.0,Neutral,0.0,Neutral
2023-05-11,360.7,,0.0,Neutral,0.0,Neutral
2023-05-10,360.0,2023-05-10,0.3141437768936157,Positive,0.3141437768936157,Positive
2023-05-09,361.5,2023-05-09,0.6824951767921448,Strongly Positive,0.8395670652389526,Strongly Positive
2023-05-08,359.0,,0.0,Neutral,0.4197835326194763,Positive
2023-05-07,370.1,2023-05-07,-0.1594992876052856,Slightly Negative,0.011124506592750605,Neutral
2023-05-04,380.0,,0.0,Neutral,-0.0797496438026428,Slightly Negative
2023-05-03,370.7,2023-05-03,-0.3371529579162597,Negative,-0.3770277798175811,Negative
2023-05-02,377.0,,0.0,Neutral,-0.16857647895812986,Slightly Negative
2023-04-30,376.2,2023-04-30,0.5406634211540222,Positive,0.4563751816749573,Positive
2023-04-27,384.9,2023-04-27,0.3818577229976654,Positive,0.6521894335746765,Strongly Positive
2023-04-26,386.0,,0.0,Neutral,0.32609471678733826,Positive
2023-04-25,389.0,,0.0,Neutral,0.09546443074941635,Slightly Positive
2023-04-24,390.0,,0.0,Neutral,0.0,Neutral
2023-04-23,388.5,,0.0,Neutral,0.0,Neutral
2023-04-20,390.2,2023-04-20,0.1440556347370147,Slightly Positive,0.1440556347370147,Slightly Positive
2023-04-19,396.9,,0.0,Neutral,0.07202781736850734,Slightly Positive
2023-04-18,393.0,,0.0,Neutral,0.03601390868425367,Neutral
2023-04-17,394.5,,0.0,Neutral,0.0,Neutral
2023-04-16,395.1,,0.0,Neutral,0.0,Neutral
2023-04-13,403.9,,0.0,Neutral,0.0,Neutral
2023-04-12,409.0,,0.0,Neutral,0.0,Neutral
2023-04-11,392.9,,0.0,Neutral,0.0,Neutral
2023-04-10,386.9,,0.0,Neutral,0.0,Neutral
2023-04-09,381.9,,0.0,Neutral,0.0,Neutral
2023-04-06,390.0,,0.0,Neutral,0.0,Neutral
2023-04-05,391.9,,0.0,Neutral,0.0,Neutral
2023-04-04,392.0,,0.0,Neutral,0.0,Neutral
2023-04-03,395.0,,0.0,Neutral,0.0,Neutral
2023-04-02,397.9,,0.0,Neutral,0.0,Neutral
2023-03-30,405.0,,0.0,Neutral,0.0,Neutral
2023-03-29,404.0,,0.0,Neutral,0.0,Neutral
2023-03-28,405.0,,0.0,Neutral,0.0,Neutral
2023-03-27,406.0,,0.0,Neutral,0.0,Neutral
2023-03-26,400.0,,0.0,Neutral,0.0,Neutral
2023-03-23,404.0,2023-03-23,0.052819263190031,Slightly Positive,0.052819263190031,Slightly Positive
2023-03-22,403.0,,0.0,Neutral,0.0264096315950155,Neutral
2023-03-20,413.0,,0.0,Neutral,0.01320481579750775,Neutral
2023-03-19,407.0,,0.0,Neutral,0.0,Neutral
2023-03-16,405.0,,0.0,Neutral,0.0,Neutral
2023-03-15,407.0,,0.0,Neutral,0.0,Neutral
2023-03-14,409.0,,0.0,Neutral,0.0,Neutral
2023-03-13,406.9,,0.0,Neutral,0.0,Neutral
2023-03-12,409.0,,0.0,Neutral,0.0,Neutral
2023-03-09,415.8,,0.0,Neutral,0.0,Neutral
2023-03-07,395.3,,0.0,Neutral,0.0,Neutral
2023-03-05,390.0,,0.0,Neutral,0.0,Neutral
2023-03-02,394.0,,0.0,Neutral,0.0,Neutral
2023-03-01,397.0,,0.0,Neutral,0.0,Neutral
2023-02-28,399.0,,0.0,Neutral,0.0,Neutral
2023-02-27,398.0,,0.0,Neutral,0.0,Neutral
2023-02-26,402.0,,0.0,Neutral,0.0,Neutral
2023-02-23,400.0,,0.0,Neutral,0.0,Neutral
2023-02-22,410.5,,0.0,Neutral,0.0,Neutral
2023-02-20,400.9,,0.0,Neutral,0.0,Neutral
2023-02-16,403.0,,0.0,Neutral,0.0,Neutral
2023-02-15,413.0,,0.0,Neutral,0.0,Neutral
2023-02-14,401.0,,0.0,Neutral,0.0,Neutral
2023-02-12,403.0,,0.0,Neutral,0.0,Neutral
2023-02-09,422.0,,0.0,Neutral,0.0,Neutral
2023-02-08,418.0,,0.0,Neutral,0.0,Neutral
2023-02-07,422.0,,0.0,Neutral,0.0,Neutral
2023-02-06,400.0,,0.0,Neutral,0.0,Neutral
2023-02-05,400.0,,0.0,Neutral,0.0,Neutral
2023-02-02,401.0,2023-02-02,-0.6716222763061523,Strongly Negative,-0.6716222763061523,Strongly Negative
2023-02-01,407.0,,0.0,Neutral,-0.33581113815307617,Negative
2023-01-31,408.0,,0.0,Neutral,-0.16790556907653809,Slightly Negative
2023-01-30,410.0,,0.0,Neutral,0.0,Neutral
2023-01-29,420.0,2023-01-29,-0.4091926515102386,Negative,-0.4091926515102386,Negative
2023-01-26,427.0,2023-01-26,0.9144240617752076,Strongly Positive,0.7098277360200883,Strongly Positive
2023-01-25,424.0,,0.0,Neutral,0.35491386801004415,Positive
2023-01-24,411.0,,0.0,Neutral,0.2286060154438019,Positive
2023-01-23,413.0,,0.0,Neutral,0.0,Neutral
2023-01-19,421.0,,0.0,Neutral,0.0,Neutral
2023-01-18,422.0,,0.0,Neutral,0.0,Neutral
2023-01-17,421.0,2023-01-17,-0.623460054397583,Strongly Negative,-0.623460054397583,Strongly Negative
2023-01-12,408.0,2023-01-12,0.5015150904655457,Positive,0.18978506326675415,Slightly Positive
2023-01-10,424.0,2023-01-10,-0.2437212616205215,Negative,-0.14882872998714441,Slightly Negative
2023-01-09,434.9,,0.0,Neutral,0.0035181418061256686,Neutral
2023-01-08,417.0,,0.0,Neutral,-0.06093031540513037,Slightly Negative
2023-01-05,411.0,,0.0,Neutral,0.0,Neutral
2023-01-04,404.0,,0.0,Neutral,0.0,Neutral
2023-01-03,392.0,,0.0,Neutral,0.0,Neutral
2023-01-02,395.0,2023-01-02,-0.3848305940628052,Negative,-0.3848305940628052,Negative
2023-01-01,388.0,,0.0,Neutral,-0.1924152970314026,Slightly Negative
2022-12-29,379.0,,0.0,Neutral,-0.0962076485157013,Slightly Negative
2022-12-28,360.0,,0.0,Neutral,0.0,Neutral
2022-12-27,365.0,,0.0,Neutral,0.0,Neutral
2022-12-26,352.0,,0.0,Neutral,0.0,Neutral
2022-12-22,327.5,,0.0,Neutral,0.0,Neutral
2022-12-21,332.0,2022-12-21,0.6173017024993896,Strongly Positive,0.6173017024993896,Strongly Positive
2022-12-20,332.1,,0.0,Neutral,0.3086508512496948,Positive
2022-12-19,331.5,,0.0,Neutral,0.1543254256248474,Slightly Positive
2022-12-18,332.0,,0.0,Neutral,0.0,Neutral
2022-12-15,341.0,,0.0,Neutral,0.0,Neutral
2022-12-14,343.0,,0.0,Neutral,0.0,Neutral
2022-12-13,343.0,2022-12-13,0.7148497700691223,Strongly Positive,0.7148497700691223,Strongly Positive
2022-12-12,351.0,,0.0,Neutral,0.35742488503456116,Positive
2022-12-11,342.2,,0.0,Neutral,0.17871244251728058,Slightly Positive
2022-12-07,347.8,,0.0,Neutral,0.0,Neutral
2022-12-06,346.0,,0.0,Neutral,0.0,Neutral
2022-12-05,350.0,,0.0,Neutral,0.0,Neutral
2022-12-04,357.0,,0.0,Neutral,0.0,Neutral
2022-12-01,355.5,,0.0,Neutral,0.0,Neutral
2022-11-30,358.0,,0.0,Neutral,0.0,Neutral
2022-11-29,357.9,,0.0,Neutral,0.0,Neutral
2022-11-28,357.0,2022-11-28,0.1627677381038665,Slightly Positive,0.1627677381038665,Slightly Positive
2022-11-27,361.0,,0.0,Neutral,0.08138386905193325,Slightly Positive
2022-11-24,352.0,,0.0,Neutral,0.040691934525966623,Neutral
2022-11-23,353.0,,0.0,Neutral,0.0,Neutral
2022-11-22,353.0,,0.0,Neutral,0.0,Neutral
2022-11-17,353.0,,0.0,Neutral,0.0,Neutral
2022-11-16,349.0,,0.0,Neutral,0.0,Neutral
2022-11-15,346.9,2022-11-15,0.7105873227119446,Strongly Positive,0.7105873227119446,Strongly Positive
2022-11-14,350.0,2022-11-14,-0.6556950807571411,Strongly Negative,-0.3004014194011688,Negative
2022-11-13,347.0,,0.0,Neutral,-0.1502007097005844,Slightly Negative
2022-11-10,352.5,2022-11-10,0.6085646748542786,Strongly Positive,0.4446409046649933,Positive
2022-11-09,358.0,,0.0,Neutral,0.3042823374271393,Positive
2022-11-08,369.0,,0.0,Neutral,0.15214116871356964,Slightly Positive
2022-11-07,374.9,,0.0,Neutral,0.0,Neutral
2022-11-06,378.0,,0.0,Neutral,0.0,Neutral
2022-11-03,399.0,,0.0,Neutral,0.0,Neutral
2022-11-02,407.9,,0.0,Neutral,0.0,Neutral
2022-11-01,397.1,,0.0,Neutral,0.0,Neutral
2022-10-31,378.0,2022-10-31,0.1629264950752258,Slightly Positive,0.1629264950752258,Slightly Positive
2022-10-23,374.0,2022-10-23,-0.0040155053138732,Neutral,0.07744774222373971,Slightly Positive
2022-10-20,372.0,,0.0,Neutral,0.038723871111869854,Neutral
2022-10-19,371.0,2022-10-19,0.903040885925293,Strongly Positive,0.9020370095968246,Strongly Positive
2022-10-17,378.2,2022-10-17,0.71620774269104,Strongly Positive,1.1677281856536865,Strongly Positive
2022-10-16,382.0,,0.0,Neutral,0.5838640928268433,Positive
2022-10-13,389.0,2022-10-13,0.5541855245828629,Positive,0.7332374602556229,Strongly Positive
2022-10-12,382.5,,0.0,Neutral,0.2770927622914314,Positive
2022-10-11,375.9,,0.0,Neutral,0.1385463811457157,Slightly Positive
2022-10-10,376.0,,0.0,Neutral,0.0,Neutral
2022-10-09,387.0,,0.0,Neutral,0.0,Neutral
2022-09-29,377.5,2022-09-29,0.9351661205291748,Strongly Positive,0.9351661205291748,Strongly Positive
2022-09-28,374.6,,0.0,Neutral,0.4675830602645874,Positive
2022-09-27,373.2,,0.0,Neutral,0.2337915301322937,Positive
2022-09-25,371.0,,0.0,Neutral,0.0,Neutral
2022-09-22,385.0,2022-09-22,0.9082857966423036,Strongly Positive,0.9082857966423036,Strongly Positive
2022-09-21,395.0,2022-09-21,0.534334659576416,Positive,0.9884775578975677,Strongly Positive
2022-09-20,393.0,,0.0,Neutral,0.4942387789487839,Positive
2022-09-18,403.5,,0.0,Neutral,0.133583664894104,Slightly Positive
2022-09-16,416.9,,0.0,Neutral,0.0,Neutral
2022-09-15,420.9,,0.0,Neutral,0.0,Neutral
2022-09-14,442.8,,0.0,Neutral,0.0,Neutral
2022-09-13,424.0,,0.0,Neutral,0.0,Neutral
2022-09-12,421.0,,0.0,Neutral,0.0,Neutral
2022-09-11,428.9,,0.0,Neutral,0.0,Neutral
2022-09-08,434.0,,0.0,Neutral,0.0,Neutral
2022-09-07,433.0,2022-09-07,0.006325364112854,Neutral,0.006325364112854,Neutral
2022-09-06,435.3,,0.0,Neutral,0.003162682056427,Neutral
2022-09-05,442.0,,0.0,Neutral,0.0015813410282135,Neutral
2022-09-04,448.1,,0.0,Neutral,0.0,Neutral
2022-09-02,450.0,,0.0,Neutral,0.0,Neutral
2022-09-01,443.0,2022-09-01,-0.2566113471984863,Negative,-0.2566113471984863,Negative
2022-08-31,441.9,,0.0,Neutral,-0.12830567359924314,Slightly Negative
2022-08-30,450.3,2022-08-30,0.0258980691432952,Neutral,-0.03825476765632636,Neutral
2022-08-29,460.0,,0.0,Neutral,0.0129490345716476,Neutral
2022-08-28,464.0,,0.0,Neutral,0.0064745172858238,Neutral
2022-08-26,470.0,,0.0,Neutral,0.0,Neutral
2022-08-25,470.0,,0.0,Neutral,0.0,Neutral
2022-08-24,483.0,2022-08-24,0.6355215311050415,Strongly Positive,0.6355215311050415,Strongly Positive
2022-08-23,458.9,2022-08-23,0.894823431968689,Strongly Positive,1.2125841975212097,Strongly Positive
2022-08-22,454.0,,0.0,Neutral,0.6062920987606049,Strongly Positive
2022-08-21,455.0,,0.0,Neutral,0.22370585799217224,Positive
2022-08-18,458.0,,0.0,Neutral,0.0,Neutral
2022-08-17,447.0,,0.0,Neutral,0.0,Neutral
2022-08-16,443.1,,0.0,Neutral,0.0,Neutral
2022-08-15,453.9,,0.0,Neutral,0.0,Neutral
2022-08-14,430.0,,0.0,Neutral,0.0,Neutral
2022-08-11,438.1,2022-08-11,-0.061613380908966,Slightly Negative,-0.061613380908966,Slightly Negative
2022-08-10,445.0,,0.0,Neutral,-0.030806690454483,Neutral
2022-08-09,450.0,,0.0,Neutral,-0.0154033452272415,Neutral
2022-08-08,469.0,,0.0,Neutral,0.0,Neutral
2022-08-07,475.0,2022-08-07,0.0195572879165411,Neutral,0.0195572879165411,Neutral
2022-08-05,475.0,2022-08-05,0.2184320390224456,Positive,0.22821068298071615,Positive
2022-08-04,480.0,,0.0,Neutral,0.11410534149035807,Slightly Positive
2022-08-03,493.9,2022-08-03,0.7975225448608398,Strongly Positive,0.8521305546164513,Strongly Positive
2022-08-02,492.1,,0.0,Neutral,0.3987612724304199,Positive
2022-08-01,490.0,2022-08-01,-0.2906584739685058,Negative,-0.09127783775329584,Slightly Negative
2022-07-31,491.5,2022-07-31,-0.3070221543312073,Negative,-0.4523513913154602,Negative
2022-07-29,495.0,2022-07-29,-0.1990431249141693,Slightly Negative,-0.4252188205718994,Negative
2022-07-28,500.0,,0.0,Neutral,-0.17627710103988647,Slightly Negative
2022-07-27,511.8,,0.0,Neutral,-0.04976078122854233,Neutral
2022-07-26,494.9,,0.0,Neutral,0.0,Neutral
2022-07-25,500.0,,0.0,Neutral,0.0,Neutral
2022-07-24,469.9,,0.0,Neutral,0.0,Neutral
2022-07-22,448.5,,0.0,Neutral,0.0,Neutral
2022-07-21,457.0,,0.0,Neutral,0.0,Neutral
2022-07-20,466.0,,0.0,Neutral,0.0,Neutral
2022-07-19,468.0,,0.0,Neutral,0.0,Neutral
2022-07-18,462.1,,0.0,Neutral,0.0,Neutral
2022-07-17,465.0,,0.0,Neutral,0.0,Neutral
2022-07-15,459.0,2022-07-15,-0.1234379112720489,Slightly Negative,-0.1234379112720489,Slightly Negative
2022-07-14,461.4,,0.0,Neutral,-0.06171895563602445,Slightly Negative
2022-07-13,469.9,2022-07-13,0.9082242250442504,Strongly Positive,0.8773647472262381,Strongly Positive
2022-07-12,452.0,,0.0,Neutral,0.4541121125221252,Positive
2022-07-11,427.0,,0.0,Neutral,0.2270560562610626,Positive
2022-07-08,453.0,,0.0,Neutral,0.0,Neutral
2022-07-07,469.0,,0.0,Neutral,0.0,Neutral
2022-07-06,478.0,,0.0,Neutral,0.0,Neutral
2022-07-05,478.0,,0.0,Neutral,0.0,Neutral
2022-07-04,463.0,2022-07-04,-0.2904195189476013,Negative,-0.2904195189476013,Negative
2022-07-03,458.9,,0.0,Neutral,-0.14520975947380066,Slightly Negative
2022-07-01,439.0,,0.0,Neutral,-0.07260487973690033,Slightly Negative
2022-06-30,448.0,2022-06-30,-0.2598440945148468,Negative,-0.2598440945148468,Negative
2022-06-29,429.0,,0.0,Neutral,-0.1299220472574234,Slightly Negative
2022-06-28,405.3,2022-06-28,0.4208382070064544,Positive,0.3558771833777427,Positive
2022-06-27,413.0,,0.0,Neutral,0.2104191035032272,Positive
2022-06-26,429.0,2022-06-26,-0.4419355690479278,Negative,-0.3367260172963142,Negative
2022-06-24,391.0,2022-06-24,0.5870148539543152,Positive,0.36604706943035126,Positive
2022-06-23,382.0,,0.0,Neutral,0.18302353471517563,Slightly Positive
2022-06-22,400.0,,0.0,Neutral,0.1467537134885788,Slightly Positive
2022-06-21,410.0,,0.0,Neutral,0.0,Neutral
2022-06-20,402.9,2022-06-20,0.5693178772926331,Positive,0.5693178772926331,Positive
2022-06-19,418.9,,0.0,Neutral,0.28465893864631653,Positive
2022-06-17,431.9,,0.0,Neutral,0.14232946932315826,Slightly Positive
2022-06-16,437.0,2022-06-16,0.8982492685317993,Strongly Positive,0.8982492685317993,Strongly Positive
2022-06-15,427.0,,0.0,Neutral,0.44912463426589966,Positive
2022-06-14,437.1,,0.0,Neutral,0.22456231713294983,Positive
2022-06-13,448.0,,0.0,Neutral,0.0,Neutral
2022-06-10,447.0,,0.0,Neutral,0.0,Neutral
2022-06-09,450.0,,0.0,Neutral,0.0,Neutral
2022-06-08,459.0,,0.0,Neutral,0.0,Neutral
2022-06-07,440.0,2022-06-07,0.2998286485671997,Positive,0.2998286485671997,Positive
2022-06-06,448.0,2022-06-06,0.0207726825028657,Neutral,0.17068700678646556,Slightly Positive
2022-06-03,448.0,,0.0,Neutral,0.08534350339323278,Slightly Positive
2022-06-02,454.0,2022-06-02,0.8461382985115051,Strongly Positive,0.8513314691372216,Strongly Positive
2022-06-01,459.0,2022-06-01,0.3814393877983093,Positive,0.8045085370540619,Strongly Positive
2022-05-31,451.3,,0.0,Neutral,0.40225426852703094,Positive
2022-05-30,458.0,,0.0,Neutral,0.09535984694957733,Slightly Positive
2022-05-27,467.0,,0.0,Neutral,0.0,Neutral
2022-05-26,479.0,,0.0,Neutral,0.0,Neutral
2022-05-25,475.8,,0.0,Neutral,0.0,Neutral
2022-05-24,464.9,2022-05-24,0.0325568914413452,Neutral,0.0325568914413452,Neutral
2022-05-23,451.0,,0.0,Neutral,0.0162784457206726,Neutral
2022-05-20,466.0,,0.0,Neutral,0.0081392228603363,Neutral
2022-05-19,461.0,,0.0,Neutral,0.0,Neutral
2022-05-18,464.0,2022-05-18,0.2235666513442993,Positive,0.2235666513442993,Positive
2022-05-17,441.2,,0.0,Neutral,0.11178332567214964,Slightly Positive
2022-05-12,466.9,,0.0,Neutral,0.05589166283607482,Slightly Positive
2022-05-11,474.3,,0.0,Neutral,0.0,Neutral
2022-05-10,435.0,,0.0,Neutral,0.0,Neutral
2022-05-09,402.0,,0.0,Neutral,0.0,Neutral
2022-05-08,401.0,,0.0,Neutral,0.0,Neutral
2022-05-05,384.0,,0.0,Neutral,0.0,Neutral
2022-05-04,392.0,,0.0,Neutral,0.0,Neutral
2022-05-02,398.0,,0.0,Neutral,0.0,Neutral
2022-04-28,419.1,,0.0,Neutral,0.0,Neutral
2022-04-27,427.0,,0.0,Neutral,0.0,Neutral
2022-04-26,420.0,2022-04-26,0.0814896821975708,Slightly Positive,0.0814896821975708,Slightly Positive
2022-04-25,427.0,,0.0,Neutral,0.0407448410987854,Neutral
2022-04-24,427.0,2022-04-24,0.4896917045116424,Positive,0.5100641250610352,Positive
2022-04-21,389.1,2022-04-21,0.435576420277357,Positive,0.6804222725331782,Strongly Positive
2022-04-20,388.0,2022-04-20,0.1363096833229065,Slightly Positive,0.4765208195894956,Positive
2022-04-19,397.0,2022-04-19,0.9145817756652832,Strongly Positive,1.0916307223960757,Strongly Positive
2022-04-18,396.0,2022-04-18,0.6108980178833008,Strongly Positive,1.102266326546669,Strongly Positive
2022-04-17,413.0,,0.0,Neutral,0.5340944528579712,Positive
2022-04-13,427.0,,0.0,Neutral,0.1527245044708252,Slightly Positive
2022-04-12,428.8,2022-04-12,0.5773056745529175,Positive,0.5773056745529175,Positive
2022-04-11,438.0,2022-04-11,0.8681013584136963,Strongly Positive,1.156754195690155,Strongly Positive
2022-04-07,449.0,,0.0,Neutral,0.5783770978450775,Positive
2022-04-06,442.0,2022-04-06,0.3428605794906616,Positive,0.5598859190940857,Positive
2022-04-05,449.0,2022-04-05,0.651929497718811,Strongly Positive,0.8233597874641418,Strongly Positive
2022-04-04,462.0,,0.0,Neutral,0.4116798937320709,Positive
2022-04-03,466.0,2022-04-03,-0.0272224247455596,Neutral,0.13575994968414315,Slightly Positive
2022-03-31,477.0,,0.0,Neutral,-0.0136112123727798,Neutral
2022-03-30,489.0,,0.0,Neutral,-0.0068056061863899,Neutral
2022-03-29,473.5,2022-03-29,0.8759951591491699,Strongly Positive,0.8759951591491699,Strongly Positive
2022-03-28,483.6,2022-03-28,0.6411234736442566,Strongly Positive,1.0791210532188416,Strongly Positive
2022-03-27,486.0,,0.0,Neutral,0.5395605266094208,Positive
2022-03-24,502.0,,0.0,Neutral,0.16028086841106415,Slightly Positive
2022-03-23,512.0,2022-03-23,-0.0178897380828857,Neutral,-0.0178897380828857,Neutral
2022-03-22,518.0,,0.0,Neutral,-0.00894486904144285,Neutral
2022-03-21,524.9,,0.0,Neutral,-0.004472434520721425,Neutral
2022-03-20,505.0,2022-03-20,0.8301899433135986,Strongly Positive,0.8301899433135986,Strongly Positive
2022-03-16,506.0,,0.0,Neutral,0.4150949716567993,Positive
2022-03-15,509.0,,0.0,Neutral,0.20754748582839966,Positive
2022-03-14,518.1,2022-03-14,0.5405178843066096,Positive,0.5405178843066096,Positive
2022-03-13,523.0,,0.0,Neutral,0.2702589421533048,Positive
2022-03-10,505.0,,0.0,Neutral,0.1351294710766524,Slightly Positive
2022-03-09,477.0,2022-03-09,-0.5977263450622559,Negative,-0.5977263450622559,Negative
2022-03-07,491.9,,0.0,Neutral,-0.29886317253112793,Negative
2022-03-06,503.9,,0.0,Neutral,-0.14943158626556396,Slightly Negative
2022-03-02,512.0,,0.0,Neutral,0.0,Neutral
2022-02-28,530.0,2022-02-28,0.4970417022705078,Positive,0.4970417022705078,Positive
2022-02-27,539.0,,0.0,Neutral,0.2485208511352539,Positive
2022-02-24,532.0,2022-02-24,0.5140209197998047,Positive,0.6382813453674316,Strongly Positive
2022-02-23,547.0,,0.0,Neutral,0.25701045989990234,Positive
2022-02-22,548.0,,0.0,Neutral,0.12850522994995117,Slightly Positive
2022-02-21,544.0,2022-02-21,0.5519900321960449,Positive,0.5519900321960449,Positive
2022-02-20,538.0,,0.0,Neutral,0.27599501609802246,Positive
2022-02-17,544.0,,0.0,Neutral,0.13799750804901123,Slightly Positive
2022-02-16,543.0,2022-02-16,0.5795700550079346,Positive,0.5795700550079346,Positive
2022-02-15,556.0,2022-02-15,-0.3125604093074798,Negative,-0.022775381803512518,Neutral
2022-02-14,533.0,2022-02-14,-0.5765681266784668,Negative,-0.5879558175802231,Negative
2022-02-13,534.0,2022-02-13,0.4978555937608083,Positive,0.13143142809470493,Slightly Positive
2022-02-10,559.3,,0.0,Neutral,0.10478576521078745,Slightly Positive
2022-02-09,566.5,,0.0,Neutral,0.12446389844020207,Slightly Positive
2022-02-08,573.0,2022-02-08,-0.0566993355751037,Slightly Negative,-0.0566993355751037,Slightly Negative
2022-02-07,578.9,2022-02-07,0.5250307619571686,Positive,0.49668109416961675,Positive
2022-02-06,583.2,,0.0,Neutral,0.24834054708480838,Positive
2022-02-03,601.0,2022-02-03,0.908535659313202,Strongly Positive,1.039793349802494,Strongly Positive
2022-02-01,600.0,,0.0,Neutral,0.454267829656601,Positive
2022-01-31,579.9,,0.0,Neutral,0.2271339148283005,Positive
2022-01-30,581.0,,0.0,Neutral,0.0,Neutral
2022-01-27,541.0,,0.0,Neutral,0.0,Neutral
2022-01-26,540.0,2022-01-26,0.4082410056143999,Positive,0.4082410056143999,Positive
2022-01-25,553.0,,0.0,Neutral,0.20412050280719995,Positive
2022-01-24,558.0,,0.0,Neutral,0.10206025140359998,Slightly Positive
2022-01-23,585.0,,0.0,Neutral,0.0,Neutral
2022-01-20,596.0,,0.0,Neutral,0.0,Neutral
2022-01-19,578.0,2022-01-19,0.3360106647014618,Positive,0.3360106647014618,Positive
2022-01-18,587.0,2022-01-18,0.3734949231147766,Positive,0.5415002554655075,Positive
2022-01-17,602.9,2022-01-17,0.4422468543052673,Positive,0.7129969820380211,Strongly Positive
2022-01-16,583.2,,0.0,Neutral,0.3144971579313278,Positive
2022-01-13,574.0,,0.0,Neutral,0.11056171357631682,Slightly Positive
2022-01-12,540.0,2022-01-12,-0.4808397889137268,Negative,-0.4808397889137268,Negative
2022-01-11,552.0,,0.0,Neutral,-0.2404198944568634,Negative
2022-01-10,549.0,2022-01-10,0.519367516040802,Positive,0.3991575688123703,Positive
2022-01-09,556.8,2022-01-09,0.7907711267471313,Strongly Positive,1.0504548847675323,Strongly Positive
2022-01-06,526.0,,0.0,Neutral,0.5252274423837662,Positive
2022-01-05,514.0,,0.0,Neutral,0.19769278168678284,Slightly Positive
2022-01-04,514.2,2022-01-04,0.65803462266922,Strongly Positive,0.65803462266922,Strongly Positive
2022-01-03,504.9,2022-01-03,0.0013054907321929,Neutral,0.33032280206680287,Positive
2022-01-02,506.0,,0.0,Neutral,0.16516140103340143,Slightly Positive
2021-12-29,493.0,,0.0,Neutral,0.000326372683048225,Neutral
2021-12-28,493.0,,0.0,Neutral,0.0,Neutral
2021-12-27,488.0,2021-12-27,0.1544867753982544,Slightly Positive,0.1544867753982544,Slightly Positive
2021-12-26,516.0,,0.0,Neutral,0.0772433876991272,Slightly Positive
2021-12-23,520.1,,0.0,Neutral,0.0386216938495636,Neutral
2021-12-22,530.0,,0.0,Neutral,0.0,Neutral
2021-12-21,493.0,2021-12-21,-0.6907034516334534,Strongly Negative,-0.6907034516334534,Strongly Negative
2021-12-20,475.0,,0.0,Neutral,-0.3453517258167267,Negative
2021-12-16,486.5,2021-12-16,0.7056154310703278,Strongly Positive,0.5329395681619644,Positive
2021-12-15,506.0,2021-12-15,-0.3610247150063515,Negative,-0.008216999471187647,Neutral
2021-12-14,503.8,2021-12-14,0.0240390766412019,Neutral,0.019930576905608066,Neutral
2021-12-13,458.0,,0.0,Neutral,-0.07823664043098694,Slightly Negative
2021-12-12,482.0,,0.0,Neutral,0.006009769160300475,Neutral
2021-12-09,512.0,2021-12-09,0.7948119044303894,Strongly Positive,0.7948119044303894,Strongly Positive
2021-12-08,519.0,,0.0,Neutral,0.3974059522151947,Positive
2021-12-07,539.0,,0.0,Neutral,0.19870297610759735,Slightly Positive
2021-12-06,560.0,2021-12-06,-0.0454929023981094,Neutral,-0.0454929023981094,Neutral
2021-12-05,540.0,2021-12-05,-0.3157088458538055,Negative,-0.3384552970528602,Negative
2021-12-02,574.0,,0.0,Neutral,-0.1692276485264301,Slightly Negative
2021-12-01,589.0,,0.0,Neutral,-0.07892721146345137,Slightly Negative
2021-11-30,580.0,2021-11-30,0.0353909358382225,Neutral,0.0353909358382225,Neutral
2021-11-29,580.0,,0.0,Neutral,0.01769546791911125,Neutral
2021-11-28,586.0,,0.0,Neutral,0.008847733959555624,Neutral
2021-11-25,612.0,2021-11-25,-0.1864838898181915,Slightly Negative,-0.1864838898181915,Slightly Negative
2021-11-24,618.0,2021-11-24,-0.2785083949565887,Negative,-0.37175033986568445,Negative
2021-11-23,616.0,2021-11-23,0.6356387138366699,Strongly Positive,0.44976354390382767,Positive
2021-11-22,633.0,2021-11-22,0.0131739825010299,Neutral,0.2613662406802177,Positive
2021-11-21,627.0,,0.0,Neutral,0.16549666970968244,Slightly Positive
2021-11-18,616.0,,0.0,Neutral,0.003293495625257475,Neutral
2021-11-17,630.0,2021-11-17,0.6861373782157898,Strongly Positive,0.6861373782157898,Strongly Positive
2021-11-16,620.0,2021-11-16,0.8141272664070129,Strongly Positive,1.1571959555149078,Strongly Positive
2021-11-15,613.9,2021-11-15,0.4076647162437439,Positive,0.9862626940011978,Strongly Positive
2021-11-14,600.0,2021-11-14,0.0491418664654096,Neutral,0.45650604118903476,Positive
2021-11-11,586.0,2021-11-11,0.2226513624191284,Positive,0.34913847471276915,Positive
2021-11-09,611.5,,0.0,Neutral,0.12361114782591659,Slightly Positive
2021-11-08,647.0,2021-11-08,0.4568291008472442,Positive,0.5124919414520263,Positive
2021-11-03,645.0,2021-11-03,0.2788993418216705,Positive,0.5073138922452926,Positive
2021-11-02,600.0,,0.0,Neutral,0.2536569461226463,Positive
2021-11-01,587.0,2021-11-01,0.1046939715743064,Slightly Positive,0.174418807029724,Slightly Positive
2021-10-31,609.0,,0.0,Neutral,0.0523469857871532,Slightly Positive
2021-10-28,568.0,,0.0,Neutral,0.0261734928935766,Neutral
2021-10-27,550.0,,0.0,Neutral,0.0,Neutral
2021-10-26,552.0,,0.0,Neutral,0.0,Neutral
2021-10-25,515.9,,0.0,Neutral,0.0,Neutral
2021-10-24,469.0,,0.0,Neutral,0.0,Neutral
2021-10-21,450.0,2021-10-21,0.8713273406028748,Strongly Positive,0.8713273406028748,Strongly Positive
2021-10-20,460.0,2021-10-20,0.6123760342597961,Strongly Positive,1.0480397045612335,Strongly Positive
2021-10-19,440.0,,0.0,Neutral,0.5240198522806168,Positive
2021-10-18,464.0,2021-10-18,0.8018708229064941,Strongly Positive,0.9549648314714432,Strongly Positive
2021-10-17,480.0,2021-10-17,0.9213525056838988,Strongly Positive,1.322287917137146,Strongly Positive
2021-10-11,476.0,2021-10-11,0.857159435749054,Strongly Positive,1.518303394317627,Strongly Positive
2021-10-10,482.0,,0.0,Neutral,0.6589178442955017,Strongly Positive
2021-10-06,493.0,2021-10-06,0.9232880473136902,Strongly Positive,1.1375779062509537,Strongly Positive
2021-10-05,470.0,2021-10-05,0.4259742498397827,Positive,0.8876182734966278,Strongly Positive
2021-10-04,453.5,2021-10-04,-0.1786015033721923,Slightly Negative,0.26520763337612163,Positive
2021-10-03,472.0,,0.0,Neutral,0.01719281077384953,Neutral
2021-09-30,494.0,,0.0,Neutral,-0.044650375843048075,Neutral
2021-09-29,515.0,2021-09-29,0.9257281422615052,Strongly Positive,0.9257281422615052,Strongly Positive
2021-09-28,486.0,2021-09-28,0.261738121509552,Positive,0.7246021926403046,Strongly Positive
2021-09-27,524.0,,0.0,Neutral,0.3623010963201523,Positive
2021-09-26,553.0,,0.0,Neutral,0.065434530377388,Slightly Positive
2021-09-23,591.2,2021-09-23,-0.5558741092681885,Negative,-0.5558741092681885,Negative
2021-09-22,609.0,,0.0,Neutral,-0.27793705463409424,Negative
2021-09-21,564.9,,0.0,Neutral,-0.13896852731704712,Slightly Negative
2021-09-20,550.0,,0.0,Neutral,0.0,Neutral
2021-09-16,599.0,2021-09-16,0.5890231132507324,Positive,0.5890231132507324,Positive
2021-09-15,627.2,,0.0,Neutral,0.2945115566253662,Positive
2021-09-14,640.0,,0.0,Neutral,0.1472557783126831,Slightly Positive
2021-09-13,649.6,,0.0,Neutral,0.0,Neutral
2021-09-12,655.6,2021-09-12,0.4431141316890716,Positive,0.4431141316890716,Positive
2021-09-09,596.0,,0.0,Neutral,0.2215570658445358,Positive
2021-09-08,579.1,,0.0,Neutral,0.1107785329222679,Slightly Positive
2021-09-07,599.9,,0.0,Neutral,0.0,Neutral
2021-09-06,594.9,,0.0,Neutral,0.0,Neutral
2021-09-05,540.9,,0.0,Neutral,0.0,Neutral
2021-09-02,601.0,,0.0,Neutral,0.0,Neutral
2021-09-01,640.0,,0.0,Neutral,0.0,Neutral
2021-08-31,659.0,,0.0,Neutral,0.0,Neutral
2021-08-29,797.0,,0.0,Neutral,0.0,Neutral
2021-08-26,827.0,,0.0,Neutral,0.0,Neutral
2021-08-25,788.9,,0.0,Neutral,0.0,Neutral
2021-08-24,777.5,,0.0,Neutral,0.0,Neutral
2021-08-19,830.5,2021-08-19,0.5259397625923157,Positive,0.5259397625923157,Positive
2021-08-18,802.2,,0.0,Neutral,0.26296988129615784,Positive
2021-08-17,729.3,,0.0,Neutral,0.13148494064807892,Slightly Positive
2021-08-16,663.0,2021-08-16,0.146904706954956,Slightly Positive,0.146904706954956,Slightly Positive
2021-08-15,655.0,,0.0,Neutral,0.073452353477478,Slightly Positive
2021-08-12,688.0,,0.0,Neutral,0.036726176738739,Neutral
2021-08-11,685.0,,0.0,Neutral,0.0,Neutral
2021-08-10,624.0,,0.0,Neutral,0.0,Neutral
2021-08-09,631.0,,0.0,Neutral,0.0,Neutral
2021-08-08,619.0,,0.0,Neutral,0.0,Neutral
2021-08-05,593.4,,0.0,Neutral,0.0,Neutral
2021-08-04,615.0,2021-08-04,-0.4183864593505859,Negative,-0.4183864593505859,Negative
2021-08-03,590.9,,0.0,Neutral,-0.20919322967529294,Negative
2021-08-02,584.0,,0.0,Neutral,-0.10459661483764647,Slightly Negative
2021-08-01,581.0,,0.0,Neutral,0.0,Neutral
2021-07-29,563.0,,0.0,Neutral,0.0,Neutral
2021-07-28,565.0,,0.0,Neutral,0.0,Neutral
2021-07-27,585.0,,0.0,Neutral,0.0,Neutral
2021-07-26,557.7,,0.0,Neutral,0.0,Neutral
2021-07-25,570.0,2021-07-25,-0.1586503386497497,Slightly Negative,-0.1586503386497497,Slightly Negative
2021-07-22,524.0,,0.0,Neutral,-0.07932516932487485,Slightly Negative
2021-07-20,533.0,,0.0,Neutral,-0.039662584662437425,Neutral
2021-07-19,519.0,,0.0,Neutral,0.0,Neutral
2021-07-18,491.0,,0.0,Neutral,0.0,Neutral
2021-07-15,474.0,2021-07-15,0.2684071958065033,Positive,0.2684071958065033,Positive
2021-07-14,458.0,,0.0,Neutral,0.13420359790325165,Slightly Positive
2021-07-13,450.0,,0.0,Neutral,0.06710179895162582,Slightly Positive
2021-07-12,449.0,,0.0,Neutral,0.0,Neutral
2021-07-11,456.0,2021-07-11,0.7197643518447876,Strongly Positive,0.7197643518447876,Strongly Positive
2021-07-08,433.0,,0.0,Neutral,0.3598821759223938,Positive
2021-07-07,427.0,2021-07-07,0.0943080335855484,Slightly Positive,0.2742491215467453,Positive
2021-07-06,422.0,,0.0,Neutral,0.0471540167927742,Neutral
2021-07-05,422.0,,0.0,Neutral,0.0235770083963871,Neutral
2021-07-04,427.0,,0.0,Neutral,0.0,Neutral
2021-07-01,433.0,,0.0,Neutral,0.0,Neutral
2021-06-30,425.0,2021-06-30,0.864063024520874,Strongly Positive,0.864063024520874,Strongly Positive
2021-06-29,423.0,,0.0,Neutral,0.432031512260437,Positive
2021-06-28,434.0,,0.0,Neutral,0.2160157561302185,Positive
2021-06-27,440.0,,0.0,Neutral,0.0,Neutral
2021-06-24,436.0,,0.0,Neutral,0.0,Neutral
2021-06-23,437.0,,0.0,Neutral,0.0,Neutral
2021-06-22,460.0,,0.0,Neutral,0.0,Neutral
2021-06-21,428.0,,0.0,Neutral,0.0,Neutral
2021-06-20,452.0,,0.0,Neutral,0.0,Neutral
2021-06-17,474.0,,0.0,Neutral,0.0,Neutral
2021-06-16,475.0,,0.0,Neutral,0.0,Neutral
2021-06-15,495.0,,0.0,Neutral,0.0,Neutral
2021-06-14,514.0,2021-06-14,0.6951586504777273,Strongly Positive,0.6951586504777273,Strongly Positive
2021-06-13,527.0,,0.0,Neutral,0.34757932523886365,Positive
2021-06-10,490.0,,0.0,Neutral,0.17378966261943182,Slightly Positive
2021-06-09,464.0,,0.0,Neutral,0.0,Neutral
2021-06-08,452.0,,0.0,Neutral,0.0,Neutral
2021-06-07,455.0,,0.0,Neutral,0.0,Neutral
2021-06-06,434.0,,0.0,Neutral,0.0,Neutral
2021-06-03,439.0,,0.0,Neutral,0.0,Neutral
2021-06-02,452.0,,0.0,Neutral,0.0,Neutral
2021-06-01,435.0,,0.0,Neutral,0.0,Neutral
2021-05-31,427.0,,0.0,Neutral,0.0,Neutral
2021-05-30,453.0,,0.0,Neutral,0.0,Neutral
2021-05-27,463.0,2021-05-27,0.2186865657567978,Positive,0.2186865657567978,Positive
2021-05-25,421.0,2021-05-25,0.655621349811554,Strongly Positive,0.7649646326899529,Strongly Positive
2021-05-24,390.0,,0.0,Neutral,0.3824823163449764,Positive
2021-05-23,389.0,,0.0,Neutral,0.1639053374528885,Slightly Positive
2021-05-20,378.0,,0.0,Neutral,0.0,Neutral
2021-05-19,380.0,,0.0,Neutral,0.0,Neutral
2021-05-18,393.0,,0.0,Neutral,0.0,Neutral
2021-05-17,379.0,,0.0,Neutral,0.0,Neutral
2021-05-16,364.0,2021-05-16,0.8713140487670898,Strongly Positive,0.8713140487670898,Strongly Positive
2021-05-13,362.0,,0.0,Neutral,0.4356570243835449,Positive
2021-05-12,353.0,,0.0,Neutral,0.21782851219177246,Positive
2021-05-11,346.0,,0.0,Neutral,0.0,Neutral
2021-05-10,344.0,,0.0,Neutral,0.0,Neutral
2021-05-09,342.0,,0.0,Neutral,0.0,Neutral
2021-05-06,348.0,,0.0,Neutral,0.0,Neutral
2021-05-05,356.0,,0.0,Neutral,0.0,Neutral
2021-05-04,351.0,,0.0,Neutral,0.0,Neutral
2021-05-03,340.0,,0.0,Neutral,0.0,Neutral
2021-05-02,342.0,2021-05-02,0.1060797721147537,Slightly Positive,0.1060797721147537,Slightly Positive
2021-04-29,340.0,2021-04-29,-0.3356136381626129,Negative,-0.28257375210523605,Negative
2021-04-28,336.0,2021-04-28,0.0036563519388437,Neutral,-0.13763052411377433,Slightly Negative
2021-04-27,342.0,,0.0,Neutral,-0.08207523357123138,Slightly Negative
2021-04-26,325.0,,0.0,Neutral,0.000914087984710925,Neutral
2021-04-25,338.0,,0.0,Neutral,0.0,Neutral
2021-04-22,349.0,,0.0,Neutral,0.0,Neutral
2021-04-21,350.0,2021-04-21,-0.5364495515823364,Negative,-0.5364495515823364,Negative
2021-04-20,360.0,2021-04-20,-0.8707112669944763,Strongly Negative,-1.1389360427856445,Strongly Negative
2021-04-19,341.0,,0.0,Neutral,-0.5694680213928223,Negative
2021-04-18,351.0,2021-04-18,-0.4178709387779236,Negative,-0.6355487555265427,Strongly Negative
2021-04-15,336.0,,0.0,Neutral,-0.2089354693889618,Negative
2021-04-13,335.0,2021-04-13,-0.5402607917785645,Negative,-0.6447285264730453,Strongly Negative
2021-04-12,333.0,,0.0,Neutral,-0.2701303958892822,Negative
2021-04-08,330.0,,0.0,Neutral,-0.1350651979446411,Slightly Negative
2021-04-07,333.0,,0.0,Neutral,0.0,Neutral
2021-04-06,340.0,,0.0,Neutral,0.0,Neutral
2021-04-05,334.0,2021-04-05,-0.4910283088684082,Negative,-0.4910283088684082,Negative
2021-04-04,336.0,,0.0,Neutral,-0.2455141544342041,Negative
2021-04-01,337.0,2021-04-01,0.1322474330663681,Slightly Positive,0.009490355849266052,Neutral
2021-03-31,330.0,,0.0,Neutral,0.06612371653318405,Slightly Positive
2021-03-30,329.0,,0.0,Neutral,0.033061858266592026,Neutral
2021-03-29,329.0,2021-03-29,0.849197268486023,Strongly Positive,0.849197268486023,Strongly Positive
2021-03-25,335.0,,0.0,Neutral,0.4245986342430115,Positive
2021-03-24,344.0,2021-03-24,-0.4105883538722992,Negative,-0.19828903675079346,Slightly Negative
2021-03-23,334.0,2021-03-23,0.8062120676040649,Strongly Positive,0.6009178906679153,Strongly Positive
2021-03-22,321.0,2021-03-22,-0.3435660600662231,Negative,-0.04310711473226542,Neutral
2021-03-21,316.0,,0.0,Neutral,0.02976998686790469,Neutral
2021-03-18,317.0,,0.0,Neutral,-0.08589151501655577,Slightly Negative
2021-03-17,310.0,,0.0,Neutral,0.0,Neutral
2021-03-16,309.0,,0.0,Neutral,0.0,Neutral
2021-03-15,309.0,,0.0,Neutral,0.0,Neutral
2021-03-14,316.0,2021-03-14,0.3672319650650024,Positive,0.3672319650650024,Positive
2021-03-10,320.0,,0.0,Neutral,0.1836159825325012,Slightly Positive
2021-03-09,317.0,,0.0,Neutral,0.0918079912662506,Slightly Positive
2021-03-07,317.0,2021-03-07,0.8898645639419556,Strongly Positive,0.8898645639419556,Strongly Positive
2021-03-04,324.0,,0.0,Neutral,0.4449322819709778,Positive
2021-03-03,304.0,,0.0,Neutral,0.2224661409854889,Positive
2021-03-02,305.0,2021-03-02,-0.438233733177185,Negative,-0.438233733177185,Negative
2021-03-01,316.0,,0.0,Neutral,-0.2191168665885925,Negative
2021-02-28,309.0,,0.0,Neutral,-0.10955843329429625,Slightly Negative
2021-02-25,322.0,,0.0,Neutral,0.0,Neutral
2021-02-24,325.0,2021-02-24,-0.4131810963153839,Negative,-0.4131810963153839,Negative
2021-02-23,329.0,,0.0,Neutral,-0.20659054815769196,Negative
2021-02-22,329.0,,0.0,Neutral,-0.10329527407884598,Slightly Negative
2021-02-21,334.0,2021-02-21,-0.5976194143295288,Negative,-0.5976194143295288,Negative
2021-02-18,330.0,,0.0,Neutral,-0.2988097071647644,Negative
2021-02-17,333.0,,0.0,Neutral,-0.1494048535823822,Slightly Negative
2021-02-16,336.0,,0.0,Neutral,0.0,Neutral
2021-02-15,338.0,,0.0,Neutral,0.0,Neutral
2021-02-14,331.0,,0.0,Neutral,0.0,Neutral
2021-02-11,336.0,,0.0,Neutral,0.0,Neutral
2021-02-10,331.0,2021-02-10,0.4726470112800598,Positive,0.4726470112800598,Positive
2021-02-09,339.0,2021-02-09,-0.5642222166061401,Negative,-0.32789871096611023,Negative
2021-02-08,349.0,2021-02-08,-0.4620852768421173,Negative,-0.6260346323251724,Strongly Negative
2021-02-07,355.0,,0.0,Neutral,-0.3720981925725937,Negative
2021-02-04,340.0,2021-02-04,-0.4566866755485534,Negative,-0.5722079947590828,Negative
2021-02-03,327.0,,0.0,Neutral,-0.2283433377742767,Negative
2021-02-02,305.0,,0.0,Neutral,-0.11417166888713835,Slightly Negative
2021-02-01,294.0,,0.0,Neutral,0.0,Neutral
2021-01-31,289.0,2021-01-31,0.0300732478499412,Neutral,0.0300732478499412,Neutral
2021-01-28,297.0,2021-01-28,0.7391324043273926,Strongly Positive,0.7541690282523632,Strongly Positive
2021-01-27,301.0,2021-01-27,0.9172951579093932,Strongly Positive,1.294379672035575,Strongly Positive
2021-01-26,299.0,2021-01-26,-0.5346378684043884,Negative,0.10879281163215632,Slightly Positive
2021-01-25,298.0,,0.0,Neutral,-0.037995144724845914,Neutral
2021-01-24,305.0,,0.0,Neutral,-0.1336594671010971,Slightly Negative
2021-01-21,300.0,2021-01-21,-0.8496271967887878,Strongly Negative,-0.8496271967887878,Strongly Negative
2021-01-20,273.0,,0.0,Neutral,-0.4248135983943939,Negative
2021-01-19,269.0,,0.0,Neutral,-0.21240679919719696,Negative
2021-01-18,272.0,,0.0,Neutral,0.0,Neutral
2021-01-17,276.0,2021-01-17,0.3041101396083832,Positive,0.3041101396083832,Positive
2021-01-13,277.0,2021-01-13,0.4864499568939209,Positive,0.6385050266981125,Strongly Positive
2021-01-12,266.0,,0.0,Neutral,0.31925251334905624,Positive
2021-01-11,269.0,2021-01-11,-0.3791023790836334,Negative,-0.2574898898601532,Negative
2021-01-10,264.0,2021-01-10,-0.4561843276023865,Negative,-0.6457355171442032,Strongly Negative
2021-01-07,265.0,2021-01-07,0.698971003293991,Strongly Positive,0.3761032447218894,Positive
2021-01-06,269.0,,0.0,Neutral,0.23543941974639887,Positive
2021-01-05,273.0,,0.0,Neutral,0.17474275082349774,Slightly Positive
2021-01-04,263.0,,0.0,Neutral,0.0,Neutral
2021-01-03,259.0,2021-01-03,-0.3271416127681732,Negative,-0.3271416127681732,Negative
2020-12-31,257.0,,0.0,Neutral,-0.1635708063840866,Slightly Negative
2020-12-30,250.0,2020-12-30,-0.4411584436893463,Negative,-0.5229438468813896,Negative
2020-12-29,250.0,,0.0,Neutral,-0.22057922184467316,Negative
2020-12-28,254.0,,0.0,Neutral,-0.11028961092233658,Slightly Negative
2020-12-27,246.0,,0.0,Neutral,0.0,Neutral
2020-12-24,249.0,2020-12-24,0.512558102607727,Positive,0.512558102607727,Positive
2020-12-23,255.0,,0.0,Neutral,0.2562790513038635,Positive
2020-12-22,261.0,,0.0,Neutral,0.12813952565193176,Slightly Positive
2020-12-21,252.0,2020-12-21,-0.5311627984046936,Negative,-0.5311627984046936,Negative
2020-12-20,246.0,,0.0,Neutral,-0.2655813992023468,Negative
2020-12-17,260.0,2020-12-17,0.6602139472961426,Strongly Positive,0.5274232476949692,Positive
2020-12-16,260.0,2020-12-16,0.6675947904586792,Strongly Positive,0.9977017641067505,Strongly Positive
2020-12-15,265.0,,0.0,Neutral,0.49885088205337524,Positive
2020-12-14,265.0,,0.0,Neutral,0.1668986976146698,Slightly Positive
2020-12-13,270.0,,0.0,Neutral,0.0,Neutral
2020-12-10,278.0,,0.0,Neutral,0.0,Neutral
2020-12-09,276.0,2020-12-09,0.1103778183460235,Slightly Positive,0.1103778183460235,Slightly Positive
2020-12-08,273.0,,0.0,Neutral,0.05518890917301175,Slightly Positive
2020-12-07,264.0,2020-12-07,0.6842315196990967,Strongly Positive,0.7118259742856026,Strongly Positive
2020-12-06,258.0,,0.0,Neutral,0.34211575984954834,Positive
2020-12-03,272.0,,0.0,Neutral,0.17105787992477417,Slightly Positive
2020-12-02,273.0,,0.0,Neutral,0.0,Neutral
2020-12-01,274.0,,0.0,Neutral,0.0,Neutral
2020-11-30,278.0,,0.0,Neutral,0.0,Neutral
2020-11-29,262.0,,0.0,Neutral,0.0,Neutral
2020-11-26,269.0,,0.0,Neutral,0.0,Neutral
2020-11-25,270.0,2020-11-25,0.8829460740089417,Strongly Positive,0.8829460740089417,Strongly Positive
2020-11-24,268.0,,0.0,Neutral,0.4414730370044708,Positive
2020-11-23,268.0,,0.0,Neutral,0.2207365185022354,Positive
2020-11-22,273.0,,0.0,Neutral,0.0,Neutral
2020-11-19,273.0,,0.0,Neutral,0.0,Neutral
2020-11-18,268.0,2020-11-18,0.1508250832557678,Slightly Positive,0.1508250832557678,Slightly Positive
2020-11-12,280.0,,0.0,Neutral,0.0754125416278839,Slightly Positive
2020-11-11,280.0,,0.0,Neutral,0.03770627081394195,Neutral
2020-11-10,277.0,2020-11-10,0.0448877215385437,Neutral,0.0448877215385437,Neutral
2020-11-09,278.0,,0.0,Neutral,0.02244386076927185,Neutral
2020-11-08,283.0,,0.0,Neutral,0.011221930384635925,Neutral
2020-11-05,287.0,2020-11-05,0.9027197360992432,Strongly Positive,0.9027197360992432,Strongly Positive
2020-11-04,268.0,,0.0,Neutral,0.4513598680496216,Positive
2020-11-03,263.0,,0.0,Neutral,0.2256799340248108,Positive
2020-11-02,255.0,,0.0,Neutral,0.0,Neutral
2020-11-01,259.0,,0.0,Neutral,0.0,Neutral
2020-10-29,261.0,,0.0,Neutral,0.0,Neutral
2020-10-28,261.0,,0.0,Neutral,0.0,Neutral
2020-10-22,261.0,,0.0,Neutral,0.0,Neutral
2020-10-21,263.0,2020-10-21,0.8985637426376343,Strongly Positive,0.8985637426376343,Strongly Positive
2020-10-20,267.0,,0.0,Neutral,0.44928187131881714,Positive
2020-10-19,259.0,2020-10-19,0.906398057937622,Strongly Positive,1.1310389935970306,Strongly Positive
2020-10-18,249.0,2020-10-18,0.8729951977729797,Strongly Positive,1.3261942267417908,Strongly Positive
2020-10-15,245.0,2020-10-15,0.6376285552978516,Strongly Positive,1.300725668668747,Strongly Positive
2020-10-14,241.0,,0.0,Neutral,0.5370630770921707,Positive
2020-10-13,247.0,,0.0,Neutral,0.1594071388244629,Slightly Positive
2020-10-12,247.0,,0.0,Neutral,0.0,Neutral
2020-10-11,252.0,,0.0,Neutral,0.0,Neutral
2020-10-08,250.0,,0.0,Neutral,0.0,Neutral
2020-10-07,267.0,,0.0,Neutral,0.0,Neutral
2020-10-06,252.0,,0.0,Neutral,0.0,Neutral
2020-10-05,249.0,,0.0,Neutral,0.0,Neutral
2020-10-04,235.0,,0.0,Neutral,0.0,Neutral
2020-10-01,236.0,,0.0,Neutral,0.0,Neutral
2020-09-30,243.0,,0.0,Neutral,0.0,Neutral
2020-09-29,228.0,,0.0,Neutral,0.0,Neutral
2020-09-28,215.0,,0.0,Neutral,0.0,Neutral
2020-09-27,214.0,,0.0,Neutral,0.0,Neutral
2020-09-24,218.0,,0.0,Neutral,0.0,Neutral
2020-09-23,200.0,,0.0,Neutral,0.0,Neutral
2020-09-22,190.0,,0.0,Neutral,0.0,Neutral
2020-09-21,195.0,,0.0,Neutral,0.0,Neutral
2020-09-20,195.0,,0.0,Neutral,0.0,Neutral
2020-09-17,204.0,,0.0,Neutral,0.0,Neutral
2020-09-16,194.0,2020-09-16,0.859821081161499,Strongly Positive,0.859821081161499,Strongly Positive
2020-09-15,183.0,2020-09-15,0.88677579164505,Strongly Positive,1.3166863322257996,Strongly Positive
2020-09-14,187.0,,0.0,Neutral,0.6583431661128998,Strongly Positive
2020-09-13,174.0,,0.0,Neutral,0.2216939479112625,Positive
2020-09-10,164.0,,0.0,Neutral,0.0,Neutral
2020-09-09,161.0,,0.0,Neutral,0.0,Neutral
2020-09-08,168.0,,0.0,Neutral,0.0,Neutral
2020-09-07,168.0,,0.0,Neutral,0.0,Neutral
2020-09-06,177.0,,0.0,Neutral,0.0,Neutral
2020-09-03,167.0,,0.0,Neutral,0.0,Neutral
2020-09-02,152.0,,0.0,Neutral,0.0,Neutral
2020-08-31,139.0,,0.0,Neutral,0.0,Neutral
2020-08-30,127.0,,0.0,Neutral,0.0,Neutral
2020-08-27,118.0,,0.0,Neutral,0.0,Neutral
2020-08-26,117.0,2020-08-26,0.4787486214190721,Positive,0.4787486214190721,Positive
2020-08-25,121.0,,0.0,Neutral,0.23937431070953605,Positive
2020-08-24,117.0,,0.0,Neutral,0.11968715535476802,Slightly Positive
2020-08-23,112.0,,0.0,Neutral,0.0,Neutral
2020-08-20,113.0,2020-08-20,0.3619968295097351,Positive,0.3619968295097351,Positive
2020-08-19,113.0,,0.0,Neutral,0.18099841475486755,Slightly Positive
2020-08-18,112.0,,0.0,Neutral,0.09049920737743378,Slightly Positive
2020-08-17,115.0,,0.0,Neutral,0.0,Neutral
2020-08-16,113.0,2020-08-16,0.0681280344724655,Slightly Positive,0.0681280344724655,Slightly Positive
2020-08-13,113.0,2020-08-13,-0.0032728966325521,Neutral,0.030791120603680652,Neutral
2020-08-12,114.0,,0.0,Neutral,0.015395560301840326,Neutral
2020-08-11,115.0,,0.0,Neutral,-0.000818224158138025,Neutral
2020-08-10,116.0,,0.0,Neutral,0.0,Neutral
2020-08-09,112.0,,0.0,Neutral,0.0,Neutral
2020-08-06,113.0,,0.0,Neutral,0.0,Neutral
2020-08-05,114.0,,0.0,Neutral,0.0,Neutral
2020-08-03,115.0,,0.0,Neutral,0.0,Neutral
2020-08-02,116.0,,0.0,Neutral,0.0,Neutral
2020-07-30,120.0,,0.0,Neutral,0.0,Neutral
2020-07-29,116.0,2020-07-29,0.8600679636001587,Strongly Positive,0.8600679636001587,Strongly Positive
2020-07-28,115.0,,0.0,Neutral,0.43003398180007935,Positive
2020-07-27,116.0,,0.0,Neutral,0.21501699090003967,Positive
2020-07-26,117.0,,0.0,Neutral,0.0,Neutral
2020-07-23,119.0,,0.0,Neutral,0.0,Neutral
2020-07-22,117.0,2020-07-22,0.5365362167358398,Positive,0.5365362167358398,Positive
2020-07-21,117.0,,0.0,Neutral,0.2682681083679199,Positive
2020-07-20,120.0,,0.0,Neutral,0.13413405418395996,Slightly Positive
2020-07-19,126.0,,0.0,Neutral,0.0,Neutral
2020-07-16,117.0,,0.0,Neutral,0.0,Neutral
2020-07-15,116.0,,0.0,Neutral,0.0,Neutral
2020-07-14,117.0,,0.0,Neutral,0.0,Neutral
2020-07-13,118.0,,0.0,Neutral,0.0,Neutral
2020-07-12,117.0,,0.0,Neutral,0.0,Neutral
2020-07-09,115.0,2020-07-09,0.8973246514797211,Strongly Positive,0.8973246514797211,Strongly Positive
2020-07-08,116.0,,0.0,Neutral,0.44866232573986053,Positive
2020-07-07,120.0,,0.0,Neutral,0.22433116286993027,Positive
2020-07-06,117.0,,0.0,Neutral,0.0,Neutral
2020-07-05,114.0,2020-07-05,0.2238288819789886,Positive,0.2238288819789886,Positive
2020-07-02,113.0,,0.0,Neutral,0.1119144409894943,Slightly Positive
2020-07-01,125.0,2020-07-01,-0.564888060092926,Negative,-0.5089308395981789,Negative
2020-06-30,122.0,2020-06-30,0.916642129421234,Strongly Positive,0.634198099374771,Strongly Positive
2020-06-29,111.0,,0.0,Neutral,0.3170990496873855,Positive
2020-05-13,106.0,,0.0,Neutral,0.2291605323553085,Positive
2020-05-12,109.0,,0.0,Neutral,0.0,Neutral
2020-03-22,112.0,2020-03-22,0.5310344099998474,Positive,0.5310344099998474,Positive
2020-03-19,113.0,,0.0,Neutral,0.2655172049999237,Positive
2020-03-18,112.0,,0.0,Neutral,0.13275860249996185,Slightly Positive
2020-03-17,114.0,2020-03-17,0.8020090460777283,Strongly Positive,0.8020090460777283,Strongly Positive
2020-03-16,117.0,2020-03-16,0.6043878793716431,Strongly Positive,1.0053924024105072,Strongly Positive
2020-03-15,117.0,2020-03-15,0.8521060943603516,Strongly Positive,1.3548022955656052,Strongly Positive
2020-03-12,121.0,,0.0,Neutral,0.5771500170230865,Positive
2020-03-11,125.0,2020-03-11,0.6391243934631348,Strongly Positive,0.8521509170532227,Strongly Positive
2020-03-10,118.0,2020-03-10,-0.6497147083282471,Strongly Negative,-0.3301525115966797,Negative
2020-03-05,123.0,2020-03-05,0.7326845228672028,Strongly Positive,0.5676082670688629,Positive
2020-03-04,126.0,2020-03-04,-0.0493215024471282,Neutral,0.15459208190441143,Slightly Positive
2020-03-03,129.0,2020-03-03,0.9211212992668152,Strongly Positive,1.0796316787600517,Strongly Positive
2020-03-02,129.0,2020-03-02,0.7860763669013977,Strongly Positive,1.2343066409230232,Strongly Positive
2020-03-01,133.0,,0.0,Neutral,0.6233185082674026,Strongly Positive
2020-02-27,139.0,2020-02-27,0.4762963950634002,Positive,0.6728154867887497,Strongly Positive
2020-02-26,144.0,2020-02-26,-0.5152184963226318,Negative,-0.2770702987909317,Negative
2020-02-25,144.0,2020-02-25,0.9188093543052672,Strongly Positive,0.7802742049098014,Strongly Positive
2020-02-24,137.0,2020-02-24,0.0043060332536697,Neutral,0.33490608632564534,Positive
2020-02-23,139.0,2020-02-23,0.0224795639514923,Neutral,0.25433491915464396,Positive
2020-02-20,137.0,2020-02-20,0.7416114807128906,Strongly Positive,0.7539277710020542,Strongly Positive
2020-02-19,135.0,2020-02-19,0.5676307678222656,Positive,0.944056399166584,Strongly Positive
2020-02-18,137.0,,0.0,Neutral,0.46921825408935547,Positive
2020-02-17,139.0,2020-02-17,0.7569572925567627,Strongly Positive,0.8988649845123291,Strongly Positive
2020-02-16,128.0,2020-02-16,0.3593215346336365,Positive,0.7378001809120178,Strongly Positive
2020-02-13,122.0,2020-02-13,-0.1728152632713318,Slightly Negative,0.19608482718467712,Slightly Positive
2020-02-12,124.0,,0.0,Neutral,0.003422752022743225,Neutral
2020-02-11,122.0,2020-02-11,-0.6466630697250366,Strongly Negative,-0.6898668855428696,Strongly Negative
2020-02-10,121.0,,0.0,Neutral,-0.3233315348625183,Negative
2020-02-09,122.0,,0.0,Neutral,-0.16166576743125916,Slightly Negative
2020-02-06,124.0,,0.0,Neutral,0.0,Neutral
2020-02-05,124.0,2020-02-05,0.879252552986145,Strongly Positive,0.879252552986145,Strongly Positive
2020-02-04,126.0,,0.0,Neutral,0.4396262764930725,Positive
2020-02-03,124.0,,0.0,Neutral,0.21981313824653625,Positive
2020-02-02,120.0,,0.0,Neutral,0.0,Neutral
2020-01-30,125.0,,0.0,Neutral,0.0,Neutral
2020-01-29,120.0,,0.0,Neutral,0.0,Neutral
2020-01-28,123.0,2020-01-28,0.283295214176178,Positive,0.283295214176178,Positive
2020-01-27,125.0,,0.0,Neutral,0.141647607088089,Slightly Positive
2020-01-26,125.0,2020-01-26,0.8893269896507263,Strongly Positive,0.9601507931947708,Strongly Positive
2020-01-23,125.0,,0.0,Neutral,0.44466349482536316,Positive
2020-01-22,128.0,,0.0,Neutral,0.22233174741268158,Positive
2020-01-21,127.0,,0.0,Neutral,0.0,Neutral
2020-01-20,126.0,2020-01-20,-0.2280759774148464,Negative,-0.2280759774148464,Negative
2020-01-19,135.0,,0.0,Neutral,-0.1140379887074232,Slightly Negative
2020-01-16,136.0,,0.0,Neutral,-0.0570189943537116,Slightly Negative
2020-01-15,139.0,,0.0,Neutral,0.0,Neutral
2020-01-14,135.0,2020-01-14,0.5020753741264343,Positive,0.5020753741264343,Positive
2020-01-13,128.0,,0.0,Neutral,0.25103768706321716,Positive
2020-01-12,120.0,,0.0,Neutral,0.12551884353160858,Slightly Positive
2020-01-09,115.0,,0.0,Neutral,0.0,Neutral
2020-01-08,114.0,,0.0,Neutral,0.0,Neutral
2020-01-07,119.0,,0.0,Neutral,0.0,Neutral
2020-01-06,116.0,,0.0,Neutral,0.0,Neutral
2020-01-05,116.0,2020-01-05,0.5616716295480728,Positive,0.5616716295480728,Positive
2020-01-02,114.0,,0.0,Neutral,0.2808358147740364,Positive
2020-01-01,112.0,,0.0,Neutral,0.1404179073870182,Slightly Positive
2019-12-31,109.0,,0.0,Neutral,0.0,Neutral
2019-12-30,110.0,2019-12-30,0.7870628833770752,Strongly Positive,0.7870628833770752,Strongly Positive
2019-12-29,109.0,,0.0,Neutral,0.3935314416885376,Positive
2019-12-26,109.0,2019-12-26,0.3885568231344224,Positive,0.5853225439786912,Positive
2019-12-25,112.0,,0.0,Neutral,0.1942784115672112,Slightly Positive
2019-12-24,114.0,,0.0,Neutral,0.0971392057836056,Slightly Positive
2019-12-23,115.0,,0.0,Neutral,0.0,Neutral
2019-12-22,112.0,,0.0,Neutral,0.0,Neutral
2019-12-19,120.0,,0.0,Neutral,0.0,Neutral
2019-12-18,125.0,,0.0,Neutral,0.0,Neutral
2019-12-17,123.0,,0.0,Neutral,0.0,Neutral
2019-12-16,126.0,,0.0,Neutral,0.0,Neutral
2019-12-15,123.0,,0.0,Neutral,0.0,Neutral
2019-12-12,128.0,,0.0,Neutral,0.0,Neutral
2019-12-11,121.0,,0.0,Neutral,0.0,Neutral
2019-12-10,117.0,,0.0,Neutral,0.0,Neutral
2019-12-09,122.0,,0.0,Neutral,0.0,Neutral
2019-12-08,113.0,,0.0,Neutral,0.0,Neutral
2019-12-05,116.0,,0.0,Neutral,0.0,Neutral
2019-12-04,117.0,,0.0,Neutral,0.0,Neutral
2019-12-03,116.0,2019-12-03,0.618488609790802,Strongly Positive,0.618488609790802,Strongly Positive
2019-12-02,114.0,2019-12-02,0.6570655703544617,Strongly Positive,0.9663098752498627,Strongly Positive
2019-12-01,122.0,,0.0,Neutral,0.48315493762493134,Positive
2019-11-28,120.0,,0.0,Neutral,0.16426639258861542,Slightly Positive
2019-11-27,116.0,,0.0,Neutral,0.0,Neutral
2019-11-26,112.0,,0.0,Neutral,0.0,Neutral
2019-11-25,113.0,,0.0,Neutral,0.0,Neutral
2019-11-24,109.0,2019-11-24,0.7399795055389404,Strongly Positive,0.7399795055389404,Strongly Positive
2019-11-21,113.0,,0.0,Neutral,0.3699897527694702,Positive
2019-11-20,115.0,,0.0,Neutral,0.1849948763847351,Slightly Positive
2019-11-19,119.0,2019-11-19,0.4210245609283447,Positive,0.4210245609283447,Positive
2019-11-18,125.0,,0.0,Neutral,0.21051228046417236,Positive
2019-11-17,125.0,,0.0,Neutral,0.10525614023208618,Slightly Positive
2019-11-14,129.0,,0.0,Neutral,0.0,Neutral
2019-11-13,130.0,,0.0,Neutral,0.0,Neutral
2019-11-12,130.0,,0.0,Neutral,0.0,Neutral
2019-11-11,129.0,,0.0,Neutral,0.0,Neutral
2019-11-10,125.0,2019-11-10,-0.0885843336582183,Slightly Negative,-0.0885843336582183,Slightly Negative
2019-11-07,129.0,,0.0,Neutral,-0.04429216682910915,Neutral
2019-11-06,129.0,,0.0,Neutral,-0.022146083414554575,Neutral
2019-11-05,129.0,,0.0,Neutral,0.0,Neutral
2019-11-04,129.0,2019-11-04,-0.9058239459991456,Strongly Negative,-0.9058239459991456,Strongly Negative
2019-11-03,130.0,,0.0,Neutral,-0.4529119729995728,Negative
2019-10-31,129.0,,0.0,Neutral,-0.2264559864997864,Negative
2019-10-24,130.0,,0.0,Neutral,0.0,Neutral
2019-10-23,138.0,,0.0,Neutral,0.0,Neutral
2019-10-22,137.0,,0.0,Neutral,0.0,Neutral
2019-10-21,134.0,2019-10-21,0.7867043614387512,Strongly Positive,0.7867043614387512,Strongly Positive
2019-10-20,134.0,,0.0,Neutral,0.3933521807193756,Positive
2019-10-15,136.0,,0.0,Neutral,0.1966760903596878,Slightly Positive
2019-10-14,134.0,,0.0,Neutral,0.0,Neutral
2019-10-10,142.0,,0.0,Neutral,0.0,Neutral
2019-10-03,140.0,2019-10-03,0.6210771203041077,Strongly Positive,0.6210771203041077,Strongly Positive
2019-10-02,138.0,,0.0,Neutral,0.31053856015205383,Positive
2019-10-01,139.0,2019-10-01,-0.3024523556232452,Negative,-0.14718307554721827,Slightly Negative
2019-09-30,140.0,,0.0,Neutral,-0.1512261778116226,Slightly Negative
2019-09-29,135.0,2019-09-29,0.8132269978523254,Strongly Positive,0.7376139089465141,Strongly Positive
2019-09-26,135.0,2019-09-26,0.5172597169876099,Positive,0.9238732159137726,Strongly Positive
2019-09-25,133.0,,0.0,Neutral,0.4619366079568863,Positive
2019-09-24,130.0,2019-09-24,-0.0042473077774047,Neutral,0.12506762146949776,Slightly Positive
2019-09-23,131.0,,0.0,Neutral,-0.00212365388870235,Neutral
2019-09-22,132.0,,0.0,Neutral,-0.001061826944351175,Neutral
2019-09-19,137.0,,0.0,Neutral,0.0,Neutral
2019-09-18,141.0,,0.0,Neutral,0.0,Neutral
2019-09-17,141.0,2019-09-17,0.4095453321933746,Positive,0.4095453321933746,Positive
2019-09-16,130.0,2019-09-16,0.4361126124858857,Positive,0.6408852785825729,Strongly Positive
2019-09-15,134.0,2019-09-15,0.6814584136009216,Strongly Positive,1.001901052892208,Strongly Positive
2019-09-12,137.0,,0.0,Neutral,0.4497573599219322,Positive
2019-09-11,144.0,2019-09-11,0.869890034198761,Strongly Positive,1.0402546375989914,Strongly Positive
2019-09-10,140.0,,0.0,Neutral,0.4349450170993805,Positive
2019-09-09,146.0,,0.0,Neutral,0.21747250854969025,Positive
2019-09-08,148.0,2019-09-08,0.7852203249931335,Strongly Positive,0.7852203249931335,Strongly Positive
2019-09-05,148.0,,0.0,Neutral,0.3926101624965668,Positive
2019-09-04,159.0,2019-09-04,0.4178094565868377,Positive,0.6141145378351212,Strongly Positive
2019-09-03,156.0,,0.0,Neutral,0.20890472829341886,Positive
2019-09-02,149.0,2019-09-02,0.521414041519165,Positive,0.6258664056658745,Strongly Positive
2019-09-01,155.0,,0.0,Neutral,0.2607070207595825,Positive
2019-08-29,151.0,,0.0,Neutral,0.13035351037979126,Slightly Positive
2019-08-28,151.0,,0.0,Neutral,0.0,Neutral
2019-08-27,153.0,2019-08-27,0.3579877018928528,Positive,0.3579877018928528,Positive
2019-08-26,159.0,2019-08-26,0.7882136106491089,Strongly Positive,0.9672074615955353,Strongly Positive
2019-08-25,156.0,,0.0,Neutral,0.48360373079776764,Positive
2019-08-22,159.0,,0.0,Neutral,0.19705340266227722,Slightly Positive
2019-08-21,161.0,,0.0,Neutral,0.0,Neutral
2019-08-20,156.0,,0.0,Neutral,0.0,Neutral
2019-08-19,163.0,2019-08-19,0.8192152976989746,Strongly Positive,0.8192152976989746,Strongly Positive
2019-08-18,158.0,,0.0,Neutral,0.4096076488494873,Positive
2019-08-15,160.0,,0.0,Neutral,0.20480382442474365,Positive
2019-08-14,162.0,2019-08-14,0.8356881737709045,Strongly Positive,0.8356881737709045,Strongly Positive
2019-08-13,165.0,2019-08-13,0.6991210579872131,Strongly Positive,1.1169651448726654,Strongly Positive
2019-08-12,164.0,,0.0,Neutral,0.5584825724363327,Positive
2019-08-11,164.0,,0.0,Neutral,0.17478026449680328,Slightly Positive
2019-08-08,167.0,,0.0,Neutral,0.0,Neutral
2019-08-07,169.0,2019-08-07,-0.4570404589176178,Negative,-0.4570404589176178,Negative
2019-08-06,168.0,,0.0,Neutral,-0.2285202294588089,Negative
2019-08-05,171.0,,0.0,Neutral,-0.11426011472940445,Slightly Negative
2019-08-04,171.0,,0.0,Neutral,0.0,Neutral
2019-08-01,170.0,,0.0,Neutral,0.0,Neutral
2019-07-31,169.0,2019-07-31,-0.4471966624259949,Negative,-0.4471966624259949,Negative
2019-07-30,171.0,,0.0,Neutral,-0.22359833121299744,Negative
2019-07-29,170.0,2019-07-29,0.5511285066604614,Positive,0.4393293410539627,Positive
2019-07-28,173.0,,0.0,Neutral,0.2755642533302307,Positive
2019-07-25,174.0,,0.0,Neutral,0.13778212666511536,Slightly Positive
2019-07-24,178.0,2019-07-24,0.8770189881324768,Strongly Positive,0.8770189881324768,Strongly Positive
2019-07-23,175.0,,0.0,Neutral,0.4385094940662384,Positive
2019-07-22,175.0,,0.0,Neutral,0.2192547470331192,Positive
2019-07-21,176.0,2019-07-21,0.1339715123176574,Slightly Positive,0.1339715123176574,Slightly Positive
2019-07-18,180.0,,0.0,Neutral,0.0669857561588287,Slightly Positive
2019-07-17,180.0,2019-07-17,0.8922961354255676,Strongly Positive,0.925789013504982,Strongly Positive
2019-07-16,188.0,,0.0,Neutral,0.4461480677127838,Positive
2019-07-15,177.0,,0.0,Neutral,0.2230740338563919,Positive
2019-07-14,180.0,,0.0,Neutral,0.0,Neutral
2019-07-11,192.0,,0.0,Neutral,0.0,Neutral
2019-07-10,195.0,2019-07-10,-0.4849487543106079,Negative,-0.4849487543106079,Negative
2019-07-09,195.0,,0.0,Neutral,-0.24247437715530396,Negative
2019-07-08,189.0,2019-07-08,0.8237234354019165,Strongly Positive,0.7024862468242645,Strongly Positive
2019-07-07,182.0,2019-07-07,0.8937943577766418,Strongly Positive,1.3056560754776,Strongly Positive
2019-07-04,187.0,2019-07-04,0.6093844771385193,Strongly Positive,1.2622125148773193,Strongly Positive
2019-07-03,190.0,,0.0,Neutral,0.5281408280134201,Positive
2019-07-02,184.0,2019-07-02,-0.2368516623973846,Negative,-0.08450554311275477,Slightly Negative
2019-07-01,189.0,2019-07-01,-0.4330974519252777,Negative,-0.55152328312397,Negative
2019-06-30,189.0,,0.0,Neutral,-0.275761641561985,Negative
2019-06-27,183.0,,0.0,Neutral,-0.10827436298131943,Slightly Negative
2019-06-26,190.0,,0.0,Neutral,0.0,Neutral
2019-06-25,182.0,,0.0,Neutral,0.0,Neutral
2019-06-24,190.0,,0.0,Neutral,0.0,Neutral
2019-06-23,180.0,,0.0,Neutral,0.0,Neutral
2019-06-20,188.0,,0.0,Neutral,0.0,Neutral
2019-06-19,187.0,,0.0,Neutral,0.0,Neutral
2019-06-18,180.0,,0.0,Neutral,0.0,Neutral
2019-06-17,181.0,2019-06-17,-0.6195419430732727,Strongly Negative,-0.6195419430732727,Strongly Negative
2019-06-16,184.0,2019-06-16,0.0492241531610489,Neutral,-0.26054681837558746,Negative
2019-06-13,184.0,,0.0,Neutral,-0.13027340918779373,Slightly Negative
2019-06-12,187.0,,0.0,Neutral,0.012306038290262226,Neutral
2019-06-11,190.0,,0.0,Neutral,0.0,Neutral
2019-06-10,191.0,,0.0,Neutral,0.0,Neutral
2019-06-06,193.0,,0.0,Neutral,0.0,Neutral
2019-06-04,192.0,,0.0,Neutral,0.0,Neutral
2019-06-03,187.0,,0.0,Neutral,0.0,Neutral
2019-06-02,192.0,,0.0,Neutral,0.0,Neutral
2019-05-30,192.0,,0.0,Neutral,0.0,Neutral
2019-05-29,192.0,2019-05-29,0.3382772803306579,Positive,0.3382772803306579,Positive
2019-05-28,198.0,,0.0,Neutral,0.16913864016532895,Slightly Positive
2019-05-27,200.0,,0.0,Neutral,0.08456932008266448,Slightly Positive
2019-05-26,192.0,,0.0,Neutral,0.0,Neutral
2019-05-23,205.0,,0.0,Neutral,0.0,Neutral
2019-05-22,217.0,2019-05-22,0.9192432165145874,Strongly Positive,0.9192432165145874,Strongly Positive
2019-05-21,198.0,,0.0,Neutral,0.4596216082572937,Positive
2019-05-20,188.0,,0.0,Neutral,0.22981080412864685,Positive
2019-05-19,192.0,,0.0,Neutral,0.0,Neutral
2019-05-16,200.0,2019-05-16,0.6019901037216187,Strongly Positive,0.6019901037216187,Strongly Positive
2019-05-15,196.0,,0.0,Neutral,0.3009950518608093,Positive
2019-05-14,200.0,2019-05-14,-0.1161871999502182,Slightly Negative,0.03431032598018646,Neutral
2019-05-13,199.0,,0.0,Neutral,-0.0580935999751091,Slightly Negative
2019-05-12,188.0,,0.0,Neutral,-0.02904679998755455,Neutral
2019-05-09,181.0,,0.0,Neutral,0.0,Neutral
2019-05-08,179.0,,0.0,Neutral,0.0,Neutral
2019-05-07,185.0,,0.0,Neutral,0.0,Neutral
2019-05-06,183.0,,0.0,Neutral,0.0,Neutral
2019-05-05,178.0,,0.0,Neutral,0.0,Neutral
2019-05-02,184.0,,0.0,Neutral,0.0,Neutral
2019-04-30,191.0,,0.0,Neutral,0.0,Neutral
2019-04-28,181.0,,0.0,Neutral,0.0,Neutral
2019-04-25,167.0,,0.0,Neutral,0.0,Neutral
2019-04-24,171.0,2019-04-24,-0.2091304957866668,Negative,-0.2091304957866668,Negative
2019-04-23,163.0,,0.0,Neutral,-0.1045652478933334,Slightly Negative
2019-04-22,171.0,2019-04-22,0.7112140357494354,Strongly Positive,0.6589314118027687,Strongly Positive
2019-04-21,177.0,2019-04-21,0.2224275916814804,Positive,0.5780346095561981,Positive
2019-04-18,163.0,,0.0,Neutral,0.28901730477809906,Positive
2019-04-17,169.0,,0.0,Neutral,0.0556068979203701,Slightly Positive
2019-04-16,166.0,2019-04-16,0.7619708776473999,Strongly Positive,0.7619708776473999,Strongly Positive
2019-04-15,165.0,,0.0,Neutral,0.38098543882369995,Positive
2019-04-11,170.0,2019-04-11,0.5554110407829285,Positive,0.7459037601947784,Strongly Positive
2019-04-10,171.0,2019-04-10,0.8950625061988831,Strongly Positive,1.1727680265903473,Strongly Positive
2019-04-09,171.0,2019-04-09,0.8805367946624756,Strongly Positive,1.4669208079576492,Strongly Positive
2019-04-08,169.0,,0.0,Neutral,0.6640340238809586,Strongly Positive
2019-04-07,174.0,,0.0,Neutral,0.2201341986656189,Positive
2019-04-04,179.0,,0.0,Neutral,0.0,Neutral
2019-04-03,182.0,2019-04-03,0.8603233098983765,Strongly Positive,0.8603233098983765,Strongly Positive
2019-04-02,181.0,,0.0,Neutral,0.43016165494918823,Positive
2019-04-01,184.0,2019-04-01,0.6460291147232056,Strongly Positive,0.8611099421977997,Strongly Positive
2019-03-31,184.0,,0.0,Neutral,0.3230145573616028,Positive
2019-03-28,176.0,,0.0,Neutral,0.1615072786808014,Slightly Positive
2019-03-27,170.0,,0.0,Neutral,0.0,Neutral
2019-03-26,169.0,2019-03-26,0.5928543210029602,Positive,0.5928543210029602,Positive
2019-03-25,167.0,,0.0,Neutral,0.2964271605014801,Positive
2019-03-24,167.0,,0.0,Neutral,0.14821358025074005,Slightly Positive
2019-03-21,173.0,,0.0,Neutral,0.0,Neutral
2019-03-19,170.0,2019-03-19,0.4687463641166687,Positive,0.4687463641166687,Positive
2019-03-18,175.0,,0.0,Neutral,0.23437318205833435,Positive
2019-03-17,180.0,,0.0,Neutral,0.11718659102916718,Slightly Positive
2019-03-14,178.0,,0.0,Neutral,0.0,Neutral
2019-03-13,178.0,,0.0,Neutral,0.0,Neutral
2019-03-12,184.0,,0.0,Neutral,0.0,Neutral
2019-03-11,181.0,2019-03-11,-0.5805007219314575,Negative,-0.5805007219314575,Negative
2019-03-10,172.0,,0.0,Neutral,-0.29025036096572876,Negative
2019-03-07,167.0,2019-03-07,0.8529539108276367,Strongly Positive,0.7078287303447723,Strongly Positive
2019-03-06,158.0,,0.0,Neutral,0.42647695541381836,Positive
2019-03-05,156.0,2019-03-05,-0.6652853488922119,Strongly Negative,-0.45204687118530273,Negative
2019-03-03,152.0,,0.0,Neutral,-0.33264267444610596,Negative
2019-02-27,155.0,,0.0,Neutral,-0.16632133722305298,Slightly Negative
2019-02-26,153.0,,0.0,Neutral,0.0,Neutral
2019-02-25,152.0,,0.0,Neutral,0.0,Neutral
2019-02-24,152.0,,0.0,Neutral,0.0,Neutral
2019-02-21,152.0,,0.0,Neutral,0.0,Neutral
2019-02-20,152.0,2019-02-20,-0.000268280506134,Neutral,-0.000268280506134,Neutral
2019-02-19,156.0,,0.0,Neutral,-0.000134140253067,Neutral
2019-02-18,148.0,2019-02-18,0.5097264647483826,Positive,0.5096593946218491,Positive
2019-02-17,155.0,,0.0,Neutral,0.2548632323741913,Positive
2019-02-14,163.0,,0.0,Neutral,0.12743161618709564,Slightly Positive
2019-02-13,169.0,,0.0,Neutral,0.0,Neutral
2019-02-12,172.0,,0.0,Neutral,0.0,Neutral
2019-02-11,172.0,,0.0,Neutral,0.0,Neutral
2019-02-10,174.0,,0.0,Neutral,0.0,Neutral
2019-02-07,179.0,,0.0,Neutral,0.0,Neutral
2019-02-06,179.0,,0.0,Neutral,0.0,Neutral
2019-02-05,182.0,,0.0,Neutral,0.0,Neutral
2019-02-04,182.0,2019-02-04,-0.7323634028434753,Strongly Negative,-0.7323634028434753,Strongly Negative
2019-02-03,182.0,2019-02-03,0.4023022949695587,Positive,0.036120593547821045,Neutral
2019-01-31,187.0,,0.0,Neutral,0.018060296773910522,Neutral
2019-01-30,185.0,2019-01-30,0.127448558807373,Slightly Positive,0.22802413254976267,Positive
2019-01-29,184.0,,0.0,Neutral,0.0637242794036865,Slightly Positive
2019-01-28,185.0,,0.0,Neutral,0.03186213970184325,Neutral
2019-01-27,180.0,,0.0,Neutral,0.0,Neutral
2019-01-24,184.0,2019-01-24,0.6918145418167114,Strongly Positive,0.6918145418167114,Strongly Positive
2019-01-23,185.0,,0.0,Neutral,0.3459072709083557,Positive
2019-01-22,185.0,,0.0,Neutral,0.17295363545417786,Slightly Positive
2019-01-21,186.0,2019-01-21,0.4966762065887451,Positive,0.4966762065887451,Positive
2019-01-20,190.0,2019-01-20,0.7727754712104797,Strongly Positive,1.0211135745048523,Strongly Positive
2019-01-17,192.0,,0.0,Neutral,0.5105567872524261,Positive
2019-01-16,187.0,,0.0,Neutral,0.19319386780261993,Slightly Positive
2019-01-15,194.0,2019-01-15,0.519601047039032,Positive,0.519601047039032,Positive
2019-01-14,177.0,2019-01-14,0.9134968519210817,Strongly Positive,1.1732973754405975,Strongly Positive
2019-01-13,185.0,,0.0,Neutral,0.5866486877202988,Positive
2019-01-10,184.0,,0.0,Neutral,0.2283742129802704,Positive
2019-01-09,187.0,2019-01-09,0.7550469636917114,Strongly Positive,0.7550469636917114,Strongly Positive
2019-01-08,184.0,2019-01-08,0.7743663191795349,Strongly Positive,1.1518898010253906,Strongly Positive
2019-01-07,184.0,2019-01-07,0.7200121879577637,Strongly Positive,1.295957088470459,Strongly Positive
2019-01-06,183.0,2019-01-06,0.5872798562049866,Positive,1.1408775299787521,Strongly Positive
2019-01-03,185.0,,0.0,Neutral,0.4736429750919342,Positive
2019-01-02,184.0,2019-01-02,-0.4312562644481659,Negative,-0.28443630039691925,Negative
2018-12-31,193.0,2018-12-31,0.8081836700439453,Strongly Positive,0.5925555378198624,Positive
2018-12-30,187.0,2018-12-30,0.8666418790817261,Strongly Positive,1.1629196479916573,Strongly Positive
2018-12-27,192.0,2018-12-27,0.8413619995117188,Strongly Positive,1.4767288565635681,Strongly Positive
2018-12-26,197.0,2018-12-26,0.5205397605895996,Positive,1.1578812301158905,Strongly Positive
2018-12-25,190.0,,0.0,Neutral,0.4706103801727295,Positive
2018-12-24,187.0,2018-12-24,0.912123441696167,Strongly Positive,1.042258381843567,Strongly Positive
2018-12-23,196.0,,0.0,Neutral,0.4560617208480835,Positive
2018-12-20,188.0,2018-12-20,-0.2122925519943237,Negative,0.015738308429718045,Neutral
2018-12-19,186.0,2018-12-19,-0.3084029853343963,Negative,-0.41454926133155817,Negative
2018-12-18,186.0,,0.0,Neutral,-0.20727463066577909,Negative
2018-12-17,187.0,,0.0,Neutral,-0.07710074633359908,Slightly Negative
2018-12-16,191.0,2018-12-16,0.7137515544891357,Strongly Positive,0.7137515544891357,Strongly Positive
2018-12-13,199.0,2018-12-13,-0.1332300901412964,Slightly Negative,0.22364568710327148,Positive
2018-12-12,195.0,,0.0,Neutral,0.11182284355163574,Slightly Positive
2018-12-11,192.0,2018-12-11,0.8785602450370789,Strongly Positive,0.8452527225017548,Strongly Positive
2018-12-10,188.0,2018-12-10,0.7846078276634216,Strongly Positive,1.223887950181961,Strongly Positive
2018-12-09,187.0,,0.0,Neutral,0.6119439750909805,Strongly Positive
2018-12-06,190.0,,0.0,Neutral,0.1961519569158554,Slightly Positive
2018-12-05,187.0,,0.0,Neutral,0.0,Neutral
2018-12-04,188.0,2018-12-04,0.033573567867279,Neutral,0.033573567867279,Neutral
2018-12-03,187.0,,0.0,Neutral,0.0167867839336395,Neutral
2018-12-02,190.0,2018-12-02,0.0572157725691795,Slightly Positive,0.06560916453599924,Slightly Positive
2018-11-29,188.0,2018-11-29,0.8101602792739868,Strongly Positive,0.8387681655585766,Strongly Positive
2018-11-28,188.0,,0.0,Neutral,0.4193840827792883,Positive
2018-11-27,190.0,,0.0,Neutral,0.2025400698184967,Positive
2018-11-26,189.0,,0.0,Neutral,0.0,Neutral
2018-11-25,191.0,,0.0,Neutral,0.0,Neutral
2018-11-22,192.0,,0.0,Neutral,0.0,Neutral
2018-11-21,193.0,,0.0,Neutral,0.0,Neutral
2018-11-20,198.0,,0.0,Neutral,0.0,Neutral
2018-11-19,199.0,2018-11-19,0.5714744180440903,Positive,0.5714744180440903,Positive
2018-11-18,212.0,,0.0,Neutral,0.28573720902204514,Positive
2018-11-15,219.0,,0.0,Neutral,0.14286860451102257,Slightly Positive
2018-11-14,212.0,,0.0,Neutral,0.0,Neutral
2018-11-13,212.0,2018-11-13,-0.1938473582267761,Slightly Negative,-0.1938473582267761,Slightly Negative
2018-11-11,221.0,,0.0,Neutral,-0.09692367911338805,Slightly Negative
2018-11-06,222.0,2018-11-06,-0.1830361932516098,Slightly Negative,-0.23149803280830383,Negative
2018-11-05,216.0,,0.0,Neutral,-0.0915180966258049,Slightly Negative
2018-11-04,220.0,,0.0,Neutral,-0.04575904831290245,Neutral
2018-11-01,225.0,,0.0,Neutral,0.0,Neutral
2018-10-31,229.0,,0.0,Neutral,0.0,Neutral
2018-10-30,232.0,,0.0,Neutral,0.0,Neutral
2018-10-29,231.0,,0.0,Neutral,0.0,Neutral
2018-10-28,234.0,,0.0,Neutral,0.0,Neutral
2018-10-25,235.0,,0.0,Neutral,0.0,Neutral
2018-10-23,244.0,,0.0,Neutral,0.0,Neutral
2018-10-22,232.0,,0.0,Neutral,0.0,Neutral
2018-10-21,234.0,,0.0,Neutral,0.0,Neutral
2018-10-15,238.0,2018-10-15,-0.192320704460144,Slightly Negative,-0.192320704460144,Slightly Negative
2018-10-14,240.0,,0.0,Neutral,-0.096160352230072,Slightly Negative
2018-10-11,235.0,,0.0,Neutral,-0.048080176115036,Neutral
2018-10-10,235.0,2018-10-10,-0.1620651185512542,Slightly Negative,-0.1620651185512542,Slightly Negative
2018-10-09,244.0,,0.0,Neutral,-0.0810325592756271,Slightly Negative
2018-10-08,244.0,,0.0,Neutral,-0.04051627963781355,Neutral
2018-10-07,244.0,,0.0,Neutral,0.0,Neutral
2018-10-04,242.0,,0.0,Neutral,0.0,Neutral
2018-10-03,242.0,,0.0,Neutral,0.0,Neutral
2018-10-02,246.0,,0.0,Neutral,0.0,Neutral
2018-10-01,248.0,,0.0,Neutral,0.0,Neutral
2018-09-30,251.0,,0.0,Neutral,0.0,Neutral
2018-09-27,255.0,,0.0,Neutral,0.0,Neutral
2018-09-26,269.0,,0.0,Neutral,0.0,Neutral
2018-09-25,264.0,,0.0,Neutral,0.0,Neutral
2018-09-23,271.0,2018-09-23,0.8959836959838867,Strongly Positive,0.8959836959838867,Strongly Positive
2018-09-20,266.0,,0.0,Neutral,0.44799184799194336,Positive
2018-09-18,268.0,2018-09-18,0.4713515937328338,Positive,0.6953475177288055,Strongly Positive
2018-09-17,244.0,,0.0,Neutral,0.2356757968664169,Positive
2018-09-16,247.0,2018-09-16,0.4487057030200958,Positive,0.5665436014533043,Positive
2018-09-13,244.0,,0.0,Neutral,0.2243528515100479,Positive
2018-09-12,242.0,,0.0,Neutral,0.11217642575502396,Slightly Positive
2018-09-11,244.0,,0.0,Neutral,0.0,Neutral
2018-09-10,246.0,,0.0,Neutral,0.0,Neutral
2018-09-09,240.0,,0.0,Neutral,0.0,Neutral
2018-09-06,246.0,,0.0,Neutral,0.0,Neutral
2018-09-05,256.0,,0.0,Neutral,0.0,Neutral
2018-09-04,243.0,,0.0,Neutral,0.0,Neutral
2018-09-03,251.0,,0.0,Neutral,0.0,Neutral
2018-09-02,240.0,2018-09-02,0.9213955402374268,Strongly Positive,0.9213955402374268,Strongly Positive
2018-08-30,242.0,,0.0,Neutral,0.4606977701187134,Positive
2018-08-29,238.0,,0.0,Neutral,0.2303488850593567,Positive
2018-08-28,239.0,2018-08-28,0.8678902387619019,Strongly Positive,0.8678902387619019,Strongly Positive
2018-08-26,242.0,2018-08-26,0.908364236354828,Strongly Positive,1.3423093557357788,Strongly Positive
2018-08-23,245.0,2018-08-23,0.9118733406066896,Strongly Positive,1.583028018474579,Strongly Positive
2018-08-22,242.0,2018-08-22,0.9089189767837524,Strongly Positive,1.5919467061758041,Strongly Positive
2018-08-21,242.0,,0.0,Neutral,0.6824278235435486,Strongly Positive
2018-08-20,244.0,,0.0,Neutral,0.2272297441959381,Positive
2018-08-19,248.0,2018-08-19,0.6557104587554932,Strongly Positive,0.6557104587554932,Strongly Positive
2018-08-16,252.0,2018-08-16,0.8950644135475159,Strongly Positive,1.2229196429252625,Strongly Positive
2018-08-15,258.0,2018-08-15,-0.1866932809352874,Slightly Negative,0.42476654052734386,Positive
2018-08-14,244.0,,0.0,Neutral,0.13041946291923529,Slightly Positive
2018-08-13,245.0,2018-08-13,0.5976293087005615,Positive,0.5509559884667397,Positive
2018-08-12,249.0,,0.0,Neutral,0.29881465435028076,Positive
2018-08-09,251.0,2018-08-09,0.9233427047729492,Strongly Positive,1.0727500319480896,Strongly Positive
2018-08-08,251.0,,0.0,Neutral,0.4616713523864746,Positive
2018-08-07,253.0,,0.0,Neutral,0.2308356761932373,Positive
2018-08-06,256.0,,0.0,Neutral,0.0,Neutral
2018-08-05,250.0,,0.0,Neutral,0.0,Neutral
2018-08-02,255.0,2018-08-02,-0.2557297945022583,Negative,-0.2557297945022583,Negative
2018-08-01,251.0,2018-08-01,0.7616575956344604,Strongly Positive,0.6337926983833313,Strongly Positive
2018-07-31,251.0,2018-07-31,0.8481963723897934,Strongly Positive,1.165092721581459,Strongly Positive
2018-07-30,255.0,,0.0,Neutral,0.6145125851035118,Strongly Positive
2018-07-29,254.0,,0.0,Neutral,0.21204909309744835,Positive
2018-07-26,252.0,2018-07-26,0.8805007934570312,Strongly Positive,0.8805007934570312,Strongly Positive
2018-07-25,256.0,2018-07-25,0.5625090003013611,Positive,1.0027593970298767,Strongly Positive
2018-07-24,258.0,2018-07-24,0.8712472915649414,Strongly Positive,1.3726269900798798,Strongly Positive
2018-07-23,257.0,,0.0,Neutral,0.576250895857811,Positive
2018-07-22,252.0,2018-07-22,0.5804762393236159,Positive,0.7982880622148513,Strongly Positive
2018-07-19,255.0,,0.0,Neutral,0.29023811966180796,Positive
2018-07-18,260.0,2018-07-18,-0.6905643939971924,Strongly Negative,-0.5454453341662884,Negative
2018-07-17,260.0,2018-07-17,0.8452868461608887,Strongly Positive,0.5000046491622925,Positive
2018-07-16,260.0,,0.0,Neutral,0.25000232458114624,Positive
2018-07-15,257.0,2018-07-15,-0.0455491840839386,Neutral,0.16577252745628357,Slightly Positive
2018-07-12,250.0,2018-07-12,-0.1427455693483352,Slightly Negative,-0.1655201613903045,Slightly Negative
2018-07-11,261.0,2018-07-11,0.1307443678379058,Slightly Positive,0.047984287142753546,Neutral
2018-07-10,258.0,,0.0,Neutral,0.029685791581869098,Neutral
2018-07-09,262.0,,0.0,Neutral,0.03268609195947645,Neutral
2018-07-08,268.0,2018-07-08,0.7769768834114075,Strongly Positive,0.7769768834114075,Strongly Positive
2018-07-05,274.0,,0.0,Neutral,0.38848844170570374,Positive
2018-07-04,261.0,2018-07-04,0.3696541786193847,Positive,0.5638983994722366,Positive
2018-07-03,255.0,,0.0,Neutral,0.18482708930969236,Slightly Positive
2018-07-02,263.0,,0.0,Neutral,0.09241354465484618,Slightly Positive
2018-07-01,264.0,,0.0,Neutral,0.0,Neutral
2018-06-28,265.0,,0.0,Neutral,0.0,Neutral
2018-06-27,272.0,2018-06-27,0.6418185830116272,Strongly Positive,0.6418185830116272,Strongly Positive
2018-06-26,270.0,,0.0,Neutral,0.3209092915058136,Positive
2018-06-25,274.0,,0.0,Neutral,0.1604546457529068,Slightly Positive
2018-06-24,282.0,,0.0,Neutral,0.0,Neutral
2018-06-21,292.0,,0.0,Neutral,0.0,Neutral
2018-06-20,282.0,,0.0,Neutral,0.0,Neutral
2018-06-19,286.0,,0.0,Neutral,0.0,Neutral
2018-06-18,291.0,,0.0,Neutral,0.0,Neutral
2018-06-17,287.0,2018-06-17,0.508649468421936,Positive,0.508649468421936,Positive
2018-06-14,292.0,,0.0,Neutral,0.254324734210968,Positive
2018-06-13,283.0,2018-06-13,-0.3404492735862732,Negative,-0.21328690648078918,Negative
2018-06-12,290.0,,0.0,Neutral,-0.1702246367931366,Slightly Negative
2018-06-11,286.0,,0.0,Neutral,-0.0851123183965683,Slightly Negative
2018-06-10,290.0,,0.0,Neutral,0.0,Neutral
2018-06-07,289.0,2018-06-07,0.787387490272522,Strongly Positive,0.787387490272522,Strongly Positive
2018-06-06,294.0,,0.0,Neutral,0.393693745136261,Positive
2018-06-04,284.0,2018-06-04,0.8630961179733276,Strongly Positive,1.0599429905414581,Strongly Positive
2018-06-03,288.0,2018-06-03,0.3452410101890564,Positive,0.7767890691757202,Strongly Positive
2018-05-31,300.0,,0.0,Neutral,0.3883945345878601,Positive
2018-05-30,304.0,2018-05-30,0.7039557695388794,Strongly Positive,0.7902660220861435,Strongly Positive
2018-05-29,305.0,,0.0,Neutral,0.3519778847694397,Positive
2018-05-28,315.0,,0.0,Neutral,0.17598894238471985,Slightly Positive
2018-05-27,300.0,,0.0,Neutral,0.0,Neutral
2018-05-24,308.0,,0.0,Neutral,0.0,Neutral
2018-05-23,305.0,,0.0,Neutral,0.0,Neutral
2018-05-22,309.0,2018-05-22,0.7939203977584839,Strongly Positive,0.7939203977584839,Strongly Positive
2018-05-21,311.0,,0.0,Neutral,0.39696019887924194,Positive
2018-05-20,311.0,,0.0,Neutral,0.19848009943962097,Slightly Positive
2018-05-17,311.0,,0.0,Neutral,0.0,Neutral
2018-05-16,314.0,,0.0,Neutral,0.0,Neutral
2018-05-15,311.0,,0.0,Neutral,0.0,Neutral
2018-05-14,314.0,2018-05-14,0.7037050724029541,Strongly Positive,0.7037050724029541,Strongly Positive
2018-05-10,323.0,,0.0,Neutral,0.35185253620147705,Positive
2018-05-09,320.0,,0.0,Neutral,0.17592626810073853,Slightly Positive
2018-05-08,322.0,2018-05-08,0.7442371547222137,Strongly Positive,0.7442371547222137,Strongly Positive
2018-05-07,312.0,,0.0,Neutral,0.3721185773611069,Positive
2018-05-06,314.0,,0.0,Neutral,0.18605928868055344,Slightly Positive
2018-05-03,324.0,,0.0,Neutral,0.0,Neutral
2018-05-02,321.0,,0.0,Neutral,0.0,Neutral
2018-04-29,325.0,,0.0,Neutral,0.0,Neutral
2018-04-26,316.0,2018-04-26,-0.1422680616378784,Slightly Negative,-0.1422680616378784,Slightly Negative
2018-04-25,334.0,,0.0,Neutral,-0.0711340308189392,Slightly Negative
2018-04-24,333.0,,0.0,Neutral,-0.0355670154094696,Neutral
2018-04-23,343.0,,0.0,Neutral,0.0,Neutral
2018-04-22,330.0,,0.0,Neutral,0.0,Neutral
2018-04-19,300.0,,0.0,Neutral,0.0,Neutral
2018-04-18,291.0,2018-04-18,0.7243727445602417,Strongly Positive,0.7243727445602417,Strongly Positive
2018-04-17,274.0,2018-04-17,-0.4689792692661285,Negative,-0.10679289698600763,Slightly Negative
2018-04-16,265.0,,0.0,Neutral,-0.05339644849300382,Slightly Negative
2018-04-15,250.0,2018-04-15,0.9221633076667786,Strongly Positive,0.8049184903502464,Strongly Positive
2018-04-12,249.0,2018-04-12,-0.6430073976516724,Strongly Negative,-0.18192574381828308,Slightly Negative
2018-04-11,245.0,,0.0,Neutral,-0.09096287190914154,Slightly Negative
2018-04-10,245.0,,0.0,Neutral,-0.1607518494129181,Slightly Negative
2018-04-09,250.0,,0.0,Neutral,0.0,Neutral
2018-04-08,261.0,2018-04-08,0.4547261595726013,Positive,0.4547261595726013,Positive
2018-04-05,238.0,,0.0,Neutral,0.22736307978630066,Positive
2018-04-04,236.0,2018-04-04,0.8857042789459229,Strongly Positive,0.9993858188390732,Strongly Positive
2018-04-03,225.0,2018-04-03,0.8998837769031525,Strongly Positive,1.342735916376114,Strongly Positive
2018-04-02,227.0,2018-04-02,0.6707487106323242,Strongly Positive,1.3421166688203812,Strongly Positive
2018-04-01,232.0,,0.0,Neutral,0.5603452995419502,Positive
2018-03-29,235.0,,0.0,Neutral,0.16768717765808105,Slightly Positive
2018-03-28,223.0,2018-03-28,0.6803320646286011,Strongly Positive,0.6803320646286011,Strongly Positive
2018-03-27,231.0,2018-03-27,-0.2121085226535797,Negative,0.12805750966072083,Slightly Positive
2018-03-26,227.0,,0.0,Neutral,0.06402875483036041,Slightly Positive
2018-03-22,235.0,2018-03-22,0.6458000540733337,Strongly Positive,0.5927729234099388,Positive
2018-03-21,238.0,,0.0,Neutral,0.32290002703666687,Positive
2018-03-20,240.0,,0.0,Neutral,0.16145001351833344,Slightly Positive
2018-03-19,245.0,,0.0,Neutral,0.0,Neutral
2018-03-18,258.0,2018-03-18,-0.5104734301567078,Negative,-0.5104734301567078,Negative
2018-03-15,258.0,,0.0,Neutral,-0.2552367150783539,Negative
2018-03-14,254.0,,0.0,Neutral,-0.12761835753917694,Slightly Negative
2018-03-13,252.0,,0.0,Neutral,0.0,Neutral
2018-03-12,250.0,,0.0,Neutral,0.0,Neutral
2018-03-11,252.0,,0.0,Neutral,0.0,Neutral
2018-03-07,269.0,2018-03-07,-0.3192073702812195,Negative,-0.3192073702812195,Negative
2018-03-06,261.0,,0.0,Neutral,-0.15960368514060974,Slightly Negative
2018-03-05,255.0,,0.0,Neutral,-0.07980184257030487,Slightly Negative
2018-03-04,273.0,,0.0,Neutral,0.0,Neutral
2018-02-28,290.0,2018-02-28,-0.4559577703475952,Negative,-0.4559577703475952,Negative
2018-02-27,304.0,2018-02-27,-0.5017960667610168,Negative,-0.7297749519348145,Strongly Negative
2018-02-26,306.0,,0.0,Neutral,-0.3648874759674072,Negative
2018-02-25,315.0,,0.0,Neutral,-0.1254490166902542,Slightly Negative
2018-02-22,318.0,,0.0,Neutral,0.0,Neutral
2018-02-21,319.0,,0.0,Neutral,0.0,Neutral
2018-02-20,318.0,,0.0,Neutral,0.0,Neutral
2018-02-18,335.0,2018-02-18,-0.7218689322471619,Strongly Negative,-0.7218689322471619,Strongly Negative
2018-02-15,329.0,2018-02-15,0.89710932970047,Strongly Positive,0.536174863576889,Positive
2018-02-14,329.0,,0.0,Neutral,0.2680874317884445,Positive
2018-02-12,322.0,2018-02-12,0.1932896673679351,Slightly Positive,0.41756699979305256,Positive
2018-02-11,325.0,,0.0,Neutral,0.09664483368396755,Slightly Positive
2018-02-08,321.0,,0.0,Neutral,0.048322416841983774,Neutral
2018-02-07,329.0,,0.0,Neutral,0.0,Neutral
2018-02-06,319.0,,0.0,Neutral,0.0,Neutral
2018-02-05,327.0,2018-02-05,0.8875495791435242,Strongly Positive,0.8875495791435242,Strongly Positive
2018-02-04,334.0,,0.0,Neutral,0.4437747895717621,Positive
2018-02-01,335.0,,0.0,Neutral,0.22188739478588104,Positive
2018-01-31,335.0,,0.0,Neutral,0.0,Neutral
2018-01-29,332.0,,0.0,Neutral,0.0,Neutral
2018-01-28,334.0,2018-01-28,0.9140734672546388,Strongly Positive,0.9140734672546388,Strongly Positive
2018-01-25,340.0,,0.0,Neutral,0.4570367336273194,Positive
2018-01-24,335.0,,0.0,Neutral,0.2285183668136597,Positive
2018-01-23,330.0,,0.0,Neutral,0.0,Neutral
2018-01-22,334.0,,0.0,Neutral,0.0,Neutral
2018-01-21,332.0,2018-01-21,0.326934814453125,Positive,0.326934814453125,Positive
2018-01-17,335.0,,0.0,Neutral,0.1634674072265625,Slightly Positive
2018-01-16,337.0,2018-01-16,0.912229597568512,Strongly Positive,0.9939633011817932,Strongly Positive
2018-01-14,341.0,,0.0,Neutral,0.456114798784256,Positive
2018-01-10,342.0,2018-01-10,-0.1146869361400604,Slightly Negative,0.1133704632520676,Slightly Positive
2018-01-09,340.0,,0.0,Neutral,-0.0573434680700302,Slightly Negative
2018-01-08,341.0,2018-01-08,0.5098813772201538,Positive,0.4812096431851387,Positive
2018-01-07,339.0,2018-01-07,0.9193395376205444,Strongly Positive,1.1742802262306213,Strongly Positive
2018-01-04,342.0,,0.0,Neutral,0.5871401131153107,Positive
2018-01-03,337.0,,0.0,Neutral,0.2298348844051361,Positive
2018-01-02,343.0,2018-01-02,0.907924234867096,Strongly Positive,0.907924234867096,Strongly Positive
2018-01-01,341.0,,0.0,Neutral,0.453962117433548,Positive
2017-12-31,335.0,,0.0,Neutral,0.226981058716774,Positive
2017-12-28,341.0,,0.0,Neutral,0.0,Neutral
2017-12-27,346.0,,0.0,Neutral,0.0,Neutral
2017-12-26,341.0,,0.0,Neutral,0.0,Neutral
2017-12-24,348.0,2017-12-24,0.5628668665885925,Positive,0.5628668665885925,Positive
2017-12-21,350.0,,0.0,Neutral,0.28143343329429626,Positive
2017-12-20,356.0,,0.0,Neutral,0.14071671664714813,Slightly Positive
2017-12-19,358.0,,0.0,Neutral,0.0,Neutral
2017-12-18,360.0,,0.0,Neutral,0.0,Neutral
2017-12-17,360.0,,0.0,Neutral,0.0,Neutral
2017-12-14,360.0,,0.0,Neutral,0.0,Neutral
2017-12-13,364.0,,0.0,Neutral,0.0,Neutral
2017-12-12,362.0,,0.0,Neutral,0.0,Neutral
2017-12-11,370.0,2017-12-11,0.5815926194190979,Positive,0.5815926194190979,Positive
2017-12-10,367.0,,0.0,Neutral,0.29079630970954895,Positive
2017-12-06,372.0,,0.0,Neutral,0.14539815485477448,Slightly Positive
2017-12-05,356.0,2017-12-05,0.1702946424484253,Slightly Positive,0.1702946424484253,Slightly Positive
2017-12-04,358.0,,0.0,Neutral,0.08514732122421265,Slightly Positive
2017-11-30,365.0,,0.0,Neutral,0.04257366061210632,Neutral
2017-11-29,354.0,,0.0,Neutral,0.0,Neutral
2017-11-28,348.0,2017-11-28,-0.5181993842124939,Negative,-0.5181993842124939,Negative
2017-11-27,351.0,,0.0,Neutral,-0.25909969210624695,Negative
2017-11-26,354.0,,0.0,Neutral,-0.12954984605312347,Slightly Negative
2017-11-23,353.0,2017-11-23,0.5980113744735718,Positive,0.5980113744735718,Positive
2017-11-22,343.0,,0.0,Neutral,0.2990056872367859,Positive
2017-11-21,351.0,,0.0,Neutral,0.14950284361839294,Slightly Positive
2017-11-20,336.0,,0.0,Neutral,0.0,Neutral
2017-11-19,335.0,,0.0,Neutral,0.0,Neutral
2017-11-16,332.0,,0.0,Neutral,0.0,Neutral
2017-11-15,337.0,,0.0,Neutral,0.0,Neutral
2017-11-14,346.0,2017-11-14,-0.7073986530303955,Strongly Negative,-0.7073986530303955,Strongly Negative
2017-11-13,342.0,,0.0,Neutral,-0.35369932651519775,Negative
2017-11-12,327.0,2017-11-12,0.9169417023658752,Strongly Positive,0.7400920391082764,Strongly Positive
2017-11-09,326.0,,0.0,Neutral,0.4584708511829376,Positive
2017-11-08,322.0,,0.0,Neutral,0.2292354255914688,Positive
2017-11-07,330.0,2017-11-07,0.3921329081058502,Positive,0.3921329081058502,Positive
2017-11-06,326.0,2017-11-06,0.2062046229839325,Positive,0.4022710770368576,Positive
2017-11-05,325.0,,0.0,Neutral,0.2011355385184288,Positive
2017-11-02,327.0,,0.0,Neutral,0.051551155745983124,Slightly Positive
2017-11-01,329.0,,0.0,Neutral,0.0,Neutral
2017-10-31,334.0,,0.0,Neutral,0.0,Neutral
2017-10-30,332.0,,0.0,Neutral,0.0,Neutral
2017-10-29,335.0,2017-10-29,-0.1552224159240722,Slightly Negative,-0.1552224159240722,Slightly Negative
2017-10-25,338.0,,0.0,Neutral,-0.0776112079620361,Slightly Negative
2017-10-24,344.0,2017-10-24,0.3031669482588768,Positive,0.26436134427785873,Positive
2017-10-23,342.0,,0.0,Neutral,0.1515834741294384,Slightly Positive
2017-10-22,351.0,,0.0,Neutral,0.0757917370647192,Slightly Positive
2017-10-18,329.0,,0.0,Neutral,0.0,Neutral
2017-10-17,328.0,,0.0,Neutral,0.0,Neutral
2017-10-16,326.0,2017-10-16,0.7397989630699158,Strongly Positive,0.7397989630699158,Strongly Positive
2017-10-15,325.0,,0.0,Neutral,0.3698994815349579,Positive
2017-10-12,320.0,,0.0,Neutral,0.18494974076747894,Slightly Positive
2017-10-11,325.0,,0.0,Neutral,0.0,Neutral
2017-10-10,323.0,,0.0,Neutral,0.0,Neutral
2017-10-09,318.0,,0.0,Neutral,0.0,Neutral
2017-10-08,317.0,,0.0,Neutral,0.0,Neutral
2017-10-04,332.0,,0.0,Neutral,0.0,Neutral
2017-09-26,340.0,,0.0,Neutral,0.0,Neutral
2017-09-25,340.0,2017-09-25,0.6380407959222794,Strongly Positive,0.6380407959222794,Strongly Positive
2017-09-24,335.0,,0.0,Neutral,0.3190203979611397,Positive
2017-09-20,333.0,,0.0,Neutral,0.15951019898056984,Slightly Positive
2017-09-18,336.0,,0.0,Neutral,0.0,Neutral
2017-09-17,340.0,,0.0,Neutral,0.0,Neutral
2017-09-14,342.0,,0.0,Neutral,0.0,Neutral
2017-09-13,330.0,,0.0,Neutral,0.0,Neutral
2017-09-12,330.0,2017-09-12,0.1277060508728027,Slightly Positive,0.1277060508728027,Slightly Positive
2017-09-11,335.0,,0.0,Neutral,0.06385302543640135,Slightly Positive
2017-09-10,332.0,,0.0,Neutral,0.03192651271820068,Neutral
2017-09-07,348.0,,0.0,Neutral,0.0,Neutral
2017-09-06,350.0,2017-09-06,0.8836968541145325,Strongly Positive,0.8836968541145325,Strongly Positive
2017-09-04,362.0,2017-09-04,0.0743787288665771,Slightly Positive,0.5162271559238434,Positive
2017-08-31,354.0,,0.0,Neutral,0.2581135779619217,Positive
2017-08-30,360.0,,0.0,Neutral,0.018594682216644277,Neutral
2017-08-28,368.0,,0.0,Neutral,0.0,Neutral
2017-08-27,378.0,2017-08-27,0.9203059077262878,Strongly Positive,0.9203059077262878,Strongly Positive
2017-08-24,372.0,,0.0,Neutral,0.4601529538631439,Positive
2017-08-23,357.0,,0.0,Neutral,0.23007647693157196,Positive
2017-08-22,360.0,,0.0,Neutral,0.0,Neutral
2017-08-21,366.0,2017-08-21,0.9056445956230164,Strongly Positive,0.9056445956230164,Strongly Positive
2017-08-20,362.0,,0.0,Neutral,0.4528222978115082,Positive
2017-08-17,368.0,2017-08-17,0.7896273136138916,Strongly Positive,1.0160384625196457,Strongly Positive
2017-08-16,375.0,,0.0,Neutral,0.3948136568069458,Positive
2017-08-15,367.0,,0.0,Neutral,0.1974068284034729,Slightly Positive
2017-08-13,381.0,,0.0,Neutral,0.0,Neutral
2017-08-10,393.0,2017-08-10,0.8426941633224487,Strongly Positive,0.8426941633224487,Strongly Positive
2017-08-09,400.0,,0.0,Neutral,0.42134708166122437,Positive
2017-08-07,406.0,,0.0,Neutral,0.21067354083061218,Positive
2017-08-06,407.0,,0.0,Neutral,0.0,Neutral
2017-08-03,410.0,,0.0,Neutral,0.0,Neutral
2017-08-02,411.0,,0.0,Neutral,0.0,Neutral
2017-08-01,420.0,,0.0,Neutral,0.0,Neutral
2017-07-31,418.0,2017-07-31,0.5858557224273682,Positive,0.5858557224273682,Positive
2017-07-30,407.0,,0.0,Neutral,0.2929278612136841,Positive
2017-07-27,412.0,,0.0,Neutral,0.14646393060684204,Slightly Positive
2017-07-26,415.0,,0.0,Neutral,0.0,Neutral
2017-07-25,411.0,,0.0,Neutral,0.0,Neutral
2017-07-24,412.0,,0.0,Neutral,0.0,Neutral
2017-07-23,416.0,,0.0,Neutral,0.0,Neutral
2017-07-20,417.0,2017-07-20,-0.3135278224945068,Negative,-0.3135278224945068,Negative
2017-07-19,417.0,,0.0,Neutral,-0.1567639112472534,Slightly Negative
2017-07-18,434.0,,0.0,Neutral,-0.0783819556236267,Slightly Negative
2017-07-17,412.0,2017-07-17,0.9291043877601624,Strongly Positive,0.9291043877601624,Strongly Positive
2017-07-16,415.0,,0.0,Neutral,0.4645521938800812,Positive
2017-07-13,409.0,,0.0,Neutral,0.2322760969400406,Positive
2017-07-12,410.0,,0.0,Neutral,0.0,Neutral
2017-07-11,417.0,,0.0,Neutral,0.0,Neutral
2017-07-10,415.0,,0.0,Neutral,0.0,Neutral
2017-07-09,425.0,,0.0,Neutral,0.0,Neutral
2017-07-06,425.0,2017-07-06,0.9184584617614746,Strongly Positive,0.9184584617614746,Strongly Positive
2017-07-05,417.0,2017-07-05,0.925973892211914,Strongly Positive,1.3852031230926514,Strongly Positive
2017-07-04,409.0,,0.0,Neutral,0.6926015615463257,Strongly Positive
2017-07-03,406.0,,0.0,Neutral,0.2314934730529785,Positive
2017-07-02,410.0,2017-07-02,0.8309491276741028,Strongly Positive,0.8309491276741028,Strongly Positive
2017-06-28,421.0,,0.0,Neutral,0.4154745638370514,Positive
2017-06-27,429.0,,0.0,Neutral,0.2077372819185257,Positive
2017-06-25,438.0,,0.0,Neutral,0.0,Neutral
2017-06-22,418.0,,0.0,Neutral,0.0,Neutral
2017-06-21,416.0,,0.0,Neutral,0.0,Neutral
2017-06-20,412.0,,0.0,Neutral,0.0,Neutral
2017-06-19,405.0,2017-06-19,0.2736774682998657,Positive,0.2736774682998657,Positive
2017-06-18,418.0,,0.0,Neutral,0.13683873414993286,Slightly Positive
2017-06-15,434.0,,0.0,Neutral,0.06841936707496643,Slightly Positive
2017-06-14,430.0,2017-06-14,0.7516312599182129,Strongly Positive,0.7516312599182129,Strongly Positive
2017-06-13,422.0,,0.0,Neutral,0.37581562995910645,Positive
2017-06-12,422.0,,0.0,Neutral,0.18790781497955322,Slightly Positive
2017-06-11,430.0,,0.0,Neutral,0.0,Neutral
2017-06-08,448.0,,0.0,Neutral,0.0,Neutral
2017-06-07,447.0,,0.0,Neutral,0.0,Neutral
2017-06-06,457.0,,0.0,Neutral,0.0,Neutral
2017-06-05,450.0,,0.0,Neutral,0.0,Neutral
2017-06-04,450.0,,0.0,Neutral,0.0,Neutral
2017-06-01,460.0,,0.0,Neutral,0.0,Neutral
2017-05-31,460.0,,0.0,Neutral,0.0,Neutral
2017-05-30,460.0,,0.0,Neutral,0.0,Neutral
2017-05-28,467.0,,0.0,Neutral,0.0,Neutral
2017-05-24,470.0,,0.0,Neutral,0.0,Neutral
2017-05-23,468.0,,0.0,Neutral,0.0,Neutral
2017-05-22,472.0,,0.0,Neutral,0.0,Neutral
2017-05-21,484.0,2017-05-21,0.543536901473999,Positive,0.543536901473999,Positive
2017-05-18,490.0,,0.0,Neutral,0.2717684507369995,Positive
2017-05-17,481.0,2017-05-17,0.9115880727767944,Strongly Positive,1.0474722981452942,Strongly Positive
2017-05-16,480.0,,0.0,Neutral,0.4557940363883972,Positive
2017-05-15,477.0,,0.0,Neutral,0.2278970181941986,Positive
2017-05-11,485.0,2017-05-11,0.6874037981033325,Strongly Positive,0.6874037981033325,Strongly Positive
2017-05-09,467.0,,0.0,Neutral,0.34370189905166626,Positive
2017-05-08,444.0,,0.0,Neutral,0.17185094952583313,Slightly Positive
2017-05-07,439.0,,0.0,Neutral,0.0,Neutral
2017-05-04,447.0,,0.0,Neutral,0.0,Neutral
2017-05-03,438.0,,0.0,Neutral,0.0,Neutral
2017-05-02,444.0,,0.0,Neutral,0.0,Neutral
2017-04-30,445.0,,0.0,Neutral,0.0,Neutral
2017-04-27,461.0,,0.0,Neutral,0.0,Neutral
2017-04-26,441.0,,0.0,Neutral,0.0,Neutral
2017-04-25,408.0,2017-04-25,0.7321624755859375,Strongly Positive,0.7321624755859375,Strongly Positive
2017-04-24,402.0,,0.0,Neutral,0.36608123779296875,Positive
2017-04-23,411.0,,0.0,Neutral,0.18304061889648438,Slightly Positive
2017-04-19,393.0,,0.0,Neutral,0.0,Neutral
2017-04-18,358.0,,0.0,Neutral,0.0,Neutral
2017-04-16,326.0,,0.0,Neutral,0.0,Neutral
2026-03-03,287.4,,0.0,Neutral,0.0,Neutral
2026-03-01,279.0,,0.0,Neutral,0.0,Neutral
2026-02-26,280.0,,0.0,Neutral,0.0,Neutral
2026-02-25,275.0,2026-02-25,0.8774493336677551,Strongly Positive,0.8774493336677551,Strongly Positive
2026-02-24,272.0,,0.0,Neutral,0.43872466683387756,Positive
2026-02-23,269.3,,0.0,Neutral,0.21936233341693878,Positive
2026-02-22,271.9,,0.0,Neutral,0.0,Neutral
2026-02-17,275.9,,0.0,Neutral,0.0,Neutral
2026-02-16,280.1,,0.0,Neutral,0.0,Neutral
2026-02-12,293.9,2026-02-12,-0.2644221298396587,Negative,-0.2644221298396587,Negative
2026-02-11,298.0,2026-02-11,-0.4408624172210693,Negative,-0.5730734821408986,Negative
2026-02-10,294.5,2026-02-10,-0.5762443542480469,Negative,-0.8627810953184962,Strongly Negative
2026-02-09,280.0,,0.0,Neutral,-0.39833778142929077,Negative
2026-02-08,275.4,,0.0,Neutral,-0.14406108856201172,Slightly Negative
2026-02-05,277.0,,0.0,Neutral,0.0,Neutral
2026-02-04,262.1,,0.0,Neutral,0.0,Neutral
2026-02-03,264.0,,0.0,Neutral,0.0,Neutral
2026-02-02,266.1,,0.0,Neutral,0.0,Neutral
2026-02-01,270.2,,0.0,Neutral,0.0,Neutral
2026-01-29,272.0,,0.0,Neutral,0.0,Neutral
2026-01-28,268.5,2026-01-28,0.0113222198560833,Neutral,0.0113222198560833,Neutral
2026-01-27,269.0,,0.0,Neutral,0.00566110992804165,Neutral
2026-01-26,273.6,,0.0,Neutral,0.002830554964020825,Neutral
2026-01-25,279.0,,0.0,Neutral,0.0,Neutral
2026-01-22,267.0,,0.0,Neutral,0.0,Neutral
2026-01-21,266.7,,0.0,Neutral,0.0,Neutral
2026-01-20,268.4,,0.0,Neutral,0.0,Neutral
2026-01-18,264.0,,0.0,Neutral,0.0,Neutral
2026-01-14,258.5,2026-01-14,0.0140300989151,Neutral,0.0140300989151,Neutral
2026-01-13,257.0,,0.0,Neutral,0.00701504945755,Neutral
2026-01-12,254.0,,0.0,Neutral,0.003507524728775,Neutral
2026-01-08,257.1,,0.0,Neutral,0.0,Neutral
2026-01-07,256.9,,0.0,Neutral,0.0,Neutral
2026-01-06,258.4,,0.0,Neutral,0.0,Neutral
2026-01-05,260.5,2026-01-05,-0.8387445211410522,Strongly Negative,-0.8387445211410522,Strongly Negative
2026-01-04,259.0,,0.0,Neutral,-0.4193722605705261,Negative
2026-01-01,273.9,,0.0,Neutral,-0.20968613028526306,Negative
2025-12-31,277.4,,0.0,Neutral,0.0,Neutral
2025-12-29,275.0,,0.0,Neutral,0.0,Neutral
2025-12-28,278.0,,0.0,Neutral,0.0,Neutral
2025-12-24,272.3,,0.0,Neutral,0.0,Neutral
2025-12-23,273.4,,0.0,Neutral,0.0,Neutral
2025-12-22,272.6,,0.0,Neutral,0.0,Neutral
2025-12-21,275.9,,0.0,Neutral,0.0,Neutral
2025-12-18,278.6,,0.0,Neutral,0.0,Neutral
2025-12-17,281.5,,0.0,Neutral,0.0,Neutral
2025-12-16,281.0,,0.0,Neutral,0.0,Neutral
2025-12-15,278.0,2025-12-15,0.0156788323074579,Neutral,0.0156788323074579,Neutral
2025-12-14,277.5,,0.0,Neutral,0.00783941615372895,Neutral
2025-12-11,278.5,2025-12-11,0.4957837536931038,Positive,0.49970346176996827,Positive
2025-12-10,278.6,,0.0,Neutral,0.2478918768465519,Positive
2025-12-09,279.0,,0.0,Neutral,0.12394593842327595,Slightly Positive
2025-12-08,279.6,,0.0,Neutral,0.0,Neutral
2025-12-07,281.0,,0.0,Neutral,0.0,Neutral
2025-12-03,281.5,,0.0,Neutral,0.0,Neutral
2025-12-02,284.9,,0.0,Neutral,0.0,Neutral
2025-12-01,284.0,,0.0,Neutral,0.0,Neutral
2025-11-30,283.5,2025-11-30,-0.5521965622901917,Negative,-0.5521965622901917,Negative
2025-11-27,285.0,,0.0,Neutral,-0.2760982811450958,Negative
2025-11-26,285.9,,0.0,Neutral,-0.1380491405725479,Slightly Negative
2025-11-25,285.0,2025-11-25,0.6663917303085327,Strongly Positive,0.6663917303085327,Strongly Positive
2025-11-24,284.1,,0.0,Neutral,0.33319586515426636,Positive
2025-11-23,281.9,,0.0,Neutral,0.16659793257713318,Slightly Positive
2025-11-20,276.4,,0.0,Neutral,0.0,Neutral
2025-11-19,281.0,,0.0,Neutral,0.0,Neutral
2025-11-18,281.0,,0.0,Neutral,0.0,Neutral
2025-11-17,278.4,,0.0,Neutral,0.0,Neutral
2025-11-16,278.6,,0.0,Neutral,0.0,Neutral
2025-11-13,278.0,,0.0,Neutral,0.0,Neutral
2025-11-12,277.5,,0.0,Neutral,0.0,Neutral
2025-11-11,280.0,2025-11-11,-0.5206417441368103,Negative,-0.5206417441368103,Negative
2025-11-10,279.0,2025-11-10,0.1399208903312683,Slightly Positive,-0.12039998173713684,Slightly Negative
2025-11-09,282.0,,0.0,Neutral,-0.06019999086856842,Slightly Negative
2025-11-06,284.5,,0.0,Neutral,0.03498022258281708,Neutral
2025-11-05,286.9,2025-11-05,0.9275050759315492,Strongly Positive,0.9275050759315492,Strongly Positive
2025-11-04,286.5,,0.0,Neutral,0.4637525379657746,Positive
2025-11-03,289.8,,0.0,Neutral,0.2318762689828873,Positive
2025-11-02,293.9,2025-11-02,0.8304534256458282,Strongly Positive,0.8304534256458282,Strongly Positive
2025-10-30,286.9,,0.0,Neutral,0.4152267128229141,Positive
2025-10-29,281.0,,0.0,Neutral,0.20761335641145706,Positive
2025-10-28,280.6,,0.0,Neutral,0.0,Neutral
2025-10-26,271.0,,0.0,Neutral,0.0,Neutral
2025-10-19,271.5,2025-10-19,-0.7027487754821777,Strongly Negative,-0.7027487754821777,Strongly Negative
2025-10-16,270.2,,0.0,Neutral,-0.35137438774108887,Negative
2025-10-15,275.0,,0.0,Neutral,-0.17568719387054443,Slightly Negative
2025-10-14,279.8,,0.0,Neutral,0.0,Neutral
2025-10-13,281.0,,0.0,Neutral,0.0,Neutral
2025-10-12,276.4,,0.0,Neutral,0.0,Neutral
2025-10-09,287.0,,0.0,Neutral,0.0,Neutral
2025-10-08,281.6,,0.0,Neutral,0.0,Neutral
2025-10-07,288.0,,0.0,Neutral,0.0,Neutral
2025-09-28,295.6,,0.0,Neutral,0.0,Neutral
2025-09-25,292.0,,0.0,Neutral,0.0,Neutral
2025-09-24,291.0,,0.0,Neutral,0.0,Neutral
2025-09-23,291.9,,0.0,Neutral,0.0,Neutral
2025-09-21,288.85,,0.0,Neutral,0.0,Neutral
2025-09-18,268.0,2025-09-18,0.0988965034484863,Slightly Positive,0.0988965034484863,Slightly Positive
2025-09-08,282.24,,0.0,Neutral,0.04944825172424315,Neutral
2025-09-07,286.47,,0.0,Neutral,0.024724125862121575,Neutral
2025-09-04,283.38,,0.0,Neutral,0.0,Neutral
2025-09-03,284.9,,0.0,Neutral,0.0,Neutral
2025-09-02,285.78,,0.0,Neutral,0.0,Neutral
2025-09-01,288.67,,0.0,Neutral,0.0,Neutral
2025-08-31,287.29,2025-08-31,-0.8702601194381714,Strongly Negative,-0.8702601194381714,Strongly Negative
2025-08-28,291.63,2025-08-28,0.9314732551574708,Strongly Positive,0.4963431954383851,Positive
2025-08-27,298.47,2025-08-27,-0.8449028730392456,Strongly Negative,-0.5967312753200531,Negative
2025-08-26,290.16,,0.0,Neutral,-0.1895831227302551,Slightly Negative
2025-08-25,290.77,,0.0,Neutral,-0.2112257182598114,Negative
2025-08-24,290.89,,0.0,Neutral,0.0,Neutral
2025-08-21,294.89,,0.0,Neutral,0.0,Neutral
2025-08-20,296.1,,0.0,Neutral,0.0,Neutral
2025-08-19,300.16,,0.0,Neutral,0.0,Neutral
2025-08-18,296.48,,0.0,Neutral,0.0,Neutral
2025-08-17,295.43,2025-08-17,-0.0869648940861225,Slightly Negative,-0.0869648940861225,Slightly Negative
2025-08-14,293.58,,0.0,Neutral,-0.04348244704306125,Neutral
2025-08-13,294.51,,0.0,Neutral,-0.021741223521530625,Neutral
2025-08-12,292.86,,0.0,Neutral,0.0,Neutral
2025-08-11,296.97,,0.0,Neutral,0.0,Neutral
2025-08-07,298.24,,0.0,Neutral,0.0,Neutral
2025-08-06,294.36,,0.0,Neutral,0.0,Neutral
2025-08-05,293.79,,0.0,Neutral,0.0,Neutral
2025-08-04,301.45,,0.0,Neutral,0.0,Neutral
2025-08-03,300.56,,0.0,Neutral,0.0,Neutral
2025-07-31,306.55,,0.0,Neutral,0.0,Neutral
2025-07-30,310.13,,0.0,Neutral,0.0,Neutral
2025-07-29,315.85,,0.0,Neutral,0.0,Neutral
2025-07-28,319.36,,0.0,Neutral,0.0,Neutral
2025-07-27,316.76,,0.0,Neutral,0.0,Neutral
2025-07-24,323.5,,0.0,Neutral,0.0,Neutral
2025-07-23,313.82,,0.0,Neutral,0.0,Neutral
2025-07-22,304.98,,0.0,Neutral,0.0,Neutral
2025-07-21,299.45,,0.0,Neutral,0.0,Neutral
2025-07-20,299.22,,0.0,Neutral,0.0,Neutral
2025-07-17,301.43,2025-07-17,0.0606837570667266,Slightly Positive,0.0606837570667266,Slightly Positive
2025-07-16,291.69,,0.0,Neutral,0.0303418785333633,Neutral
2025-07-15,290.35,,0.0,Neutral,0.01517093926668165,Neutral
2025-07-14,284.14,2025-07-14,0.3165594339370727,Positive,0.3165594339370727,Positive
2025-07-13,284.86,,0.0,Neutral,0.15827971696853635,Slightly Positive
2025-07-10,284.04,,0.0,Neutral,0.07913985848426817,Slightly Positive
2025-07-09,287.12,2025-07-09,0.5959690809249878,Positive,0.5959690809249878,Positive
2025-07-08,283.65,,0.0,Neutral,0.2979845404624939,Positive
2025-07-07,283.33,,0.0,Neutral,0.14899227023124695,Slightly Positive
2025-07-06,283.74,,0.0,Neutral,0.0,Neutral
2025-07-03,287.39,,0.0,Neutral,0.0,Neutral
2025-07-02,289.56,,0.0,Neutral,0.0,Neutral
2025-07-01,288.04,,0.0,Neutral,0.0,Neutral
2025-06-30,284.4,,0.0,Neutral,0.0,Neutral
2025-06-29,284.37,2025-06-29,0.0124993920326232,Neutral,0.0124993920326232,Neutral
2025-06-26,282.95,,0.0,Neutral,0.0062496960163116,Neutral
2025-06-25,285.03,2025-06-25,-0.5497723817825317,Negative,-0.5466475337743759,Negative
2025-06-24,285.24,,0.0,Neutral,-0.27488619089126587,Negative
2025-06-23,286.64,,0.0,Neutral,-0.13744309544563293,Slightly Negative
2025-06-22,285.44,,0.0,Neutral,0.0,Neutral
2025-06-19,294.46,2025-06-19,0.9185822606086732,Strongly Positive,0.9185822606086732,Strongly Positive
2025-06-18,296.76,2025-06-18,0.134243756532669,Slightly Positive,0.5935348868370056,Positive
2025-06-17,298.66,,0.0,Neutral,0.2967674434185028,Positive
2025-06-16,303.22,,0.0,Neutral,0.03356093913316725,Neutral
2025-06-15,306.46,,0.0,Neutral,0.0,Neutral
2025-06-12,307.44,,0.0,Neutral,0.0,Neutral
2025-06-11,310.18,2025-06-11,-0.1211603879928588,Slightly Negative,-0.1211603879928588,Slightly Negative
2025-06-10,305.66,2025-06-10,-0.4339157342910766,Negative,-0.494495928287506,Negative
2025-06-09,300.77,2025-06-09,-0.3343536257743835,Negative,-0.5816015899181365,Negative
2025-06-08,301.59,,0.0,Neutral,-0.2756557464599609,Negative
2025-06-05,295.85,2025-06-05,-0.5912338495254517,Negative,-0.6748222559690475,Strongly Negative
2025-06-04,286.93,,0.0,Neutral,-0.29561692476272583,Negative
2025-06-03,289.02,2025-06-03,-0.2338424623012542,Negative,-0.3816509246826171,Negative
2025-06-02,293.23,2025-06-02,-0.5659517645835876,Negative,-0.6828729957342148,Strongly Negative
2025-05-28,290.73,,0.0,Neutral,-0.3414364978671074,Negative
2025-05-27,278.94,,0.0,Neutral,-0.1414879411458969,Slightly Negative
2025-05-26,279.78,2025-05-26,-0.7628889083862305,Strongly Negative,-0.7628889083862305,Strongly Negative
2025-05-25,279.51,,0.0,Neutral,-0.38144445419311523,Negative
2025-05-22,283.26,2025-05-22,-0.7128505706787109,Strongly Negative,-0.9035727977752686,Strongly Negative
2025-05-21,289.76,,0.0,Neutral,-0.35642528533935547,Negative
2025-05-20,293.56,2025-05-20,-0.6116074919700623,Strongly Negative,-0.78982013463974,Strongly Negative
2025-05-19,283.9,,0.0,Neutral,-0.30580374598503113,Negative
2025-05-18,278.14,,0.0,Neutral,-0.15290187299251556,Slightly Negative
2025-05-15,285.34,,0.0,Neutral,0.0,Neutral
2025-05-14,284.73,2025-05-14,-0.120438814163208,Slightly Negative,-0.120438814163208,Slightly Negative
2025-05-13,294.91,,0.0,Neutral,-0.060219407081604,Slightly Negative
2025-05-11,304.08,,0.0,Neutral,-0.030109703540802,Neutral
2025-05-08,307.89,,0.0,Neutral,0.0,Neutral
2025-05-07,302.75,,0.0,Neutral,0.0,Neutral
2025-05-06,300.84,,0.0,Neutral,0.0,Neutral
2025-05-05,288.04,,0.0,Neutral,0.0,Neutral
2025-05-04,293.37,,0.0,Neutral,0.0,Neutral
2025-04-30,299.09,,0.0,Neutral,0.0,Neutral
2025-04-29,287.22,,0.0,Neutral,0.0,Neutral
2025-04-28,284.36,,0.0,Neutral,0.0,Neutral
2025-04-27,287.11,,0.0,Neutral,0.0,Neutral
2025-04-24,268.14,,0.0,Neutral,0.0,Neutral
2025-04-23,267.77,,0.0,Neutral,0.0,Neutral
2025-04-22,277.48,2025-04-22,0.0065177381038665,Neutral,0.0065177381038665,Neutral
2025-04-21,275.14,2025-04-21,-0.1222520172595977,Slightly Negative,-0.11899314820766445,Slightly Negative
2025-04-20,266.65,2025-04-20,-0.9325382113456726,Strongly Negative,-0.9920347854495049,Strongly Negative
2025-04-17,268.73,,0.0,Neutral,-0.49683210998773575,Negative
2025-04-16,264.61,2025-04-16,-0.1533498167991638,Slightly Negative,-0.38648436963558197,Negative
2025-04-15,259.29,,0.0,Neutral,-0.0766749083995819,Slightly Negative
2025-04-13,249.74,2025-04-13,0.0838408172130584,Slightly Positive,0.045503363013267455,Neutral
2025-04-10,252.79,2025-04-10,0.1280533671379089,Slightly Positive,0.16997377574443812,Slightly Positive
2025-04-09,251.09,,0.0,Neutral,0.08498688787221906,Slightly Positive
2025-04-08,251.51,,0.0,Neutral,0.03201334178447723,Neutral
2025-04-07,251.07,,0.0,Neutral,0.0,Neutral
2025-04-03,252.47,,0.0,Neutral,0.0,Neutral
2025-04-02,253.76,,0.0,Neutral,0.0,Neutral
2025-04-01,252.49,,0.0,Neutral,0.0,Neutral
2025-03-30,258.05,2025-03-30,-0.4880945086479187,Negative,-0.4880945086479187,Negative
2025-03-27,254.52,,0.0,Neutral,-0.24404725432395935,Negative
2025-03-26,251.32,2025-03-26,-0.6513763070106506,Strongly Negative,-0.7733999341726303,Strongly Negative
2025-03-25,245.16,2025-03-25,0.2815593183040619,Positive,-0.04412883520126343,Neutral
2025-03-24,252.23,,0.0,Neutral,-0.022064417600631714,Neutral
2025-03-23,247.55,2025-03-23,-0.6444237232208252,Strongly Negative,-0.5740338936448097,Negative
2025-03-20,254.78,2025-03-20,-0.406167596578598,Negative,-0.7283794581890106,Strongly Negative
2025-03-19,257.9,,0.0,Neutral,-0.3641897290945053,Negative
2025-03-18,260.1,,0.0,Neutral,-0.1015418991446495,Slightly Negative
2025-03-17,259.8,2025-03-17,-0.0320629775524139,Neutral,-0.0320629775524139,Neutral
2025-03-16,259.2,,0.0,Neutral,-0.01603148877620695,Neutral
2025-03-12,262.0,,0.0,Neutral,-0.008015744388103475,Neutral
2025-03-11,261.0,,0.0,Neutral,0.0,Neutral
2025-03-10,263.0,2025-03-10,-0.7477757930755615,Strongly Negative,-0.7477757930755615,Strongly Negative
2025-03-09,267.0,,0.0,Neutral,-0.37388789653778076,Negative
2025-03-06,275.0,,0.0,Neutral,-0.18694394826889038,Slightly Negative
2025-03-05,275.0,,0.0,Neutral,0.0,Neutral
2025-03-04,276.0,,0.0,Neutral,0.0,Neutral
2025-03-03,280.7,,0.0,Neutral,0.0,Neutral
2025-03-02,288.0,,0.0,Neutral,0.0,Neutral
2025-02-27,268.1,,0.0,Neutral,0.0,Neutral
2025-02-25,260.0,,0.0,Neutral,0.0,Neutral
2025-02-24,258.5,2025-02-24,-0.3941380977630615,Negative,-0.3941380977630615,Negative
2025-02-23,257.3,,0.0,Neutral,-0.19706904888153076,Slightly Negative
2025-02-20,260.0,,0.0,Neutral,-0.09853452444076538,Slightly Negative
2025-02-18,263.0,,0.0,Neutral,0.0,Neutral
2025-02-17,265.0,,0.0,Neutral,0.0,Neutral
2025-02-16,265.0,,0.0,Neutral,0.0,Neutral
2025-02-13,263.8,2025-02-13,-0.6699524521827698,Strongly Negative,-0.6699524521827698,Strongly Negative
2025-02-12,263.0,2025-02-12,0.2080480456352233,Positive,-0.12692818045616158,Slightly Negative
2025-02-11,263.3,,0.0,Neutral,-0.06346409022808079,Slightly Negative
2025-02-10,262.5,,0.0,Neutral,0.052012011408805826,Slightly Positive
2025-02-09,267.8,,0.0,Neutral,0.0,Neutral
2025-02-06,263.5,,0.0,Neutral,0.0,Neutral
2025-02-05,268.0,,0.0,Neutral,0.0,Neutral
2025-02-04,269.0,,0.0,Neutral,0.0,Neutral
2025-02-03,269.5,,0.0,Neutral,0.0,Neutral
2025-02-02,272.0,,0.0,Neutral,0.0,Neutral
2025-01-28,267.5,,0.0,Neutral,0.0,Neutral
2025-01-27,265.0,,0.0,Neutral,0.0,Neutral
2025-01-26,264.5,,0.0,Neutral,0.0,Neutral
2025-01-23,262.0,2025-01-23,-0.2442322820425033,Negative,-0.2442322820425033,Negative
2025-01-22,258.3,,0.0,Neutral,-0.12211614102125165,Slightly Negative
2025-01-21,252.0,,0.0,Neutral,-0.061058070510625825,Slightly Negative
2025-01-20,251.0,2025-01-20,-0.0088043892756104,Neutral,-0.0088043892756104,Neutral
2025-01-19,249.4,,0.0,Neutral,-0.0044021946378052,Neutral
2025-01-16,247.0,,0.0,Neutral,-0.0022010973189026,Neutral
2025-01-15,248.5,,0.0,Neutral,0.0,Neutral
2025-01-13,248.8,,0.0,Neutral,0.0,Neutral
2025-01-12,251.0,,0.0,Neutral,0.0,Neutral
2025-01-09,257.0,,0.0,Neutral,0.0,Neutral
2025-01-08,259.8,,0.0,Neutral,0.0,Neutral
2025-01-07,261.2,,0.0,Neutral,0.0,Neutral
2025-01-06,258.0,,0.0,Neutral,0.0,Neutral
2025-01-05,246.9,,0.0,Neutral,0.0,Neutral
2025-01-02,244.4,2025-01-02,0.9056085348129272,Strongly Positive,0.9056085348129272,Strongly Positive
2025-01-01,245.0,,0.0,Neutral,0.4528042674064636,Positive
2024-12-31,243.4,,0.0,Neutral,0.2264021337032318,Positive
2024-12-29,249.0,,0.0,Neutral,0.0,Neutral
2024-12-26,253.7,,0.0,Neutral,0.0,Neutral
2024-12-24,253.5,,0.0,Neutral,0.0,Neutral
2024-12-23,247.8,,0.0,Neutral,0.0,Neutral
2024-12-22,241.9,,0.0,Neutral,0.0,Neutral
2024-12-19,245.9,,0.0,Neutral,0.0,Neutral
2024-12-18,251.9,,0.0,Neutral,0.0,Neutral
2024-12-17,254.0,,0.0,Neutral,0.0,Neutral
2024-12-16,255.0,2024-12-16,-0.1873531192541122,Slightly Negative,-0.1873531192541122,Slightly Negative
2024-12-12,265.1,2024-12-12,-0.7372568249702454,Strongly Negative,-0.8309333845973015,Strongly Negative
2024-12-11,271.0,,0.0,Neutral,-0.41546669229865074,Negative
2024-12-10,266.0,2024-12-10,0.0605501011013984,Slightly Positive,-0.12376410514116294,Slightly Negative
2024-12-09,267.0,2024-12-09,0.0543120503425598,Slightly Positive,0.08458710089325899,Slightly Positive
2024-12-08,266.8,,0.0,Neutral,0.042293550446629496,Neutral
2024-12-05,271.0,2024-12-05,-0.8622756004333496,Strongly Negative,-0.8486975878477097,Strongly Negative
2024-12-04,275.2,,0.0,Neutral,-0.4311378002166748,Negative
2024-12-03,278.5,,0.0,Neutral,-0.2155689001083374,Negative
2024-12-02,279.8,,0.0,Neutral,0.0,Neutral
2024-12-01,278.0,,0.0,Neutral,0.0,Neutral
2024-11-28,284.0,,0.0,Neutral,0.0,Neutral
2024-11-27,290.0,,0.0,Neutral,0.0,Neutral
2024-11-26,285.0,,0.0,Neutral,0.0,Neutral
2024-11-25,281.0,,0.0,Neutral,0.0,Neutral
2024-11-24,276.5,,0.0,Neutral,0.0,Neutral
2024-11-21,276.0,2024-11-21,0.3522944152355194,Positive,0.3522944152355194,Positive
2024-11-20,280.0,,0.0,Neutral,0.1761472076177597,Slightly Positive
2024-11-19,284.4,,0.0,Neutral,0.08807360380887985,Slightly Positive
2024-11-17,292.0,,0.0,Neutral,0.0,Neutral
2024-11-14,288.0,,0.0,Neutral,0.0,Neutral
2024-11-13,289.1,,0.0,Neutral,0.0,Neutral
2024-11-12,294.0,,0.0,Neutral,0.0,Neutral
2024-11-11,299.0,2024-11-11,0.9224844574928284,Strongly Positive,0.9224844574928284,Strongly Positive
2024-11-10,290.5,2024-11-10,0.0913766026496887,Slightly Positive,0.5526188313961029,Positive
2024-11-06,274.1,2024-11-06,0.6941941380500793,Strongly Positive,0.9705035537481308,Strongly Positive
2024-11-05,276.9,,0.0,Neutral,0.36994121968746185,Positive
2024-10-30,275.0,,0.0,Neutral,0.17354853451251984,Slightly Positive
2024-10-29,279.9,2024-10-29,-0.4482151567935943,Negative,-0.4482151567935943,Negative
2024-10-28,277.0,,0.0,Neutral,-0.22410757839679715,Negative
2024-10-27,270.5,,0.0,Neutral,-0.11205378919839858,Slightly Negative
2024-10-24,267.9,,0.0,Neutral,0.0,Neutral
2024-10-23,266.0,2024-10-23,-0.5182260870933533,Negative,-0.5182260870933533,Negative
2024-10-22,267.6,,0.0,Neutral,-0.25911304354667664,Negative
2024-10-21,265.1,,0.0,Neutral,-0.12955652177333832,Slightly Negative
2024-10-20,280.0,2024-10-20,-0.0460387840867042,Neutral,-0.0460387840867042,Neutral
2024-10-17,289.0,2024-10-17,-0.5775560140609741,Negative,-0.6005754061043262,Strongly Negative
2024-10-16,289.0,2024-10-16,0.3032940030097961,Positive,0.003006299957632977,Neutral
2024-10-15,275.9,,0.0,Neutral,0.007257997989654513,Neutral
2024-10-09,275.0,2024-10-09,0.9219281077384948,Strongly Positive,0.9977516084909438,Strongly Positive
2024-10-08,274.9,,0.0,Neutral,0.4609640538692474,Positive
2024-10-07,278.0,2024-10-07,0.9075050950050354,Strongly Positive,1.1379871219396591,Strongly Positive
2024-10-06,276.0,,0.0,Neutral,0.4537525475025177,Positive
2024-10-02,270.0,,0.0,Neutral,0.22687627375125885,Positive
2024-10-01,281.4,2024-10-01,0.9054638147354126,Strongly Positive,0.9054638147354126,Strongly Positive
2024-09-30,259.0,,0.0,Neutral,0.4527319073677063,Positive
2024-09-29,250.0,,0.0,Neutral,0.22636595368385315,Positive
2024-09-26,255.0,,0.0,Neutral,0.0,Neutral
2024-09-25,265.0,,0.0,Neutral,0.0,Neutral
2024-09-24,252.2,2024-09-24,0.9053268432617188,Strongly Positive,0.9053268432617188,Strongly Positive
2024-09-23,263.9,,0.0,Neutral,0.4526634216308594,Positive
2024-09-22,274.0,,0.0,Neutral,0.2263317108154297,Positive
2024-09-18,271.0,2024-09-18,0.0292224586009979,Neutral,0.0292224586009979,Neutral
2024-09-16,271.1,2024-09-16,0.0701217502355575,Slightly Positive,0.08473297953605645,Slightly Positive
2024-09-15,279.0,,0.0,Neutral,0.042366489768028225,Neutral
2024-09-12,289.0,2024-09-12,0.7334011197090149,Strongly Positive,0.7509315572679043,Strongly Positive
2024-09-11,270.1,,0.0,Neutral,0.36670055985450745,Positive
2024-09-10,280.1,,0.0,Neutral,0.18335027992725372,Slightly Positive
2024-09-09,283.0,,0.0,Neutral,0.0,Neutral
2024-09-08,291.0,2024-09-08,0.0105989575386047,Neutral,0.0105989575386047,Neutral
2024-09-05,300.0,,0.0,Neutral,0.00529947876930235,Neutral
2024-09-04,306.0,,0.0,Neutral,0.002649739384651175,Neutral
2024-09-03,317.0,2024-09-03,-0.2997061610221863,Negative,-0.2997061610221863,Negative
2024-09-02,322.6,,0.0,Neutral,-0.14985308051109314,Slightly Negative
2024-09-01,303.0,,0.0,Neutral,-0.07492654025554657,Slightly Negative
2024-08-29,307.0,,0.0,Neutral,0.0,Neutral
2024-08-28,308.0,,0.0,Neutral,0.0,Neutral
2024-08-27,306.0,,0.0,Neutral,0.0,Neutral
2024-08-25,327.0,,0.0,Neutral,0.0,Neutral
2024-08-22,340.0,,0.0,Neutral,0.0,Neutral
2024-08-21,322.2,,0.0,Neutral,0.0,Neutral
2024-08-18,319.0,,0.0,Neutral,0.0,Neutral
2024-08-15,334.0,,0.0,Neutral,0.0,Neutral
2024-08-14,312.0,,0.0,Neutral,0.0,Neutral
2024-08-13,295.0,,0.0,Neutral,0.0,Neutral
2024-08-12,302.8,,0.0,Neutral,0.0,Neutral
2024-08-11,277.7,2024-08-11,-0.6217007637023926,Strongly Negative,-0.6217007637023926,Strongly Negative
2024-08-08,252.5,,0.0,Neutral,-0.3108503818511963,Negative
2024-08-07,240.0,,0.0,Neutral,-0.15542519092559814,Slightly Negative
2024-08-06,225.0,2024-08-06,0.06113051623106,Slightly Positive,0.06113051623106,Slightly Positive
2024-08-05,234.8,2024-08-05,-0.0004892461001873,Neutral,0.0300760120153427,Neutral
2024-08-01,230.0,,0.0,Neutral,0.01503800600767135,Neutral
2024-07-31,233.9,,0.0,Neutral,-0.000122311525046825,Neutral
2024-07-30,220.0,,0.0,Neutral,0.0,Neutral
2024-07-29,216.5,,0.0,Neutral,0.0,Neutral
2024-07-28,216.9,,0.0,Neutral,0.0,Neutral
2024-07-25,212.5,,0.0,Neutral,0.0,Neutral
2024-07-24,215.6,,0.0,Neutral,0.0,Neutral
2024-07-23,221.3,,0.0,Neutral,0.0,Neutral
2024-07-22,212.0,,0.0,Neutral,0.0,Neutral
2024-07-21,201.2,2024-07-21,0.2961920797824859,Positive,0.2961920797824859,Positive
2024-07-18,201.0,,0.0,Neutral,0.14809603989124295,Slightly Positive
2024-07-17,203.0,,0.0,Neutral,0.07404801994562148,Slightly Positive
2024-07-16,195.6,,0.0,Neutral,0.0,Neutral
2024-07-15,177.9,2024-07-15,0.0531130880117416,Slightly Positive,0.0531130880117416,Slightly Positive
2024-07-14,173.9,2024-07-14,0.4453930258750915,Positive,0.4719495698809623,Positive
2024-07-11,159.0,,0.0,Neutral,0.23597478494048116,Positive
2024-07-10,156.0,2024-07-10,-0.0372032523155212,Neutral,0.07414500415325168,Slightly Positive
2024-07-09,154.8,,0.0,Neutral,-0.0186016261577606,Neutral
2024-07-08,155.0,,0.0,Neutral,-0.0093008130788803,Neutral
2024-07-07,156.0,2024-07-07,-0.6083687543869019,Strongly Negative,-0.6083687543869019,Strongly Negative
2024-07-04,155.0,2024-07-04,-0.7496742010116577,Strongly Negative,-1.0538585782051086,Strongly Negative
2024-07-03,154.0,,0.0,Neutral,-0.5269292891025543,Negative
2024-07-02,155.1,,0.0,Neutral,-0.18741855025291443,Slightly Negative
2024-07-01,150.0,,0.0,Neutral,0.0,Neutral
2024-06-30,149.1,2024-06-30,-0.5555654168128967,Negative,-0.5555654168128967,Negative
2024-06-27,151.0,,0.0,Neutral,-0.27778270840644836,Negative
2024-06-26,152.0,,0.0,Neutral,-0.13889135420322418,Slightly Negative
2024-06-25,155.0,,0.0,Neutral,0.0,Neutral
2024-06-24,153.2,,0.0,Neutral,0.0,Neutral
2024-06-23,153.3,,0.0,Neutral,0.0,Neutral
2024-06-20,154.9,2024-06-20,-0.7754740715026855,Strongly Negative,-0.7754740715026855,Strongly Negative
2024-06-19,156.0,2024-06-19,0.928455650806427,Strongly Positive,0.5407186150550842,Positive
2024-06-18,156.0,,0.0,Neutral,0.2703593075275421,Positive
2024-06-16,157.9,,0.0,Neutral,0.23211391270160675,Positive
2024-06-13,156.3,,0.0,Neutral,0.0,Neutral
2024-06-12,158.8,2024-06-12,-0.3344677183777093,Negative,-0.3344677183777093,Negative
2024-06-11,159.3,2024-06-11,-0.703773021697998,Strongly Negative,-0.8710068808868527,Strongly Negative
2024-06-10,155.0,2024-06-10,0.0591075792908668,Slightly Positive,-0.3763958611525595,Negative
2024-06-09,151.5,,0.0,Neutral,-0.1463894657790661,Slightly Negative
2024-06-06,153.7,,0.0,Neutral,0.0147768948227167,Neutral
2024-06-05,154.6,,0.0,Neutral,0.0,Neutral
2024-06-04,155.8,,0.0,Neutral,0.0,Neutral
2024-06-03,156.0,,0.0,Neutral,0.0,Neutral
2024-06-02,157.0,,0.0,Neutral,0.0,Neutral
2024-05-30,158.9,,0.0,Neutral,0.0,Neutral
2024-05-29,161.3,,0.0,Neutral,0.0,Neutral
2024-05-27,162.6,2024-05-27,-0.6427181959152222,Strongly Negative,-0.6427181959152222,Strongly Negative
2024-05-26,164.8,2024-05-26,-0.5461372137069702,Negative,-0.8674963116645813,Strongly Negative
2024-05-22,163.8,,0.0,Neutral,-0.43374815583229065,Negative
2024-05-21,161.0,2024-05-21,0.9287891387939452,Strongly Positive,0.7922548353672026,Strongly Positive
2024-05-20,164.0,2024-05-20,-0.7473208904266357,Strongly Negative,-0.28292632102966314,Negative
2024-05-19,162.1,,0.0,Neutral,-0.14146316051483157,Slightly Negative
2024-05-16,162.0,,0.0,Neutral,-0.18683022260665894,Slightly Negative
2024-05-15,165.0,,0.0,Neutral,0.0,Neutral
2024-05-14,165.9,,0.0,Neutral,0.0,Neutral
2024-05-13,158.0,2024-05-13,-0.0147014185786247,Neutral,-0.0147014185786247,Neutral
2024-05-12,155.9,,0.0,Neutral,-0.00735070928931235,Neutral
2024-05-09,157.0,,0.0,Neutral,-0.003675354644656175,Neutral
2024-05-08,159.7,,0.0,Neutral,0.0,Neutral
2024-05-07,160.3,,0.0,Neutral,0.0,Neutral
2024-05-06,160.0,,0.0,Neutral,0.0,Neutral
2024-05-05,162.0,,0.0,Neutral,0.0,Neutral
2024-05-02,166.0,,0.0,Neutral,0.0,Neutral
2024-04-30,165.8,,0.0,Neutral,0.0,Neutral
2024-04-29,163.0,2024-04-29,-0.2238787710666656,Negative,-0.2238787710666656,Negative
2024-04-28,163.0,,0.0,Neutral,-0.1119393855333328,Slightly Negative
2024-04-25,162.0,,0.0,Neutral,-0.0559696927666664,Slightly Negative
2024-04-24,163.2,,0.0,Neutral,0.0,Neutral
2024-04-22,166.5,2024-04-22,-0.397852748632431,Negative,-0.397852748632431,Negative
2024-04-21,166.5,2024-04-21,-0.6756387948989868,Strongly Negative,-0.8745651692152023,Strongly Negative
2024-04-18,165.0,,0.0,Neutral,-0.43728258460760117,Negative
2024-04-16,168.0,2024-04-16,0.4685211181640625,Positive,0.2996114194393158,Positive
2024-04-15,169.5,2024-04-15,-0.5954660177230835,Negative,-0.36120545864105225,Negative
2024-04-14,171.3,2024-04-14,-0.4558782577514648,Negative,-0.636480987071991,Strongly Negative
2024-04-10,174.0,2024-04-10,-0.0239664651453495,Neutral,-0.40077209845185274,Negative
2024-04-09,175.8,,0.0,Neutral,-0.12595279701054093,Slightly Negative
2024-04-07,172.9,2024-04-07,-0.6892299056053162,Strongly Negative,-0.6952215218916535,Strongly Negative
2024-04-04,170.2,2024-04-04,-0.323227971792221,Negative,-0.6678429245948792,Strongly Negative
2024-04-03,171.0,,0.0,Neutral,-0.3339214622974396,Negative
2024-04-02,171.2,2024-04-02,-0.4733312129974365,Negative,-0.5541382059454918,Negative
2024-04-01,172.1,,0.0,Neutral,-0.23666560649871826,Negative
2024-03-31,175.0,,0.0,Neutral,-0.11833280324935913,Slightly Negative
2024-03-28,177.3,,0.0,Neutral,0.0,Neutral
2024-03-27,176.3,,0.0,Neutral,0.0,Neutral
2024-03-26,177.2,2024-03-26,-0.2324217855930328,Negative,-0.2324217855930328,Negative
2024-03-25,176.3,,0.0,Neutral,-0.1162108927965164,Slightly Negative
2024-03-21,178.8,2024-03-21,-0.3527610003948211,Negative,-0.4108664467930793,Negative
2024-03-20,181.7,,0.0,Neutral,-0.17638050019741056,Slightly Negative
2024-03-19,181.7,,0.0,Neutral,-0.08819025009870528,Slightly Negative
2024-03-18,184.2,,0.0,Neutral,0.0,Neutral
2024-03-17,183.0,,0.0,Neutral,0.0,Neutral
2024-03-14,187.5,2024-03-14,-0.0184712968766689,Neutral,-0.0184712968766689,Neutral
2024-03-13,188.0,2024-03-13,-0.5365344434976578,Negative,-0.5457700919359922,Negative
2024-03-12,189.5,,0.0,Neutral,-0.2728850459679961,Negative
2024-03-10,187.0,,0.0,Neutral,-0.13413361087441444,Slightly Negative
2024-03-07,186.8,,0.0,Neutral,0.0,Neutral
2024-03-06,185.8,,0.0,Neutral,0.0,Neutral
2024-03-05,189.6,,0.0,Neutral,0.0,Neutral
2024-03-04,193.8,,0.0,Neutral,0.0,Neutral
2024-03-03,176.2,2024-03-03,0.659336507320404,Strongly Positive,0.659336507320404,Strongly Positive
2024-02-29,180.3,2024-02-29,0.5973718166351318,Positive,0.9270400702953339,Strongly Positive
2024-02-28,181.0,,0.0,Neutral,0.46352003514766693,Positive
2024-02-27,185.0,,0.0,Neutral,0.14934295415878296,Slightly Positive
2024-02-26,185.0,2024-02-26,-0.6391295790672302,Strongly Negative,-0.6391295790672302,Strongly Negative
2024-02-25,184.0,2024-02-25,-0.7076578140258789,Strongly Negative,-1.027222603559494,Strongly Negative
2024-02-22,190.0,,0.0,Neutral,-0.513611301779747,Negative
2024-02-21,191.8,,0.0,Neutral,-0.17691445350646973,Slightly Negative
2024-02-20,191.0,,0.0,Neutral,0.0,Neutral
2024-02-18,193.0,,0.0,Neutral,0.0,Neutral
2024-02-15,197.0,,0.0,Neutral,0.0,Neutral
2024-02-14,200.0,,0.0,Neutral,0.0,Neutral
2024-02-13,204.0,,0.0,Neutral,0.0,Neutral
2024-02-12,209.4,2024-02-12,0.0213358532637357,Neutral,0.0213358532637357,Neutral
2024-02-11,207.5,,0.0,Neutral,0.01066792663186785,Neutral
2024-02-08,206.8,,0.0,Neutral,0.005333963315933925,Neutral
2024-02-07,207.6,2024-02-07,0.9190106987953186,Strongly Positive,0.9190106987953186,Strongly Positive
2024-02-06,207.2,,0.0,Neutral,0.4595053493976593,Positive
2024-02-05,205.5,,0.0,Neutral,0.22975267469882965,Positive
2024-02-04,207.0,,0.0,Neutral,0.0,Neutral
2024-02-01,206.8,2024-02-01,0.9017196297645568,Strongly Positive,0.9017196297645568,Strongly Positive
2024-01-31,211.2,,0.0,Neutral,0.4508598148822784,Positive
2024-01-30,216.8,,0.0,Neutral,0.2254299074411392,Positive
2024-01-29,209.1,,0.0,Neutral,0.0,Neutral
2024-01-28,280.2,2024-01-28,-0.5602532029151917,Negative,-0.5602532029151917,Negative
2024-01-25,278.0,2024-01-25,0.9305034875869752,Strongly Positive,0.6503768861293794,Strongly Positive
2024-01-24,279.1,,0.0,Neutral,0.3251884430646897,Positive
2024-01-23,286.1,,0.0,Neutral,0.2326258718967438,Positive
2024-01-22,290.0,2024-01-22,0.0955185890197753,Slightly Positive,0.0955185890197753,Slightly Positive
2024-01-21,295.9,2024-01-21,-0.0024153357371688,Neutral,0.045343958772718844,Neutral
2024-01-18,280.9,2024-01-18,0.7747501134872437,Strongly Positive,0.7974220928736031,Strongly Positive
2024-01-17,264.2,,0.0,Neutral,0.38677122280932963,Positive
2024-01-16,279.6,2024-01-16,-0.0303513295948505,Neutral,0.16333619877696043,Slightly Positive
2024-01-14,274.9,2024-01-14,-0.0015759468078613,Neutral,-0.01675161160528655,Neutral
2024-01-11,272.5,,0.0,Neutral,-0.008375805802643275,Neutral
2024-01-10,257.0,,0.0,Neutral,-0.000393986701965325,Neutral
2024-01-09,256.0,,0.0,Neutral,0.0,Neutral
2024-01-08,255.0,2024-01-08,0.3354699239134788,Positive,0.3354699239134788,Positive
2024-01-07,252.9,,0.0,Neutral,0.1677349619567394,Slightly Positive
2024-01-04,236.6,,0.0,Neutral,0.0838674809783697,Slightly Positive
2024-01-03,232.0,,0.0,Neutral,0.0,Neutral
2024-01-02,217.0,,0.0,Neutral,0.0,Neutral
2024-01-01,224.1,,0.0,Neutral,0.0,Neutral
2023-12-28,230.6,,0.0,Neutral,0.0,Neutral
2023-12-27,235.0,,0.0,Neutral,0.0,Neutral
2023-12-24,236.3,,0.0,Neutral,0.0,Neutral
2023-12-21,242.1,,0.0,Neutral,0.0,Neutral
2023-12-20,249.0,,0.0,Neutral,0.0,Neutral
2023-12-19,245.0,2023-12-19,-0.0495426394045352,Neutral,-0.0495426394045352,Neutral
2023-12-18,237.0,,0.0,Neutral,-0.0247713197022676,Neutral
2023-12-17,237.0,2023-12-17,0.1858166120946406,Slightly Positive,0.1734309522435068,Slightly Positive
2023-12-14,226.6,2023-12-14,-0.3237503468990326,Negative,-0.23084204085171228,Negative
2023-12-13,221.5,,0.0,Neutral,-0.11542102042585614,Slightly Negative
2023-12-12,223.0,,0.0,Neutral,-0.08093758672475815,Slightly Negative
2023-12-11,219.9,2023-12-11,0.8129301071166992,Strongly Positive,0.8129301071166992,Strongly Positive
2023-12-10,217.1,2023-12-10,0.3414733707904815,Positive,0.7479384243488312,Strongly Positive
2023-12-07,208.9,2023-12-07,0.7270581126213074,Strongly Positive,1.101027324795723,Strongly Positive
2023-12-06,207.2,,0.0,Neutral,0.4488973990082741,Positive
2023-12-05,201.5,,0.0,Neutral,0.18176452815532684,Slightly Positive
2023-12-04,206.0,2023-12-04,0.9314891695976256,Strongly Positive,0.9314891695976256,Strongly Positive
2023-12-03,205.0,,0.0,Neutral,0.4657445847988128,Positive
2023-11-30,204.6,,0.0,Neutral,0.2328722923994064,Positive
2023-11-29,208.0,2023-11-29,0.5706247091293335,Positive,0.5706247091293335,Positive
2023-11-28,209.0,2023-11-28,0.2470296770334244,Positive,0.5323420315980911,Positive
2023-11-27,210.2,,0.0,Neutral,0.26617101579904556,Positive
2023-11-26,215.0,,0.0,Neutral,0.0617574192583561,Slightly Positive
2023-11-23,211.0,,0.0,Neutral,0.0,Neutral
2023-11-22,207.0,,0.0,Neutral,0.0,Neutral
2023-11-21,202.0,,0.0,Neutral,0.0,Neutral
2023-11-20,208.0,2023-11-20,-0.0071662440896034,Neutral,-0.0071662440896034,Neutral
2023-11-09,205.0,,0.0,Neutral,-0.0035831220448017,Neutral
2023-11-08,206.0,,0.0,Neutral,-0.00179156102240085,Neutral
2023-11-07,207.0,,0.0,Neutral,0.0,Neutral
2023-11-06,203.0,,0.0,Neutral,0.0,Neutral
2023-11-05,201.1,2023-11-05,0.7400195002555847,Strongly Positive,0.7400195002555847,Strongly Positive
2023-11-02,204.0,,0.0,Neutral,0.37000975012779236,Positive
2023-11-01,208.0,2023-11-01,0.0985844135284423,Slightly Positive,0.28358928859233845,Positive
2023-10-31,205.1,,0.0,Neutral,0.04929220676422115,Neutral
2023-10-30,212.0,,0.0,Neutral,0.024646103382110575,Neutral
2023-10-29,209.8,,0.0,Neutral,0.0,Neutral
2023-10-19,214.1,2023-10-19,0.8292142748832703,Strongly Positive,0.8292142748832703,Strongly Positive
2023-10-18,216.9,2023-10-18,0.2993601306031147,Positive,0.7139672680447499,Strongly Positive
2023-10-17,211.2,2023-10-17,0.3895330764353275,Positive,0.7465167104577024,Strongly Positive
2023-10-16,210.0,2023-10-16,0.8377037644386292,Strongly Positive,1.1073103353070717,Strongly Positive
2023-10-12,213.0,,0.0,Neutral,0.5162351513281465,Positive
2023-10-11,214.0,,0.0,Neutral,0.2094259411096573,Positive
2023-10-10,212.0,,0.0,Neutral,0.0,Neutral
2023-10-09,214.3,2023-10-09,0.9241541624069214,Strongly Positive,0.9241541624069214,Strongly Positive
2023-10-08,219.0,2023-10-08,0.9193177223205566,Strongly Positive,1.3813948035240173,Strongly Positive
2023-10-05,226.6,,0.0,Neutral,0.6906974017620087,Strongly Positive
2023-10-04,232.0,2023-10-04,0.141101211309433,Slightly Positive,0.37093064188957214,Positive
2023-10-03,226.0,,0.0,Neutral,0.0705506056547165,Slightly Positive
2023-10-02,229.6,2023-10-02,0.8697748184204102,Strongly Positive,0.9050501212477684,Strongly Positive
2023-10-01,223.8,2023-10-01,0.9149264097213744,Strongly Positive,1.3498138189315796,Strongly Positive
2023-09-27,230.0,,0.0,Neutral,0.6749069094657898,Strongly Positive
2023-09-26,236.0,2023-09-26,0.1121289655566215,Slightly Positive,0.34086056798696507,Positive
2023-09-25,229.9,2023-09-25,0.9218896627426147,Strongly Positive,0.9779541455209255,Strongly Positive
2023-09-24,228.5,2023-09-24,0.8438069820404053,Strongly Positive,1.332784054800868,Strongly Positive
2023-09-21,238.5,,0.0,Neutral,0.6523759067058563,Strongly Positive
2023-09-19,220.0,,0.0,Neutral,0.21095174551010132,Positive
2023-09-18,204.0,2023-09-18,0.8191651403903961,Strongly Positive,0.8191651403903961,Strongly Positive
2023-09-17,202.0,2023-09-17,0.2316693365573883,Positive,0.6412519067525864,Strongly Positive
2023-09-13,207.7,,0.0,Neutral,0.3206259533762932,Positive
2023-09-12,195.0,,0.0,Neutral,0.057917334139347076,Slightly Positive
2023-09-11,200.0,2023-09-11,-0.1270755678415298,Slightly Negative,-0.1270755678415298,Slightly Negative
2023-09-10,192.4,,0.0,Neutral,-0.0635377839207649,Slightly Negative
2023-09-07,193.1,,0.0,Neutral,-0.03176889196038245,Neutral
2023-09-05,199.0,,0.0,Neutral,0.0,Neutral
2023-09-04,200.0,,0.0,Neutral,0.0,Neutral
2023-09-03,201.0,,0.0,Neutral,0.0,Neutral
2023-08-30,203.0,,0.0,Neutral,0.0,Neutral
2023-08-29,205.7,,0.0,Neutral,0.0,Neutral
2023-08-28,210.0,,0.0,Neutral,0.0,Neutral
2023-08-27,208.2,,0.0,Neutral,0.0,Neutral
2023-08-24,211.0,,0.0,Neutral,0.0,Neutral
2023-08-23,218.5,,0.0,Neutral,0.0,Neutral
2023-08-22,210.1,,0.0,Neutral,0.0,Neutral
2023-08-21,207.0,,0.0,Neutral,0.0,Neutral
2023-08-20,209.1,2023-08-20,0.4706372022628784,Positive,0.4706372022628784,Positive
2023-08-17,217.0,,0.0,Neutral,0.2353186011314392,Positive
2023-08-16,216.1,,0.0,Neutral,0.1176593005657196,Slightly Positive
2023-08-15,219.0,2023-08-15,0.0367373526096344,Neutral,0.0367373526096344,Neutral
2023-08-14,226.0,,0.0,Neutral,0.0183686763048172,Neutral
2023-08-13,228.2,2023-08-13,0.3550106883049011,Positive,0.3641950264573097,Positive
2023-08-10,232.0,2023-08-10,0.6593401432037354,Strongly Positive,0.8368454873561859,Strongly Positive
2023-08-09,231.0,,0.0,Neutral,0.41842274367809296,Positive
2023-08-08,226.0,2023-08-08,0.0437265634536743,Neutral,0.20856159925460815,Positive
2023-08-07,226.0,2023-08-07,0.7810200452804565,Strongly Positive,0.8028833270072937,Strongly Positive
2023-08-06,227.1,2023-08-06,0.2109157014638185,Positive,0.6123573649674654,Strongly Positive
2023-08-03,233.5,,0.0,Neutral,0.3007128620520234,Positive
2023-08-02,234.0,2023-08-02,-0.4065877497196197,Negative,-0.35385882435366506,Negative
2023-08-01,234.0,,0.0,Neutral,-0.20329387485980985,Negative
2023-07-31,243.2,,0.0,Neutral,-0.10164693742990492,Slightly Negative
2023-07-30,245.0,,0.0,Neutral,0.0,Neutral
2023-07-27,250.1,,0.0,Neutral,0.0,Neutral
2023-07-26,256.0,,0.0,Neutral,0.0,Neutral
2023-07-25,260.0,,0.0,Neutral,0.0,Neutral
2023-07-24,260.0,2023-07-24,-0.4698981344699859,Negative,-0.4698981344699859,Negative
2023-07-23,262.0,,0.0,Neutral,-0.23494906723499295,Negative
2023-07-20,255.1,,0.0,Neutral,-0.11747453361749648,Slightly Negative
2023-07-19,257.0,,0.0,Neutral,0.0,Neutral
2023-07-18,261.0,,0.0,Neutral,0.0,Neutral
2023-07-17,259.0,,0.0,Neutral,0.0,Neutral
2023-07-16,255.0,2023-07-16,0.883343517780304,Strongly Positive,0.883343517780304,Strongly Positive
2023-07-13,258.4,,0.0,Neutral,0.441671758890152,Positive
2023-07-12,263.9,,0.0,Neutral,0.220835879445076,Positive
2023-07-11,243.3,2023-07-11,-0.3590094149112701,Negative,-0.3590094149112701,Negative
2023-07-10,244.1,,0.0,Neutral,-0.17950470745563504,Slightly Negative
2023-07-09,249.0,2023-07-09,0.5350947976112366,Positive,0.44534244388341904,Positive
2023-07-06,253.0,,0.0,Neutral,0.2675473988056183,Positive
2023-07-05,268.2,2023-07-05,0.4177348017692566,Positive,0.5515085011720657,Positive
2023-07-04,269.8,2023-07-04,-0.20897176861763,Negative,-0.00010436773300170898,Neutral
2023-07-03,273.8,2023-07-03,0.7068891525268555,Strongly Positive,0.7068369686603546,Strongly Positive
2023-07-02,273.0,,0.0,Neutral,0.30120163410902023,Positive
2023-06-28,284.0,,0.0,Neutral,0.17672228813171387,Slightly Positive
2023-06-27,289.0,,0.0,Neutral,0.0,Neutral
2023-06-26,288.1,,0.0,Neutral,0.0,Neutral
2023-06-25,296.5,,0.0,Neutral,0.0,Neutral
2023-06-22,294.8,2023-06-22,0.873332142829895,Strongly Positive,0.873332142829895,Strongly Positive
2023-06-21,299.8,,0.0,Neutral,0.4366660714149475,Positive
2023-06-20,304.0,,0.0,Neutral,0.21833303570747375,Positive
2023-06-19,313.0,,0.0,Neutral,0.0,Neutral
2023-06-18,304.0,,0.0,Neutral,0.0,Neutral
2023-06-15,296.1,2023-06-15,0.4683806300163269,Positive,0.4683806300163269,Positive
2023-06-14,302.5,2023-06-14,0.4930647611618042,Positive,0.7272550761699677,Strongly Positive
2023-06-13,299.0,2023-06-13,0.7564454078674316,Strongly Positive,1.1200729459524155,Strongly Positive
2023-06-12,296.0,2023-06-12,0.7213075160980225,Strongly Positive,1.2227964103221893,Strongly Positive
2023-06-11,301.0,,0.0,Neutral,0.5497651100158691,Positive
2023-06-08,295.0,2023-06-08,0.7539471387863159,Strongly Positive,0.9342740178108215,Strongly Positive
2023-06-07,299.8,2023-06-07,0.4957673549652099,Positive,0.8727409243583679,Strongly Positive
2023-06-06,295.1,2023-06-06,0.7798135876655579,Strongly Positive,1.2161840498447418,Strongly Positive
2023-06-05,289.0,,0.0,Neutral,0.5138486325740814,Positive
2023-06-04,287.0,,0.0,Neutral,0.19495339691638947,Slightly Positive
2023-06-01,278.0,2023-06-01,0.4650955200195312,Positive,0.4650955200195312,Positive
2023-05-31,275.0,2023-05-31,0.9306153655052184,Strongly Positive,1.163163125514984,Strongly Positive
2023-05-30,283.0,,0.0,Neutral,0.581581562757492,Positive
2023-05-28,290.0,,0.0,Neutral,0.2326538413763046,Positive
2023-05-24,295.9,2023-05-24,0.6379044055938721,Strongly Positive,0.6379044055938721,Strongly Positive
2023-05-23,299.0,,0.0,Neutral,0.31895220279693604,Positive
2023-05-22,288.0,,0.0,Neutral,0.15947610139846802,Slightly Positive
2023-05-21,286.0,2023-05-21,0.2752208411693573,Positive,0.2752208411693573,Positive
2023-05-18,290.0,2023-05-18,-0.428337037563324,Negative,-0.2907266169786453,Negative
2023-05-17,279.1,2023-05-17,-0.1411273777484893,Slightly Negative,-0.28649068623781193,Negative
2023-05-16,273.0,,0.0,Neutral,-0.17764794826507563,Slightly Negative
2023-05-15,274.0,,0.0,Neutral,-0.035281844437122324,Neutral
2023-05-14,269.9,,0.0,Neutral,0.0,Neutral
2023-05-11,274.0,,0.0,Neutral,0.0,Neutral
2023-05-10,277.0,2023-05-10,0.3141437768936157,Positive,0.3141437768936157,Positive
2023-05-09,278.7,2023-05-09,0.6824951767921448,Strongly Positive,0.8395670652389526,Strongly Positive
2023-05-08,275.0,,0.0,Neutral,0.4197835326194763,Positive
2023-05-07,282.0,2023-05-07,-0.1594992876052856,Slightly Negative,0.011124506592750605,Neutral
2023-05-04,284.0,,0.0,Neutral,-0.0797496438026428,Slightly Negative
2023-05-03,281.0,2023-05-03,-0.3371529579162597,Negative,-0.3770277798175811,Negative
2023-05-02,286.7,,0.0,Neutral,-0.16857647895812986,Slightly Negative
2023-04-30,286.0,2023-04-30,0.5406634211540222,Positive,0.4563751816749573,Positive
2023-04-27,292.0,2023-04-27,0.3818577229976654,Positive,0.6521894335746765,Strongly Positive
2023-04-26,292.0,,0.0,Neutral,0.32609471678733826,Positive
2023-04-25,297.0,,0.0,Neutral,0.09546443074941635,Slightly Positive
2023-04-24,294.0,,0.0,Neutral,0.0,Neutral
2023-04-23,291.0,,0.0,Neutral,0.0,Neutral
2023-04-20,300.0,2023-04-20,0.1440556347370147,Slightly Positive,0.1440556347370147,Slightly Positive
2023-04-19,307.0,,0.0,Neutral,0.07202781736850734,Slightly Positive
2023-04-18,305.2,,0.0,Neutral,0.03601390868425367,Neutral
2023-04-17,310.0,,0.0,Neutral,0.0,Neutral
2023-04-16,300.0,,0.0,Neutral,0.0,Neutral
2023-04-13,300.0,,0.0,Neutral,0.0,Neutral
2023-04-12,305.0,,0.0,Neutral,0.0,Neutral
2023-04-11,290.5,,0.0,Neutral,0.0,Neutral
2023-04-10,276.1,,0.0,Neutral,0.0,Neutral
2023-04-09,275.0,,0.0,Neutral,0.0,Neutral
2023-04-06,287.0,,0.0,Neutral,0.0,Neutral
2023-04-05,291.2,,0.0,Neutral,0.0,Neutral
2023-04-04,289.7,,0.0,Neutral,0.0,Neutral
2023-04-03,288.2,,0.0,Neutral,0.0,Neutral
2023-04-02,295.0,,0.0,Neutral,0.0,Neutral
2023-03-30,298.9,,0.0,Neutral,0.0,Neutral
2023-03-29,300.4,,0.0,Neutral,0.0,Neutral
2023-03-28,303.0,,0.0,Neutral,0.0,Neutral
2023-03-27,300.0,,0.0,Neutral,0.0,Neutral
2023-03-26,293.0,,0.0,Neutral,0.0,Neutral
2023-03-23,297.0,2023-03-23,0.052819263190031,Slightly Positive,0.052819263190031,Slightly Positive
2023-03-22,300.0,,0.0,Neutral,0.0264096315950155,Neutral
2023-03-20,304.0,,0.0,Neutral,0.01320481579750775,Neutral
2023-03-19,299.0,,0.0,Neutral,0.0,Neutral
2023-03-16,300.0,,0.0,Neutral,0.0,Neutral
2023-03-15,301.0,,0.0,Neutral,0.0,Neutral
2023-03-14,303.0,,0.0,Neutral,0.0,Neutral
2023-03-13,302.8,,0.0,Neutral,0.0,Neutral
2023-03-12,303.0,,0.0,Neutral,0.0,Neutral
2023-03-09,304.0,,0.0,Neutral,0.0,Neutral
2023-03-07,293.0,,0.0,Neutral,0.0,Neutral
2023-03-05,288.0,,0.0,Neutral,0.0,Neutral
2023-03-02,292.0,,0.0,Neutral,0.0,Neutral
2023-03-01,302.0,,0.0,Neutral,0.0,Neutral
2023-02-28,306.0,,0.0,Neutral,0.0,Neutral
2023-02-27,304.0,,0.0,Neutral,0.0,Neutral
2023-02-26,302.0,,0.0,Neutral,0.0,Neutral
2023-02-23,303.1,,0.0,Neutral,0.0,Neutral
2023-02-22,312.0,,0.0,Neutral,0.0,Neutral
2023-02-20,302.0,,0.0,Neutral,0.0,Neutral
2023-02-16,303.0,,0.0,Neutral,0.0,Neutral
2023-02-15,311.0,,0.0,Neutral,0.0,Neutral
2023-02-14,299.0,,0.0,Neutral,0.0,Neutral
2023-02-12,303.0,,0.0,Neutral,0.0,Neutral
2023-02-09,320.0,,0.0,Neutral,0.0,Neutral
2023-02-08,316.0,,0.0,Neutral,0.0,Neutral
2023-02-07,318.0,,0.0,Neutral,0.0,Neutral
2023-02-06,292.0,,0.0,Neutral,0.0,Neutral
2023-02-05,293.0,,0.0,Neutral,0.0,Neutral
2023-02-02,293.0,2023-02-02,-0.6716222763061523,Strongly Negative,-0.6716222763061523,Strongly Negative
2023-02-01,302.0,,0.0,Neutral,-0.33581113815307617,Negative
2023-01-31,333.0,,0.0,Neutral,-0.16790556907653809,Slightly Negative
2023-01-30,334.9,,0.0,Neutral,0.0,Neutral
2023-01-29,344.0,2023-01-29,-0.4091926515102386,Negative,-0.4091926515102386,Negative
2023-01-26,351.0,2023-01-26,0.9144240617752076,Strongly Positive,0.7098277360200883,Strongly Positive
2023-01-25,347.0,,0.0,Neutral,0.35491386801004415,Positive
2023-01-24,342.0,,0.0,Neutral,0.2286060154438019,Positive
2023-01-23,343.0,,0.0,Neutral,0.0,Neutral
2023-01-19,352.0,,0.0,Neutral,0.0,Neutral
2023-01-18,349.0,,0.0,Neutral,0.0,Neutral
2023-01-17,343.0,2023-01-17,-0.623460054397583,Strongly Negative,-0.623460054397583,Strongly Negative
2023-01-12,331.0,2023-01-12,0.5015150904655457,Positive,0.18978506326675415,Slightly Positive
2023-01-10,340.0,2023-01-10,-0.2437212616205215,Negative,-0.14882872998714441,Slightly Negative
2023-01-09,346.7,,0.0,Neutral,0.0035181418061256686,Neutral
2023-01-08,328.9,,0.0,Neutral,-0.06093031540513037,Slightly Negative
2023-01-05,326.9,,0.0,Neutral,0.0,Neutral
2023-01-04,315.0,,0.0,Neutral,0.0,Neutral
2023-01-03,296.5,,0.0,Neutral,0.0,Neutral
2023-01-02,299.0,2023-01-02,-0.3848305940628052,Negative,-0.3848305940628052,Negative
2023-01-01,303.2,,0.0,Neutral,-0.1924152970314026,Slightly Negative
2022-12-29,299.0,,0.0,Neutral,-0.0962076485157013,Slightly Negative
2022-12-28,285.0,,0.0,Neutral,0.0,Neutral
2022-12-27,284.9,,0.0,Neutral,0.0,Neutral
2022-12-26,272.8,,0.0,Neutral,0.0,Neutral
2022-12-22,250.1,,0.0,Neutral,0.0,Neutral
2022-12-21,253.8,2022-12-21,0.6173017024993896,Strongly Positive,0.6173017024993896,Strongly Positive
2022-12-20,255.0,,0.0,Neutral,0.3086508512496948,Positive
2022-12-19,254.0,,0.0,Neutral,0.1543254256248474,Slightly Positive
2022-12-18,254.0,,0.0,Neutral,0.0,Neutral
2022-12-15,262.5,,0.0,Neutral,0.0,Neutral
2022-12-14,267.8,,0.0,Neutral,0.0,Neutral
2022-12-13,267.0,2022-12-13,0.7148497700691223,Strongly Positive,0.7148497700691223,Strongly Positive
2022-12-12,273.0,,0.0,Neutral,0.35742488503456116,Positive
2022-12-11,269.0,,0.0,Neutral,0.17871244251728058,Slightly Positive
2022-12-07,270.0,,0.0,Neutral,0.0,Neutral
2022-12-06,272.8,,0.0,Neutral,0.0,Neutral
2022-12-05,272.0,,0.0,Neutral,0.0,Neutral
2022-12-04,277.1,,0.0,Neutral,0.0,Neutral
2022-12-01,275.0,,0.0,Neutral,0.0,Neutral
2022-11-30,277.0,,0.0,Neutral,0.0,Neutral
2022-11-29,278.0,,0.0,Neutral,0.0,Neutral
2022-11-28,276.0,2022-11-28,0.1627677381038665,Slightly Positive,0.1627677381038665,Slightly Positive
2022-11-27,281.0,,0.0,Neutral,0.08138386905193325,Slightly Positive
2022-11-24,275.0,,0.0,Neutral,0.040691934525966623,Neutral
2022-11-23,272.0,,0.0,Neutral,0.0,Neutral
2022-11-22,275.9,,0.0,Neutral,0.0,Neutral
2022-11-17,278.7,,0.0,Neutral,0.0,Neutral
2022-11-16,269.8,,0.0,Neutral,0.0,Neutral
2022-11-15,264.4,2022-11-15,0.7105873227119446,Strongly Positive,0.7105873227119446,Strongly Positive
2022-11-14,271.0,2022-11-14,-0.6556950807571411,Strongly Negative,-0.3004014194011688,Negative
2022-11-13,261.0,,0.0,Neutral,-0.1502007097005844,Slightly Negative
2022-11-10,256.5,2022-11-10,0.6085646748542786,Strongly Positive,0.4446409046649933,Positive
2022-11-09,265.5,,0.0,Neutral,0.3042823374271393,Positive
2022-11-08,279.9,,0.0,Neutral,0.15214116871356964,Slightly Positive
2022-11-07,279.0,,0.0,Neutral,0.0,Neutral
2022-11-06,283.5,,0.0,Neutral,0.0,Neutral
2022-11-03,275.0,,0.0,Neutral,0.0,Neutral
2022-11-02,278.0,,0.0,Neutral,0.0,Neutral
2022-11-01,276.0,,0.0,Neutral,0.0,Neutral
2022-10-31,258.0,2022-10-31,0.1629264950752258,Slightly Positive,0.1629264950752258,Slightly Positive
2022-10-23,261.9,2022-10-23,-0.0040155053138732,Neutral,0.07744774222373971,Slightly Positive
2022-10-20,258.0,,0.0,Neutral,0.038723871111869854,Neutral
2022-10-19,260.1,2022-10-19,0.903040885925293,Strongly Positive,0.9020370095968246,Strongly Positive
2022-10-17,269.5,2022-10-17,0.71620774269104,Strongly Positive,1.1677281856536865,Strongly Positive
2022-10-16,272.0,,0.0,Neutral,0.5838640928268433,Positive
2022-10-13,277.0,2022-10-13,0.5541855245828629,Positive,0.7332374602556229,Strongly Positive
2022-10-12,281.0,,0.0,Neutral,0.2770927622914314,Positive
2022-10-11,272.1,,0.0,Neutral,0.1385463811457157,Slightly Positive
2022-10-10,273.0,,0.0,Neutral,0.0,Neutral
2022-10-09,285.0,,0.0,Neutral,0.0,Neutral
2022-09-29,274.8,2022-09-29,0.9351661205291748,Strongly Positive,0.9351661205291748,Strongly Positive
2022-09-28,275.0,,0.0,Neutral,0.4675830602645874,Positive
2022-09-27,272.0,,0.0,Neutral,0.2337915301322937,Positive
2022-09-25,270.0,,0.0,Neutral,0.0,Neutral
2022-09-22,286.1,2022-09-22,0.9082857966423036,Strongly Positive,0.9082857966423036,Strongly Positive
2022-09-21,294.9,2022-09-21,0.534334659576416,Positive,0.9884775578975677,Strongly Positive
2022-09-20,292.0,,0.0,Neutral,0.4942387789487839,Positive
2022-09-18,306.0,,0.0,Neutral,0.133583664894104,Slightly Positive
2022-09-16,313.0,,0.0,Neutral,0.0,Neutral
2022-09-15,317.9,,0.0,Neutral,0.0,Neutral
2022-09-14,335.0,,0.0,Neutral,0.0,Neutral
2022-09-13,320.0,,0.0,Neutral,0.0,Neutral
2022-09-12,318.1,,0.0,Neutral,0.0,Neutral
2022-09-11,323.0,,0.0,Neutral,0.0,Neutral
2022-09-08,326.1,,0.0,Neutral,0.0,Neutral
2022-09-07,325.3,2022-09-07,0.006325364112854,Neutral,0.006325364112854,Neutral
2022-09-06,330.0,,0.0,Neutral,0.003162682056427,Neutral
2022-09-05,334.0,,0.0,Neutral,0.0015813410282135,Neutral
2022-09-04,336.0,,0.0,Neutral,0.0,Neutral
2022-09-02,334.5,,0.0,Neutral,0.0,Neutral
2022-09-01,335.8,2022-09-01,-0.2566113471984863,Negative,-0.2566113471984863,Negative
2022-08-31,333.0,,0.0,Neutral,-0.12830567359924314,Slightly Negative
2022-08-30,341.6,2022-08-30,0.0258980691432952,Neutral,-0.03825476765632636,Neutral
2022-08-29,344.0,,0.0,Neutral,0.0129490345716476,Neutral
2022-08-28,341.0,,0.0,Neutral,0.0064745172858238,Neutral
2022-08-26,349.0,,0.0,Neutral,0.0,Neutral
2022-08-25,353.3,,0.0,Neutral,0.0,Neutral
2022-08-24,363.1,2022-08-24,0.6355215311050415,Strongly Positive,0.6355215311050415,Strongly Positive
2022-08-23,360.0,2022-08-23,0.894823431968689,Strongly Positive,1.2125841975212097,Strongly Positive
2022-08-22,360.0,,0.0,Neutral,0.6062920987606049,Strongly Positive
2022-08-21,360.0,,0.0,Neutral,0.22370585799217224,Positive
2022-08-18,369.0,,0.0,Neutral,0.0,Neutral
2022-08-17,359.0,,0.0,Neutral,0.0,Neutral
2022-08-16,358.0,,0.0,Neutral,0.0,Neutral
2022-08-15,370.0,,0.0,Neutral,0.0,Neutral
2022-08-14,345.0,,0.0,Neutral,0.0,Neutral
2022-08-11,350.0,2022-08-11,-0.061613380908966,Slightly Negative,-0.061613380908966,Slightly Negative
2022-08-10,360.0,,0.0,Neutral,-0.030806690454483,Neutral
2022-08-09,359.0,,0.0,Neutral,-0.0154033452272415,Neutral
2022-08-08,372.0,,0.0,Neutral,0.0,Neutral
2022-08-07,379.0,2022-08-07,0.0195572879165411,Neutral,0.0195572879165411,Neutral
2022-08-05,375.0,2022-08-05,0.2184320390224456,Positive,0.22821068298071615,Positive
2022-08-04,383.0,,0.0,Neutral,0.11410534149035807,Slightly Positive
2022-08-03,399.0,2022-08-03,0.7975225448608398,Strongly Positive,0.8521305546164513,Strongly Positive
2022-08-02,396.0,,0.0,Neutral,0.3987612724304199,Positive
2022-08-01,394.1,2022-08-01,-0.2906584739685058,Negative,-0.09127783775329584,Slightly Negative
2022-07-31,385.0,2022-07-31,-0.3070221543312073,Negative,-0.4523513913154602,Negative
2022-07-29,376.0,2022-07-29,-0.1990431249141693,Slightly Negative,-0.4252188205718994,Negative
2022-07-28,379.9,,0.0,Neutral,-0.17627710103988647,Slightly Negative
2022-07-27,381.0,,0.0,Neutral,-0.04976078122854233,Neutral
2022-07-26,368.0,,0.0,Neutral,0.0,Neutral
2022-07-25,374.5,,0.0,Neutral,0.0,Neutral
2022-07-24,360.9,,0.0,Neutral,0.0,Neutral
2022-07-22,343.1,,0.0,Neutral,0.0,Neutral
2022-07-21,352.0,,0.0,Neutral,0.0,Neutral
2022-07-20,357.0,,0.0,Neutral,0.0,Neutral
2022-07-19,357.5,,0.0,Neutral,0.0,Neutral
2022-07-18,357.1,,0.0,Neutral,0.0,Neutral
2022-07-17,352.2,,0.0,Neutral,0.0,Neutral
2022-07-15,356.1,2022-07-15,-0.1234379112720489,Slightly Negative,-0.1234379112720489,Slightly Negative
2022-07-14,364.8,,0.0,Neutral,-0.06171895563602445,Slightly Negative
2022-07-13,358.0,2022-07-13,0.9082242250442504,Strongly Positive,0.8773647472262381,Strongly Positive
2022-07-12,341.0,,0.0,Neutral,0.4541121125221252,Positive
2022-07-11,335.8,,0.0,Neutral,0.2270560562610626,Positive
2022-07-08,347.0,,0.0,Neutral,0.0,Neutral
2022-07-07,363.0,,0.0,Neutral,0.0,Neutral
2022-07-06,368.0,,0.0,Neutral,0.0,Neutral
2022-07-05,364.0,,0.0,Neutral,0.0,Neutral
2022-07-04,370.0,2022-07-04,-0.2904195189476013,Negative,-0.2904195189476013,Negative
2022-07-03,379.0,,0.0,Neutral,-0.14520975947380066,Slightly Negative
2022-07-01,365.0,,0.0,Neutral,-0.07260487973690033,Slightly Negative
2022-06-30,371.0,2022-06-30,-0.2598440945148468,Negative,-0.2598440945148468,Negative
2022-06-29,352.0,,0.0,Neutral,-0.1299220472574234,Slightly Negative
2022-06-28,334.0,2022-06-28,0.4208382070064544,Positive,0.3558771833777427,Positive
2022-06-27,343.0,,0.0,Neutral,0.2104191035032272,Positive
2022-06-26,358.0,2022-06-26,-0.4419355690479278,Negative,-0.3367260172963142,Negative
2022-06-24,330.1,2022-06-24,0.5870148539543152,Positive,0.36604706943035126,Positive
2022-06-23,329.9,,0.0,Neutral,0.18302353471517563,Slightly Positive
2022-06-22,347.0,,0.0,Neutral,0.1467537134885788,Slightly Positive
2022-06-21,362.0,,0.0,Neutral,0.0,Neutral
2022-06-20,348.8,2022-06-20,0.5693178772926331,Positive,0.5693178772926331,Positive
2022-06-19,357.0,,0.0,Neutral,0.28465893864631653,Positive
2022-06-17,374.3,,0.0,Neutral,0.14232946932315826,Slightly Positive
2022-06-16,381.0,2022-06-16,0.8982492685317993,Strongly Positive,0.8982492685317993,Strongly Positive
2022-06-15,375.0,,0.0,Neutral,0.44912463426589966,Positive
2022-06-14,385.0,,0.0,Neutral,0.22456231713294983,Positive
2022-06-13,393.0,,0.0,Neutral,0.0,Neutral
2022-06-10,394.0,,0.0,Neutral,0.0,Neutral
2022-06-09,398.5,,0.0,Neutral,0.0,Neutral
2022-06-08,406.0,,0.0,Neutral,0.0,Neutral
2022-06-07,387.0,2022-06-07,0.2998286485671997,Positive,0.2998286485671997,Positive
2022-06-06,395.0,2022-06-06,0.0207726825028657,Neutral,0.17068700678646556,Slightly Positive
2022-06-03,397.0,,0.0,Neutral,0.08534350339323278,Slightly Positive
2022-06-02,400.0,2022-06-02,0.8461382985115051,Strongly Positive,0.8513314691372216,Strongly Positive
2022-06-01,403.0,2022-06-01,0.3814393877983093,Positive,0.8045085370540619,Strongly Positive
2022-05-31,397.9,,0.0,Neutral,0.40225426852703094,Positive
2022-05-30,400.0,,0.0,Neutral,0.09535984694957733,Slightly Positive
2022-05-27,411.0,,0.0,Neutral,0.0,Neutral
2022-05-26,416.9,,0.0,Neutral,0.0,Neutral
2022-05-25,416.0,,0.0,Neutral,0.0,Neutral
2022-05-24,411.0,2022-05-24,0.0325568914413452,Neutral,0.0325568914413452,Neutral
2022-05-23,400.9,,0.0,Neutral,0.0162784457206726,Neutral
2022-05-20,410.0,,0.0,Neutral,0.0081392228603363,Neutral
2022-05-19,413.0,,0.0,Neutral,0.0,Neutral
2022-05-18,421.0,2022-05-18,0.2235666513442993,Positive,0.2235666513442993,Positive
2022-05-17,407.0,,0.0,Neutral,0.11178332567214964,Slightly Positive
2022-05-12,435.5,,0.0,Neutral,0.05589166283607482,Slightly Positive
2022-05-11,450.0,,0.0,Neutral,0.0,Neutral
2022-05-10,419.0,,0.0,Neutral,0.0,Neutral
2022-05-09,398.0,,0.0,Neutral,0.0,Neutral
2022-05-08,400.0,,0.0,Neutral,0.0,Neutral
2022-05-05,382.0,,0.0,Neutral,0.0,Neutral
2022-05-04,389.1,,0.0,Neutral,0.0,Neutral
2022-05-02,395.7,,0.0,Neutral,0.0,Neutral
2022-04-28,417.2,,0.0,Neutral,0.0,Neutral
2022-04-27,422.0,,0.0,Neutral,0.0,Neutral
2022-04-26,415.0,2022-04-26,0.0814896821975708,Slightly Positive,0.0814896821975708,Slightly Positive
2022-04-25,421.0,,0.0,Neutral,0.0407448410987854,Neutral
2022-04-24,420.2,2022-04-24,0.4896917045116424,Positive,0.5100641250610352,Positive
2022-04-21,382.0,2022-04-21,0.435576420277357,Positive,0.6804222725331782,Strongly Positive
2022-04-20,371.9,2022-04-20,0.1363096833229065,Slightly Positive,0.4765208195894956,Positive
2022-04-19,390.0,2022-04-19,0.9145817756652832,Strongly Positive,1.0916307223960757,Strongly Positive
2022-04-18,387.5,2022-04-18,0.6108980178833008,Strongly Positive,1.102266326546669,Strongly Positive
2022-04-17,401.2,,0.0,Neutral,0.5340944528579712,Positive
2022-04-13,413.0,,0.0,Neutral,0.1527245044708252,Slightly Positive
2022-04-12,413.0,2022-04-12,0.5773056745529175,Positive,0.5773056745529175,Positive
2022-04-11,426.0,2022-04-11,0.8681013584136963,Strongly Positive,1.156754195690155,Strongly Positive
2022-04-07,440.0,,0.0,Neutral,0.5783770978450775,Positive
2022-04-06,433.0,2022-04-06,0.3428605794906616,Positive,0.5598859190940857,Positive
2022-04-05,439.0,2022-04-05,0.651929497718811,Strongly Positive,0.8233597874641418,Strongly Positive
2022-04-04,451.0,,0.0,Neutral,0.4116798937320709,Positive
2022-04-03,456.1,2022-04-03,-0.0272224247455596,Neutral,0.13575994968414315,Slightly Positive
2022-03-31,469.0,,0.0,Neutral,-0.0136112123727798,Neutral
2022-03-30,482.1,,0.0,Neutral,-0.0068056061863899,Neutral
2022-03-29,465.0,2022-03-29,0.8759951591491699,Strongly Positive,0.8759951591491699,Strongly Positive
2022-03-28,469.0,2022-03-28,0.6411234736442566,Strongly Positive,1.0791210532188416,Strongly Positive
2022-03-27,475.0,,0.0,Neutral,0.5395605266094208,Positive
2022-03-24,492.5,,0.0,Neutral,0.16028086841106415,Slightly Positive
2022-03-23,498.3,2022-03-23,-0.0178897380828857,Neutral,-0.0178897380828857,Neutral
2022-03-22,510.0,,0.0,Neutral,-0.00894486904144285,Neutral
2022-03-21,520.0,,0.0,Neutral,-0.004472434520721425,Neutral
2022-03-20,496.0,2022-03-20,0.8301899433135986,Strongly Positive,0.8301899433135986,Strongly Positive
2022-03-16,494.0,,0.0,Neutral,0.4150949716567993,Positive
2022-03-15,500.1,,0.0,Neutral,0.20754748582839966,Positive
2022-03-14,514.3,2022-03-14,0.5405178843066096,Positive,0.5405178843066096,Positive
2022-03-13,518.0,,0.0,Neutral,0.2702589421533048,Positive
2022-03-10,507.5,,0.0,Neutral,0.1351294710766524,Slightly Positive
2022-03-09,477.0,2022-03-09,-0.5977263450622559,Negative,-0.5977263450622559,Negative
2022-03-07,494.0,,0.0,Neutral,-0.29886317253112793,Negative
2022-03-06,495.0,,0.0,Neutral,-0.14943158626556396,Slightly Negative
2022-03-02,500.2,,0.0,Neutral,0.0,Neutral
2022-02-28,524.0,2022-02-28,0.4970417022705078,Positive,0.4970417022705078,Positive
2022-02-27,543.4,,0.0,Neutral,0.2485208511352539,Positive
2022-02-24,532.0,2022-02-24,0.5140209197998047,Positive,0.6382813453674316,Strongly Positive
2022-02-23,548.0,,0.0,Neutral,0.25701045989990234,Positive
2022-02-22,556.0,,0.0,Neutral,0.12850522994995117,Slightly Positive
2022-02-21,550.0,2022-02-21,0.5519900321960449,Positive,0.5519900321960449,Positive
2022-02-20,541.0,,0.0,Neutral,0.27599501609802246,Positive
2022-02-17,552.0,,0.0,Neutral,0.13799750804901123,Slightly Positive
2022-02-16,556.0,2022-02-16,0.5795700550079346,Positive,0.5795700550079346,Positive
2022-02-15,573.0,2022-02-15,-0.3125604093074798,Negative,-0.022775381803512518,Neutral
2022-02-14,541.0,2022-02-14,-0.5765681266784668,Negative,-0.5879558175802231,Negative
2022-02-13,543.0,2022-02-13,0.4978555937608083,Positive,0.13143142809470493,Slightly Positive
2022-02-10,575.0,,0.0,Neutral,0.10478576521078745,Slightly Positive
2022-02-09,573.0,,0.0,Neutral,0.12446389844020207,Slightly Positive
2022-02-08,574.0,2022-02-08,-0.0566993355751037,Slightly Negative,-0.0566993355751037,Slightly Negative
2022-02-07,590.5,2022-02-07,0.5250307619571686,Positive,0.49668109416961675,Positive
2022-02-06,599.0,,0.0,Neutral,0.24834054708480838,Positive
2022-02-03,593.0,2022-02-03,0.908535659313202,Strongly Positive,1.039793349802494,Strongly Positive
2022-02-01,563.0,,0.0,Neutral,0.454267829656601,Positive
2022-01-31,534.0,,0.0,Neutral,0.2271339148283005,Positive
2022-01-30,545.0,,0.0,Neutral,0.0,Neutral
2022-01-27,499.9,,0.0,Neutral,0.0,Neutral
2022-01-26,499.0,2022-01-26,0.4082410056143999,Positive,0.4082410056143999,Positive
2022-01-25,508.0,,0.0,Neutral,0.20412050280719995,Positive
2022-01-24,514.0,,0.0,Neutral,0.10206025140359998,Slightly Positive
2022-01-23,543.0,,0.0,Neutral,0.0,Neutral
2022-01-20,550.0,,0.0,Neutral,0.0,Neutral
2022-01-19,542.0,2022-01-19,0.3360106647014618,Positive,0.3360106647014618,Positive
2022-01-18,560.0,2022-01-18,0.3734949231147766,Positive,0.5415002554655075,Positive
2022-01-17,571.3,2022-01-17,0.4422468543052673,Positive,0.7129969820380211,Strongly Positive
2022-01-16,539.5,,0.0,Neutral,0.3144971579313278,Positive
2022-01-13,501.0,,0.0,Neutral,0.11056171357631682,Slightly Positive
2022-01-12,483.0,2022-01-12,-0.4808397889137268,Negative,-0.4808397889137268,Negative
2022-01-11,490.0,,0.0,Neutral,-0.2404198944568634,Negative
2022-01-10,485.0,2022-01-10,0.519367516040802,Positive,0.3991575688123703,Positive
2022-01-09,488.0,2022-01-09,0.7907711267471313,Strongly Positive,1.0504548847675323,Strongly Positive
2022-01-06,458.1,,0.0,Neutral,0.5252274423837662,Positive
2022-01-05,450.0,,0.0,Neutral,0.19769278168678284,Slightly Positive
2022-01-04,445.0,2022-01-04,0.65803462266922,Strongly Positive,0.65803462266922,Strongly Positive
2022-01-03,435.0,2022-01-03,0.0013054907321929,Neutral,0.33032280206680287,Positive
2022-01-02,442.0,,0.0,Neutral,0.16516140103340143,Slightly Positive
2021-12-29,429.8,,0.0,Neutral,0.000326372683048225,Neutral
2021-12-28,427.0,,0.0,Neutral,0.0,Neutral
2021-12-27,423.0,2021-12-27,0.1544867753982544,Slightly Positive,0.1544867753982544,Slightly Positive
2021-12-26,440.9,,0.0,Neutral,0.0772433876991272,Slightly Positive
2021-12-23,447.0,,0.0,Neutral,0.0386216938495636,Neutral
2021-12-22,437.8,,0.0,Neutral,0.0,Neutral
2021-12-21,398.0,2021-12-21,-0.6907034516334534,Strongly Negative,-0.6907034516334534,Strongly Negative
2021-12-20,377.0,,0.0,Neutral,-0.3453517258167267,Negative
2021-12-16,386.0,2021-12-16,0.7056154310703278,Strongly Positive,0.5329395681619644,Positive
2021-12-15,400.0,2021-12-15,-0.3610247150063515,Negative,-0.008216999471187647,Neutral
2021-12-14,398.2,2021-12-14,0.0240390766412019,Neutral,0.019930576905608066,Neutral
2021-12-13,362.0,,0.0,Neutral,-0.07823664043098694,Slightly Negative
2021-12-12,380.0,,0.0,Neutral,0.006009769160300475,Neutral
2021-12-09,401.0,2021-12-09,0.7948119044303894,Strongly Positive,0.7948119044303894,Strongly Positive
2021-12-08,401.5,,0.0,Neutral,0.3974059522151947,Positive
2021-12-07,420.0,,0.0,Neutral,0.19870297610759735,Slightly Positive
2021-12-06,438.0,2021-12-06,-0.0454929023981094,Neutral,-0.0454929023981094,Neutral
2021-12-05,424.0,2021-12-05,-0.3157088458538055,Negative,-0.3384552970528602,Negative
2021-12-02,444.0,,0.0,Neutral,-0.1692276485264301,Slightly Negative
2021-12-01,460.0,,0.0,Neutral,-0.07892721146345137,Slightly Negative
2021-11-30,462.0,2021-11-30,0.0353909358382225,Neutral,0.0353909358382225,Neutral
2021-11-29,459.0,,0.0,Neutral,0.01769546791911125,Neutral
2021-11-28,452.7,,0.0,Neutral,0.008847733959555624,Neutral
2021-11-25,474.0,2021-11-25,-0.1864838898181915,Slightly Negative,-0.1864838898181915,Slightly Negative
2021-11-24,480.0,2021-11-24,-0.2785083949565887,Negative,-0.37175033986568445,Negative
2021-11-23,477.0,2021-11-23,0.6356387138366699,Strongly Positive,0.44976354390382767,Positive
2021-11-22,490.0,2021-11-22,0.0131739825010299,Neutral,0.2613662406802177,Positive
2021-11-21,487.2,,0.0,Neutral,0.16549666970968244,Slightly Positive
2021-11-18,487.0,,0.0,Neutral,0.003293495625257475,Neutral
2021-11-17,498.0,2021-11-17,0.6861373782157898,Strongly Positive,0.6861373782157898,Strongly Positive
2021-11-16,509.0,2021-11-16,0.8141272664070129,Strongly Positive,1.1571959555149078,Strongly Positive
2021-11-15,490.0,2021-11-15,0.4076647162437439,Positive,0.9862626940011978,Strongly Positive
2021-11-14,475.0,2021-11-14,0.0491418664654096,Neutral,0.45650604118903476,Positive
2021-11-11,469.0,2021-11-11,0.2226513624191284,Positive,0.34913847471276915,Positive
2021-11-09,488.0,,0.0,Neutral,0.12361114782591659,Slightly Positive
2021-11-08,518.0,2021-11-08,0.4568291008472442,Positive,0.5124919414520263,Positive
2021-11-03,523.5,2021-11-03,0.2788993418216705,Positive,0.5073138922452926,Positive
2021-11-02,517.0,,0.0,Neutral,0.2536569461226463,Positive
2021-11-01,514.0,2021-11-01,0.1046939715743064,Slightly Positive,0.174418807029724,Slightly Positive
2021-10-31,536.0,,0.0,Neutral,0.0523469857871532,Slightly Positive
2021-10-28,505.0,,0.0,Neutral,0.0261734928935766,Neutral
2021-10-27,471.0,,0.0,Neutral,0.0,Neutral
2021-10-26,478.0,,0.0,Neutral,0.0,Neutral
2021-10-25,443.8,,0.0,Neutral,0.0,Neutral
2021-10-24,403.5,,0.0,Neutral,0.0,Neutral
2021-10-21,382.0,2021-10-21,0.8713273406028748,Strongly Positive,0.8713273406028748,Strongly Positive
2021-10-20,387.0,2021-10-20,0.6123760342597961,Strongly Positive,1.0480397045612335,Strongly Positive
2021-10-19,354.1,,0.0,Neutral,0.5240198522806168,Positive
2021-10-18,387.9,2021-10-18,0.8018708229064941,Strongly Positive,0.9549648314714432,Strongly Positive
2021-10-17,403.0,2021-10-17,0.9213525056838988,Strongly Positive,1.322287917137146,Strongly Positive
2021-10-11,405.0,2021-10-11,0.857159435749054,Strongly Positive,1.518303394317627,Strongly Positive
2021-10-10,424.9,,0.0,Neutral,0.6589178442955017,Strongly Positive
2021-10-06,443.0,2021-10-06,0.9232880473136902,Strongly Positive,1.1375779062509537,Strongly Positive
2021-10-05,437.7,2021-10-05,0.4259742498397827,Positive,0.8876182734966278,Strongly Positive
2021-10-04,426.0,2021-10-04,-0.1786015033721923,Slightly Negative,0.26520763337612163,Positive
2021-10-03,432.0,,0.0,Neutral,0.01719281077384953,Neutral
2021-09-30,467.0,,0.0,Neutral,-0.044650375843048075,Neutral
2021-09-29,490.0,2021-09-29,0.9257281422615052,Strongly Positive,0.9257281422615052,Strongly Positive
2021-09-28,458.0,2021-09-28,0.261738121509552,Positive,0.7246021926403046,Strongly Positive
2021-09-27,492.0,,0.0,Neutral,0.3623010963201523,Positive
2021-09-26,575.0,,0.0,Neutral,0.065434530377388,Slightly Positive
2021-09-23,614.0,2021-09-23,-0.5558741092681885,Negative,-0.5558741092681885,Negative
2021-09-22,642.0,,0.0,Neutral,-0.27793705463409424,Negative
2021-09-21,599.0,,0.0,Neutral,-0.13896852731704712,Slightly Negative
2021-09-20,601.0,,0.0,Neutral,0.0,Neutral
2021-09-16,654.0,2021-09-16,0.5890231132507324,Positive,0.5890231132507324,Positive
2021-09-15,675.3,,0.0,Neutral,0.2945115566253662,Positive
2021-09-14,695.0,,0.0,Neutral,0.1472557783126831,Slightly Positive
2021-09-13,704.9,,0.0,Neutral,0.0,Neutral
2021-09-12,735.1,2021-09-12,0.4431141316890716,Positive,0.4431141316890716,Positive
2021-09-09,703.6,,0.0,Neutral,0.2215570658445358,Positive
2021-09-08,675.0,,0.0,Neutral,0.1107785329222679,Slightly Positive
2021-09-07,680.1,,0.0,Neutral,0.0,Neutral
2021-09-06,705.6,,0.0,Neutral,0.0,Neutral
2021-09-05,641.5,,0.0,Neutral,0.0,Neutral
2021-09-02,694.0,,0.0,Neutral,0.0,Neutral
2021-09-01,726.0,,0.0,Neutral,0.0,Neutral
2021-08-31,737.0,,0.0,Neutral,0.0,Neutral
2021-08-29,775.0,,0.0,Neutral,0.0,Neutral
2021-08-26,720.5,,0.0,Neutral,0.0,Neutral
2021-08-25,655.0,,0.0,Neutral,0.0,Neutral
2021-08-24,670.0,,0.0,Neutral,0.0,Neutral
2021-08-19,697.0,2021-08-19,0.5259397625923157,Positive,0.5259397625923157,Positive
2021-08-18,690.8,,0.0,Neutral,0.26296988129615784,Positive
2021-08-17,628.0,,0.0,Neutral,0.13148494064807892,Slightly Positive
2021-08-16,603.0,2021-08-16,0.146904706954956,Slightly Positive,0.146904706954956,Slightly Positive
2021-08-15,592.0,,0.0,Neutral,0.073452353477478,Slightly Positive
2021-08-12,629.0,,0.0,Neutral,0.036726176738739,Neutral
2021-08-11,630.0,,0.0,Neutral,0.0,Neutral
2021-08-10,603.0,,0.0,Neutral,0.0,Neutral
2021-08-09,628.0,,0.0,Neutral,0.0,Neutral
2021-08-08,601.0,,0.0,Neutral,0.0,Neutral
2021-08-05,579.0,,0.0,Neutral,0.0,Neutral
2021-08-04,600.0,2021-08-04,-0.4183864593505859,Negative,-0.4183864593505859,Negative
2021-08-03,555.0,,0.0,Neutral,-0.20919322967529294,Negative
2021-08-02,538.0,,0.0,Neutral,-0.10459661483764647,Slightly Negative
2021-08-01,538.0,,0.0,Neutral,0.0,Neutral
2021-07-29,526.5,,0.0,Neutral,0.0,Neutral
2021-07-28,530.0,,0.0,Neutral,0.0,Neutral
2021-07-27,542.0,,0.0,Neutral,0.0,Neutral
2021-07-26,532.0,,0.0,Neutral,0.0,Neutral
2021-07-25,509.0,2021-07-25,-0.1586503386497497,Slightly Negative,-0.1586503386497497,Slightly Negative
2021-07-22,509.0,,0.0,Neutral,-0.07932516932487485,Slightly Negative
2021-07-20,513.9,,0.0,Neutral,-0.039662584662437425,Neutral
2021-07-19,481.9,,0.0,Neutral,0.0,Neutral
2021-07-18,475.0,,0.0,Neutral,0.0,Neutral
2021-07-15,480.0,2021-07-15,0.2684071958065033,Positive,0.2684071958065033,Positive
2021-07-14,465.0,,0.0,Neutral,0.13420359790325165,Slightly Positive
2021-07-13,451.0,,0.0,Neutral,0.06710179895162582,Slightly Positive
2021-07-12,444.0,,0.0,Neutral,0.0,Neutral
2021-07-11,459.0,2021-07-11,0.7197643518447876,Strongly Positive,0.7197643518447876,Strongly Positive
2021-07-08,432.0,,0.0,Neutral,0.3598821759223938,Positive
2021-07-07,424.0,2021-07-07,0.0943080335855484,Slightly Positive,0.2742491215467453,Positive
2021-07-06,432.0,,0.0,Neutral,0.0471540167927742,Neutral
2021-07-05,438.0,,0.0,Neutral,0.0235770083963871,Neutral
2021-07-04,447.0,,0.0,Neutral,0.0,Neutral
2021-07-01,448.0,,0.0,Neutral,0.0,Neutral
2021-06-30,440.0,2021-06-30,0.864063024520874,Strongly Positive,0.864063024520874,Strongly Positive
2021-06-29,442.0,,0.0,Neutral,0.432031512260437,Positive
2021-06-28,460.0,,0.0,Neutral,0.2160157561302185,Positive
2021-06-27,479.0,,0.0,Neutral,0.0,Neutral
2021-06-24,488.0,,0.0,Neutral,0.0,Neutral
2021-06-23,496.0,,0.0,Neutral,0.0,Neutral
2021-06-22,509.0,,0.0,Neutral,0.0,Neutral
2021-06-21,473.0,,0.0,Neutral,0.0,Neutral
2021-06-20,497.0,,0.0,Neutral,0.0,Neutral
2021-06-17,519.0,,0.0,Neutral,0.0,Neutral
2021-06-16,514.0,,0.0,Neutral,0.0,Neutral
2021-06-15,539.0,,0.0,Neutral,0.0,Neutral
2021-06-14,547.0,2021-06-14,0.6951586504777273,Strongly Positive,0.6951586504777273,Strongly Positive
2021-06-13,574.0,,0.0,Neutral,0.34757932523886365,Positive
2021-06-10,526.0,,0.0,Neutral,0.17378966261943182,Slightly Positive
2021-06-09,479.0,,0.0,Neutral,0.0,Neutral
2021-06-08,436.0,,0.0,Neutral,0.0,Neutral
2021-06-07,434.0,,0.0,Neutral,0.0,Neutral
2021-06-06,425.0,,0.0,Neutral,0.0,Neutral
2021-06-03,438.0,,0.0,Neutral,0.0,Neutral
2021-06-02,445.0,,0.0,Neutral,0.0,Neutral
2021-06-01,424.0,,0.0,Neutral,0.0,Neutral
2021-05-31,430.0,,0.0,Neutral,0.0,Neutral
2021-05-30,462.0,,0.0,Neutral,0.0,Neutral
2021-05-27,472.0,2021-05-27,0.2186865657567978,Positive,0.2186865657567978,Positive
2021-05-25,444.0,2021-05-25,0.655621349811554,Strongly Positive,0.7649646326899529,Strongly Positive
2021-05-24,430.0,,0.0,Neutral,0.3824823163449764,Positive
2021-05-23,400.0,,0.0,Neutral,0.1639053374528885,Slightly Positive
2021-05-20,380.0,,0.0,Neutral,0.0,Neutral
2021-05-19,377.0,,0.0,Neutral,0.0,Neutral
2021-05-18,360.0,,0.0,Neutral,0.0,Neutral
2021-05-17,329.0,,0.0,Neutral,0.0,Neutral
2021-05-16,313.0,2021-05-16,0.8713140487670898,Strongly Positive,0.8713140487670898,Strongly Positive
2021-05-13,313.0,,0.0,Neutral,0.4356570243835449,Positive
2021-05-12,305.0,,0.0,Neutral,0.21782851219177246,Positive
2021-05-11,305.0,,0.0,Neutral,0.0,Neutral
2021-05-10,300.0,,0.0,Neutral,0.0,Neutral
2021-05-09,302.0,,0.0,Neutral,0.0,Neutral
2021-05-06,307.0,,0.0,Neutral,0.0,Neutral
2021-05-05,314.0,,0.0,Neutral,0.0,Neutral
2021-05-04,306.0,,0.0,Neutral,0.0,Neutral
2021-05-03,299.0,,0.0,Neutral,0.0,Neutral
2021-05-02,303.0,2021-05-02,0.1060797721147537,Slightly Positive,0.1060797721147537,Slightly Positive
2021-04-29,288.0,2021-04-29,-0.3356136381626129,Negative,-0.28257375210523605,Negative
2021-04-28,273.0,2021-04-28,0.0036563519388437,Neutral,-0.13763052411377433,Slightly Negative
2021-04-27,270.0,,0.0,Neutral,-0.08207523357123138,Slightly Negative
2021-04-26,247.0,,0.0,Neutral,0.000914087984710925,Neutral
2021-04-25,253.0,,0.0,Neutral,0.0,Neutral
2021-04-22,262.0,,0.0,Neutral,0.0,Neutral
2021-04-21,262.0,2021-04-21,-0.5364495515823364,Negative,-0.5364495515823364,Negative
2021-04-20,266.0,2021-04-20,-0.8707112669944763,Strongly Negative,-1.1389360427856445,Strongly Negative
2021-04-19,253.0,,0.0,Neutral,-0.5694680213928223,Negative
2021-04-18,256.0,2021-04-18,-0.4178709387779236,Negative,-0.6355487555265427,Strongly Negative
2021-04-15,261.0,,0.0,Neutral,-0.2089354693889618,Negative
2021-04-13,260.0,2021-04-13,-0.5402607917785645,Negative,-0.6447285264730453,Strongly Negative
2021-04-12,261.0,,0.0,Neutral,-0.2701303958892822,Negative
2021-04-08,264.0,,0.0,Neutral,-0.1350651979446411,Slightly Negative
2021-04-07,267.0,,0.0,Neutral,0.0,Neutral
2021-04-06,277.0,,0.0,Neutral,0.0,Neutral
2021-04-05,277.0,2021-04-05,-0.4910283088684082,Negative,-0.4910283088684082,Negative
2021-04-04,272.0,,0.0,Neutral,-0.2455141544342041,Negative
2021-04-01,255.0,2021-04-01,0.1322474330663681,Slightly Positive,0.009490355849266052,Neutral
2021-03-31,244.0,,0.0,Neutral,0.06612371653318405,Slightly Positive
2021-03-30,243.0,,0.0,Neutral,0.033061858266592026,Neutral
2021-03-29,245.0,2021-03-29,0.849197268486023,Strongly Positive,0.849197268486023,Strongly Positive
2021-03-25,245.0,,0.0,Neutral,0.4245986342430115,Positive
2021-03-24,249.0,2021-03-24,-0.4105883538722992,Negative,-0.19828903675079346,Slightly Negative
2021-03-23,253.0,2021-03-23,0.8062120676040649,Strongly Positive,0.6009178906679153,Strongly Positive
2021-03-22,260.0,2021-03-22,-0.3435660600662231,Negative,-0.04310711473226542,Neutral
2021-03-21,313.0,,0.0,Neutral,0.02976998686790469,Neutral
2021-03-18,321.0,,0.0,Neutral,-0.08589151501655577,Slightly Negative
2021-03-17,327.0,,0.0,Neutral,0.0,Neutral
2021-03-16,322.0,,0.0,Neutral,0.0,Neutral
2021-03-15,335.0,,0.0,Neutral,0.0,Neutral
2021-03-14,350.0,2021-03-14,0.3672319650650024,Positive,0.3672319650650024,Positive
2021-03-10,357.0,,0.0,Neutral,0.1836159825325012,Slightly Positive
2021-03-09,370.0,,0.0,Neutral,0.0918079912662506,Slightly Positive
2021-03-07,345.0,2021-03-07,0.8898645639419556,Strongly Positive,0.8898645639419556,Strongly Positive
2021-03-04,338.0,,0.0,Neutral,0.4449322819709778,Positive
2021-03-03,332.0,,0.0,Neutral,0.2224661409854889,Positive
2021-03-02,321.0,2021-03-02,-0.438233733177185,Negative,-0.438233733177185,Negative
2021-03-01,330.0,,0.0,Neutral,-0.2191168665885925,Negative
2021-02-28,316.0,,0.0,Neutral,-0.10955843329429625,Slightly Negative
2021-02-25,335.0,,0.0,Neutral,0.0,Neutral
2021-02-24,344.0,2021-02-24,-0.4131810963153839,Negative,-0.4131810963153839,Negative
2021-02-23,361.0,,0.0,Neutral,-0.20659054815769196,Negative
2021-02-22,344.0,,0.0,Neutral,-0.10329527407884598,Slightly Negative
2021-02-21,330.0,2021-02-21,-0.5976194143295288,Negative,-0.5976194143295288,Negative
2021-02-18,316.0,,0.0,Neutral,-0.2988097071647644,Negative
2021-02-17,314.0,,0.0,Neutral,-0.1494048535823822,Slightly Negative
2021-02-16,315.0,,0.0,Neutral,0.0,Neutral
2021-02-15,325.0,,0.0,Neutral,0.0,Neutral
2021-02-14,303.0,,0.0,Neutral,0.0,Neutral
2021-02-11,291.0,,0.0,Neutral,0.0,Neutral
2021-02-10,281.0,2021-02-10,0.4726470112800598,Positive,0.4726470112800598,Positive
2021-02-09,278.0,2021-02-09,-0.5642222166061401,Negative,-0.32789871096611023,Negative
2021-02-08,278.0,2021-02-08,-0.4620852768421173,Negative,-0.6260346323251724,Strongly Negative
2021-02-07,284.0,,0.0,Neutral,-0.3720981925725937,Negative
2021-02-04,270.0,2021-02-04,-0.4566866755485534,Negative,-0.5722079947590828,Negative
2021-02-03,253.0,,0.0,Neutral,-0.2283433377742767,Negative
2021-02-02,242.0,,0.0,Neutral,-0.11417166888713835,Slightly Negative
2021-02-01,242.0,,0.0,Neutral,0.0,Neutral
2021-01-31,242.0,2021-01-31,0.0300732478499412,Neutral,0.0300732478499412,Neutral
2021-01-28,246.0,2021-01-28,0.7391324043273926,Strongly Positive,0.7541690282523632,Strongly Positive
2021-01-27,248.0,2021-01-27,0.9172951579093932,Strongly Positive,1.294379672035575,Strongly Positive
2021-01-26,249.0,2021-01-26,-0.5346378684043884,Negative,0.10879281163215632,Slightly Positive
2021-01-25,252.0,,0.0,Neutral,-0.037995144724845914,Neutral
2021-01-24,253.0,,0.0,Neutral,-0.1336594671010971,Slightly Negative
2021-01-21,243.0,2021-01-21,-0.8496271967887878,Strongly Negative,-0.8496271967887878,Strongly Negative
2021-01-20,235.0,,0.0,Neutral,-0.4248135983943939,Negative
2021-01-19,233.0,,0.0,Neutral,-0.21240679919719696,Negative
2021-01-18,231.0,,0.0,Neutral,0.0,Neutral
2021-01-17,235.0,2021-01-17,0.3041101396083832,Positive,0.3041101396083832,Positive
2021-01-13,234.0,2021-01-13,0.4864499568939209,Positive,0.6385050266981125,Strongly Positive
2021-01-12,229.0,,0.0,Neutral,0.31925251334905624,Positive
2021-01-11,226.0,2021-01-11,-0.3791023790836334,Negative,-0.2574898898601532,Negative
2021-01-10,229.0,2021-01-10,-0.4561843276023865,Negative,-0.6457355171442032,Strongly Negative
2021-01-07,235.0,2021-01-07,0.698971003293991,Strongly Positive,0.3761032447218894,Positive
2021-01-06,225.0,,0.0,Neutral,0.23543941974639887,Positive
2021-01-05,226.0,,0.0,Neutral,0.17474275082349774,Slightly Positive
2021-01-04,210.0,,0.0,Neutral,0.0,Neutral
2021-01-03,208.0,2021-01-03,-0.3271416127681732,Negative,-0.3271416127681732,Negative
2020-12-31,207.0,,0.0,Neutral,-0.1635708063840866,Slightly Negative
2020-12-30,207.0,2020-12-30,-0.4411584436893463,Negative,-0.5229438468813896,Negative
2020-12-29,209.0,,0.0,Neutral,-0.22057922184467316,Negative
2020-12-28,211.0,,0.0,Neutral,-0.11028961092233658,Slightly Negative
2020-12-27,210.0,,0.0,Neutral,0.0,Neutral
2020-12-24,215.0,2020-12-24,0.512558102607727,Positive,0.512558102607727,Positive
2020-12-23,213.0,,0.0,Neutral,0.2562790513038635,Positive
2020-12-22,219.0,,0.0,Neutral,0.12813952565193176,Slightly Positive
2020-12-21,208.0,2020-12-21,-0.5311627984046936,Negative,-0.5311627984046936,Negative
2020-12-20,208.0,,0.0,Neutral,-0.2655813992023468,Negative
2020-12-17,218.0,2020-12-17,0.6602139472961426,Strongly Positive,0.5274232476949692,Positive
2020-12-16,224.0,2020-12-16,0.6675947904586792,Strongly Positive,0.9977017641067505,Strongly Positive
2020-12-15,223.0,,0.0,Neutral,0.49885088205337524,Positive
2020-12-14,230.0,,0.0,Neutral,0.1668986976146698,Slightly Positive
2020-12-13,232.0,,0.0,Neutral,0.0,Neutral
2020-12-10,246.0,,0.0,Neutral,0.0,Neutral
2020-12-09,255.0,2020-12-09,0.1103778183460235,Slightly Positive,0.1103778183460235,Slightly Positive
2020-12-08,270.0,,0.0,Neutral,0.05518890917301175,Slightly Positive
2020-12-07,252.0,2020-12-07,0.6842315196990967,Strongly Positive,0.7118259742856026,Strongly Positive
2020-12-06,236.0,,0.0,Neutral,0.34211575984954834,Positive
2020-12-03,240.0,,0.0,Neutral,0.17105787992477417,Slightly Positive
2020-12-02,245.0,,0.0,Neutral,0.0,Neutral
2020-12-01,251.0,,0.0,Neutral,0.0,Neutral
2020-11-30,252.0,,0.0,Neutral,0.0,Neutral
2020-11-29,246.0,,0.0,Neutral,0.0,Neutral
2020-11-26,247.0,,0.0,Neutral,0.0,Neutral
2020-11-25,253.0,2020-11-25,0.8829460740089417,Strongly Positive,0.8829460740089417,Strongly Positive
2020-11-24,257.0,,0.0,Neutral,0.4414730370044708,Positive
2020-11-23,253.0,,0.0,Neutral,0.2207365185022354,Positive
2020-11-22,250.0,,0.0,Neutral,0.0,Neutral
2020-11-19,253.0,,0.0,Neutral,0.0,Neutral
2020-11-18,241.0,2020-11-18,0.1508250832557678,Slightly Positive,0.1508250832557678,Slightly Positive
2020-11-12,249.0,,0.0,Neutral,0.0754125416278839,Slightly Positive
2020-11-11,252.0,,0.0,Neutral,0.03770627081394195,Neutral
2020-11-10,253.0,2020-11-10,0.0448877215385437,Neutral,0.0448877215385437,Neutral
2020-11-09,260.0,,0.0,Neutral,0.02244386076927185,Neutral
2020-11-08,268.0,,0.0,Neutral,0.011221930384635925,Neutral
2020-11-05,258.0,2020-11-05,0.9027197360992432,Strongly Positive,0.9027197360992432,Strongly Positive
2020-11-04,251.0,,0.0,Neutral,0.4513598680496216,Positive
2020-11-03,251.0,,0.0,Neutral,0.2256799340248108,Positive
2020-11-02,257.0,,0.0,Neutral,0.0,Neutral
2020-11-01,241.0,,0.0,Neutral,0.0,Neutral
2020-10-29,233.0,,0.0,Neutral,0.0,Neutral
2020-10-28,239.0,,0.0,Neutral,0.0,Neutral
2020-10-22,232.0,,0.0,Neutral,0.0,Neutral
2020-10-21,234.0,2020-10-21,0.8985637426376343,Strongly Positive,0.8985637426376343,Strongly Positive
2020-10-20,238.0,,0.0,Neutral,0.44928187131881714,Positive
2020-10-19,232.0,2020-10-19,0.906398057937622,Strongly Positive,1.1310389935970306,Strongly Positive
2020-10-18,220.0,2020-10-18,0.8729951977729797,Strongly Positive,1.3261942267417908,Strongly Positive
2020-10-15,232.0,2020-10-15,0.6376285552978516,Strongly Positive,1.300725668668747,Strongly Positive
2020-10-14,237.0,,0.0,Neutral,0.5370630770921707,Positive
2020-10-13,249.0,,0.0,Neutral,0.1594071388244629,Slightly Positive
2020-10-12,260.0,,0.0,Neutral,0.0,Neutral
2020-10-11,255.0,,0.0,Neutral,0.0,Neutral
2020-10-08,269.0,,0.0,Neutral,0.0,Neutral
2020-10-07,262.0,,0.0,Neutral,0.0,Neutral
2020-10-06,240.0,,0.0,Neutral,0.0,Neutral
2020-10-05,250.0,,0.0,Neutral,0.0,Neutral
2020-10-04,237.0,,0.0,Neutral,0.0,Neutral
2020-10-01,229.0,,0.0,Neutral,0.0,Neutral
2020-09-30,214.0,,0.0,Neutral,0.0,Neutral
2020-09-29,209.0,,0.0,Neutral,0.0,Neutral
2020-09-28,199.0,,0.0,Neutral,0.0,Neutral
2020-09-27,193.0,,0.0,Neutral,0.0,Neutral
2020-09-24,197.0,,0.0,Neutral,0.0,Neutral
2020-09-23,180.0,,0.0,Neutral,0.0,Neutral
2020-09-22,164.0,,0.0,Neutral,0.0,Neutral
2020-09-21,171.0,,0.0,Neutral,0.0,Neutral
2020-09-20,167.0,,0.0,Neutral,0.0,Neutral
2020-09-17,178.0,,0.0,Neutral,0.0,Neutral
2020-09-16,162.0,2020-09-16,0.859821081161499,Strongly Positive,0.859821081161499,Strongly Positive
2020-09-15,148.0,2020-09-15,0.88677579164505,Strongly Positive,1.3166863322257996,Strongly Positive
2020-09-14,143.0,,0.0,Neutral,0.6583431661128998,Strongly Positive
2020-09-13,130.0,,0.0,Neutral,0.2216939479112625,Positive
2020-09-10,119.0,,0.0,Neutral,0.0,Neutral
2020-09-09,118.0,,0.0,Neutral,0.0,Neutral
2020-09-08,118.0,,0.0,Neutral,0.0,Neutral
2020-09-07,120.0,,0.0,Neutral,0.0,Neutral
2020-09-06,123.0,,0.0,Neutral,0.0,Neutral
2020-09-03,112.0,,0.0,Neutral,0.0,Neutral
2020-09-02,110.0,,0.0,Neutral,0.0,Neutral
2020-08-31,100.0,,0.0,Neutral,0.0,Neutral
2020-08-30,96.0,,0.0,Neutral,0.0,Neutral
2020-08-27,94.0,,0.0,Neutral,0.0,Neutral
2020-08-26,95.0,2020-08-26,0.4787486214190721,Positive,0.4787486214190721,Positive
2020-08-25,96.0,,0.0,Neutral,0.23937431070953605,Positive
2020-08-24,93.0,,0.0,Neutral,0.11968715535476802,Slightly Positive
2020-08-23,93.0,,0.0,Neutral,0.0,Neutral
2020-08-20,93.0,2020-08-20,0.3619968295097351,Positive,0.3619968295097351,Positive
2020-08-19,92.0,,0.0,Neutral,0.18099841475486755,Slightly Positive
2020-08-18,95.0,,0.0,Neutral,0.09049920737743378,Slightly Positive
2020-08-17,93.0,,0.0,Neutral,0.0,Neutral
2020-08-16,93.0,2020-08-16,0.0681280344724655,Slightly Positive,0.0681280344724655,Slightly Positive
2020-08-13,93.0,2020-08-13,-0.0032728966325521,Neutral,0.030791120603680652,Neutral
2020-08-12,93.0,,0.0,Neutral,0.015395560301840326,Neutral
2020-08-11,94.0,,0.0,Neutral,-0.000818224158138025,Neutral
2020-08-10,94.0,,0.0,Neutral,0.0,Neutral
2020-08-09,95.0,,0.0,Neutral,0.0,Neutral
2020-08-06,94.0,,0.0,Neutral,0.0,Neutral
2020-08-05,96.0,,0.0,Neutral,0.0,Neutral
2020-08-03,93.0,,0.0,Neutral,0.0,Neutral
2020-08-02,96.0,,0.0,Neutral,0.0,Neutral
2020-07-30,97.0,,0.0,Neutral,0.0,Neutral
2020-07-29,94.0,2020-07-29,0.8600679636001587,Strongly Positive,0.8600679636001587,Strongly Positive
2020-07-28,94.0,,0.0,Neutral,0.43003398180007935,Positive
2020-07-27,92.0,,0.0,Neutral,0.21501699090003967,Positive
2020-07-26,95.0,,0.0,Neutral,0.0,Neutral
2020-07-23,94.0,,0.0,Neutral,0.0,Neutral
2020-07-22,94.0,2020-07-22,0.5365362167358398,Positive,0.5365362167358398,Positive
2020-07-21,94.0,,0.0,Neutral,0.2682681083679199,Positive
2020-07-20,95.0,,0.0,Neutral,0.13413405418395996,Slightly Positive
2020-07-19,99.0,,0.0,Neutral,0.0,Neutral
2020-07-16,96.0,,0.0,Neutral,0.0,Neutral
2020-07-15,93.0,,0.0,Neutral,0.0,Neutral
2020-07-14,92.0,,0.0,Neutral,0.0,Neutral
2020-07-13,92.0,,0.0,Neutral,0.0,Neutral
2020-07-12,93.0,,0.0,Neutral,0.0,Neutral
2020-07-09,93.0,2020-07-09,0.8973246514797211,Strongly Positive,0.8973246514797211,Strongly Positive
2020-07-08,94.0,,0.0,Neutral,0.44866232573986053,Positive
2020-07-07,95.0,,0.0,Neutral,0.22433116286993027,Positive
2020-07-06,95.0,,0.0,Neutral,0.0,Neutral
2020-07-05,95.0,2020-07-05,0.2238288819789886,Positive,0.2238288819789886,Positive
2020-07-02,98.0,,0.0,Neutral,0.1119144409894943,Slightly Positive
2020-07-01,97.0,2020-07-01,-0.564888060092926,Negative,-0.5089308395981789,Negative
2020-06-30,94.0,2020-06-30,0.916642129421234,Strongly Positive,0.634198099374771,Strongly Positive
2020-06-29,92.0,,0.0,Neutral,0.3170990496873855,Positive
2020-05-12,92.0,,0.0,Neutral,0.2291605323553085,Positive
2020-03-22,93.0,2020-03-22,0.5310344099998474,Positive,0.5310344099998474,Positive
2020-03-19,93.0,,0.0,Neutral,0.2655172049999237,Positive
2020-03-18,91.0,,0.0,Neutral,0.13275860249996185,Slightly Positive
2020-03-17,93.0,2020-03-17,0.8020090460777283,Strongly Positive,0.8020090460777283,Strongly Positive
2020-03-16,95.0,2020-03-16,0.6043878793716431,Strongly Positive,1.0053924024105072,Strongly Positive
2020-03-15,95.0,2020-03-15,0.8521060943603516,Strongly Positive,1.3548022955656052,Strongly Positive
2020-03-12,98.0,,0.0,Neutral,0.5771500170230865,Positive
2020-03-11,98.0,2020-03-11,0.6391243934631348,Strongly Positive,0.8521509170532227,Strongly Positive
2020-03-10,99.0,2020-03-10,-0.6497147083282471,Strongly Negative,-0.3301525115966797,Negative
2020-03-05,99.0,2020-03-05,0.7326845228672028,Strongly Positive,0.5676082670688629,Positive
2020-03-04,98.0,2020-03-04,-0.0493215024471282,Neutral,0.15459208190441143,Slightly Positive
2020-03-03,105.0,2020-03-03,0.9211212992668152,Strongly Positive,1.0796316787600517,Strongly Positive
2020-03-02,101.0,2020-03-02,0.7860763669013977,Strongly Positive,1.2343066409230232,Strongly Positive
2020-03-01,106.0,,0.0,Neutral,0.6233185082674026,Strongly Positive
2020-02-27,102.0,2020-02-27,0.4762963950634002,Positive,0.6728154867887497,Strongly Positive
2020-02-26,104.0,2020-02-26,-0.5152184963226318,Negative,-0.2770702987909317,Negative
2020-02-25,113.0,2020-02-25,0.9188093543052672,Strongly Positive,0.7802742049098014,Strongly Positive
2020-02-24,103.0,2020-02-24,0.0043060332536697,Neutral,0.33490608632564534,Positive
2020-02-23,104.0,2020-02-23,0.0224795639514923,Neutral,0.25433491915464396,Positive
2020-02-20,98.0,2020-02-20,0.7416114807128906,Strongly Positive,0.7539277710020542,Strongly Positive
2020-02-19,98.0,2020-02-19,0.5676307678222656,Positive,0.944056399166584,Strongly Positive
2020-02-18,98.0,,0.0,Neutral,0.46921825408935547,Positive
2020-02-17,101.0,2020-02-17,0.7569572925567627,Strongly Positive,0.8988649845123291,Strongly Positive
2020-02-16,96.0,2020-02-16,0.3593215346336365,Positive,0.7378001809120178,Strongly Positive
2020-02-13,96.0,2020-02-13,-0.1728152632713318,Slightly Negative,0.19608482718467712,Slightly Positive
2020-02-12,97.0,,0.0,Neutral,0.003422752022743225,Neutral
2020-02-11,95.0,2020-02-11,-0.6466630697250366,Strongly Negative,-0.6898668855428696,Strongly Negative
2020-02-10,95.0,,0.0,Neutral,-0.3233315348625183,Negative
2020-02-09,94.0,,0.0,Neutral,-0.16166576743125916,Slightly Negative
2020-02-06,96.0,,0.0,Neutral,0.0,Neutral
2020-02-05,97.0,2020-02-05,0.879252552986145,Strongly Positive,0.879252552986145,Strongly Positive
2020-02-04,97.0,,0.0,Neutral,0.4396262764930725,Positive
2020-02-03,97.0,,0.0,Neutral,0.21981313824653625,Positive
2020-02-02,97.0,,0.0,Neutral,0.0,Neutral
2020-01-30,96.0,,0.0,Neutral,0.0,Neutral
2020-01-29,93.0,,0.0,Neutral,0.0,Neutral
2020-01-28,95.0,2020-01-28,0.283295214176178,Positive,0.283295214176178,Positive
2020-01-27,96.0,,0.0,Neutral,0.141647607088089,Slightly Positive
2020-01-26,97.0,2020-01-26,0.8893269896507263,Strongly Positive,0.9601507931947708,Strongly Positive
2020-01-23,97.0,,0.0,Neutral,0.44466349482536316,Positive
2020-01-22,95.0,,0.0,Neutral,0.22233174741268158,Positive
2020-01-21,98.0,,0.0,Neutral,0.0,Neutral
2020-01-20,100.0,2020-01-20,-0.2280759774148464,Negative,-0.2280759774148464,Negative
2020-01-19,100.0,,0.0,Neutral,-0.1140379887074232,Slightly Negative
2020-01-16,100.0,,0.0,Neutral,-0.0570189943537116,Slightly Negative
2020-01-15,96.0,,0.0,Neutral,0.0,Neutral
2020-01-14,95.0,2020-01-14,0.5020753741264343,Positive,0.5020753741264343,Positive
2020-01-13,95.0,,0.0,Neutral,0.25103768706321716,Positive
2020-01-12,93.0,,0.0,Neutral,0.12551884353160858,Slightly Positive
2020-01-09,91.0,,0.0,Neutral,0.0,Neutral
2020-01-08,93.0,,0.0,Neutral,0.0,Neutral
2020-01-07,93.0,,0.0,Neutral,0.0,Neutral
2020-01-06,92.0,,0.0,Neutral,0.0,Neutral
2020-01-05,92.0,2020-01-05,0.5616716295480728,Positive,0.5616716295480728,Positive
2020-01-02,92.0,,0.0,Neutral,0.2808358147740364,Positive
2020-01-01,94.0,,0.0,Neutral,0.1404179073870182,Slightly Positive
2019-12-31,91.0,,0.0,Neutral,0.0,Neutral
2019-12-30,90.0,2019-12-30,0.7870628833770752,Strongly Positive,0.7870628833770752,Strongly Positive
2019-12-29,90.0,,0.0,Neutral,0.3935314416885376,Positive
2019-12-26,92.0,2019-12-26,0.3885568231344224,Positive,0.5853225439786912,Positive
2019-12-25,98.0,,0.0,Neutral,0.1942784115672112,Slightly Positive
2019-12-24,97.0,,0.0,Neutral,0.0971392057836056,Slightly Positive
2019-12-23,96.0,,0.0,Neutral,0.0,Neutral
2019-12-22,98.0,,0.0,Neutral,0.0,Neutral
2019-12-19,98.0,,0.0,Neutral,0.0,Neutral
2019-12-18,98.0,,0.0,Neutral,0.0,Neutral
2019-12-17,99.0,,0.0,Neutral,0.0,Neutral
2019-12-16,97.0,,0.0,Neutral,0.0,Neutral
2019-12-15,97.0,,0.0,Neutral,0.0,Neutral
2019-12-12,102.0,,0.0,Neutral,0.0,Neutral
2019-12-11,95.0,,0.0,Neutral,0.0,Neutral
2019-12-10,95.0,,0.0,Neutral,0.0,Neutral
2019-12-09,98.0,,0.0,Neutral,0.0,Neutral
2019-12-08,95.0,,0.0,Neutral,0.0,Neutral
2019-12-05,96.0,,0.0,Neutral,0.0,Neutral
2019-12-04,96.0,,0.0,Neutral,0.0,Neutral
2019-12-03,96.0,2019-12-03,0.618488609790802,Strongly Positive,0.618488609790802,Strongly Positive
2019-12-02,95.0,2019-12-02,0.6570655703544617,Strongly Positive,0.9663098752498627,Strongly Positive
2019-12-01,96.0,,0.0,Neutral,0.48315493762493134,Positive
2019-11-28,94.0,,0.0,Neutral,0.16426639258861542,Slightly Positive
2019-11-27,98.0,,0.0,Neutral,0.0,Neutral
2019-11-26,92.0,,0.0,Neutral,0.0,Neutral
2019-11-25,95.0,,0.0,Neutral,0.0,Neutral
2019-11-24,96.0,2019-11-24,0.7399795055389404,Strongly Positive,0.7399795055389404,Strongly Positive
2019-11-21,94.0,,0.0,Neutral,0.3699897527694702,Positive
2019-11-20,95.0,,0.0,Neutral,0.1849948763847351,Slightly Positive
2019-11-19,94.0,2019-11-19,0.4210245609283447,Positive,0.4210245609283447,Positive
2019-11-18,98.0,,0.0,Neutral,0.21051228046417236,Positive
2019-11-17,95.0,,0.0,Neutral,0.10525614023208618,Slightly Positive
2019-11-14,95.0,,0.0,Neutral,0.0,Neutral
2019-11-13,95.0,,0.0,Neutral,0.0,Neutral
2019-11-12,96.0,,0.0,Neutral,0.0,Neutral
2019-11-11,100.0,,0.0,Neutral,0.0,Neutral
2019-11-10,93.0,2019-11-10,-0.0885843336582183,Slightly Negative,-0.0885843336582183,Slightly Negative
2019-11-07,94.0,,0.0,Neutral,-0.04429216682910915,Neutral
2019-11-06,94.0,,0.0,Neutral,-0.022146083414554575,Neutral
2019-11-05,97.0,,0.0,Neutral,0.0,Neutral
2019-11-04,95.0,2019-11-04,-0.9058239459991456,Strongly Negative,-0.9058239459991456,Strongly Negative
2019-11-03,98.0,,0.0,Neutral,-0.4529119729995728,Negative
2019-10-31,99.0,,0.0,Neutral,-0.2264559864997864,Negative
2019-10-24,104.0,,0.0,Neutral,0.0,Neutral
2019-10-23,96.0,,0.0,Neutral,0.0,Neutral
2019-10-22,95.0,,0.0,Neutral,0.0,Neutral
2019-10-21,94.0,2019-10-21,0.7867043614387512,Strongly Positive,0.7867043614387512,Strongly Positive
2019-10-20,93.0,,0.0,Neutral,0.3933521807193756,Positive
2019-10-15,98.0,,0.0,Neutral,0.1966760903596878,Slightly Positive
2019-10-14,97.0,,0.0,Neutral,0.0,Neutral
2019-10-10,94.0,,0.0,Neutral,0.0,Neutral
2019-10-03,94.0,2019-10-03,0.6210771203041077,Strongly Positive,0.6210771203041077,Strongly Positive
2019-10-02,98.0,,0.0,Neutral,0.31053856015205383,Positive
2019-10-01,97.0,2019-10-01,-0.3024523556232452,Negative,-0.14718307554721827,Slightly Negative
2019-09-30,94.0,,0.0,Neutral,-0.1512261778116226,Slightly Negative
2019-09-29,96.0,2019-09-29,0.8132269978523254,Strongly Positive,0.7376139089465141,Strongly Positive
2019-09-26,95.0,2019-09-26,0.5172597169876099,Positive,0.9238732159137726,Strongly Positive
2019-09-25,96.0,,0.0,Neutral,0.4619366079568863,Positive
2019-09-24,97.0,2019-09-24,-0.0042473077774047,Neutral,0.12506762146949776,Slightly Positive
2019-09-23,96.0,,0.0,Neutral,-0.00212365388870235,Neutral
2019-09-22,96.0,,0.0,Neutral,-0.001061826944351175,Neutral
2019-09-19,99.0,,0.0,Neutral,0.0,Neutral
2019-09-18,102.0,,0.0,Neutral,0.0,Neutral
2019-09-17,99.0,2019-09-17,0.4095453321933746,Positive,0.4095453321933746,Positive
2019-09-16,95.0,2019-09-16,0.4361126124858857,Positive,0.6408852785825729,Strongly Positive
2019-09-15,94.0,2019-09-15,0.6814584136009216,Strongly Positive,1.001901052892208,Strongly Positive
2019-09-12,96.0,,0.0,Neutral,0.4497573599219322,Positive
2019-09-11,103.0,2019-09-11,0.869890034198761,Strongly Positive,1.0402546375989914,Strongly Positive
2019-09-10,99.0,,0.0,Neutral,0.4349450170993805,Positive
2019-09-09,98.0,,0.0,Neutral,0.21747250854969025,Positive
2019-09-08,99.0,2019-09-08,0.7852203249931335,Strongly Positive,0.7852203249931335,Strongly Positive
2019-09-05,99.0,,0.0,Neutral,0.3926101624965668,Positive
2019-09-04,101.0,2019-09-04,0.4178094565868377,Positive,0.6141145378351212,Strongly Positive
2019-09-03,101.0,,0.0,Neutral,0.20890472829341886,Positive
2019-09-02,100.0,2019-09-02,0.521414041519165,Positive,0.6258664056658745,Strongly Positive
2019-09-01,100.0,,0.0,Neutral,0.2607070207595825,Positive
2019-08-29,100.0,,0.0,Neutral,0.13035351037979126,Slightly Positive
2019-08-28,101.0,,0.0,Neutral,0.0,Neutral
2019-08-27,101.0,2019-08-27,0.3579877018928528,Positive,0.3579877018928528,Positive
2019-08-26,100.0,2019-08-26,0.7882136106491089,Strongly Positive,0.9672074615955353,Strongly Positive
2019-08-25,101.0,,0.0,Neutral,0.48360373079776764,Positive
2019-08-22,103.0,,0.0,Neutral,0.19705340266227722,Slightly Positive
2019-08-21,101.0,,0.0,Neutral,0.0,Neutral
2019-08-20,102.0,,0.0,Neutral,0.0,Neutral
2019-08-19,102.0,2019-08-19,0.8192152976989746,Strongly Positive,0.8192152976989746,Strongly Positive
2019-08-18,101.0,,0.0,Neutral,0.4096076488494873,Positive
2019-08-15,103.0,,0.0,Neutral,0.20480382442474365,Positive
2019-08-14,103.0,2019-08-14,0.8356881737709045,Strongly Positive,0.8356881737709045,Strongly Positive
2019-08-13,106.0,2019-08-13,0.6991210579872131,Strongly Positive,1.1169651448726654,Strongly Positive
2019-08-12,104.0,,0.0,Neutral,0.5584825724363327,Positive
2019-08-11,104.0,,0.0,Neutral,0.17478026449680328,Slightly Positive
2019-08-08,104.0,,0.0,Neutral,0.0,Neutral
2019-08-07,105.0,2019-08-07,-0.4570404589176178,Negative,-0.4570404589176178,Negative
2019-08-06,105.0,,0.0,Neutral,-0.2285202294588089,Negative
2019-08-05,104.0,,0.0,Neutral,-0.11426011472940445,Slightly Negative
2019-08-04,105.0,,0.0,Neutral,0.0,Neutral
2019-08-01,107.0,,0.0,Neutral,0.0,Neutral
2019-07-31,104.0,2019-07-31,-0.4471966624259949,Negative,-0.4471966624259949,Negative
2019-07-30,106.0,,0.0,Neutral,-0.22359833121299744,Negative
2019-07-29,104.0,2019-07-29,0.5511285066604614,Positive,0.4393293410539627,Positive
2019-07-28,103.0,,0.0,Neutral,0.2755642533302307,Positive
2019-07-25,104.0,,0.0,Neutral,0.13778212666511536,Slightly Positive
2019-07-24,108.0,2019-07-24,0.8770189881324768,Strongly Positive,0.8770189881324768,Strongly Positive
2019-07-23,107.0,,0.0,Neutral,0.4385094940662384,Positive
2019-07-22,109.0,,0.0,Neutral,0.2192547470331192,Positive
2019-07-21,106.0,2019-07-21,0.1339715123176574,Slightly Positive,0.1339715123176574,Slightly Positive
2019-07-18,110.0,,0.0,Neutral,0.0669857561588287,Slightly Positive
2019-07-17,108.0,2019-07-17,0.8922961354255676,Strongly Positive,0.925789013504982,Strongly Positive
2019-07-16,111.0,,0.0,Neutral,0.4461480677127838,Positive
2019-07-15,106.0,,0.0,Neutral,0.2230740338563919,Positive
2019-07-14,105.0,,0.0,Neutral,0.0,Neutral
2019-07-11,105.0,,0.0,Neutral,0.0,Neutral
2019-07-10,106.0,2019-07-10,-0.4849487543106079,Negative,-0.4849487543106079,Negative
2019-07-09,105.0,,0.0,Neutral,-0.24247437715530396,Negative
2019-07-08,105.0,2019-07-08,0.8237234354019165,Strongly Positive,0.7024862468242645,Strongly Positive
2019-07-07,106.0,2019-07-07,0.8937943577766418,Strongly Positive,1.3056560754776,Strongly Positive
2019-07-04,106.0,2019-07-04,0.6093844771385193,Strongly Positive,1.2622125148773193,Strongly Positive
2019-07-03,106.0,,0.0,Neutral,0.5281408280134201,Positive
2019-07-02,106.0,2019-07-02,-0.2368516623973846,Negative,-0.08450554311275477,Slightly Negative
2019-07-01,109.0,2019-07-01,-0.4330974519252777,Negative,-0.55152328312397,Negative
2019-06-30,104.0,,0.0,Neutral,-0.275761641561985,Negative
2019-06-27,108.0,,0.0,Neutral,-0.10827436298131943,Slightly Negative
2019-06-26,107.0,,0.0,Neutral,0.0,Neutral
2019-06-25,108.0,,0.0,Neutral,0.0,Neutral
2019-06-24,106.0,,0.0,Neutral,0.0,Neutral
2019-06-23,108.0,,0.0,Neutral,0.0,Neutral
2019-06-20,108.0,,0.0,Neutral,0.0,Neutral
2019-06-19,107.0,,0.0,Neutral,0.0,Neutral
2019-06-18,107.0,,0.0,Neutral,0.0,Neutral
2019-06-17,111.0,2019-06-17,-0.6195419430732727,Strongly Negative,-0.6195419430732727,Strongly Negative
2019-06-16,104.0,2019-06-16,0.0492241531610489,Neutral,-0.26054681837558746,Negative
2019-06-13,106.0,,0.0,Neutral,-0.13027340918779373,Slightly Negative
2019-06-12,108.0,,0.0,Neutral,0.012306038290262226,Neutral
2019-06-11,107.0,,0.0,Neutral,0.0,Neutral
2019-06-10,108.0,,0.0,Neutral,0.0,Neutral
2019-06-06,110.0,,0.0,Neutral,0.0,Neutral
2019-06-04,109.0,,0.0,Neutral,0.0,Neutral
2019-06-03,109.0,,0.0,Neutral,0.0,Neutral
2019-06-02,111.0,,0.0,Neutral,0.0,Neutral
2019-05-30,113.0,,0.0,Neutral,0.0,Neutral
2019-05-29,114.0,2019-05-29,0.3382772803306579,Positive,0.3382772803306579,Positive
2019-05-28,112.0,,0.0,Neutral,0.16913864016532895,Slightly Positive
2019-05-27,109.0,,0.0,Neutral,0.08456932008266448,Slightly Positive
2019-05-26,112.0,,0.0,Neutral,0.0,Neutral
2019-05-23,114.0,,0.0,Neutral,0.0,Neutral
2019-05-22,121.0,2019-05-22,0.9192432165145874,Strongly Positive,0.9192432165145874,Strongly Positive
2019-05-21,110.0,,0.0,Neutral,0.4596216082572937,Positive
2019-05-20,108.0,,0.0,Neutral,0.22981080412864685,Positive
2019-05-19,107.0,,0.0,Neutral,0.0,Neutral
2019-05-16,105.0,2019-05-16,0.6019901037216187,Strongly Positive,0.6019901037216187,Strongly Positive
2019-05-15,107.0,,0.0,Neutral,0.3009950518608093,Positive
2019-05-14,106.0,2019-05-14,-0.1161871999502182,Slightly Negative,0.03431032598018646,Neutral
2019-05-13,109.0,,0.0,Neutral,-0.0580935999751091,Slightly Negative
2019-05-12,104.0,,0.0,Neutral,-0.02904679998755455,Neutral
2019-05-09,102.0,,0.0,Neutral,0.0,Neutral
2019-05-08,106.0,,0.0,Neutral,0.0,Neutral
2019-05-07,108.0,,0.0,Neutral,0.0,Neutral
2019-05-06,108.0,,0.0,Neutral,0.0,Neutral
2019-05-05,106.0,,0.0,Neutral,0.0,Neutral
2019-05-02,114.0,,0.0,Neutral,0.0,Neutral
2019-04-30,113.0,,0.0,Neutral,0.0,Neutral
2019-04-29,103.0,2019-04-29,0.6715145111083984,Strongly Positive,0.6715145111083984,Strongly Positive
2019-04-28,104.0,,0.0,Neutral,0.3357572555541992,Positive
2019-04-25,100.0,,0.0,Neutral,0.1678786277770996,Slightly Positive
2019-04-24,100.0,2019-04-24,-0.2091304957866668,Negative,-0.2091304957866668,Negative
2019-04-23,100.0,,0.0,Neutral,-0.1045652478933334,Slightly Negative
2019-04-22,101.0,2019-04-22,0.7112140357494354,Strongly Positive,0.6589314118027687,Strongly Positive
2019-04-21,101.0,2019-04-21,0.2224275916814804,Positive,0.5780346095561981,Positive
2019-04-18,100.0,,0.0,Neutral,0.28901730477809906,Positive
2019-04-17,101.0,,0.0,Neutral,0.0556068979203701,Slightly Positive
2019-04-16,102.0,2019-04-16,0.7619708776473999,Strongly Positive,0.7619708776473999,Strongly Positive
2019-04-15,102.0,,0.0,Neutral,0.38098543882369995,Positive
2019-04-11,102.0,2019-04-11,0.5554110407829285,Positive,0.7459037601947784,Strongly Positive
2019-04-10,103.0,2019-04-10,0.8950625061988831,Strongly Positive,1.1727680265903473,Strongly Positive
2019-04-09,103.0,2019-04-09,0.8805367946624756,Strongly Positive,1.4669208079576492,Strongly Positive
2019-04-08,104.0,,0.0,Neutral,0.6640340238809586,Strongly Positive
2019-04-07,104.0,,0.0,Neutral,0.2201341986656189,Positive
2019-04-04,105.0,,0.0,Neutral,0.0,Neutral
2019-04-03,103.0,2019-04-03,0.8603233098983765,Strongly Positive,0.8603233098983765,Strongly Positive
2019-04-02,103.0,,0.0,Neutral,0.43016165494918823,Positive
2019-04-01,106.0,2019-04-01,0.6460291147232056,Strongly Positive,0.8611099421977997,Strongly Positive
2019-03-31,101.0,,0.0,Neutral,0.3230145573616028,Positive
2019-03-28,101.0,,0.0,Neutral,0.1615072786808014,Slightly Positive
2019-03-27,104.0,,0.0,Neutral,0.0,Neutral
2019-03-26,103.0,2019-03-26,0.5928543210029602,Positive,0.5928543210029602,Positive
2019-03-25,101.0,,0.0,Neutral,0.2964271605014801,Positive
2019-03-24,101.0,,0.0,Neutral,0.14821358025074005,Slightly Positive
2019-03-21,103.0,,0.0,Neutral,0.0,Neutral
2019-03-19,104.0,2019-03-19,0.4687463641166687,Positive,0.4687463641166687,Positive
2019-03-18,103.0,,0.0,Neutral,0.23437318205833435,Positive
2019-03-17,105.0,,0.0,Neutral,0.11718659102916718,Slightly Positive
2019-03-14,106.0,,0.0,Neutral,0.0,Neutral
2019-03-13,106.0,,0.0,Neutral,0.0,Neutral
2019-03-12,108.0,,0.0,Neutral,0.0,Neutral
2019-03-11,103.0,2019-03-11,-0.5805007219314575,Negative,-0.5805007219314575,Negative
2019-03-10,103.0,,0.0,Neutral,-0.29025036096572876,Negative
2019-03-07,101.0,2019-03-07,0.8529539108276367,Strongly Positive,0.7078287303447723,Strongly Positive
2019-03-06,99.0,,0.0,Neutral,0.42647695541381836,Positive
2019-03-03,97.0,,0.0,Neutral,0.21323847770690918,Positive
2019-02-27,97.0,,0.0,Neutral,0.0,Neutral
2019-02-26,97.0,,0.0,Neutral,0.0,Neutral
2019-02-25,97.0,,0.0,Neutral,0.0,Neutral
2019-02-24,97.0,,0.0,Neutral,0.0,Neutral
2019-02-21,98.0,,0.0,Neutral,0.0,Neutral
2019-02-20,99.0,2019-02-20,-0.000268280506134,Neutral,-0.000268280506134,Neutral
2019-02-19,99.0,,0.0,Neutral,-0.000134140253067,Neutral
2019-02-18,98.0,2019-02-18,0.5097264647483826,Positive,0.5096593946218491,Positive
2019-02-17,98.0,,0.0,Neutral,0.2548632323741913,Positive
2019-02-14,98.0,,0.0,Neutral,0.12743161618709564,Slightly Positive
2019-02-13,98.0,,0.0,Neutral,0.0,Neutral
2019-02-12,100.0,,0.0,Neutral,0.0,Neutral
2019-02-11,99.0,,0.0,Neutral,0.0,Neutral
2019-02-10,99.0,,0.0,Neutral,0.0,Neutral
2019-02-07,100.0,,0.0,Neutral,0.0,Neutral
2019-02-06,101.0,,0.0,Neutral,0.0,Neutral
2019-02-05,101.0,,0.0,Neutral,0.0,Neutral
2019-02-04,100.0,2019-02-04,-0.7323634028434753,Strongly Negative,-0.7323634028434753,Strongly Negative
2019-02-03,101.0,2019-02-03,0.4023022949695587,Positive,0.036120593547821045,Neutral
2019-01-31,104.0,,0.0,Neutral,0.018060296773910522,Neutral
2019-01-30,102.0,2019-01-30,0.127448558807373,Slightly Positive,0.22802413254976267,Positive
2019-01-29,103.0,,0.0,Neutral,0.0637242794036865,Slightly Positive
2019-01-28,103.0,,0.0,Neutral,0.03186213970184325,Neutral
2019-01-27,104.0,,0.0,Neutral,0.0,Neutral
2019-01-24,103.0,2019-01-24,0.6918145418167114,Strongly Positive,0.6918145418167114,Strongly Positive
2019-01-23,104.0,,0.0,Neutral,0.3459072709083557,Positive
2019-01-22,104.0,,0.0,Neutral,0.17295363545417786,Slightly Positive
2019-01-21,103.0,2019-01-21,0.4966762065887451,Positive,0.4966762065887451,Positive
2019-01-20,104.0,2019-01-20,0.7727754712104797,Strongly Positive,1.0211135745048523,Strongly Positive
2019-01-17,105.0,,0.0,Neutral,0.5105567872524261,Positive
2019-01-16,105.0,,0.0,Neutral,0.19319386780261993,Slightly Positive
2019-01-15,106.0,2019-01-15,0.519601047039032,Positive,0.519601047039032,Positive
2019-01-14,108.0,2019-01-14,0.9134968519210817,Strongly Positive,1.1732973754405975,Strongly Positive
2019-01-13,105.0,,0.0,Neutral,0.5866486877202988,Positive
2019-01-10,105.0,,0.0,Neutral,0.2283742129802704,Positive
2019-01-09,106.0,2019-01-09,0.7550469636917114,Strongly Positive,0.7550469636917114,Strongly Positive
2019-01-08,104.0,2019-01-08,0.7743663191795349,Strongly Positive,1.1518898010253906,Strongly Positive
2019-01-07,106.0,2019-01-07,0.7200121879577637,Strongly Positive,1.295957088470459,Strongly Positive
2019-01-06,105.0,2019-01-06,0.5872798562049866,Positive,1.1408775299787521,Strongly Positive
2019-01-03,107.0,,0.0,Neutral,0.4736429750919342,Positive
2019-01-02,106.0,2019-01-02,-0.4312562644481659,Negative,-0.28443630039691925,Negative
2018-12-31,106.0,2018-12-31,0.8081836700439453,Strongly Positive,0.5925555378198624,Positive
2018-12-30,107.0,2018-12-30,0.8666418790817261,Strongly Positive,1.1629196479916573,Strongly Positive
2018-12-27,109.0,2018-12-27,0.8413619995117188,Strongly Positive,1.4767288565635681,Strongly Positive
2018-12-26,107.0,2018-12-26,0.5205397605895996,Positive,1.1578812301158905,Strongly Positive
2018-12-25,111.0,,0.0,Neutral,0.4706103801727295,Positive
2018-12-24,111.0,2018-12-24,0.912123441696167,Strongly Positive,1.042258381843567,Strongly Positive
2018-12-23,111.0,,0.0,Neutral,0.4560617208480835,Positive
2018-12-20,109.0,2018-12-20,-0.2122925519943237,Negative,0.015738308429718045,Neutral
2018-12-19,108.0,2018-12-19,-0.3084029853343963,Negative,-0.41454926133155817,Negative
2018-12-18,107.0,,0.0,Neutral,-0.20727463066577909,Negative
2018-12-17,111.0,,0.0,Neutral,-0.07710074633359908,Slightly Negative
2018-12-16,109.0,2018-12-16,0.7137515544891357,Strongly Positive,0.7137515544891357,Strongly Positive
2018-12-13,109.0,2018-12-13,-0.1332300901412964,Slightly Negative,0.22364568710327148,Positive
2018-12-12,110.0,,0.0,Neutral,0.11182284355163574,Slightly Positive
2018-12-11,109.0,2018-12-11,0.8785602450370789,Strongly Positive,0.8452527225017548,Strongly Positive
2018-12-10,110.0,2018-12-10,0.7846078276634216,Strongly Positive,1.223887950181961,Strongly Positive
2018-12-09,111.0,,0.0,Neutral,0.6119439750909805,Strongly Positive
2018-12-06,110.0,,0.0,Neutral,0.1961519569158554,Slightly Positive
2018-12-05,112.0,,0.0,Neutral,0.0,Neutral
2018-12-04,113.0,2018-12-04,0.033573567867279,Neutral,0.033573567867279,Neutral
2018-12-03,110.0,,0.0,Neutral,0.0167867839336395,Neutral
2018-12-02,112.0,2018-12-02,0.0572157725691795,Slightly Positive,0.06560916453599924,Slightly Positive
2018-11-29,115.0,2018-11-29,0.8101602792739868,Strongly Positive,0.8387681655585766,Strongly Positive
2018-11-28,116.0,,0.0,Neutral,0.4193840827792883,Positive
2018-11-27,116.0,,0.0,Neutral,0.2025400698184967,Positive
2018-11-26,118.0,,0.0,Neutral,0.0,Neutral
2018-11-25,116.0,,0.0,Neutral,0.0,Neutral
2018-11-22,121.0,,0.0,Neutral,0.0,Neutral
2018-11-21,119.0,,0.0,Neutral,0.0,Neutral
2018-11-20,118.0,,0.0,Neutral,0.0,Neutral
2018-11-19,122.0,2018-11-19,0.5714744180440903,Positive,0.5714744180440903,Positive
2018-11-18,119.0,,0.0,Neutral,0.28573720902204514,Positive
2018-11-15,125.0,,0.0,Neutral,0.14286860451102257,Slightly Positive
2018-11-14,126.0,,0.0,Neutral,0.0,Neutral
2018-11-13,122.0,2018-11-13,-0.1938473582267761,Slightly Negative,-0.1938473582267761,Slightly Negative
2018-11-12,126.0,,0.0,Neutral,-0.09692367911338805,Slightly Negative
2018-11-11,125.0,,0.0,Neutral,-0.048461839556694024,Neutral
2018-11-06,125.0,2018-11-06,-0.1830361932516098,Slightly Negative,-0.1830361932516098,Slightly Negative
2018-11-05,128.0,,0.0,Neutral,-0.0915180966258049,Slightly Negative
2018-11-04,123.0,,0.0,Neutral,-0.04575904831290245,Neutral
2018-11-01,127.0,,0.0,Neutral,0.0,Neutral
2018-10-31,128.0,,0.0,Neutral,0.0,Neutral
2018-10-30,127.0,,0.0,Neutral,0.0,Neutral
2018-10-29,127.0,,0.0,Neutral,0.0,Neutral
2018-10-28,127.0,,0.0,Neutral,0.0,Neutral
2018-10-25,130.0,,0.0,Neutral,0.0,Neutral
2018-10-24,132.0,,0.0,Neutral,0.0,Neutral
2018-10-23,129.0,,0.0,Neutral,0.0,Neutral
2018-10-22,130.0,,0.0,Neutral,0.0,Neutral
2018-10-21,130.0,,0.0,Neutral,0.0,Neutral
2018-10-15,134.0,2018-10-15,-0.192320704460144,Slightly Negative,-0.192320704460144,Slightly Negative
2018-10-14,132.0,,0.0,Neutral,-0.096160352230072,Slightly Negative
2018-10-11,131.0,,0.0,Neutral,-0.048080176115036,Neutral
2018-10-10,127.0,2018-10-10,-0.1620651185512542,Slightly Negative,-0.1620651185512542,Slightly Negative
2018-10-09,131.0,,0.0,Neutral,-0.0810325592756271,Slightly Negative
2018-10-08,131.0,,0.0,Neutral,-0.04051627963781355,Neutral
2018-10-07,131.0,,0.0,Neutral,0.0,Neutral
2018-10-04,132.0,,0.0,Neutral,0.0,Neutral
2018-10-03,134.0,,0.0,Neutral,0.0,Neutral
2018-10-02,134.0,,0.0,Neutral,0.0,Neutral
2018-10-01,132.0,,0.0,Neutral,0.0,Neutral
2018-09-30,133.0,,0.0,Neutral,0.0,Neutral
2018-09-27,134.0,,0.0,Neutral,0.0,Neutral
2018-09-26,134.0,,0.0,Neutral,0.0,Neutral
2018-09-25,134.0,,0.0,Neutral,0.0,Neutral
2018-09-23,132.0,2018-09-23,0.8959836959838867,Strongly Positive,0.8959836959838867,Strongly Positive
2018-09-20,133.0,,0.0,Neutral,0.44799184799194336,Positive
2018-09-18,139.0,2018-09-18,0.4713515937328338,Positive,0.6953475177288055,Strongly Positive
2018-09-17,135.0,,0.0,Neutral,0.2356757968664169,Positive
2018-09-16,135.0,2018-09-16,0.4487057030200958,Positive,0.5665436014533043,Positive
2018-09-13,133.0,,0.0,Neutral,0.2243528515100479,Positive
2018-09-12,135.0,,0.0,Neutral,0.11217642575502396,Slightly Positive
2018-09-11,134.0,,0.0,Neutral,0.0,Neutral
2018-09-10,131.0,,0.0,Neutral,0.0,Neutral
2018-09-09,135.0,,0.0,Neutral,0.0,Neutral
2018-09-06,138.0,,0.0,Neutral,0.0,Neutral
2018-09-05,135.0,,0.0,Neutral,0.0,Neutral
2018-09-04,133.0,,0.0,Neutral,0.0,Neutral
2018-09-03,134.0,,0.0,Neutral,0.0,Neutral
2018-09-02,130.0,2018-09-02,0.9213955402374268,Strongly Positive,0.9213955402374268,Strongly Positive
2018-08-30,130.0,,0.0,Neutral,0.4606977701187134,Positive
2018-08-29,130.0,,0.0,Neutral,0.2303488850593567,Positive
2018-08-28,129.0,2018-08-28,0.8678902387619019,Strongly Positive,0.8678902387619019,Strongly Positive
2018-08-26,132.0,2018-08-26,0.908364236354828,Strongly Positive,1.3423093557357788,Strongly Positive
2018-08-23,131.0,2018-08-23,0.9118733406066896,Strongly Positive,1.583028018474579,Strongly Positive
2018-08-22,133.0,2018-08-22,0.9089189767837524,Strongly Positive,1.5919467061758041,Strongly Positive
2018-08-21,132.0,,0.0,Neutral,0.6824278235435486,Strongly Positive
2018-08-20,135.0,,0.0,Neutral,0.2272297441959381,Positive
2018-08-19,136.0,2018-08-19,0.6557104587554932,Strongly Positive,0.6557104587554932,Strongly Positive
2018-08-16,138.0,2018-08-16,0.8950644135475159,Strongly Positive,1.2229196429252625,Strongly Positive
2018-08-15,139.0,2018-08-15,-0.1866932809352874,Slightly Negative,0.42476654052734386,Positive
2018-08-14,137.0,,0.0,Neutral,0.13041946291923529,Slightly Positive
2018-08-13,137.0,2018-08-13,0.5976293087005615,Positive,0.5509559884667397,Positive
2018-08-12,138.0,,0.0,Neutral,0.29881465435028076,Positive
2018-08-09,142.0,2018-08-09,0.9233427047729492,Strongly Positive,1.0727500319480896,Strongly Positive
2018-08-08,140.0,,0.0,Neutral,0.4616713523864746,Positive
2018-08-07,141.0,,0.0,Neutral,0.2308356761932373,Positive
2018-08-06,141.0,,0.0,Neutral,0.0,Neutral
2018-08-05,141.0,,0.0,Neutral,0.0,Neutral
2018-08-02,139.0,2018-08-02,-0.2557297945022583,Negative,-0.2557297945022583,Negative
2018-08-01,142.0,2018-08-01,0.7616575956344604,Strongly Positive,0.6337926983833313,Strongly Positive
2018-07-31,140.0,2018-07-31,0.8481963723897934,Strongly Positive,1.165092721581459,Strongly Positive
2018-07-30,140.0,,0.0,Neutral,0.6145125851035118,Strongly Positive
2018-07-29,141.0,,0.0,Neutral,0.21204909309744835,Positive
2018-07-26,143.0,2018-07-26,0.8805007934570312,Strongly Positive,0.8805007934570312,Strongly Positive
2018-07-25,141.0,2018-07-25,0.5625090003013611,Positive,1.0027593970298767,Strongly Positive
2018-07-24,142.0,2018-07-24,0.8712472915649414,Strongly Positive,1.3726269900798798,Strongly Positive
2018-07-23,142.0,,0.0,Neutral,0.576250895857811,Positive
2018-07-22,138.0,2018-07-22,0.5804762393236159,Positive,0.7982880622148513,Strongly Positive
2018-07-19,145.0,,0.0,Neutral,0.29023811966180796,Positive
2018-07-18,147.0,2018-07-18,-0.6905643939971924,Strongly Negative,-0.5454453341662884,Negative
2018-07-17,150.0,2018-07-17,0.8452868461608887,Strongly Positive,0.5000046491622925,Positive
2018-07-16,153.0,,0.0,Neutral,0.25000232458114624,Positive
2018-07-15,151.0,2018-07-15,-0.0455491840839386,Neutral,0.16577252745628357,Slightly Positive
2018-07-12,149.0,2018-07-12,-0.1427455693483352,Slightly Negative,-0.1655201613903045,Slightly Negative
2018-07-11,151.0,2018-07-11,0.1307443678379058,Slightly Positive,0.047984287142753546,Neutral
2018-07-10,151.0,,0.0,Neutral,0.029685791581869098,Neutral
2018-07-09,154.0,,0.0,Neutral,0.03268609195947645,Neutral
2018-07-08,155.0,2018-07-08,0.7769768834114075,Strongly Positive,0.7769768834114075,Strongly Positive
2018-07-05,156.0,,0.0,Neutral,0.38848844170570374,Positive
2018-07-04,153.0,2018-07-04,0.3696541786193847,Positive,0.5638983994722366,Positive
2018-07-03,146.0,,0.0,Neutral,0.18482708930969236,Slightly Positive
2018-07-02,153.0,,0.0,Neutral,0.09241354465484618,Slightly Positive
2018-07-01,152.0,,0.0,Neutral,0.0,Neutral
2018-06-28,154.0,,0.0,Neutral,0.0,Neutral
2018-06-27,157.0,2018-06-27,0.6418185830116272,Strongly Positive,0.6418185830116272,Strongly Positive
2018-06-26,155.0,,0.0,Neutral,0.3209092915058136,Positive
2018-06-25,158.0,,0.0,Neutral,0.1604546457529068,Slightly Positive
2018-06-24,158.0,,0.0,Neutral,0.0,Neutral
2018-06-21,160.0,,0.0,Neutral,0.0,Neutral
2018-06-20,160.0,,0.0,Neutral,0.0,Neutral
2018-06-19,162.0,,0.0,Neutral,0.0,Neutral
2018-06-18,163.0,,0.0,Neutral,0.0,Neutral
2018-06-17,164.0,2018-06-17,0.508649468421936,Positive,0.508649468421936,Positive
2018-06-14,163.0,,0.0,Neutral,0.254324734210968,Positive
2018-06-13,166.0,2018-06-13,-0.3404492735862732,Negative,-0.21328690648078918,Negative
2018-06-12,158.0,,0.0,Neutral,-0.1702246367931366,Slightly Negative
2018-06-10,168.0,,0.0,Neutral,-0.0851123183965683,Slightly Negative
2018-06-07,168.0,2018-06-07,0.787387490272522,Strongly Positive,0.787387490272522,Strongly Positive
2018-06-06,163.0,,0.0,Neutral,0.393693745136261,Positive
2018-06-04,160.0,2018-06-04,0.8630961179733276,Strongly Positive,1.0599429905414581,Strongly Positive
2018-06-03,160.0,2018-06-03,0.3452410101890564,Positive,0.7767890691757202,Strongly Positive
2018-05-31,165.0,,0.0,Neutral,0.3883945345878601,Positive
2018-05-30,168.0,2018-05-30,0.7039557695388794,Strongly Positive,0.7902660220861435,Strongly Positive
2018-05-29,168.0,,0.0,Neutral,0.3519778847694397,Positive
2018-05-28,170.0,,0.0,Neutral,0.17598894238471985,Slightly Positive
2018-05-27,161.0,,0.0,Neutral,0.0,Neutral
2018-05-24,164.0,,0.0,Neutral,0.0,Neutral
2018-05-23,167.0,,0.0,Neutral,0.0,Neutral
2018-05-22,169.0,2018-05-22,0.7939203977584839,Strongly Positive,0.7939203977584839,Strongly Positive
2018-05-21,169.0,,0.0,Neutral,0.39696019887924194,Positive
2018-05-20,169.0,,0.0,Neutral,0.19848009943962097,Slightly Positive
2018-05-17,172.0,,0.0,Neutral,0.0,Neutral
2018-05-16,170.0,,0.0,Neutral,0.0,Neutral
2018-05-15,172.0,,0.0,Neutral,0.0,Neutral
2018-05-14,169.0,2018-05-14,0.7037050724029541,Strongly Positive,0.7037050724029541,Strongly Positive
2018-05-10,176.0,,0.0,Neutral,0.35185253620147705,Positive
2018-05-09,171.0,,0.0,Neutral,0.17592626810073853,Slightly Positive
2018-05-08,174.0,2018-05-08,0.7442371547222137,Strongly Positive,0.7442371547222137,Strongly Positive
2018-05-07,176.0,,0.0,Neutral,0.3721185773611069,Positive
2018-05-06,180.0,,0.0,Neutral,0.18605928868055344,Slightly Positive
2018-05-03,183.0,,0.0,Neutral,0.0,Neutral
2018-05-02,182.0,,0.0,Neutral,0.0,Neutral
2018-04-29,183.0,,0.0,Neutral,0.0,Neutral
2018-04-26,185.0,2018-04-26,-0.1422680616378784,Slightly Negative,-0.1422680616378784,Slightly Negative
2018-04-25,186.0,,0.0,Neutral,-0.0711340308189392,Slightly Negative
2018-04-24,189.0,,0.0,Neutral,-0.0355670154094696,Neutral
2018-04-23,186.0,,0.0,Neutral,0.0,Neutral
2018-04-22,196.0,,0.0,Neutral,0.0,Neutral
2018-04-19,192.0,,0.0,Neutral,0.0,Neutral
2018-04-18,186.0,2018-04-18,0.7243727445602417,Strongly Positive,0.7243727445602417,Strongly Positive
2018-04-17,178.0,2018-04-17,-0.4689792692661285,Negative,-0.10679289698600763,Slightly Negative
2018-04-16,174.0,,0.0,Neutral,-0.05339644849300382,Slightly Negative
2018-04-15,168.0,2018-04-15,0.9221633076667786,Strongly Positive,0.8049184903502464,Strongly Positive
2018-04-12,168.0,2018-04-12,-0.6430073976516724,Strongly Negative,-0.18192574381828308,Slightly Negative
2018-04-11,167.0,,0.0,Neutral,-0.09096287190914154,Slightly Negative
2018-04-10,168.0,,0.0,Neutral,-0.1607518494129181,Slightly Negative
2018-04-09,167.0,,0.0,Neutral,0.0,Neutral
2018-04-08,174.0,2018-04-08,0.4547261595726013,Positive,0.4547261595726013,Positive
2018-04-05,159.0,,0.0,Neutral,0.22736307978630066,Positive
2018-04-04,158.0,2018-04-04,0.8857042789459229,Strongly Positive,0.9993858188390732,Strongly Positive
2018-04-03,147.0,2018-04-03,0.8998837769031525,Strongly Positive,1.342735916376114,Strongly Positive
2018-04-02,155.0,2018-04-02,0.6707487106323242,Strongly Positive,1.3421166688203812,Strongly Positive
2018-04-01,158.0,,0.0,Neutral,0.5603452995419502,Positive
2018-03-29,157.0,,0.0,Neutral,0.16768717765808105,Slightly Positive
2018-03-28,154.0,2018-03-28,0.6803320646286011,Strongly Positive,0.6803320646286011,Strongly Positive
2018-03-27,161.0,2018-03-27,-0.2121085226535797,Negative,0.12805750966072083,Slightly Positive
2018-03-26,150.0,,0.0,Neutral,0.06402875483036041,Slightly Positive
2018-03-22,160.0,2018-03-22,0.6458000540733337,Strongly Positive,0.5927729234099388,Positive
2018-03-21,162.0,,0.0,Neutral,0.32290002703666687,Positive
2018-03-20,163.0,,0.0,Neutral,0.16145001351833344,Slightly Positive
2018-03-19,172.0,,0.0,Neutral,0.0,Neutral
2018-03-18,170.0,2018-03-18,-0.5104734301567078,Negative,-0.5104734301567078,Negative
2018-03-15,171.0,,0.0,Neutral,-0.2552367150783539,Negative
2018-03-14,174.0,,0.0,Neutral,-0.12761835753917694,Slightly Negative
2018-03-13,172.0,,0.0,Neutral,0.0,Neutral
2018-03-12,174.0,,0.0,Neutral,0.0,Neutral
2018-03-11,174.0,,0.0,Neutral,0.0,Neutral
2018-03-07,178.0,2018-03-07,-0.3192073702812195,Negative,-0.3192073702812195,Negative
2018-03-06,175.0,,0.0,Neutral,-0.15960368514060974,Slightly Negative
2018-03-05,169.0,,0.0,Neutral,-0.07980184257030487,Slightly Negative
2018-03-04,172.0,,0.0,Neutral,0.0,Neutral
2018-02-28,185.0,2018-02-28,-0.4559577703475952,Negative,-0.4559577703475952,Negative
2018-02-27,184.0,2018-02-27,-0.5017960667610168,Negative,-0.7297749519348145,Strongly Negative
2018-02-26,184.0,,0.0,Neutral,-0.3648874759674072,Negative
2018-02-25,192.0,,0.0,Neutral,-0.1254490166902542,Slightly Negative
2018-02-22,196.0,,0.0,Neutral,0.0,Neutral
2018-02-21,195.0,,0.0,Neutral,0.0,Neutral
2018-02-20,199.0,,0.0,Neutral,0.0,Neutral
2018-02-18,190.0,2018-02-18,-0.7218689322471619,Strongly Negative,-0.7218689322471619,Strongly Negative
2018-02-15,200.0,2018-02-15,0.89710932970047,Strongly Positive,0.536174863576889,Positive
2018-02-14,189.0,,0.0,Neutral,0.2680874317884445,Positive
2018-02-12,184.0,2018-02-12,0.1932896673679351,Slightly Positive,0.41756699979305256,Positive
2018-02-11,191.0,,0.0,Neutral,0.09664483368396755,Slightly Positive
2018-02-08,197.0,,0.0,Neutral,0.048322416841983774,Neutral
2018-02-07,197.0,,0.0,Neutral,0.0,Neutral
2018-02-06,198.0,,0.0,Neutral,0.0,Neutral
2018-02-05,200.0,2018-02-05,0.8875495791435242,Strongly Positive,0.8875495791435242,Strongly Positive
2018-02-04,200.0,,0.0,Neutral,0.4437747895717621,Positive
2018-02-01,199.0,,0.0,Neutral,0.22188739478588104,Positive
2018-01-31,198.0,,0.0,Neutral,0.0,Neutral
2018-01-29,201.0,,0.0,Neutral,0.0,Neutral
2018-01-28,197.0,2018-01-28,0.9140734672546388,Strongly Positive,0.9140734672546388,Strongly Positive
2018-01-25,199.0,,0.0,Neutral,0.4570367336273194,Positive
2018-01-24,198.0,,0.0,Neutral,0.2285183668136597,Positive
2018-01-23,204.0,,0.0,Neutral,0.0,Neutral
2018-01-22,200.0,,0.0,Neutral,0.0,Neutral
2018-01-21,199.0,2018-01-21,0.326934814453125,Positive,0.326934814453125,Positive
2018-01-17,200.0,,0.0,Neutral,0.1634674072265625,Slightly Positive
2018-01-16,200.0,2018-01-16,0.912229597568512,Strongly Positive,0.9939633011817932,Strongly Positive
2018-01-14,201.0,,0.0,Neutral,0.456114798784256,Positive
2018-01-10,204.0,2018-01-10,-0.1146869361400604,Slightly Negative,0.1133704632520676,Slightly Positive
2018-01-09,203.0,,0.0,Neutral,-0.0573434680700302,Slightly Negative
2018-01-08,204.0,2018-01-08,0.5098813772201538,Positive,0.4812096431851387,Positive
2018-01-07,203.0,2018-01-07,0.9193395376205444,Strongly Positive,1.1742802262306213,Strongly Positive
2018-01-04,205.0,,0.0,Neutral,0.5871401131153107,Positive
2018-01-03,205.0,,0.0,Neutral,0.2298348844051361,Positive
2018-01-02,206.0,2018-01-02,0.907924234867096,Strongly Positive,0.907924234867096,Strongly Positive
2018-01-01,206.0,,0.0,Neutral,0.453962117433548,Positive
2017-12-31,202.0,,0.0,Neutral,0.226981058716774,Positive
2017-12-28,204.0,,0.0,Neutral,0.0,Neutral
2017-12-27,203.0,,0.0,Neutral,0.0,Neutral
2017-12-26,207.0,,0.0,Neutral,0.0,Neutral
2017-12-24,207.0,2017-12-24,0.5628668665885925,Positive,0.5628668665885925,Positive
2017-12-21,208.0,,0.0,Neutral,0.28143343329429626,Positive
2017-12-20,210.0,,0.0,Neutral,0.14071671664714813,Slightly Positive
2017-12-19,209.0,,0.0,Neutral,0.0,Neutral
2017-12-18,213.0,,0.0,Neutral,0.0,Neutral
2017-12-17,210.0,,0.0,Neutral,0.0,Neutral
2017-12-14,217.0,,0.0,Neutral,0.0,Neutral
2017-12-13,215.0,,0.0,Neutral,0.0,Neutral
2017-12-12,214.0,,0.0,Neutral,0.0,Neutral
2017-12-11,216.0,2017-12-11,0.5815926194190979,Positive,0.5815926194190979,Positive
2017-12-10,214.0,,0.0,Neutral,0.29079630970954895,Positive
2017-12-06,212.0,,0.0,Neutral,0.14539815485477448,Slightly Positive
2017-12-05,211.0,2017-12-05,0.1702946424484253,Slightly Positive,0.1702946424484253,Slightly Positive
2017-12-04,210.0,,0.0,Neutral,0.08514732122421265,Slightly Positive
2017-11-30,210.0,,0.0,Neutral,0.04257366061210632,Neutral
2017-11-29,212.0,,0.0,Neutral,0.0,Neutral
2017-11-28,209.0,2017-11-28,-0.5181993842124939,Negative,-0.5181993842124939,Negative
2017-11-27,206.0,,0.0,Neutral,-0.25909969210624695,Negative
2017-11-26,209.0,,0.0,Neutral,-0.12954984605312347,Slightly Negative
2017-11-23,206.0,2017-11-23,0.5980113744735718,Positive,0.5980113744735718,Positive
2017-11-22,206.0,,0.0,Neutral,0.2990056872367859,Positive
2017-11-21,206.0,,0.0,Neutral,0.14950284361839294,Slightly Positive
2017-11-20,200.0,,0.0,Neutral,0.0,Neutral
2017-11-19,204.0,,0.0,Neutral,0.0,Neutral
2017-11-16,207.0,,0.0,Neutral,0.0,Neutral
2017-11-15,206.0,,0.0,Neutral,0.0,Neutral
2017-11-14,211.0,2017-11-14,-0.7073986530303955,Strongly Negative,-0.7073986530303955,Strongly Negative
2017-11-13,214.0,,0.0,Neutral,-0.35369932651519775,Negative
2017-11-12,208.0,2017-11-12,0.9169417023658752,Strongly Positive,0.7400920391082764,Strongly Positive
2017-11-09,206.0,,0.0,Neutral,0.4584708511829376,Positive
2017-11-08,204.0,,0.0,Neutral,0.2292354255914688,Positive
2017-11-07,205.0,2017-11-07,0.3921329081058502,Positive,0.3921329081058502,Positive
2017-11-06,211.0,2017-11-06,0.2062046229839325,Positive,0.4022710770368576,Positive
2017-11-05,208.0,,0.0,Neutral,0.2011355385184288,Positive
2017-11-02,210.0,,0.0,Neutral,0.051551155745983124,Slightly Positive
2017-11-01,211.0,,0.0,Neutral,0.0,Neutral
2017-10-31,212.0,,0.0,Neutral,0.0,Neutral
2017-10-30,212.0,,0.0,Neutral,0.0,Neutral
2017-10-29,214.0,2017-10-29,-0.1552224159240722,Slightly Negative,-0.1552224159240722,Slightly Negative
2017-10-25,216.0,,0.0,Neutral,-0.0776112079620361,Slightly Negative
2017-10-24,215.0,2017-10-24,0.3031669482588768,Positive,0.26436134427785873,Positive
2017-10-23,219.0,,0.0,Neutral,0.1515834741294384,Slightly Positive
2017-10-22,217.0,,0.0,Neutral,0.0757917370647192,Slightly Positive
2017-10-18,217.0,,0.0,Neutral,0.0,Neutral
2017-10-17,216.0,,0.0,Neutral,0.0,Neutral
2017-10-16,216.0,2017-10-16,0.7397989630699158,Strongly Positive,0.7397989630699158,Strongly Positive
2017-10-15,210.0,,0.0,Neutral,0.3698994815349579,Positive
2017-10-12,210.0,,0.0,Neutral,0.18494974076747894,Slightly Positive
2017-10-11,210.0,,0.0,Neutral,0.0,Neutral
2017-10-10,211.0,,0.0,Neutral,0.0,Neutral
2017-10-09,218.0,,0.0,Neutral,0.0,Neutral
2017-10-08,214.0,,0.0,Neutral,0.0,Neutral
2017-10-04,218.0,,0.0,Neutral,0.0,Neutral
2017-09-26,220.0,,0.0,Neutral,0.0,Neutral
2017-09-25,219.0,2017-09-25,0.6380407959222794,Strongly Positive,0.6380407959222794,Strongly Positive
2017-09-24,218.0,,0.0,Neutral,0.3190203979611397,Positive
2017-09-20,220.0,,0.0,Neutral,0.15951019898056984,Slightly Positive
2017-09-18,211.0,,0.0,Neutral,0.0,Neutral
2017-09-17,215.0,,0.0,Neutral,0.0,Neutral
2017-09-14,213.0,,0.0,Neutral,0.0,Neutral
2017-09-13,214.0,,0.0,Neutral,0.0,Neutral
2017-09-12,214.0,2017-09-12,0.1277060508728027,Slightly Positive,0.1277060508728027,Slightly Positive
2017-09-11,213.0,,0.0,Neutral,0.06385302543640135,Slightly Positive
2017-09-10,215.0,,0.0,Neutral,0.03192651271820068,Neutral
2017-09-07,211.0,,0.0,Neutral,0.0,Neutral
2017-09-06,223.0,2017-09-06,0.8836968541145325,Strongly Positive,0.8836968541145325,Strongly Positive
2017-09-04,213.0,2017-09-04,0.0743787288665771,Slightly Positive,0.5162271559238434,Positive
2017-08-31,224.0,,0.0,Neutral,0.2581135779619217,Positive
2017-08-30,229.0,,0.0,Neutral,0.018594682216644277,Neutral
2017-08-28,235.0,,0.0,Neutral,0.0,Neutral
2017-08-27,240.0,2017-08-27,0.9203059077262878,Strongly Positive,0.9203059077262878,Strongly Positive
2017-08-24,268.0,,0.0,Neutral,0.4601529538631439,Positive
2017-08-23,260.0,,0.0,Neutral,0.23007647693157196,Positive
2017-08-22,262.0,,0.0,Neutral,0.0,Neutral
2017-08-21,268.0,2017-08-21,0.9056445956230164,Strongly Positive,0.9056445956230164,Strongly Positive
2017-08-20,261.0,,0.0,Neutral,0.4528222978115082,Positive
2017-08-17,268.0,2017-08-17,0.7896273136138916,Strongly Positive,1.0160384625196457,Strongly Positive
2017-08-16,265.0,,0.0,Neutral,0.3948136568069458,Positive
2017-08-15,268.0,,0.0,Neutral,0.1974068284034729,Slightly Positive
2017-08-13,262.0,,0.0,Neutral,0.0,Neutral
2017-08-10,267.0,2017-08-10,0.8426941633224487,Strongly Positive,0.8426941633224487,Strongly Positive
2017-08-09,268.0,,0.0,Neutral,0.42134708166122437,Positive
2017-08-07,270.0,,0.0,Neutral,0.21067354083061218,Positive
2017-08-06,272.0,,0.0,Neutral,0.0,Neutral
2017-08-03,274.0,,0.0,Neutral,0.0,Neutral
2017-08-02,275.0,,0.0,Neutral,0.0,Neutral
2017-08-01,272.0,,0.0,Neutral,0.0,Neutral
2017-07-31,277.0,2017-07-31,0.5858557224273682,Positive,0.5858557224273682,Positive
2017-07-30,267.0,,0.0,Neutral,0.2929278612136841,Positive
2017-07-27,270.0,,0.0,Neutral,0.14646393060684204,Slightly Positive
2017-07-26,272.0,,0.0,Neutral,0.0,Neutral
2017-07-25,276.0,,0.0,Neutral,0.0,Neutral
2017-07-24,266.0,,0.0,Neutral,0.0,Neutral
2017-07-23,270.0,,0.0,Neutral,0.0,Neutral
2017-07-20,272.0,2017-07-20,-0.3135278224945068,Negative,-0.3135278224945068,Negative
2017-07-19,280.0,,0.0,Neutral,-0.1567639112472534,Slightly Negative
2017-07-18,284.0,,0.0,Neutral,-0.0783819556236267,Slightly Negative
2017-07-17,284.0,2017-07-17,0.9291043877601624,Strongly Positive,0.9291043877601624,Strongly Positive
2017-07-16,276.0,,0.0,Neutral,0.4645521938800812,Positive
2017-07-13,276.0,,0.0,Neutral,0.2322760969400406,Positive
2017-07-12,278.0,,0.0,Neutral,0.0,Neutral
2017-07-11,281.0,,0.0,Neutral,0.0,Neutral
2017-07-10,280.0,,0.0,Neutral,0.0,Neutral
2017-07-09,287.0,,0.0,Neutral,0.0,Neutral
2017-07-06,290.0,2017-07-06,0.9184584617614746,Strongly Positive,0.9184584617614746,Strongly Positive
2017-07-05,270.0,2017-07-05,0.925973892211914,Strongly Positive,1.3852031230926514,Strongly Positive
2017-07-04,263.0,,0.0,Neutral,0.6926015615463257,Strongly Positive
2017-07-03,270.0,,0.0,Neutral,0.2314934730529785,Positive
2017-07-02,263.0,2017-07-02,0.8309491276741028,Strongly Positive,0.8309491276741028,Strongly Positive
2017-06-28,268.0,,0.0,Neutral,0.4154745638370514,Positive
2017-06-27,268.0,,0.0,Neutral,0.2077372819185257,Positive
2017-06-25,267.0,,0.0,Neutral,0.0,Neutral
2017-06-22,265.0,,0.0,Neutral,0.0,Neutral
2017-06-21,265.0,,0.0,Neutral,0.0,Neutral
2017-06-20,267.0,,0.0,Neutral,0.0,Neutral
2017-06-19,270.0,2017-06-19,0.2736774682998657,Positive,0.2736774682998657,Positive
2017-06-18,270.0,,0.0,Neutral,0.13683873414993286,Slightly Positive
2017-06-15,280.0,,0.0,Neutral,0.06841936707496643,Slightly Positive
2017-06-14,284.0,2017-06-14,0.7516312599182129,Strongly Positive,0.7516312599182129,Strongly Positive
2017-06-13,270.0,,0.0,Neutral,0.37581562995910645,Positive
2017-06-12,264.0,,0.0,Neutral,0.18790781497955322,Slightly Positive
2017-06-11,274.0,,0.0,Neutral,0.0,Neutral
2017-06-08,275.0,,0.0,Neutral,0.0,Neutral
2017-06-07,278.0,,0.0,Neutral,0.0,Neutral
2017-06-06,282.0,,0.0,Neutral,0.0,Neutral
2017-06-05,280.0,,0.0,Neutral,0.0,Neutral
2017-06-04,276.0,,0.0,Neutral,0.0,Neutral
2017-06-01,280.0,,0.0,Neutral,0.0,Neutral
2017-05-31,290.0,,0.0,Neutral,0.0,Neutral
2017-05-30,280.0,,0.0,Neutral,0.0,Neutral
2017-05-28,282.0,,0.0,Neutral,0.0,Neutral
2017-05-24,285.0,,0.0,Neutral,0.0,Neutral
2017-05-23,287.0,,0.0,Neutral,0.0,Neutral
2017-05-22,286.0,,0.0,Neutral,0.0,Neutral
2017-05-21,289.0,2017-05-21,0.543536901473999,Positive,0.543536901473999,Positive
2017-05-18,299.0,,0.0,Neutral,0.2717684507369995,Positive
2017-05-17,303.0,2017-05-17,0.9115880727767944,Strongly Positive,1.0474722981452942,Strongly Positive
2017-05-16,306.0,,0.0,Neutral,0.4557940363883972,Positive
2017-05-15,302.0,,0.0,Neutral,0.2278970181941986,Positive
2017-05-11,308.0,2017-05-11,0.6874037981033325,Strongly Positive,0.6874037981033325,Strongly Positive
2017-05-09,285.0,,0.0,Neutral,0.34370189905166626,Positive
2017-05-08,275.0,,0.0,Neutral,0.17185094952583313,Slightly Positive
2017-05-07,270.0,,0.0,Neutral,0.0,Neutral
2017-05-04,277.0,,0.0,Neutral,0.0,Neutral
2017-05-03,282.0,,0.0,Neutral,0.0,Neutral
2017-05-02,275.0,,0.0,Neutral,0.0,Neutral
2017-04-30,290.0,,0.0,Neutral,0.0,Neutral
2017-04-27,290.0,,0.0,Neutral,0.0,Neutral
2017-04-26,292.0,,0.0,Neutral,0.0,Neutral
2017-04-25,283.0,2017-04-25,0.7321624755859375,Strongly Positive,0.7321624755859375,Strongly Positive
2017-04-24,287.0,,0.0,Neutral,0.36608123779296875,Positive
2017-04-23,290.0,,0.0,Neutral,0.18304061889648438,Slightly Positive
2017-04-20,291.0,2017-04-20,-0.3623961433768272,Negative,-0.3623961433768272,Negative
2017-04-19,284.0,,0.0,Neutral,-0.1811980716884136,Slightly Negative
2017-04-18,279.0,,0.0,Neutral,-0.0905990358442068,Slightly Negative
2017-04-16,280.0,,0.0,Neutral,0.0,Neutral
2017-04-13,287.0,,0.0,Neutral,0.0,Neutral
2017-04-12,295.0,,0.0,Neutral,0.0,Neutral
2017-04-11,301.0,,0.0,Neutral,0.0,Neutral
2017-04-10,300.0,,0.0,Neutral,0.0,Neutral
2017-04-09,290.0,,0.0,Neutral,0.0,Neutral
2017-04-06,273.0,2017-04-06,0.5967186689376831,Positive,0.5967186689376831,Positive
2017-04-04,276.0,,0.0,Neutral,0.29835933446884155,Positive
2017-04-03,275.0,,0.0,Neutral,0.14917966723442078,Slightly Positive
2017-04-02,275.0,2017-04-02,0.903369665145874,Strongly Positive,0.903369665145874,Strongly Positive
2017-03-30,270.0,2017-03-30,-0.1716672480106353,Slightly Negative,0.28001758456230175,Positive
2017-03-29,271.0,,0.0,Neutral,0.14000879228115087,Slightly Positive
2017-03-28,288.0,,0.0,Neutral,-0.04291681200265882,Neutral
2017-03-26,278.0,,0.0,Neutral,0.0,Neutral
2017-03-23,263.0,,0.0,Neutral,0.0,Neutral
2017-03-22,242.0,2017-03-22,0.6236251592636108,Strongly Positive,0.6236251592636108,Strongly Positive
2017-03-21,240.0,,0.0,Neutral,0.3118125796318054,Positive
2017-03-20,232.0,,0.0,Neutral,0.1559062898159027,Slightly Positive
2017-03-19,229.0,,0.0,Neutral,0.0,Neutral
2017-03-16,227.0,,0.0,Neutral,0.0,Neutral
2017-03-15,230.0,,0.0,Neutral,0.0,Neutral
2017-03-14,222.0,,0.0,Neutral,0.0,Neutral
2017-03-13,228.0,,0.0,Neutral,0.0,Neutral
2017-03-09,222.0,,0.0,Neutral,0.0,Neutral
2017-03-07,210.0,2017-03-07,0.2491500675678253,Positive,0.2491500675678253,Positive
2017-03-06,215.0,,0.0,Neutral,0.12457503378391264,Slightly Positive
2017-03-05,214.0,,0.0,Neutral,0.06228751689195632,Slightly Positive
2017-03-02,214.0,2017-03-02,0.8856234550476074,Strongly Positive,0.8856234550476074,Strongly Positive
2017-03-01,213.0,2017-03-01,0.7320932149887085,Strongly Positive,1.1749049425125122,Strongly Positive
2017-02-28,208.0,,0.0,Neutral,0.5874524712562561,Positive
2017-02-26,207.0,,0.0,Neutral,0.18302330374717712,Slightly Positive
2017-02-23,209.0,2017-02-23,-0.5603695511817932,Negative,-0.5603695511817932,Negative
2017-02-22,208.0,,0.0,Neutral,-0.2801847755908966,Negative
2017-02-21,212.0,,0.0,Neutral,-0.1400923877954483,Slightly Negative
2017-02-20,215.0,,0.0,Neutral,0.0,Neutral
2017-02-19,222.0,,0.0,Neutral,0.0,Neutral
2017-02-16,220.0,,0.0,Neutral,0.0,Neutral
2017-02-15,219.0,2017-02-15,-0.5029162764549255,Negative,-0.5029162764549255,Negative
2017-02-14,216.0,,0.0,Neutral,-0.25145813822746277,Negative
2017-02-13,220.0,,0.0,Neutral,-0.12572906911373138,Slightly Negative
2017-02-12,205.0,,0.0,Neutral,0.0,Neutral
2017-02-09,212.0,,0.0,Neutral,0.0,Neutral
2017-02-08,218.0,,0.0,Neutral,0.0,Neutral
2017-02-07,221.0,2017-02-07,0.7273648977279663,Strongly Positive,0.7273648977279663,Strongly Positive
2017-02-06,228.0,,0.0,Neutral,0.36368244886398315,Positive
2017-02-05,224.0,,0.0,Neutral,0.18184122443199158,Slightly Positive
2017-02-02,230.0,,0.0,Neutral,0.0,Neutral
2017-02-01,236.0,,0.0,Neutral,0.0,Neutral
2017-01-31,223.0,,0.0,Neutral,0.0,Neutral
2017-01-30,214.0,,0.0,Neutral,0.0,Neutral
2017-01-26,233.0,,0.0,Neutral,0.0,Neutral
2017-01-25,241.0,,0.0,Neutral,0.0,Neutral
2017-01-24,247.0,,0.0,Neutral,0.0,Neutral
2017-01-23,247.0,,0.0,Neutral,0.0,Neutral
2017-01-22,251.0,,0.0,Neutral,0.0,Neutral
2017-01-19,245.0,2017-01-19,0.8906235098838806,Strongly Positive,0.8906235098838806,Strongly Positive
2017-01-18,245.0,2017-01-18,-0.7480860352516174,Strongly Negative,-0.3027742803096771,Negative
2017-01-17,247.0,,0.0,Neutral,-0.15138714015483856,Slightly Negative
2017-01-16,245.0,,0.0,Neutral,-0.18702150881290436,Slightly Negative
2017-01-15,247.0,2017-01-15,0.8086245059967041,Strongly Positive,0.8086245059967041,Strongly Positive
2017-01-12,253.0,,0.0,Neutral,0.40431225299835205,Positive
2017-01-11,249.0,,0.0,Neutral,0.20215612649917603,Positive
2017-01-10,255.0,,0.0,Neutral,0.0,Neutral
2017-01-09,252.0,,0.0,Neutral,0.0,Neutral
2017-01-08,250.0,,0.0,Neutral,0.0,Neutral
2017-01-05,250.0,,0.0,Neutral,0.0,Neutral
2017-01-04,252.0,,0.0,Neutral,0.0,Neutral
2017-01-03,255.0,,0.0,Neutral,0.0,Neutral
2017-01-02,246.0,,0.0,Neutral,0.0,Neutral
2017-01-01,250.0,2017-01-01,0.1828947961330413,Slightly Positive,0.1828947961330413,Slightly Positive
2016-12-29,248.0,,0.0,Neutral,0.09144739806652065,Slightly Positive
2016-12-28,245.0,2016-12-28,0.881725013256073,Strongly Positive,0.9274487122893333,Strongly Positive
2016-12-27,242.0,,0.0,Neutral,0.4408625066280365,Positive
2016-12-26,241.0,,0.0,Neutral,0.22043125331401825,Positive
2016-12-22,255.0,,0.0,Neutral,0.0,Neutral
2016-12-21,253.0,,0.0,Neutral,0.0,Neutral
2016-12-20,255.0,,0.0,Neutral,0.0,Neutral
2016-12-19,261.0,,0.0,Neutral,0.0,Neutral
2016-12-18,271.0,,0.0,Neutral,0.0,Neutral
2016-12-15,266.0,,0.0,Neutral,0.0,Neutral
2016-12-14,259.0,,0.0,Neutral,0.0,Neutral
2016-12-12,252.0,,0.0,Neutral,0.0,Neutral
2016-12-11,256.0,,0.0,Neutral,0.0,Neutral
2016-12-08,260.0,,0.0,Neutral,0.0,Neutral
2016-12-07,268.0,,0.0,Neutral,0.0,Neutral
2016-12-06,270.0,,0.0,Neutral,0.0,Neutral
2016-12-05,265.0,2016-12-05,0.7129253149032593,Strongly Positive,0.7129253149032593,Strongly Positive
2016-12-04,268.0,,0.0,Neutral,0.35646265745162964,Positive
2016-12-01,272.0,,0.0,Neutral,0.17823132872581482,Slightly Positive
2016-11-30,290.0,,0.0,Neutral,0.0,Neutral
2016-11-29,280.0,,0.0,Neutral,0.0,Neutral
2016-11-28,270.0,,0.0,Neutral,0.0,Neutral
2016-11-27,250.0,,0.0,Neutral,0.0,Neutral
2016-11-24,270.0,,0.0,Neutral,0.0,Neutral
2016-11-23,265.0,,0.0,Neutral,0.0,Neutral
2016-11-22,273.0,,0.0,Neutral,0.0,Neutral
2016-11-21,270.0,2016-11-21,0.8399505615234375,Strongly Positive,0.8399505615234375,Strongly Positive
2016-11-20,280.0,,0.0,Neutral,0.41997528076171875,Positive
2016-11-17,295.0,,0.0,Neutral,0.20998764038085938,Positive
2016-11-16,290.0,,0.0,Neutral,0.0,Neutral
2016-11-15,298.0,,0.0,Neutral,0.0,Neutral
2016-11-14,296.0,,0.0,Neutral,0.0,Neutral
2016-11-13,301.0,,0.0,Neutral,0.0,Neutral
2016-11-10,303.0,,0.0,Neutral,0.0,Neutral
2016-11-09,300.0,2016-11-09,-0.9314858317375184,Strongly Negative,-0.9314858317375184,Strongly Negative
2016-11-08,307.0,,0.0,Neutral,-0.4657429158687592,Negative
2016-11-07,310.0,,0.0,Neutral,-0.2328714579343796,Negative
2016-11-03,312.0,,0.0,Neutral,0.0,Neutral
2016-10-27,318.0,2016-10-27,0.7380070686340332,Strongly Positive,0.7380070686340332,Strongly Positive
2016-10-26,314.0,,0.0,Neutral,0.3690035343170166,Positive
2016-10-25,314.0,,0.0,Neutral,0.1845017671585083,Slightly Positive
2016-10-24,318.0,,0.0,Neutral,0.0,Neutral
2016-10-23,313.0,2016-10-23,-0.9054261445999146,Strongly Negative,-0.9054261445999146,Strongly Negative
2016-10-20,314.0,,0.0,Neutral,-0.4527130722999573,Negative
2016-10-19,314.0,,0.0,Neutral,-0.22635653614997864,Negative
2016-10-18,315.0,,0.0,Neutral,0.0,Neutral
2016-10-17,316.0,,0.0,Neutral,0.0,Neutral
2016-10-16,315.0,,0.0,Neutral,0.0,Neutral
2016-10-06,322.0,,0.0,Neutral,0.0,Neutral
2016-10-05,305.0,,0.0,Neutral,0.0,Neutral
2016-10-04,304.0,,0.0,Neutral,0.0,Neutral
2016-10-03,305.0,2016-10-03,0.1059269905090332,Slightly Positive,0.1059269905090332,Slightly Positive
2016-10-02,308.0,2016-10-02,0.8898768424987793,Strongly Positive,0.9428403377532959,Strongly Positive
2016-09-29,306.0,2016-09-29,0.9111406207084656,Strongly Positive,1.3825607895851135,Strongly Positive
2016-09-28,311.0,,0.0,Neutral,0.6780395209789276,Strongly Positive
2016-09-27,312.0,,0.0,Neutral,0.2277851551771164,Positive
2016-09-26,312.0,,0.0,Neutral,0.0,Neutral
2016-09-25,310.0,,0.0,Neutral,0.0,Neutral
2016-09-22,321.0,2016-09-22,0.0431180894374847,Neutral,0.0431180894374847,Neutral
2016-09-21,320.0,2016-09-21,0.8862911760807037,Strongly Positive,0.9078502207994461,Strongly Positive
2016-09-20,319.0,2016-09-20,0.9242508411407472,Strongly Positive,1.3781759515404701,Strongly Positive
2016-09-18,316.0,2016-09-18,0.8751511573791504,Strongly Positive,1.5588493719696999,Strongly Positive
2016-09-14,317.0,,0.0,Neutral,0.668638288974762,Strongly Positive
2016-09-12,314.0,2016-09-12,0.902121365070343,Strongly Positive,1.1209091544151306,Strongly Positive
2016-09-11,319.0,2016-09-11,0.8642315864562988,Strongly Positive,1.3152922689914703,Strongly Positive
2016-09-08,319.0,,0.0,Neutral,0.6576461344957352,Strongly Positive
2016-09-07,322.0,,0.0,Neutral,0.2160578966140747,Positive
2016-09-06,322.0,,0.0,Neutral,0.0,Neutral
2016-09-05,329.0,,0.0,Neutral,0.0,Neutral
2016-09-04,339.0,,0.0,Neutral,0.0,Neutral
2016-09-03,339.0,,0.0,Neutral,0.0,Neutral
2016-09-01,317.0,2016-09-01,0.7710901498794556,Strongly Positive,0.7710901498794556,Strongly Positive
2016-08-31,323.0,,0.0,Neutral,0.3855450749397278,Positive
2016-08-30,343.0,2016-08-30,-0.0680882036685943,Slightly Negative,0.12468433380126959,Slightly Positive
2016-08-29,340.0,,0.0,Neutral,-0.03404410183429715,Neutral
2016-08-28,336.0,,0.0,Neutral,-0.017022050917148576,Neutral
2016-08-24,324.0,,0.0,Neutral,0.0,Neutral
2016-08-23,331.0,,0.0,Neutral,0.0,Neutral
2016-08-22,335.0,,0.0,Neutral,0.0,Neutral
2016-08-21,361.0,,0.0,Neutral,0.0,Neutral
2016-08-17,375.0,,0.0,Neutral,0.0,Neutral
2016-08-16,355.0,2016-08-16,0.0269997715950012,Neutral,0.0269997715950012,Neutral
2016-08-15,370.0,,0.0,Neutral,0.0134998857975006,Neutral
2016-08-14,418.0,,0.0,Neutral,0.0067499428987503,Neutral
2016-08-11,430.0,,0.0,Neutral,0.0,Neutral
2016-08-10,436.0,,0.0,Neutral,0.0,Neutral
2016-08-09,430.0,,0.0,Neutral,0.0,Neutral
2016-08-08,411.0,,0.0,Neutral,0.0,Neutral
2016-08-07,445.0,,0.0,Neutral,0.0,Neutral
2016-08-04,415.0,,0.0,Neutral,0.0,Neutral
2016-08-03,444.0,,0.0,Neutral,0.0,Neutral
2016-08-02,444.0,,0.0,Neutral,0.0,Neutral
2016-08-01,458.0,,0.0,Neutral,0.0,Neutral
2016-07-31,465.0,,0.0,Neutral,0.0,Neutral
2016-07-28,423.0,,0.0,Neutral,0.0,Neutral
2016-07-27,427.0,,0.0,Neutral,0.0,Neutral
2016-07-26,424.0,,0.0,Neutral,0.0,Neutral
2016-07-25,415.0,,0.0,Neutral,0.0,Neutral
2016-07-21,413.0,2016-07-21,-0.5415614247322083,Negative,-0.5415614247322083,Negative
2016-07-20,414.0,,0.0,Neutral,-0.2707807123661041,Negative
2016-07-19,420.0,2016-07-19,-0.5339106917381287,Negative,-0.6693010479211807,Strongly Negative
2016-07-18,415.0,,0.0,Neutral,-0.26695534586906433,Negative
2016-07-17,421.0,2016-07-17,0.8322827219963074,Strongly Positive,0.6988050490617752,Strongly Positive
2016-07-14,412.0,,0.0,Neutral,0.4161413609981537,Positive
2016-07-13,397.0,,0.0,Neutral,0.20807068049907684,Positive
2016-07-12,405.0,,0.0,Neutral,0.0,Neutral
2016-07-11,412.0,,0.0,Neutral,0.0,Neutral
2016-07-10,420.0,2016-07-10,0.8081753253936768,Strongly Positive,0.8081753253936768,Strongly Positive
2016-07-06,422.0,,0.0,Neutral,0.4040876626968384,Positive
2016-07-05,425.0,,0.0,Neutral,0.2020438313484192,Positive
2016-07-04,428.0,,0.0,Neutral,0.0,Neutral
2016-07-03,434.0,,0.0,Neutral,0.0,Neutral
2016-06-30,435.0,,0.0,Neutral,0.0,Neutral
2016-06-29,433.0,,0.0,Neutral,0.0,Neutral
2016-06-28,429.0,,0.0,Neutral,0.0,Neutral
2016-06-27,424.0,,0.0,Neutral,0.0,Neutral
2016-06-26,415.0,,0.0,Neutral,0.0,Neutral
2016-06-23,435.0,2016-06-23,0.581391453742981,Positive,0.581391453742981,Positive
2016-06-22,396.0,,0.0,Neutral,0.2906957268714905,Positive
2016-06-21,390.0,,0.0,Neutral,0.14534786343574524,Slightly Positive
2016-06-20,386.0,,0.0,Neutral,0.0,Neutral
2016-06-19,390.0,2016-06-19,0.8847450613975525,Strongly Positive,0.8847450613975525,Strongly Positive
2016-06-16,378.0,,0.0,Neutral,0.44237253069877625,Positive
2016-06-15,359.0,2016-06-15,0.6763022541999817,Strongly Positive,0.8974885195493698,Strongly Positive
2016-06-14,365.0,,0.0,Neutral,0.33815112709999084,Positive
2016-06-13,355.0,,0.0,Neutral,0.16907556354999542,Slightly Positive
2016-06-12,356.0,,0.0,Neutral,0.0,Neutral
2016-06-09,349.0,,0.0,Neutral,0.0,Neutral
2016-06-08,349.0,,0.0,Neutral,0.0,Neutral
2016-06-07,348.0,,0.0,Neutral,0.0,Neutral
2016-06-06,350.0,,0.0,Neutral,0.0,Neutral
2016-06-05,340.0,2016-06-05,0.9090322256088256,Strongly Positive,0.9090322256088256,Strongly Positive
2016-06-02,356.0,2016-06-02,0.8896958827972412,Strongly Positive,1.344211995601654,Strongly Positive
2016-06-01,366.0,,0.0,Neutral,0.672105997800827,Strongly Positive
2016-05-31,374.0,,0.0,Neutral,0.2224239706993103,Positive
2016-05-30,340.0,2016-05-30,0.9280319213867188,Strongly Positive,0.9280319213867188,Strongly Positive
2016-05-29,334.0,,0.0,Neutral,0.4640159606933594,Positive
2016-05-26,337.0,,0.0,Neutral,0.2320079803466797,Positive
2016-05-25,338.0,,0.0,Neutral,0.0,Neutral
2016-05-24,332.0,,0.0,Neutral,0.0,Neutral
2016-05-23,334.0,,0.0,Neutral,0.0,Neutral
2016-05-22,331.0,,0.0,Neutral,0.0,Neutral
2016-05-19,335.0,,0.0,Neutral,0.0,Neutral
2016-05-18,335.0,,0.0,Neutral,0.0,Neutral
2016-05-17,329.0,2016-05-17,0.9240453839302064,Strongly Positive,0.9240453839302064,Strongly Positive
2016-05-16,333.0,,0.0,Neutral,0.4620226919651032,Positive
2016-05-15,335.0,,0.0,Neutral,0.2310113459825516,Positive
2016-05-12,336.0,,0.0,Neutral,0.0,Neutral
2016-05-11,332.0,,0.0,Neutral,0.0,Neutral
2016-05-10,330.0,2016-05-10,0.8823189735412598,Strongly Positive,0.8823189735412598,Strongly Positive
2016-05-09,332.0,,0.0,Neutral,0.4411594867706299,Positive
2016-05-08,320.0,,0.0,Neutral,0.22057974338531494,Positive
2016-05-05,314.0,,0.0,Neutral,0.0,Neutral
2016-05-04,320.0,,0.0,Neutral,0.0,Neutral
2016-05-03,327.0,,0.0,Neutral,0.0,Neutral
2016-05-02,307.0,,0.0,Neutral,0.0,Neutral
2016-04-28,310.0,2016-04-28,-0.6809363961219788,Strongly Negative,-0.6809363961219788,Strongly Negative
2016-04-27,304.0,2016-04-27,0.1160554587841034,Slightly Positive,-0.224412739276886,Negative
2016-04-26,305.0,,0.0,Neutral,-0.112206369638443,Slightly Negative
2016-04-25,302.0,,0.0,Neutral,0.02901386469602585,Neutral
2016-04-24,306.0,,0.0,Neutral,0.0,Neutral
2016-04-21,303.0,,0.0,Neutral,0.0,Neutral
2016-04-20,309.0,2016-04-20,0.7522884607315063,Strongly Positive,0.7522884607315063,Strongly Positive
2016-04-19,310.0,2016-04-19,-0.926275670528412,Strongly Negative,-0.5501314401626588,Negative
2016-04-18,309.0,2016-04-18,0.0300204027444124,Neutral,-0.24504531733691698,Negative
2016-04-17,310.0,2016-04-17,0.9084632992744446,Strongly Positive,0.6919045830145478,Strongly Positive
2016-04-14,310.0,,0.0,Neutral,0.4617367503233254,Positive
2016-04-12,305.0,,0.0,Neutral,0.22711582481861115,Positive
2016-04-11,309.0,,0.0,Neutral,0.0,Neutral
2016-04-10,306.0,,0.0,Neutral,0.0,Neutral
2016-04-06,306.0,,0.0,Neutral,0.0,Neutral
2016-04-05,314.0,,0.0,Neutral,0.0,Neutral
2016-04-04,310.0,,0.0,Neutral,0.0,Neutral
2016-04-03,313.0,,0.0,Neutral,0.0,Neutral
2016-03-31,308.0,,0.0,Neutral,0.0,Neutral
2016-03-30,306.0,,0.0,Neutral,0.0,Neutral
2016-03-29,310.0,,0.0,Neutral,0.0,Neutral
2016-03-28,313.0,2016-03-28,0.5935075283050537,Positive,0.5935075283050537,Positive
2016-03-27,314.0,,0.0,Neutral,0.29675376415252686,Positive
2016-03-24,314.0,2016-03-24,0.9060111045837402,Strongly Positive,1.0543879866600037,Strongly Positive
2016-03-23,328.0,,0.0,Neutral,0.4530055522918701,Positive
2016-03-21,330.0,,0.0,Neutral,0.22650277614593506,Positive
2016-03-20,339.0,,0.0,Neutral,0.0,Neutral
2016-03-17,340.0,2016-03-17,0.7216230034828186,Strongly Positive,0.7216230034828186,Strongly Positive
2016-03-16,334.0,2016-03-16,-0.7536658644676208,Strongly Negative,-0.39285436272621155,Negative
2016-03-15,341.0,2016-03-15,0.789482593536377,Strongly Positive,0.5930554121732712,Positive
2016-03-14,375.0,,0.0,Neutral,0.20632483065128326,Positive
2016-03-13,356.0,,0.0,Neutral,0.19737064838409424,Slightly Positive
2016-03-10,324.0,,0.0,Neutral,0.0,Neutral
2016-03-06,295.0,,0.0,Neutral,0.0,Neutral
2016-03-03,297.0,2016-03-03,0.7107265591621399,Strongly Positive,0.7107265591621399,Strongly Positive
2016-03-02,301.0,,0.0,Neutral,0.35536327958106995,Positive
2016-03-01,291.0,,0.0,Neutral,0.17768163979053497,Slightly Positive
2016-02-29,290.0,2016-02-29,0.6740023493766785,Strongly Positive,0.6740023493766785,Strongly Positive
2016-02-28,294.0,,0.0,Neutral,0.33700117468833923,Positive
2016-02-25,298.0,2016-02-25,0.8789723515510559,Strongly Positive,1.0474729388952255,Strongly Positive
2016-02-24,300.0,,0.0,Neutral,0.43948617577552795,Positive
2016-02-23,301.0,,0.0,Neutral,0.21974308788776398,Positive
2016-02-22,306.0,,0.0,Neutral,0.0,Neutral
2016-02-21,301.0,,0.0,Neutral,0.0,Neutral
2016-02-18,296.0,,0.0,Neutral,0.0,Neutral
2016-02-17,298.0,,0.0,Neutral,0.0,Neutral
2016-02-16,299.0,,0.0,Neutral,0.0,Neutral
2016-02-15,298.0,,0.0,Neutral,0.0,Neutral
2016-02-14,300.0,2016-02-14,0.8966696262359619,Strongly Positive,0.8966696262359619,Strongly Positive
2016-02-11,295.0,,0.0,Neutral,0.44833481311798096,Positive
2016-02-08,305.0,,0.0,Neutral,0.22416740655899048,Positive
2016-02-07,297.0,,0.0,Neutral,0.0,Neutral
2016-02-04,329.0,,0.0,Neutral,0.0,Neutral
2016-02-01,335.0,,0.0,Neutral,0.0,Neutral
2016-01-28,341.0,,0.0,Neutral,0.0,Neutral
2016-01-27,354.0,,0.0,Neutral,0.0,Neutral
2016-01-25,361.0,,0.0,Neutral,0.0,Neutral
2016-01-24,349.0,,0.0,Neutral,0.0,Neutral
2016-01-21,343.0,2016-01-21,-0.93006694316864,Strongly Negative,-0.93006694316864,Strongly Negative
2016-01-20,312.0,,0.0,Neutral,-0.46503347158432,Negative
2016-01-19,285.0,,0.0,Neutral,-0.23251673579216,Negative
2016-01-14,260.0,,0.0,Neutral,0.0,Neutral
2016-01-13,260.0,,0.0,Neutral,0.0,Neutral
2016-01-12,260.0,,0.0,Neutral,0.0,Neutral
2016-01-11,260.0,2016-01-11,0.6818904876708984,Strongly Positive,0.6818904876708984,Strongly Positive
2016-01-10,257.0,,0.0,Neutral,0.3409452438354492,Positive
2016-01-07,256.0,,0.0,Neutral,0.1704726219177246,Slightly Positive
2016-01-06,262.0,,0.0,Neutral,0.0,Neutral
2016-01-05,270.0,,0.0,Neutral,0.0,Neutral
2016-01-04,257.0,,0.0,Neutral,0.0,Neutral
2016-01-03,256.0,,0.0,Neutral,0.0,Neutral
2015-12-31,260.0,,0.0,Neutral,0.0,Neutral
2015-12-29,255.0,,0.0,Neutral,0.0,Neutral
2015-12-28,255.0,,0.0,Neutral,0.0,Neutral
2015-12-27,259.0,,0.0,Neutral,0.0,Neutral
2015-12-24,258.0,,0.0,Neutral,0.0,Neutral
2015-12-23,260.0,,0.0,Neutral,0.0,Neutral
2015-12-22,258.0,,0.0,Neutral,0.0,Neutral
2015-12-21,258.0,,0.0,Neutral,0.0,Neutral
2015-12-20,260.0,,0.0,Neutral,0.0,Neutral
2015-12-17,260.0,,0.0,Neutral,0.0,Neutral
2015-12-16,260.0,,0.0,Neutral,0.0,Neutral
2015-12-15,265.0,,0.0,Neutral,0.0,Neutral
2015-12-14,270.0,,0.0,Neutral,0.0,Neutral
2015-12-13,270.0,,0.0,Neutral,0.0,Neutral
2015-12-10,263.0,,0.0,Neutral,0.0,Neutral
2015-12-09,265.0,,0.0,Neutral,0.0,Neutral
2015-12-08,263.0,,0.0,Neutral,0.0,Neutral
2015-12-07,260.0,2015-12-07,0.9273107945919036,Strongly Positive,0.9273107945919036,Strongly Positive
2015-12-06,270.0,,0.0,Neutral,0.4636553972959518,Positive
2015-12-03,280.0,2015-12-03,0.9220194220542908,Strongly Positive,1.1538471207022667,Strongly Positive
2015-12-02,275.0,,0.0,Neutral,0.4610097110271454,Positive
2015-12-01,264.0,2015-12-01,-0.5810050964355469,Negative,-0.3505002409219742,Negative
2015-11-30,267.0,,0.0,Neutral,-0.29050254821777344,Negative
2015-11-29,253.0,2015-11-29,0.923660397529602,Strongly Positive,0.7784091234207153,Strongly Positive
2015-11-26,260.0,,0.0,Neutral,0.461830198764801,Positive
2015-11-25,268.0,,0.0,Neutral,0.2309150993824005,Positive
2015-11-24,278.0,,0.0,Neutral,0.0,Neutral
2015-11-23,261.0,,0.0,Neutral,0.0,Neutral
2015-11-22,256.0,,0.0,Neutral,0.0,Neutral
2015-11-19,267.0,,0.0,Neutral,0.0,Neutral
2015-11-18,271.0,,0.0,Neutral,0.0,Neutral
2015-11-16,268.0,,0.0,Neutral,0.0,Neutral
2015-11-15,270.0,,0.0,Neutral,0.0,Neutral
2015-11-10,272.0,,0.0,Neutral,0.0,Neutral
2015-11-09,272.0,,0.0,Neutral,0.0,Neutral
2015-11-08,296.0,,0.0,Neutral,0.0,Neutral
2015-11-05,299.0,,0.0,Neutral,0.0,Neutral
2015-11-04,272.0,,0.0,Neutral,0.0,Neutral
2015-11-03,281.0,,0.0,Neutral,0.0,Neutral
2015-11-02,275.0,,0.0,Neutral,0.0,Neutral
2015-11-01,269.0,,0.0,Neutral,0.0,Neutral
2015-10-29,265.0,,0.0,Neutral,0.0,Neutral
2015-10-28,255.0,,0.0,Neutral,0.0,Neutral
2015-10-27,259.0,,0.0,Neutral,0.0,Neutral
2015-10-18,266.0,,0.0,Neutral,0.0,Neutral
2015-10-15,266.0,2015-10-15,0.906463861465454,Strongly Positive,0.906463861465454,Strongly Positive
2015-10-14,271.0,,0.0,Neutral,0.453231930732727,Positive
2015-10-11,277.0,,0.0,Neutral,0.2266159653663635,Positive
2015-10-08,277.0,,0.0,Neutral,0.0,Neutral
2015-10-07,274.0,,0.0,Neutral,0.0,Neutral
2015-10-06,275.0,,0.0,Neutral,0.0,Neutral
2015-10-05,278.0,,0.0,Neutral,0.0,Neutral
2015-10-04,276.0,,0.0,Neutral,0.0,Neutral
2015-10-01,276.0,2015-10-01,-0.1944545805454254,Slightly Negative,-0.1944545805454254,Slightly Negative
2015-09-30,281.0,,0.0,Neutral,-0.0972272902727127,Slightly Negative
2015-09-29,280.0,2015-09-29,0.6452875137329102,Strongly Positive,0.5966738685965538,Positive
2015-09-24,280.0,2015-09-24,0.9214875102043152,Strongly Positive,1.2441312670707703,Strongly Positive
2015-09-23,291.0,2015-09-23,0.8798791170120239,Strongly Positive,1.501944750547409,Strongly Positive
2015-09-22,280.0,2015-09-22,0.9070401191711426,Strongly Positive,1.5773515552282333,Strongly Positive
2015-09-17,284.0,,0.0,Neutral,0.6734898388385773,Strongly Positive
2015-09-16,280.0,,0.0,Neutral,0.22676002979278564,Positive
2015-09-15,284.0,,0.0,Neutral,0.0,Neutral
2015-09-14,280.0,,0.0,Neutral,0.0,Neutral
2015-09-13,270.0,,0.0,Neutral,0.0,Neutral
2015-09-10,279.0,,0.0,Neutral,0.0,Neutral
2015-09-09,280.0,,0.0,Neutral,0.0,Neutral
2015-09-08,277.0,,0.0,Neutral,0.0,Neutral
2015-09-07,278.0,,0.0,Neutral,0.0,Neutral
2015-09-06,280.0,,0.0,Neutral,0.0,Neutral
2015-09-03,286.0,2015-09-03,0.8332056999206543,Strongly Positive,0.8332056999206543,Strongly Positive
2015-09-02,283.0,,0.0,Neutral,0.41660284996032715,Positive
2015-09-01,282.0,,0.0,Neutral,0.20830142498016357,Positive
2015-08-31,277.0,,0.0,Neutral,0.0,Neutral
2015-08-27,283.0,,0.0,Neutral,0.0,Neutral
2015-08-26,281.0,2015-08-26,0.0012254416942596,Neutral,0.0012254416942596,Neutral
2015-08-25,280.0,,0.0,Neutral,0.0006127208471298,Neutral
2015-08-24,280.0,,0.0,Neutral,0.0003063604235649,Neutral
2015-08-23,275.0,,0.0,Neutral,0.0,Neutral
2015-08-20,292.0,,0.0,Neutral,0.0,Neutral
2015-08-19,296.0,,0.0,Neutral,0.0,Neutral
2015-08-18,294.0,,0.0,Neutral,0.0,Neutral
2015-08-17,299.0,,0.0,Neutral,0.0,Neutral
2015-08-16,288.0,,0.0,Neutral,0.0,Neutral
2015-08-13,298.0,,0.0,Neutral,0.0,Neutral
2015-08-12,300.0,,0.0,Neutral,0.0,Neutral
2015-08-11,300.0,,0.0,Neutral,0.0,Neutral
2015-08-10,304.0,,0.0,Neutral,0.0,Neutral
2015-08-09,303.0,,0.0,Neutral,0.0,Neutral
2015-08-06,300.0,,0.0,Neutral,0.0,Neutral
2015-08-05,308.0,,0.0,Neutral,0.0,Neutral
2015-08-04,310.0,,0.0,Neutral,0.0,Neutral
2015-08-03,305.0,2015-08-03,0.8893616795539856,Strongly Positive,0.8893616795539856,Strongly Positive
2015-08-02,312.0,,0.0,Neutral,0.4446808397769928,Positive
2015-07-30,313.0,,0.0,Neutral,0.2223404198884964,Positive
2015-07-29,308.0,,0.0,Neutral,0.0,Neutral
2015-07-28,310.0,,0.0,Neutral,0.0,Neutral
2015-07-27,323.0,,0.0,Neutral,0.0,Neutral
2015-07-26,344.0,,0.0,Neutral,0.0,Neutral
2015-07-23,320.0,,0.0,Neutral,0.0,Neutral
2015-07-22,316.0,2015-07-22,-0.7776907086372375,Strongly Negative,-0.7776907086372375,Strongly Negative
2015-07-16,319.0,,0.0,Neutral,-0.3888453543186188,Negative
2015-07-15,322.0,,0.0,Neutral,-0.1944226771593094,Slightly Negative
2015-07-14,321.0,,0.0,Neutral,0.0,Neutral
2015-07-13,318.0,,0.0,Neutral,0.0,Neutral
2015-07-12,318.0,,0.0,Neutral,0.0,Neutral
2015-07-09,319.0,,0.0,Neutral,0.0,Neutral
2015-07-08,331.0,,0.0,Neutral,0.0,Neutral
2015-07-07,312.0,,0.0,Neutral,0.0,Neutral
2015-07-06,315.0,,0.0,Neutral,0.0,Neutral
2015-07-05,315.0,,0.0,Neutral,0.0,Neutral
2015-07-02,315.0,,0.0,Neutral,0.0,Neutral
2015-07-01,318.0,2015-07-01,0.9069263339042664,Strongly Positive,0.9069263339042664,Strongly Positive
2015-06-30,321.0,,0.0,Neutral,0.4534631669521332,Positive
2015-06-29,325.0,,0.0,Neutral,0.2267315834760666,Positive
2015-06-28,320.0,,0.0,Neutral,0.0,Neutral
2015-06-25,324.0,,0.0,Neutral,0.0,Neutral
2015-06-24,318.0,,0.0,Neutral,0.0,Neutral
2015-06-23,323.0,,0.0,Neutral,0.0,Neutral
2015-06-22,318.0,,0.0,Neutral,0.0,Neutral
2015-06-21,318.0,,0.0,Neutral,0.0,Neutral
2015-06-18,335.0,,0.0,Neutral,0.0,Neutral
2015-06-17,329.0,,0.0,Neutral,0.0,Neutral
2015-06-16,328.0,,0.0,Neutral,0.0,Neutral
2015-06-15,335.0,,0.0,Neutral,0.0,Neutral
2015-06-14,325.0,,0.0,Neutral,0.0,Neutral
2015-06-11,327.0,,0.0,Neutral,0.0,Neutral
2015-06-10,340.0,,0.0,Neutral,0.0,Neutral
2015-06-09,353.0,,0.0,Neutral,0.0,Neutral
2015-06-08,346.0,,0.0,Neutral,0.0,Neutral
2015-06-07,330.0,,0.0,Neutral,0.0,Neutral
2015-06-04,326.0,2015-06-04,0.895082950592041,Strongly Positive,0.895082950592041,Strongly Positive
2015-06-03,322.0,,0.0,Neutral,0.4475414752960205,Positive
2015-06-02,308.0,,0.0,Neutral,0.22377073764801025,Positive
2015-06-01,302.0,,0.0,Neutral,0.0,Neutral
2015-05-31,299.0,,0.0,Neutral,0.0,Neutral
2015-05-28,279.0,,0.0,Neutral,0.0,Neutral
2015-05-27,265.0,,0.0,Neutral,0.0,Neutral
2015-05-26,275.0,,0.0,Neutral,0.0,Neutral
2015-05-25,290.0,,0.0,Neutral,0.0,Neutral
2015-05-24,322.0,,0.0,Neutral,0.0,Neutral
2015-04-23,346.0,,0.0,Neutral,0.0,Neutral
2015-04-22,350.0,2015-04-22,0.3517574965953827,Positive,0.3517574965953827,Positive
2015-04-21,350.0,,0.0,Neutral,0.17587874829769135,Slightly Positive
2015-04-20,348.0,2015-04-20,-0.9280198216438292,Strongly Negative,-0.8400804474949836,Strongly Negative
2015-04-19,345.0,,0.0,Neutral,-0.4640099108219146,Negative
2015-04-16,337.0,,0.0,Neutral,-0.2320049554109573,Negative
2015-04-15,345.0,,0.0,Neutral,0.0,Neutral
2015-04-13,345.0,,0.0,Neutral,0.0,Neutral
2015-04-12,344.0,,0.0,Neutral,0.0,Neutral
2015-04-09,336.0,,0.0,Neutral,0.0,Neutral
2015-04-08,339.0,,0.0,Neutral,0.0,Neutral
2015-04-07,338.0,,0.0,Neutral,0.0,Neutral
2015-04-06,336.0,,0.0,Neutral,0.0,Neutral
2015-04-05,340.0,,0.0,Neutral,0.0,Neutral
2015-04-02,337.0,,0.0,Neutral,0.0,Neutral
2015-04-01,343.0,,0.0,Neutral,0.0,Neutral
2015-03-31,342.0,,0.0,Neutral,0.0,Neutral
2015-03-30,345.0,,0.0,Neutral,0.0,Neutral
2015-03-29,336.0,,0.0,Neutral,0.0,Neutral
2015-03-26,341.0,,0.0,Neutral,0.0,Neutral
2015-03-25,343.0,,0.0,Neutral,0.0,Neutral
2015-03-24,340.0,,0.0,Neutral,0.0,Neutral
2015-03-23,341.0,,0.0,Neutral,0.0,Neutral
2015-03-22,347.0,,0.0,Neutral,0.0,Neutral
2015-03-19,358.0,,0.0,Neutral,0.0,Neutral
2015-03-18,344.0,,0.0,Neutral,0.0,Neutral
2015-03-17,345.0,,0.0,Neutral,0.0,Neutral
2015-03-16,341.0,,0.0,Neutral,0.0,Neutral
2015-03-15,345.0,,0.0,Neutral,0.0,Neutral
2015-03-12,348.0,,0.0,Neutral,0.0,Neutral
2015-03-11,352.0,,0.0,Neutral,0.0,Neutral
2015-03-10,349.0,,0.0,Neutral,0.0,Neutral
2015-03-09,354.0,,0.0,Neutral,0.0,Neutral
2015-03-04,350.0,,0.0,Neutral,0.0,Neutral
2015-03-03,346.0,,0.0,Neutral,0.0,Neutral
2015-03-02,351.0,,0.0,Neutral,0.0,Neutral
2015-03-01,347.0,,0.0,Neutral,0.0,Neutral
2015-02-26,355.0,,0.0,Neutral,0.0,Neutral
2015-02-25,348.0,,0.0,Neutral,0.0,Neutral
2015-02-24,348.0,,0.0,Neutral,0.0,Neutral
2015-02-23,348.0,,0.0,Neutral,0.0,Neutral
2015-02-22,348.0,,0.0,Neutral,0.0,Neutral
2015-02-18,353.0,,0.0,Neutral,0.0,Neutral
2015-02-16,352.0,,0.0,Neutral,0.0,Neutral
2015-02-15,354.0,,0.0,Neutral,0.0,Neutral
2015-02-12,358.0,,0.0,Neutral,0.0,Neutral
2015-02-11,363.0,,0.0,Neutral,0.0,Neutral
2015-02-10,360.0,,0.0,Neutral,0.0,Neutral
2015-02-09,360.0,,0.0,Neutral,0.0,Neutral
2015-02-08,360.0,,0.0,Neutral,0.0,Neutral
2015-02-05,362.0,,0.0,Neutral,0.0,Neutral
2015-02-04,363.0,,0.0,Neutral,0.0,Neutral
2015-02-03,370.0,,0.0,Neutral,0.0,Neutral
2015-02-02,372.0,,0.0,Neutral,0.0,Neutral
2015-02-01,373.0,,0.0,Neutral,0.0,Neutral
2015-01-29,375.0,,0.0,Neutral,0.0,Neutral
2015-01-28,375.0,,0.0,Neutral,0.0,Neutral
2015-01-27,374.0,,0.0,Neutral,0.0,Neutral
2015-01-26,366.0,,0.0,Neutral,0.0,Neutral
2015-01-25,372.0,,0.0,Neutral,0.0,Neutral
2015-01-22,367.0,,0.0,Neutral,0.0,Neutral
2015-01-20,369.0,,0.0,Neutral,0.0,Neutral
2015-01-19,375.0,2015-01-19,-0.893301248550415,Strongly Negative,-0.893301248550415,Strongly Negative
2015-01-18,363.0,,0.0,Neutral,-0.4466506242752075,Negative
2015-01-14,367.0,,0.0,Neutral,-0.22332531213760376,Negative
2015-01-13,366.0,,0.0,Neutral,0.0,Neutral
2015-01-12,359.0,,0.0,Neutral,0.0,Neutral
2015-01-11,357.0,,0.0,Neutral,0.0,Neutral
2015-01-08,360.0,,0.0,Neutral,0.0,Neutral
2015-01-07,357.0,,0.0,Neutral,0.0,Neutral
2015-01-06,355.0,,0.0,Neutral,0.0,Neutral
2015-01-05,362.0,,0.0,Neutral,0.0,Neutral
2015-01-04,362.0,2015-01-04,0.9143463969230652,Strongly Positive,0.9143463969230652,Strongly Positive
2015-01-01,360.0,,0.0,Neutral,0.4571731984615326,Positive
2014-12-31,362.0,,0.0,Neutral,0.2285865992307663,Positive
2014-12-29,372.0,,0.0,Neutral,0.0,Neutral
2014-12-28,374.0,,0.0,Neutral,0.0,Neutral
2014-12-24,353.0,,0.0,Neutral,0.0,Neutral
2014-12-23,350.0,,0.0,Neutral,0.0,Neutral
2014-12-22,355.0,,0.0,Neutral,0.0,Neutral
2014-12-21,357.0,,0.0,Neutral,0.0,Neutral
2014-12-18,362.0,,0.0,Neutral,0.0,Neutral
2014-12-17,370.0,,0.0,Neutral,0.0,Neutral
2014-12-16,374.0,,0.0,Neutral,0.0,Neutral
2014-12-15,384.0,,0.0,Neutral,0.0,Neutral
2014-12-14,382.0,,0.0,Neutral,0.0,Neutral
2014-12-11,362.0,,0.0,Neutral,0.0,Neutral
2014-12-10,352.0,,0.0,Neutral,0.0,Neutral
2014-12-09,350.0,,0.0,Neutral,0.0,Neutral
2014-12-08,350.0,,0.0,Neutral,0.0,Neutral
2014-12-07,350.0,,0.0,Neutral,0.0,Neutral
2014-12-04,350.0,,0.0,Neutral,0.0,Neutral
2014-12-03,350.0,,0.0,Neutral,0.0,Neutral
2014-12-02,343.0,,0.0,Neutral,0.0,Neutral
2014-12-01,347.0,,0.0,Neutral,0.0,Neutral
2014-11-30,355.0,,0.0,Neutral,0.0,Neutral
2014-11-25,354.0,,0.0,Neutral,0.0,Neutral
2014-11-24,355.0,,0.0,Neutral,0.0,Neutral
2014-11-23,363.0,,0.0,Neutral,0.0,Neutral
2014-11-20,365.0,,0.0,Neutral,0.0,Neutral
2014-11-19,350.0,,0.0,Neutral,0.0,Neutral
2014-11-18,340.0,,0.0,Neutral,0.0,Neutral
2014-11-17,340.0,2014-11-17,0.198180817067623,Slightly Positive,0.198180817067623,Slightly Positive
2014-11-16,353.0,,0.0,Neutral,0.0990904085338115,Slightly Positive
2014-11-13,359.0,,0.0,Neutral,0.04954520426690575,Neutral
2014-11-12,361.0,,0.0,Neutral,0.0,Neutral
2014-11-11,370.0,,0.0,Neutral,0.0,Neutral
2014-11-10,352.0,,0.0,Neutral,0.0,Neutral
2014-11-09,360.0,,0.0,Neutral,0.0,Neutral
2014-11-06,367.0,,0.0,Neutral,0.0,Neutral
2014-11-05,366.0,,0.0,Neutral,0.0,Neutral
2014-11-04,365.0,,0.0,Neutral,0.0,Neutral
2014-11-03,368.0,,0.0,Neutral,0.0,Neutral
2014-11-02,368.0,,0.0,Neutral,0.0,Neutral
2014-10-30,379.0,,0.0,Neutral,0.0,Neutral
2014-10-28,381.0,,0.0,Neutral,0.0,Neutral
2014-10-27,380.0,2014-10-27,-0.8635430335998535,Strongly Negative,-0.8635430335998535,Strongly Negative
2014-10-26,384.0,,0.0,Neutral,-0.43177151679992676,Negative
2014-10-22,387.0,,0.0,Neutral,-0.21588575839996338,Negative
2014-10-21,391.0,,0.0,Neutral,0.0,Neutral
2014-10-20,378.0,,0.0,Neutral,0.0,Neutral
2014-10-19,376.0,,0.0,Neutral,0.0,Neutral
2014-10-16,384.0,,0.0,Neutral,0.0,Neutral
2014-10-15,376.0,,0.0,Neutral,0.0,Neutral
2014-10-14,374.0,,0.0,Neutral,0.0,Neutral
2014-10-13,375.0,,0.0,Neutral,0.0,Neutral
2014-10-12,375.0,,0.0,Neutral,0.0,Neutral
2014-10-09,380.0,,0.0,Neutral,0.0,Neutral
2014-10-08,380.0,,0.0,Neutral,0.0,Neutral
2014-09-30,387.0,,0.0,Neutral,0.0,Neutral
2014-09-29,400.0,,0.0,Neutral,0.0,Neutral
2014-09-28,396.0,,0.0,Neutral,0.0,Neutral
2014-09-24,386.0,,0.0,Neutral,0.0,Neutral
2014-09-23,361.0,,0.0,Neutral,0.0,Neutral
2014-09-22,348.0,,0.0,Neutral,0.0,Neutral
2014-09-21,363.0,,0.0,Neutral,0.0,Neutral
2014-09-18,382.0,,0.0,Neutral,0.0,Neutral
2014-09-17,383.0,,0.0,Neutral,0.0,Neutral
2014-09-16,385.0,,0.0,Neutral,0.0,Neutral
2014-09-15,385.0,,0.0,Neutral,0.0,Neutral
2014-09-14,380.0,,0.0,Neutral,0.0,Neutral
2014-09-11,380.0,2014-09-11,-0.7906786203384399,Strongly Negative,-0.7906786203384399,Strongly Negative
2014-09-10,384.0,,0.0,Neutral,-0.39533931016921997,Negative
2014-09-09,385.0,,0.0,Neutral,-0.19766965508460999,Slightly Negative
2014-09-07,373.0,,0.0,Neutral,0.0,Neutral
2014-09-04,380.0,,0.0,Neutral,0.0,Neutral
2014-09-03,390.0,,0.0,Neutral,0.0,Neutral
2014-09-01,390.0,,0.0,Neutral,0.0,Neutral
2014-08-31,400.0,,0.0,Neutral,0.0,Neutral
2014-08-28,402.0,,0.0,Neutral,0.0,Neutral
2014-08-27,402.0,,0.0,Neutral,0.0,Neutral
2014-08-26,395.0,,0.0,Neutral,0.0,Neutral
2014-08-25,399.0,,0.0,Neutral,0.0,Neutral
2014-08-24,425.0,,0.0,Neutral,0.0,Neutral
2014-08-21,476.0,,0.0,Neutral,0.0,Neutral
2014-08-20,477.0,,0.0,Neutral,0.0,Neutral
2014-08-19,484.0,,0.0,Neutral,0.0,Neutral
2014-08-18,489.0,,0.0,Neutral,0.0,Neutral
2014-08-14,504.0,,0.0,Neutral,0.0,Neutral
2014-08-13,507.0,,0.0,Neutral,0.0,Neutral
2014-08-12,493.0,,0.0,Neutral,0.0,Neutral
2014-08-07,513.0,,0.0,Neutral,0.0,Neutral
2014-08-06,540.0,,0.0,Neutral,0.0,Neutral
2014-08-05,532.0,,0.0,Neutral,0.0,Neutral
2014-08-04,541.0,,0.0,Neutral,0.0,Neutral
2014-08-03,536.0,,0.0,Neutral,0.0,Neutral
2014-07-31,536.0,,0.0,Neutral,0.0,Neutral
2014-07-30,540.0,,0.0,Neutral,0.0,Neutral
2014-07-28,544.0,,0.0,Neutral,0.0,Neutral
2014-07-27,550.0,,0.0,Neutral,0.0,Neutral
2014-07-24,545.0,2014-07-24,-0.9164826273918152,Strongly Negative,-0.9164826273918152,Strongly Negative
2014-07-23,553.0,2014-07-23,-0.9311224818229676,Strongly Negative,-1.3893637955188751,Strongly Negative
2014-07-22,535.0,,0.0,Neutral,-0.6946818977594376,Strongly Negative
2014-07-21,546.0,,0.0,Neutral,-0.2327806204557419,Negative
2014-07-20,546.0,,0.0,Neutral,0.0,Neutral
2014-07-17,540.0,,0.0,Neutral,0.0,Neutral
2014-07-16,531.0,,0.0,Neutral,0.0,Neutral
2014-07-15,533.0,,0.0,Neutral,0.0,Neutral
2014-07-14,536.0,,0.0,Neutral,0.0,Neutral
2014-07-13,546.0,,0.0,Neutral,0.0,Neutral
2014-07-10,540.0,,0.0,Neutral,0.0,Neutral
2014-07-09,536.0,,0.0,Neutral,0.0,Neutral
2014-07-08,540.0,,0.0,Neutral,0.0,Neutral
2014-07-07,537.0,,0.0,Neutral,0.0,Neutral
2014-07-06,558.0,,0.0,Neutral,0.0,Neutral
2014-07-03,526.0,,0.0,Neutral,0.0,Neutral
2014-07-02,481.0,,0.0,Neutral,0.0,Neutral
2014-07-01,438.0,,0.0,Neutral,0.0,Neutral
2014-06-30,435.0,,0.0,Neutral,0.0,Neutral
2014-06-29,430.0,,0.0,Neutral,0.0,Neutral
2014-06-26,430.0,,0.0,Neutral,0.0,Neutral
2014-06-25,430.0,,0.0,Neutral,0.0,Neutral
2014-06-24,430.0,,0.0,Neutral,0.0,Neutral
2014-06-23,422.0,2014-06-23,0.8464714288711548,Strongly Positive,0.8464714288711548,Strongly Positive
2014-06-19,436.0,,0.0,Neutral,0.4232357144355774,Positive
2014-06-18,442.0,,0.0,Neutral,0.2116178572177887,Positive
2014-06-17,441.0,,0.0,Neutral,0.0,Neutral
2014-06-16,435.0,,0.0,Neutral,0.0,Neutral
2014-06-15,431.0,,0.0,Neutral,0.0,Neutral
2014-06-12,430.0,,0.0,Neutral,0.0,Neutral
2014-06-11,430.0,2014-06-11,0.2576161623001098,Positive,0.2576161623001098,Positive
2014-06-10,429.0,,0.0,Neutral,0.1288080811500549,Slightly Positive
2014-06-09,433.0,,0.0,Neutral,0.06440404057502745,Slightly Positive
2014-06-08,434.0,,0.0,Neutral,0.0,Neutral
2014-06-05,428.0,,0.0,Neutral,0.0,Neutral
2014-06-04,435.0,,0.0,Neutral,0.0,Neutral
2014-06-03,429.0,,0.0,Neutral,0.0,Neutral
2014-06-02,418.0,,0.0,Neutral,0.0,Neutral
2014-06-01,409.0,,0.0,Neutral,0.0,Neutral
2014-05-28,411.0,,0.0,Neutral,0.0,Neutral
2014-05-27,417.0,,0.0,Neutral,0.0,Neutral
2014-05-26,420.0,,0.0,Neutral,0.0,Neutral
2014-05-25,423.0,,0.0,Neutral,0.0,Neutral
2014-05-22,424.0,2014-05-22,0.4946221709251404,Positive,0.4946221709251404,Positive
2014-05-21,420.0,,0.0,Neutral,0.2473110854625702,Positive
2014-05-20,430.0,2014-05-20,0.872773289680481,Strongly Positive,0.996428832411766,Strongly Positive
2014-05-19,420.0,,0.0,Neutral,0.4363866448402405,Positive
2014-05-18,420.0,,0.0,Neutral,0.21819332242012024,Positive
2014-05-15,427.0,,0.0,Neutral,0.0,Neutral
2014-05-13,432.0,,0.0,Neutral,0.0,Neutral
2014-05-12,431.0,,0.0,Neutral,0.0,Neutral
2014-05-11,430.0,,0.0,Neutral,0.0,Neutral
2014-05-08,432.0,,0.0,Neutral,0.0,Neutral
2014-05-07,443.0,,0.0,Neutral,0.0,Neutral
2014-05-06,451.0,,0.0,Neutral,0.0,Neutral
2014-05-05,444.0,,0.0,Neutral,0.0,Neutral
2014-05-04,443.0,,0.0,Neutral,0.0,Neutral
2014-04-30,446.0,,0.0,Neutral,0.0,Neutral
2014-04-29,451.0,,0.0,Neutral,0.0,Neutral
2014-04-28,464.0,,0.0,Neutral,0.0,Neutral
2014-04-27,455.0,,0.0,Neutral,0.0,Neutral
2014-04-23,450.0,,0.0,Neutral,0.0,Neutral
2014-04-22,450.0,,0.0,Neutral,0.0,Neutral
2014-04-21,449.0,,0.0,Neutral,0.0,Neutral
2014-04-20,451.0,2014-04-20,-0.8709391951560974,Strongly Negative,-0.8709391951560974,Strongly Negative
2014-04-17,465.0,,0.0,Neutral,-0.4354695975780487,Negative
2014-04-16,472.0,,0.0,Neutral,-0.21773479878902435,Negative
2014-04-15,470.0,,0.0,Neutral,0.0,Neutral
2014-04-13,470.0,,0.0,Neutral,0.0,Neutral
2014-04-10,468.0,,0.0,Neutral,0.0,Neutral
2014-04-09,459.0,,0.0,Neutral,0.0,Neutral
2014-04-07,449.0,,0.0,Neutral,0.0,Neutral
2014-04-06,460.0,,0.0,Neutral,0.0,Neutral
2014-04-03,498.0,,0.0,Neutral,0.0,Neutral
2014-04-02,480.0,,0.0,Neutral,0.0,Neutral
2014-04-01,440.0,,0.0,Neutral,0.0,Neutral
2014-03-31,412.0,,0.0,Neutral,0.0,Neutral
2014-03-27,400.0,,0.0,Neutral,0.0,Neutral
2014-03-26,392.0,,0.0,Neutral,0.0,Neutral
2014-03-25,398.0,,0.0,Neutral,0.0,Neutral
2014-03-24,399.0,,0.0,Neutral,0.0,Neutral
2014-03-23,400.0,,0.0,Neutral,0.0,Neutral
2014-03-20,399.0,,0.0,Neutral,0.0,Neutral
2014-03-19,383.0,,0.0,Neutral,0.0,Neutral
2014-03-18,360.0,,0.0,Neutral,0.0,Neutral
2014-03-17,385.0,,0.0,Neutral,0.0,Neutral
2014-03-13,400.0,,0.0,Neutral,0.0,Neutral
2014-03-13,400.0,,0.0,Neutral,0.0,Neutral
2014-03-12,400.0,,0.0,Neutral,0.0,Neutral
2014-03-11,412.0,,0.0,Neutral,0.0,Neutral
2014-03-10,439.0,,0.0,Neutral,0.0,Neutral
2014-03-09,450.0,,0.0,Neutral,0.0,Neutral
2014-03-06,446.0,,0.0,Neutral,0.0,Neutral
2014-03-05,451.0,,0.0,Neutral,0.0,Neutral
2014-03-04,438.0,,0.0,Neutral,0.0,Neutral
2014-03-03,441.0,,0.0,Neutral,0.0,Neutral
2014-02-26,455.0,,0.0,Neutral,0.0,Neutral
2014-02-25,469.0,,0.0,Neutral,0.0,Neutral
2014-02-24,460.0,,0.0,Neutral,0.0,Neutral
2014-02-23,460.0,,0.0,Neutral,0.0,Neutral
2014-02-20,484.0,,0.0,Neutral,0.0,Neutral
2014-02-18,495.0,,0.0,Neutral,0.0,Neutral
2014-02-17,469.0,,0.0,Neutral,0.0,Neutral
2014-02-16,427.0,,0.0,Neutral,0.0,Neutral
2014-02-13,389.0,,0.0,Neutral,0.0,Neutral
2014-02-12,650.0,,0.0,Neutral,0.0,Neutral
2014-02-11,682.0,,0.0,Neutral,0.0,Neutral
2014-02-10,682.0,,0.0,Neutral,0.0,Neutral
2014-02-09,695.0,,0.0,Neutral,0.0,Neutral
2014-02-06,698.0,,0.0,Neutral,0.0,Neutral
2014-02-04,650.0,,0.0,Neutral,0.0,Neutral
2014-02-03,640.0,,0.0,Neutral,0.0,Neutral
2014-02-02,648.0,,0.0,Neutral,0.0,Neutral
2014-01-29,638.0,,0.0,Neutral,0.0,Neutral
2014-01-28,650.0,,0.0,Neutral,0.0,Neutral
2014-01-27,615.0,,0.0,Neutral,0.0,Neutral
2014-01-26,607.0,,0.0,Neutral,0.0,Neutral
2014-01-23,615.0,,0.0,Neutral,0.0,Neutral
2014-01-22,595.0,,0.0,Neutral,0.0,Neutral
2014-01-21,617.0,2014-01-21,-0.0663483887910842,Slightly Negative,-0.0663483887910842,Slightly Negative
2014-01-20,602.0,,0.0,Neutral,-0.0331741943955421,Neutral
2014-01-19,596.0,,0.0,Neutral,-0.01658709719777105,Neutral
2014-01-16,595.0,,0.0,Neutral,0.0,Neutral
2014-01-14,580.0,,0.0,Neutral,0.0,Neutral
2014-01-13,585.0,,0.0,Neutral,0.0,Neutral
2014-01-12,581.0,,0.0,Neutral,0.0,Neutral
2014-01-09,582.0,,0.0,Neutral,0.0,Neutral
2014-01-08,581.0,,0.0,Neutral,0.0,Neutral
2014-01-07,580.0,,0.0,Neutral,0.0,Neutral
2014-01-06,591.0,,0.0,Neutral,0.0,Neutral
2014-01-05,590.0,,0.0,Neutral,0.0,Neutral
2014-01-02,596.0,,0.0,Neutral,0.0,Neutral
2014-01-01,600.0,,0.0,Neutral,0.0,Neutral
2013-12-31,570.0,2013-12-31,0.9305623173713684,Strongly Positive,0.9305623173713684,Strongly Positive
2013-12-29,554.0,,0.0,Neutral,0.4652811586856842,Positive
2013-12-26,540.0,,0.0,Neutral,0.2326405793428421,Positive
2013-12-24,550.0,,0.0,Neutral,0.0,Neutral
2013-12-23,540.0,,0.0,Neutral,0.0,Neutral
2013-12-22,544.0,,0.0,Neutral,0.0,Neutral
2013-12-19,555.0,,0.0,Neutral,0.0,Neutral
2013-12-18,575.0,,0.0,Neutral,0.0,Neutral
2013-12-16,542.0,,0.0,Neutral,0.0,Neutral
2013-12-15,530.0,,0.0,Neutral,0.0,Neutral
2013-12-12,525.0,,0.0,Neutral,0.0,Neutral
2013-12-11,525.0,,0.0,Neutral,0.0,Neutral
2013-12-10,531.0,,0.0,Neutral,0.0,Neutral
2013-12-09,505.0,,0.0,Neutral,0.0,Neutral
2013-12-08,461.0,,0.0,Neutral,0.0,Neutral
2013-12-05,457.0,,0.0,Neutral,0.0,Neutral
2013-12-04,445.0,,0.0,Neutral,0.0,Neutral
2013-12-03,423.0,,0.0,Neutral,0.0,Neutral
2013-12-02,404.0,,0.0,Neutral,0.0,Neutral
2013-12-01,390.0,,0.0,Neutral,0.0,Neutral
2013-11-28,369.0,,0.0,Neutral,0.0,Neutral
2013-11-27,375.0,,0.0,Neutral,0.0,Neutral
2013-11-26,380.0,,0.0,Neutral,0.0,Neutral
2013-11-25,383.0,,0.0,Neutral,0.0,Neutral
2013-11-24,396.0,,0.0,Neutral,0.0,Neutral
2013-11-21,375.0,,0.0,Neutral,0.0,Neutral
2013-11-14,354.0,,0.0,Neutral,0.0,Neutral
2013-11-13,353.0,,0.0,Neutral,0.0,Neutral
2013-11-12,360.0,,0.0,Neutral,0.0,Neutral
2013-11-11,350.0,,0.0,Neutral,0.0,Neutral
2013-11-07,340.0,2013-11-07,0.8954075574874878,Strongly Positive,0.8954075574874878,Strongly Positive
2013-11-06,340.0,,0.0,Neutral,0.4477037787437439,Positive
2013-10-31,340.0,,0.0,Neutral,0.22385188937187195,Positive
2013-10-30,340.0,,0.0,Neutral,0.0,Neutral
2013-10-29,335.0,,0.0,Neutral,0.0,Neutral
2013-10-28,336.0,,0.0,Neutral,0.0,Neutral
2013-10-27,341.0,,0.0,Neutral,0.0,Neutral
2013-10-24,357.0,,0.0,Neutral,0.0,Neutral
2013-10-23,339.0,,0.0,Neutral,0.0,Neutral
2013-10-22,340.0,,0.0,Neutral,0.0,Neutral
2013-10-21,354.0,2013-10-21,0.8953396379947662,Strongly Positive,0.8953396379947662,Strongly Positive
2013-10-20,360.0,,0.0,Neutral,0.4476698189973831,Positive
2013-10-17,334.0,,0.0,Neutral,0.22383490949869156,Positive
2013-10-10,328.0,,0.0,Neutral,0.0,Neutral
2013-10-09,320.0,2013-10-09,0.9173533916473388,Strongly Positive,0.9173533916473388,Strongly Positive
2013-10-08,315.0,2013-10-08,-0.1359323263168335,Slightly Negative,0.3227443695068359,Positive
2013-10-06,304.0,,0.0,Neutral,0.16137218475341794,Slightly Positive
2013-10-03,307.0,,0.0,Neutral,-0.033983081579208374,Neutral
2013-10-02,307.0,,0.0,Neutral,0.0,Neutral
2013-10-01,307.0,,0.0,Neutral,0.0,Neutral
2013-09-30,307.0,,0.0,Neutral,0.0,Neutral
2013-09-29,300.0,,0.0,Neutral,0.0,Neutral
2013-09-26,300.0,,0.0,Neutral,0.0,Neutral
2013-09-25,301.0,,0.0,Neutral,0.0,Neutral
2013-09-24,300.0,,0.0,Neutral,0.0,Neutral
2013-09-23,306.0,,0.0,Neutral,0.0,Neutral
2013-09-22,312.0,,0.0,Neutral,0.0,Neutral
2013-09-19,320.0,2013-09-19,0.9179192781448364,Strongly Positive,0.9179192781448364,Strongly Positive
2013-09-17,323.0,,0.0,Neutral,0.4589596390724182,Positive
2013-09-16,321.0,,0.0,Neutral,0.2294798195362091,Positive
2013-09-15,320.0,,0.0,Neutral,0.0,Neutral
2013-09-12,315.0,,0.0,Neutral,0.0,Neutral
2013-09-11,320.0,,0.0,Neutral,0.0,Neutral
2013-09-10,318.0,,0.0,Neutral,0.0,Neutral
2013-09-09,322.0,,0.0,Neutral,0.0,Neutral
2013-09-08,312.0,,0.0,Neutral,0.0,Neutral
2013-09-05,306.0,,0.0,Neutral,0.0,Neutral
2013-09-04,298.0,,0.0,Neutral,0.0,Neutral
2013-09-03,297.0,2013-09-03,0.819646954536438,Strongly Positive,0.819646954536438,Strongly Positive
2013-09-02,291.0,,0.0,Neutral,0.409823477268219,Positive
2013-09-01,296.0,,0.0,Neutral,0.2049117386341095,Positive
2013-08-29,299.0,,0.0,Neutral,0.0,Neutral
2013-08-27,295.0,,0.0,Neutral,0.0,Neutral
2013-08-26,299.0,,0.0,Neutral,0.0,Neutral
2013-08-25,300.0,,0.0,Neutral,0.0,Neutral
2013-08-20,294.0,,0.0,Neutral,0.0,Neutral
2013-08-19,295.0,,0.0,Neutral,0.0,Neutral
2013-08-18,275.0,,0.0,Neutral,0.0,Neutral
2013-08-15,275.0,,0.0,Neutral,0.0,Neutral
2013-08-14,268.0,,0.0,Neutral,0.0,Neutral
2013-08-13,263.0,,0.0,Neutral,0.0,Neutral
2013-08-12,266.0,,0.0,Neutral,0.0,Neutral
2013-08-11,275.0,,0.0,Neutral,0.0,Neutral
2013-08-08,317.0,,0.0,Neutral,0.0,Neutral
2013-08-07,318.0,,0.0,Neutral,0.0,Neutral
2013-08-06,320.0,,0.0,Neutral,0.0,Neutral
2013-08-05,320.0,,0.0,Neutral,0.0,Neutral
2013-08-04,317.0,,0.0,Neutral,0.0,Neutral
2013-08-01,302.0,,0.0,Neutral,0.0,Neutral
2013-07-31,303.0,,0.0,Neutral,0.0,Neutral
2013-07-30,300.0,,0.0,Neutral,0.0,Neutral
2013-07-29,285.0,,0.0,Neutral,0.0,Neutral
2013-07-28,280.0,,0.0,Neutral,0.0,Neutral
2013-07-25,279.0,2013-07-25,0.3480015099048614,Positive,0.3480015099048614,Positive
2013-07-24,270.0,,0.0,Neutral,0.1740007549524307,Slightly Positive
2013-07-23,275.0,,0.0,Neutral,0.08700037747621535,Slightly Positive
2013-07-22,279.0,,0.0,Neutral,0.0,Neutral
2013-07-21,280.0,2013-07-21,-0.0085532963275909,Neutral,-0.0085532963275909,Neutral
2013-07-18,275.0,,0.0,Neutral,-0.00427664816379545,Neutral
2013-07-16,280.0,,0.0,Neutral,-0.002138324081897725,Neutral
2013-07-15,285.0,,0.0,Neutral,0.0,Neutral
2013-07-14,276.0,,0.0,Neutral,0.0,Neutral
2013-07-11,270.0,,0.0,Neutral,0.0,Neutral
2013-07-10,270.0,,0.0,Neutral,0.0,Neutral
2013-07-09,263.0,,0.0,Neutral,0.0,Neutral
2013-07-08,265.0,,0.0,Neutral,0.0,Neutral
2013-07-07,266.0,,0.0,Neutral,0.0,Neutral
2013-07-04,265.0,,0.0,Neutral,0.0,Neutral
2013-07-03,276.0,,0.0,Neutral,0.0,Neutral
2013-07-02,271.0,,0.0,Neutral,0.0,Neutral
2013-07-01,272.0,,0.0,Neutral,0.0,Neutral
2013-06-30,275.0,,0.0,Neutral,0.0,Neutral
2013-06-27,271.0,,0.0,Neutral,0.0,Neutral
2013-06-26,275.0,,0.0,Neutral,0.0,Neutral
2013-06-25,270.0,,0.0,Neutral,0.0,Neutral
2013-06-24,271.0,2013-06-24,0.81441730260849,Strongly Positive,0.81441730260849,Strongly Positive
2013-06-23,272.0,,0.0,Neutral,0.407208651304245,Positive
2013-06-20,276.0,,0.0,Neutral,0.2036043256521225,Positive
2013-06-19,270.0,,0.0,Neutral,0.0,Neutral
2013-06-18,279.0,,0.0,Neutral,0.0,Neutral
2013-06-17,278.0,,0.0,Neutral,0.0,Neutral
2013-06-16,283.0,,0.0,Neutral,0.0,Neutral
2013-06-13,299.0,,0.0,Neutral,0.0,Neutral
2013-06-12,285.0,,0.0,Neutral,0.0,Neutral
2013-06-11,275.0,,0.0,Neutral,0.0,Neutral
2013-06-10,283.0,,0.0,Neutral,0.0,Neutral
2013-06-06,304.0,,0.0,Neutral,0.0,Neutral
2013-06-05,305.0,,0.0,Neutral,0.0,Neutral
2013-06-04,280.0,,0.0,Neutral,0.0,Neutral
2013-06-03,280.0,,0.0,Neutral,0.0,Neutral
2013-06-02,275.0,,0.0,Neutral,0.0,Neutral
2013-05-30,280.0,,0.0,Neutral,0.0,Neutral
2013-05-28,275.0,,0.0,Neutral,0.0,Neutral
2013-05-27,275.0,,0.0,Neutral,0.0,Neutral
2013-05-26,270.0,,0.0,Neutral,0.0,Neutral
2013-05-23,270.0,,0.0,Neutral,0.0,Neutral
2013-05-22,275.0,,0.0,Neutral,0.0,Neutral
2013-05-21,277.0,,0.0,Neutral,0.0,Neutral
2013-05-20,280.0,,0.0,Neutral,0.0,Neutral
2013-05-19,285.0,,0.0,Neutral,0.0,Neutral
2013-05-15,288.0,,0.0,Neutral,0.0,Neutral
2013-05-14,282.0,,0.0,Neutral,0.0,Neutral
2013-05-13,287.0,,0.0,Neutral,0.0,Neutral
2013-05-12,280.0,,0.0,Neutral,0.0,Neutral
2013-05-09,269.0,,0.0,Neutral,0.0,Neutral
2013-05-08,274.0,,0.0,Neutral,0.0,Neutral
2013-05-07,270.0,,0.0,Neutral,0.0,Neutral
2013-05-06,265.0,,0.0,Neutral,0.0,Neutral
2013-05-05,271.0,,0.0,Neutral,0.0,Neutral
2013-05-02,274.0,,0.0,Neutral,0.0,Neutral
2013-04-30,279.0,,0.0,Neutral,0.0,Neutral
2013-04-29,293.0,,0.0,Neutral,0.0,Neutral
2013-04-28,290.0,,0.0,Neutral,0.0,Neutral
2013-04-18,292.0,,0.0,Neutral,0.0,Neutral
2013-04-17,300.0,,0.0,Neutral,0.0,Neutral
2013-04-16,294.0,,0.0,Neutral,0.0,Neutral
2013-04-15,300.0,,0.0,Neutral,0.0,Neutral
2013-04-11,298.0,,0.0,Neutral,0.0,Neutral
2013-04-09,298.0,,0.0,Neutral,0.0,Neutral
2013-04-08,293.0,,0.0,Neutral,0.0,Neutral
2013-04-07,295.0,,0.0,Neutral,0.0,Neutral
2013-04-04,296.0,,0.0,Neutral,0.0,Neutral
2013-04-03,302.0,,0.0,Neutral,0.0,Neutral
2013-04-02,292.0,,0.0,Neutral,0.0,Neutral
2013-04-01,290.0,,0.0,Neutral,0.0,Neutral
2013-03-31,289.0,,0.0,Neutral,0.0,Neutral
2013-03-28,300.0,,0.0,Neutral,0.0,Neutral
2013-03-27,300.0,,0.0,Neutral,0.0,Neutral
2013-03-24,309.0,,0.0,Neutral,0.0,Neutral
2013-03-21,310.0,,0.0,Neutral,0.0,Neutral
2013-03-20,305.0,,0.0,Neutral,0.0,Neutral
2013-03-19,306.0,,0.0,Neutral,0.0,Neutral
2013-03-18,304.0,,0.0,Neutral,0.0,Neutral
2013-03-17,305.0,,0.0,Neutral,0.0,Neutral
2013-03-14,309.0,,0.0,Neutral,0.0,Neutral
2013-03-13,307.0,2013-03-13,0.6635726094245911,Strongly Positive,0.6635726094245911,Strongly Positive
2013-03-11,310.0,,0.0,Neutral,0.33178630471229553,Positive
2013-03-07,312.0,,0.0,Neutral,0.16589315235614777,Slightly Positive
2013-03-06,318.0,,0.0,Neutral,0.0,Neutral
2013-03-04,310.0,,0.0,Neutral,0.0,Neutral
2013-03-03,305.0,,0.0,Neutral,0.0,Neutral
2013-02-28,305.0,,0.0,Neutral,0.0,Neutral
2013-02-27,314.0,,0.0,Neutral,0.0,Neutral
2013-02-26,317.0,,0.0,Neutral,0.0,Neutral
2013-02-25,312.0,,0.0,Neutral,0.0,Neutral
2013-02-24,316.0,,0.0,Neutral,0.0,Neutral
2013-02-21,318.0,,0.0,Neutral,0.0,Neutral
2013-02-20,329.0,,0.0,Neutral,0.0,Neutral
2013-02-19,347.0,,0.0,Neutral,0.0,Neutral
2013-02-17,327.0,,0.0,Neutral,0.0,Neutral
2013-02-14,315.0,,0.0,Neutral,0.0,Neutral
2013-02-13,320.0,,0.0,Neutral,0.0,Neutral
2013-02-12,320.0,,0.0,Neutral,0.0,Neutral
2013-02-06,341.0,,0.0,Neutral,0.0,Neutral
2013-02-05,353.0,,0.0,Neutral,0.0,Neutral
2013-02-04,335.0,,0.0,Neutral,0.0,Neutral
2013-02-03,318.0,,0.0,Neutral,0.0,Neutral
2013-01-31,307.0,,0.0,Neutral,0.0,Neutral
2013-01-30,310.0,,0.0,Neutral,0.0,Neutral
2013-01-28,310.0,2013-01-28,0.8766284584999084,Strongly Positive,0.8766284584999084,Strongly Positive
2013-01-27,305.0,,0.0,Neutral,0.4383142292499542,Positive
2013-01-24,311.0,,0.0,Neutral,0.2191571146249771,Positive
2013-01-23,321.0,,0.0,Neutral,0.0,Neutral
2013-01-22,329.0,,0.0,Neutral,0.0,Neutral
2013-01-21,322.0,2013-01-21,-0.8027498722076416,Strongly Negative,-0.8027498722076416,Strongly Negative
2013-01-17,320.0,,0.0,Neutral,-0.4013749361038208,Negative
2013-01-16,322.0,2013-01-16,0.4959243834018707,Positive,0.2952369153499603,Positive
2013-01-15,321.0,,0.0,Neutral,0.24796219170093536,Positive
2013-01-13,323.0,,0.0,Neutral,0.12398109585046768,Slightly Positive
2013-01-10,322.0,,0.0,Neutral,0.0,Neutral
2013-01-09,320.0,,0.0,Neutral,0.0,Neutral
2013-01-08,324.0,2013-01-08,0.4011178910732269,Positive,0.4011178910732269,Positive
2013-01-07,324.0,,0.0,Neutral,0.20055894553661344,Positive
2013-01-06,321.0,,0.0,Neutral,0.10027947276830672,Slightly Positive
2013-01-03,330.0,,0.0,Neutral,0.0,Neutral
2013-01-02,328.0,,0.0,Neutral,0.0,Neutral
2013-01-01,322.0,,0.0,Neutral,0.0,Neutral
2012-12-31,330.0,,0.0,Neutral,0.0,Neutral
2012-12-27,330.0,,0.0,Neutral,0.0,Neutral
2012-12-26,335.0,,0.0,Neutral,0.0,Neutral
2012-12-24,332.0,,0.0,Neutral,0.0,Neutral
2012-12-23,324.0,,0.0,Neutral,0.0,Neutral
2012-12-20,325.0,,0.0,Neutral,0.0,Neutral
2012-12-19,321.0,,0.0,Neutral,0.0,Neutral
2012-12-18,323.0,,0.0,Neutral,0.0,Neutral
2012-12-17,330.0,,0.0,Neutral,0.0,Neutral
2012-12-16,334.0,,0.0,Neutral,0.0,Neutral
2012-12-13,330.0,,0.0,Neutral,0.0,Neutral
2012-12-12,329.0,,0.0,Neutral,0.0,Neutral
2012-12-11,312.0,,0.0,Neutral,0.0,Neutral
2012-12-10,323.0,,0.0,Neutral,0.0,Neutral
2012-12-09,317.0,,0.0,Neutral,0.0,Neutral
2012-12-06,329.0,,0.0,Neutral,0.0,Neutral
2012-12-05,330.0,,0.0,Neutral,0.0,Neutral
2012-12-04,336.0,,0.0,Neutral,0.0,Neutral
2012-12-03,319.0,,0.0,Neutral,0.0,Neutral
2012-12-02,326.0,,0.0,Neutral,0.0,Neutral
2012-11-29,331.0,,0.0,Neutral,0.0,Neutral
2012-11-28,338.0,,0.0,Neutral,0.0,Neutral
2012-11-27,340.0,,0.0,Neutral,0.0,Neutral
2012-11-26,347.0,,0.0,Neutral,0.0,Neutral
2012-11-25,350.0,,0.0,Neutral,0.0,Neutral
2012-11-22,347.0,,0.0,Neutral,0.0,Neutral
2012-11-21,348.0,,0.0,Neutral,0.0,Neutral
2012-11-20,348.0,,0.0,Neutral,0.0,Neutral
2012-11-18,341.0,,0.0,Neutral,0.0,Neutral
2012-11-12,344.0,,0.0,Neutral,0.0,Neutral
2012-11-11,332.0,,0.0,Neutral,0.0,Neutral
2012-11-08,336.0,,0.0,Neutral,0.0,Neutral
2012-11-07,334.0,,0.0,Neutral,0.0,Neutral
2012-11-06,330.0,,0.0,Neutral,0.0,Neutral
2012-11-05,317.0,,0.0,Neutral,0.0,Neutral
2012-10-30,332.0,2012-10-30,0.8767701387405396,Strongly Positive,0.8767701387405396,Strongly Positive
2012-10-18,344.0,2012-10-18,0.8931323885917664,Strongly Positive,1.3315174579620361,Strongly Positive
2012-10-17,345.0,,0.0,Neutral,0.6657587289810181,Strongly Positive
2012-10-15,344.0,,0.0,Neutral,0.2232830971479416,Positive
2012-10-14,344.0,,0.0,Neutral,0.0,Neutral
2012-10-11,340.0,,0.0,Neutral,0.0,Neutral
2012-10-10,330.0,,0.0,Neutral,0.0,Neutral
2012-10-09,330.0,,0.0,Neutral,0.0,Neutral
2012-10-08,326.0,2012-10-08,0.9025632739067078,Strongly Positive,0.9025632739067078,Strongly Positive
2012-10-07,341.0,,0.0,Neutral,0.4512816369533539,Positive
2012-10-04,327.0,,0.0,Neutral,0.22564081847667694,Positive
2012-10-03,325.0,,0.0,Neutral,0.0,Neutral
2012-10-02,325.0,,0.0,Neutral,0.0,Neutral
2012-10-01,334.0,,0.0,Neutral,0.0,Neutral
2012-10-01,334.0,,0.0,Neutral,0.0,Neutral
2012-09-30,332.0,,0.0,Neutral,0.0,Neutral
2012-09-26,335.0,,0.0,Neutral,0.0,Neutral
2012-09-25,328.0,,0.0,Neutral,0.0,Neutral
2012-09-24,322.0,,0.0,Neutral,0.0,Neutral
2012-09-23,328.0,,0.0,Neutral,0.0,Neutral
2012-09-20,330.0,2012-09-20,0.8236021995544434,Strongly Positive,0.8236021995544434,Strongly Positive
2012-09-19,330.0,,0.0,Neutral,0.4118010997772217,Positive
2012-09-18,330.0,,0.0,Neutral,0.20590054988861084,Positive
2012-09-17,336.0,,0.0,Neutral,0.0,Neutral
2012-09-16,332.0,,0.0,Neutral,0.0,Neutral
2012-09-13,335.0,,0.0,Neutral,0.0,Neutral
2012-09-12,335.0,,0.0,Neutral,0.0,Neutral
2012-09-11,332.0,2012-09-11,0.9140388369560242,Strongly Positive,0.9140388369560242,Strongly Positive
2012-09-10,335.0,,0.0,Neutral,0.4570194184780121,Positive
2012-09-09,333.0,,0.0,Neutral,0.22850970923900604,Positive
2012-09-06,341.0,,0.0,Neutral,0.0,Neutral
2012-09-05,340.0,,0.0,Neutral,0.0,Neutral
2012-09-04,347.0,,0.0,Neutral,0.0,Neutral
2012-09-03,350.0,,0.0,Neutral,0.0,Neutral
2012-09-02,346.0,,0.0,Neutral,0.0,Neutral
2012-08-30,344.0,,0.0,Neutral,0.0,Neutral
2012-08-29,338.0,,0.0,Neutral,0.0,Neutral
2012-08-28,340.0,,0.0,Neutral,0.0,Neutral
2012-08-27,330.0,2012-08-27,0.879736602306366,Strongly Positive,0.879736602306366,Strongly Positive
2012-08-26,328.0,,0.0,Neutral,0.439868301153183,Positive
2012-08-23,330.0,,0.0,Neutral,0.2199341505765915,Positive
2012-08-22,328.0,,0.0,Neutral,0.0,Neutral
2012-08-21,332.0,,0.0,Neutral,0.0,Neutral
2012-08-19,345.0,,0.0,Neutral,0.0,Neutral
2012-08-16,319.0,,0.0,Neutral,0.0,Neutral
2012-08-15,325.0,,0.0,Neutral,0.0,Neutral
2012-08-14,335.0,,0.0,Neutral,0.0,Neutral
2012-08-13,340.0,,0.0,Neutral,0.0,Neutral
2012-08-12,339.0,,0.0,Neutral,0.0,Neutral
2012-08-08,315.0,2012-08-08,0.8763875365257263,Strongly Positive,0.8763875365257263,Strongly Positive
2012-08-07,316.0,,0.0,Neutral,0.43819376826286316,Positive
2012-08-06,315.0,,0.0,Neutral,0.21909688413143158,Positive
2012-08-05,316.0,,0.0,Neutral,0.0,Neutral
2012-08-01,305.0,,0.0,Neutral,0.0,Neutral
2012-07-31,308.0,,0.0,Neutral,0.0,Neutral
2012-07-30,306.0,,0.0,Neutral,0.0,Neutral
2012-07-29,315.0,,0.0,Neutral,0.0,Neutral
2012-07-26,309.0,,0.0,Neutral,0.0,Neutral
2012-07-25,308.0,,0.0,Neutral,0.0,Neutral
2012-07-24,305.0,,0.0,Neutral,0.0,Neutral
2012-07-23,314.0,,0.0,Neutral,0.0,Neutral
2012-07-22,318.0,,0.0,Neutral,0.0,Neutral
2012-07-19,306.0,,0.0,Neutral,0.0,Neutral
2012-07-18,300.0,,0.0,Neutral,0.0,Neutral
2012-07-17,304.0,,0.0,Neutral,0.0,Neutral
2012-07-16,301.0,,0.0,Neutral,0.0,Neutral
2012-07-15,305.0,,0.0,Neutral,0.0,Neutral
2012-07-12,303.0,,0.0,Neutral,0.0,Neutral
2012-07-11,306.0,,0.0,Neutral,0.0,Neutral
2012-07-10,305.0,,0.0,Neutral,0.0,Neutral
2012-07-09,305.0,,0.0,Neutral,0.0,Neutral
2012-07-08,306.0,,0.0,Neutral,0.0,Neutral
2012-07-05,300.0,,0.0,Neutral,0.0,Neutral
2012-07-04,299.0,,0.0,Neutral,0.0,Neutral
2012-07-03,301.0,,0.0,Neutral,0.0,Neutral
2012-07-02,305.0,,0.0,Neutral,0.0,Neutral
2012-07-01,302.0,,0.0,Neutral,0.0,Neutral
2012-06-28,300.0,,0.0,Neutral,0.0,Neutral
2012-06-27,295.0,,0.0,Neutral,0.0,Neutral
2012-06-26,291.0,,0.0,Neutral,0.0,Neutral
2012-06-25,292.0,,0.0,Neutral,0.0,Neutral
2012-06-21,282.0,,0.0,Neutral,0.0,Neutral
2012-06-20,277.0,,0.0,Neutral,0.0,Neutral
2012-06-19,288.0,,0.0,Neutral,0.0,Neutral
2012-06-18,288.0,,0.0,Neutral,0.0,Neutral
2012-06-17,280.0,,0.0,Neutral,0.0,Neutral
2012-06-14,285.0,,0.0,Neutral,0.0,Neutral
2012-06-13,285.0,,0.0,Neutral,0.0,Neutral
2012-06-12,288.0,,0.0,Neutral,0.0,Neutral
2012-06-11,285.0,,0.0,Neutral,0.0,Neutral
2012-06-10,281.0,,0.0,Neutral,0.0,Neutral
2012-06-07,285.0,,0.0,Neutral,0.0,Neutral
2012-06-06,285.0,,0.0,Neutral,0.0,Neutral
2012-06-05,284.0,,0.0,Neutral,0.0,Neutral
2012-06-04,285.0,,0.0,Neutral,0.0,Neutral
2012-05-31,280.0,,0.0,Neutral,0.0,Neutral
2012-05-30,270.0,,0.0,Neutral,0.0,Neutral
2012-05-29,281.0,,0.0,Neutral,0.0,Neutral
2012-05-27,312.0,,0.0,Neutral,0.0,Neutral
2012-05-24,311.0,,0.0,Neutral,0.0,Neutral
2012-05-23,300.0,,0.0,Neutral,0.0,Neutral
2012-05-22,304.0,,0.0,Neutral,0.0,Neutral
2012-05-21,323.0,,0.0,Neutral,0.0,Neutral
2012-05-20,338.0,,0.0,Neutral,0.0,Neutral
2012-05-17,358.0,,0.0,Neutral,0.0,Neutral
2012-05-16,332.0,,0.0,Neutral,0.0,Neutral
2012-05-15,326.0,,0.0,Neutral,0.0,Neutral
2012-05-14,307.0,,0.0,Neutral,0.0,Neutral
2012-05-13,315.0,,0.0,Neutral,0.0,Neutral
2012-05-10,320.0,,0.0,Neutral,0.0,Neutral
2012-05-09,329.0,,0.0,Neutral,0.0,Neutral
2012-05-08,365.0,,0.0,Neutral,0.0,Neutral
2012-05-03,358.0,,0.0,Neutral,0.0,Neutral
2012-04-29,370.0,,0.0,Neutral,0.0,Neutral
2012-04-26,382.0,2012-04-26,0.8792151808738708,Strongly Positive,0.8792151808738708,Strongly Positive
2012-04-25,348.0,,0.0,Neutral,0.4396075904369354,Positive
2012-04-24,336.0,,0.0,Neutral,0.2198037952184677,Positive
2012-04-22,327.0,,0.0,Neutral,0.0,Neutral
2012-04-19,330.0,,0.0,Neutral,0.0,Neutral
2012-04-18,331.0,,0.0,Neutral,0.0,Neutral
2012-04-15,337.0,,0.0,Neutral,0.0,Neutral
2012-04-12,321.0,,0.0,Neutral,0.0,Neutral
2012-04-11,303.0,,0.0,Neutral,0.0,Neutral
2012-04-10,299.0,,0.0,Neutral,0.0,Neutral
2012-04-09,298.0,,0.0,Neutral,0.0,Neutral
2012-04-08,295.0,,0.0,Neutral,0.0,Neutral
2012-04-05,295.0,,0.0,Neutral,0.0,Neutral
2012-04-04,298.0,,0.0,Neutral,0.0,Neutral
2012-04-03,299.0,,0.0,Neutral,0.0,Neutral
2012-04-02,295.0,,0.0,Neutral,0.0,Neutral
2012-04-01,300.0,,0.0,Neutral,0.0,Neutral
2012-03-28,291.0,,0.0,Neutral,0.0,Neutral
2012-03-27,290.0,,0.0,Neutral,0.0,Neutral
2012-03-26,290.0,,0.0,Neutral,0.0,Neutral
2012-03-25,290.0,,0.0,Neutral,0.0,Neutral
2012-03-21,294.0,,0.0,Neutral,0.0,Neutral
2012-03-20,296.0,,0.0,Neutral,0.0,Neutral
2012-03-19,292.0,,0.0,Neutral,0.0,Neutral
2012-03-18,293.0,,0.0,Neutral,0.0,Neutral
2012-03-15,294.0,,0.0,Neutral,0.0,Neutral
2012-03-14,297.0,,0.0,Neutral,0.0,Neutral
2012-03-13,297.0,,0.0,Neutral,0.0,Neutral
2012-03-12,299.0,,0.0,Neutral,0.0,Neutral
2012-03-11,299.0,,0.0,Neutral,0.0,Neutral
2012-03-06,301.0,,0.0,Neutral,0.0,Neutral
2012-03-05,301.0,,0.0,Neutral,0.0,Neutral
2012-03-04,301.0,,0.0,Neutral,0.0,Neutral
2012-03-01,299.0,,0.0,Neutral,0.0,Neutral
2012-02-29,300.0,,0.0,Neutral,0.0,Neutral
2012-02-28,300.0,,0.0,Neutral,0.0,Neutral
2012-02-27,297.0,,0.0,Neutral,0.0,Neutral
2012-02-26,296.0,,0.0,Neutral,0.0,Neutral
2012-02-23,296.0,,0.0,Neutral,0.0,Neutral
2012-02-21,300.0,,0.0,Neutral,0.0,Neutral
2012-02-16,298.0,,0.0,Neutral,0.0,Neutral
2012-02-15,297.0,,0.0,Neutral,0.0,Neutral
2012-02-14,296.0,,0.0,Neutral,0.0,Neutral
2012-02-13,292.0,,0.0,Neutral,0.0,Neutral
2012-02-12,296.0,,0.0,Neutral,0.0,Neutral
2012-02-09,294.0,,0.0,Neutral,0.0,Neutral
2012-02-08,294.0,,0.0,Neutral,0.0,Neutral
2012-02-07,299.0,,0.0,Neutral,0.0,Neutral
2012-02-06,300.0,,0.0,Neutral,0.0,Neutral
2012-02-05,300.0,,0.0,Neutral,0.0,Neutral
2012-02-02,304.0,,0.0,Neutral,0.0,Neutral
2012-02-01,304.0,,0.0,Neutral,0.0,Neutral
2012-01-31,305.0,,0.0,Neutral,0.0,Neutral
2012-01-29,301.0,,0.0,Neutral,0.0,Neutral
2012-01-26,307.0,,0.0,Neutral,0.0,Neutral
2012-01-25,308.0,,0.0,Neutral,0.0,Neutral
2012-01-23,305.0,,0.0,Neutral,0.0,Neutral
2012-01-22,300.0,,0.0,Neutral,0.0,Neutral
2012-01-19,301.0,,0.0,Neutral,0.0,Neutral
2012-01-18,305.0,,0.0,Neutral,0.0,Neutral
2012-01-17,305.0,,0.0,Neutral,0.0,Neutral
2012-01-16,305.0,,0.0,Neutral,0.0,Neutral
2012-01-12,300.0,,0.0,Neutral,0.0,Neutral
2012-01-11,305.0,,0.0,Neutral,0.0,Neutral
2012-01-09,316.0,,0.0,Neutral,0.0,Neutral
2012-01-08,314.0,,0.0,Neutral,0.0,Neutral
2012-01-05,302.0,,0.0,Neutral,0.0,Neutral
2012-01-04,302.0,,0.0,Neutral,0.0,Neutral
2012-01-03,304.0,,0.0,Neutral,0.0,Neutral
2012-01-02,304.0,,0.0,Neutral,0.0,Neutral
2012-01-01,312.0,,0.0,Neutral,0.0,Neutral
2011-12-28,319.0,,0.0,Neutral,0.0,Neutral
2011-12-27,314.0,,0.0,Neutral,0.0,Neutral
2011-12-26,326.0,,0.0,Neutral,0.0,Neutral
2011-12-22,322.0,,0.0,Neutral,0.0,Neutral
2011-12-21,328.0,,0.0,Neutral,0.0,Neutral
2011-12-20,320.0,,0.0,Neutral,0.0,Neutral
2011-12-19,323.0,,0.0,Neutral,0.0,Neutral
2011-12-18,323.0,,0.0,Neutral,0.0,Neutral
2011-12-15,330.0,,0.0,Neutral,0.0,Neutral
2011-12-14,327.0,,0.0,Neutral,0.0,Neutral
2011-12-13,329.0,,0.0,Neutral,0.0,Neutral
2011-12-12,331.0,,0.0,Neutral,0.0,Neutral
2011-12-11,330.0,,0.0,Neutral,0.0,Neutral
2011-12-08,336.0,,0.0,Neutral,0.0,Neutral
2011-12-07,325.0,,0.0,Neutral,0.0,Neutral
2011-12-06,332.0,,0.0,Neutral,0.0,Neutral
2011-12-05,331.0,,0.0,Neutral,0.0,Neutral
2011-12-01,331.0,,0.0,Neutral,0.0,Neutral
2011-11-28,339.0,,0.0,Neutral,0.0,Neutral
2011-11-27,330.0,,0.0,Neutral,0.0,Neutral
2011-11-24,334.0,,0.0,Neutral,0.0,Neutral
2011-11-23,342.0,,0.0,Neutral,0.0,Neutral
2011-11-22,343.0,,0.0,Neutral,0.0,Neutral
2011-11-21,346.0,,0.0,Neutral,0.0,Neutral
2011-11-20,350.0,,0.0,Neutral,0.0,Neutral
2011-11-17,356.0,,0.0,Neutral,0.0,Neutral
2011-11-16,360.0,,0.0,Neutral,0.0,Neutral
2011-11-15,350.0,,0.0,Neutral,0.0,Neutral
2011-11-14,355.0,,0.0,Neutral,0.0,Neutral
2011-11-13,354.0,,0.0,Neutral,0.0,Neutral
2011-11-10,353.0,,0.0,Neutral,0.0,Neutral
2011-11-09,350.0,,0.0,Neutral,0.0,Neutral
2011-11-08,363.0,,0.0,Neutral,0.0,Neutral
2011-11-06,360.0,,0.0,Neutral,0.0,Neutral
2011-11-03,353.0,,0.0,Neutral,0.0,Neutral
2011-10-31,340.0,2011-10-31,0.6547511518001556,Strongly Positive,0.6547511518001556,Strongly Positive
2011-10-30,346.0,,0.0,Neutral,0.3273755759000778,Positive
2011-10-25,340.0,,0.0,Neutral,0.1636877879500389,Slightly Positive
2011-10-24,337.0,,0.0,Neutral,0.0,Neutral
2011-10-23,339.0,2011-10-23,0.885678768157959,Strongly Positive,0.885678768157959,Strongly Positive
2011-10-20,340.0,,0.0,Neutral,0.4428393840789795,Positive
2011-10-19,343.0,,0.0,Neutral,0.22141969203948975,Positive
2011-10-18,340.0,,0.0,Neutral,0.0,Neutral
2011-10-17,338.0,,0.0,Neutral,0.0,Neutral
2011-10-16,343.0,,0.0,Neutral,0.0,Neutral
2011-10-13,345.0,,0.0,Neutral,0.0,Neutral
2011-10-12,340.0,,0.0,Neutral,0.0,Neutral
2011-10-10,330.0,,0.0,Neutral,0.0,Neutral
2011-10-02,330.0,,0.0,Neutral,0.0,Neutral
2011-09-29,326.0,,0.0,Neutral,0.0,Neutral
2011-09-27,344.0,2011-09-27,0.1179360896348953,Slightly Positive,0.1179360896348953,Slightly Positive
2011-09-26,342.0,,0.0,Neutral,0.05896804481744765,Slightly Positive
2011-09-25,345.0,,0.0,Neutral,0.029484022408723824,Neutral
2011-09-22,343.0,2011-09-22,0.9205016493797302,Strongly Positive,0.9205016493797302,Strongly Positive
2011-09-21,341.0,,0.0,Neutral,0.4602508246898651,Positive
2011-09-20,341.0,2011-09-20,0.915716290473938,Strongly Positive,1.1458417028188705,Strongly Positive
2011-09-19,335.0,,0.0,Neutral,0.457858145236969,Positive
2011-09-18,343.0,,0.0,Neutral,0.2289290726184845,Positive
2011-09-15,350.0,,0.0,Neutral,0.0,Neutral
2011-09-14,339.0,,0.0,Neutral,0.0,Neutral
2011-09-13,330.0,,0.0,Neutral,0.0,Neutral
2011-09-12,325.0,,0.0,Neutral,0.0,Neutral
2011-09-08,318.0,,0.0,Neutral,0.0,Neutral
2011-09-07,315.0,,0.0,Neutral,0.0,Neutral
2011-09-06,350.0,,0.0,Neutral,0.0,Neutral
2011-09-05,388.0,,0.0,Neutral,0.0,Neutral
2011-09-04,386.0,,0.0,Neutral,0.0,Neutral
2011-09-01,395.0,,0.0,Neutral,0.0,Neutral
2011-08-30,387.0,,0.0,Neutral,0.0,Neutral
2011-08-29,394.0,,0.0,Neutral,0.0,Neutral
2011-08-28,380.0,,0.0,Neutral,0.0,Neutral
2011-08-25,390.0,,0.0,Neutral,0.0,Neutral
2011-08-24,395.0,,0.0,Neutral,0.0,Neutral
2011-08-23,400.0,,0.0,Neutral,0.0,Neutral
2011-08-22,399.0,,0.0,Neutral,0.0,Neutral
2011-08-18,404.0,,0.0,Neutral,0.0,Neutral
2011-08-17,402.0,2011-08-17,0.8718088865280151,Strongly Positive,0.8718088865280151,Strongly Positive
2011-08-16,410.0,,0.0,Neutral,0.43590444326400757,Positive
2011-08-15,412.0,,0.0,Neutral,0.21795222163200378,Positive
2011-08-11,417.0,,0.0,Neutral,0.0,Neutral
2011-08-10,413.0,,0.0,Neutral,0.0,Neutral
2011-08-09,400.0,,0.0,Neutral,0.0,Neutral
2011-08-08,401.0,,0.0,Neutral,0.0,Neutral
2011-08-07,400.0,,0.0,Neutral,0.0,Neutral
2011-08-04,410.0,,0.0,Neutral,0.0,Neutral
2011-08-03,414.0,,0.0,Neutral,0.0,Neutral
2011-08-02,410.0,,0.0,Neutral,0.0,Neutral
2011-08-01,411.0,,0.0,Neutral,0.0,Neutral
2011-07-31,410.0,,0.0,Neutral,0.0,Neutral
2011-07-28,419.0,2011-07-28,0.9249092936515808,Strongly Positive,0.9249092936515808,Strongly Positive
2011-07-27,411.0,,0.0,Neutral,0.4624546468257904,Positive
2011-07-26,403.0,,0.0,Neutral,0.2312273234128952,Positive
2011-07-25,396.0,,0.0,Neutral,0.0,Neutral
2011-07-24,408.0,,0.0,Neutral,0.0,Neutral
2011-07-21,425.0,,0.0,Neutral,0.0,Neutral
2011-07-20,420.0,,0.0,Neutral,0.0,Neutral
2011-07-19,428.0,,0.0,Neutral,0.0,Neutral
2011-07-18,428.0,,0.0,Neutral,0.0,Neutral
2011-07-17,454.0,,0.0,Neutral,0.0,Neutral
2011-07-14,438.0,,0.0,Neutral,0.0,Neutral
2011-07-13,423.0,,0.0,Neutral,0.0,Neutral
2011-07-12,415.0,,0.0,Neutral,0.0,Neutral
2011-07-11,422.0,,0.0,Neutral,0.0,Neutral
2011-07-10,424.0,,0.0,Neutral,0.0,Neutral
2011-07-06,430.0,,0.0,Neutral,0.0,Neutral
2011-07-05,421.0,,0.0,Neutral,0.0,Neutral
2011-07-04,391.0,,0.0,Neutral,0.0,Neutral
2011-07-03,402.0,,0.0,Neutral,0.0,Neutral
2011-06-30,390.0,,0.0,Neutral,0.0,Neutral
2011-06-29,391.0,,0.0,Neutral,0.0,Neutral
2011-06-27,406.0,,0.0,Neutral,0.0,Neutral
2011-06-26,414.0,,0.0,Neutral,0.0,Neutral
2011-06-23,430.0,,0.0,Neutral,0.0,Neutral
2011-06-21,392.0,,0.0,Neutral,0.0,Neutral
2011-06-20,325.0,,0.0,Neutral,0.0,Neutral
2011-06-19,325.0,,0.0,Neutral,0.0,Neutral
2011-06-16,319.0,,0.0,Neutral,0.0,Neutral
2011-06-15,311.0,,0.0,Neutral,0.0,Neutral
2011-06-14,328.0,,0.0,Neutral,0.0,Neutral
2011-06-13,364.0,,0.0,Neutral,0.0,Neutral
2011-06-12,390.0,,0.0,Neutral,0.0,Neutral
2011-06-09,383.0,,0.0,Neutral,0.0,Neutral
2011-06-08,384.0,,0.0,Neutral,0.0,Neutral
2011-06-07,386.0,,0.0,Neutral,0.0,Neutral
2011-06-06,395.0,,0.0,Neutral,0.0,Neutral
2011-06-05,390.0,,0.0,Neutral,0.0,Neutral
2011-06-02,411.0,,0.0,Neutral,0.0,Neutral
2011-06-01,408.0,,0.0,Neutral,0.0,Neutral
2011-05-31,396.0,,0.0,Neutral,0.0,Neutral
2011-05-30,410.0,,0.0,Neutral,0.0,Neutral
2011-05-26,400.0,,0.0,Neutral,0.0,Neutral
2011-05-25,405.0,,0.0,Neutral,0.0,Neutral
2011-05-24,395.0,,0.0,Neutral,0.0,Neutral
2011-05-23,401.0,,0.0,Neutral,0.0,Neutral
2011-05-22,405.0,,0.0,Neutral,0.0,Neutral
2011-05-19,415.0,,0.0,Neutral,0.0,Neutral
2011-05-18,418.0,,0.0,Neutral,0.0,Neutral
2011-05-16,433.0,,0.0,Neutral,0.0,Neutral
2011-05-15,420.0,,0.0,Neutral,0.0,Neutral
2011-05-12,417.0,,0.0,Neutral,0.0,Neutral
2011-05-11,406.0,,0.0,Neutral,0.0,Neutral
2011-05-10,403.0,,0.0,Neutral,0.0,Neutral
2011-05-09,393.0,,0.0,Neutral,0.0,Neutral
2011-05-08,400.0,,0.0,Neutral,0.0,Neutral
2011-05-05,397.0,,0.0,Neutral,0.0,Neutral
2011-05-04,400.0,,0.0,Neutral,0.0,Neutral
2011-05-03,393.0,2011-05-03,0.9153393507003784,Strongly Positive,0.9153393507003784,Strongly Positive
2011-05-02,412.0,,0.0,Neutral,0.4576696753501892,Positive
2011-04-28,413.0,,0.0,Neutral,0.2288348376750946,Positive
2011-04-27,422.0,,0.0,Neutral,0.0,Neutral
2011-04-26,425.0,,0.0,Neutral,0.0,Neutral
2011-04-25,420.0,,0.0,Neutral,0.0,Neutral
2011-04-21,416.0,2011-04-21,-0.8625680208206177,Strongly Negative,-0.8625680208206177,Strongly Negative
2011-04-20,415.0,,0.0,Neutral,-0.43128401041030884,Negative
2011-04-19,415.0,,0.0,Neutral,-0.21564200520515442,Negative
2011-04-18,415.0,,0.0,Neutral,0.0,Neutral
2011-04-17,417.0,,0.0,Neutral,0.0,Neutral
2011-04-11,417.0,,0.0,Neutral,0.0,Neutral
2011-04-10,417.0,,0.0,Neutral,0.0,Neutral
2011-04-07,418.0,,0.0,Neutral,0.0,Neutral
2011-04-06,417.0,,0.0,Neutral,0.0,Neutral
2011-04-05,418.0,,0.0,Neutral,0.0,Neutral
2011-04-04,425.0,,0.0,Neutral,0.0,Neutral
2011-03-31,428.0,,0.0,Neutral,0.0,Neutral
2011-03-30,414.0,,0.0,Neutral,0.0,Neutral
2011-03-29,420.0,,0.0,Neutral,0.0,Neutral
2011-03-28,412.0,,0.0,Neutral,0.0,Neutral
2011-03-27,425.0,2011-03-27,0.878710150718689,Strongly Positive,0.878710150718689,Strongly Positive
2011-03-25,425.0,,0.0,Neutral,0.4393550753593445,Positive
2011-03-24,425.0,,0.0,Neutral,0.21967753767967224,Positive
2011-03-20,426.0,,0.0,Neutral,0.0,Neutral
2011-03-17,423.0,,0.0,Neutral,0.0,Neutral
2011-03-16,412.0,,0.0,Neutral,0.0,Neutral
2011-03-15,417.0,,0.0,Neutral,0.0,Neutral
2011-03-14,430.0,,0.0,Neutral,0.0,Neutral
2011-03-13,445.0,,0.0,Neutral,0.0,Neutral
2011-03-10,454.0,,0.0,Neutral,0.0,Neutral
2011-03-09,455.0,,0.0,Neutral,0.0,Neutral
2011-03-07,458.0,,0.0,Neutral,0.0,Neutral
2011-03-03,460.0,,0.0,Neutral,0.0,Neutral
2011-02-28,452.0,,0.0,Neutral,0.0,Neutral
2011-02-27,460.0,,0.0,Neutral,0.0,Neutral
2011-02-24,460.0,,0.0,Neutral,0.0,Neutral
2011-02-23,460.0,,0.0,Neutral,0.0,Neutral
2011-02-22,474.0,,0.0,Neutral,0.0,Neutral
2011-02-21,483.0,,0.0,Neutral,0.0,Neutral
2011-02-20,474.0,,0.0,Neutral,0.0,Neutral
2011-02-17,482.0,,0.0,Neutral,0.0,Neutral
2011-02-16,474.0,,0.0,Neutral,0.0,Neutral
2011-02-15,460.0,,0.0,Neutral,0.0,Neutral
2011-02-14,462.0,,0.0,Neutral,0.0,Neutral
2011-02-13,460.0,,0.0,Neutral,0.0,Neutral
2011-02-10,459.0,,0.0,Neutral,0.0,Neutral
2011-02-09,454.0,,0.0,Neutral,0.0,Neutral
2011-02-08,450.0,,0.0,Neutral,0.0,Neutral
2011-02-07,460.0,,0.0,Neutral,0.0,Neutral
2011-02-06,455.0,,0.0,Neutral,0.0,Neutral
2011-02-03,446.0,,0.0,Neutral,0.0,Neutral
2011-02-02,455.0,,0.0,Neutral,0.0,Neutral
2011-02-01,456.0,,0.0,Neutral,0.0,Neutral
2011-01-31,448.0,,0.0,Neutral,0.0,Neutral
2011-01-24,455.0,,0.0,Neutral,0.0,Neutral
2011-01-20,450.0,,0.0,Neutral,0.0,Neutral
2011-01-19,450.0,,0.0,Neutral,0.0,Neutral
2011-01-18,451.0,,0.0,Neutral,0.0,Neutral
2011-01-17,450.0,,0.0,Neutral,0.0,Neutral
2011-01-16,446.0,,0.0,Neutral,0.0,Neutral
2011-01-13,447.0,,0.0,Neutral,0.0,Neutral
2011-01-11,450.0,,0.0,Neutral,0.0,Neutral
2011-01-10,445.0,,0.0,Neutral,0.0,Neutral
2011-01-09,446.0,,0.0,Neutral,0.0,Neutral
2011-01-06,445.0,,0.0,Neutral,0.0,Neutral
2011-01-05,445.0,,0.0,Neutral,0.0,Neutral
2011-01-04,447.0,,0.0,Neutral,0.0,Neutral
2011-01-03,440.0,,0.0,Neutral,0.0,Neutral
2011-01-03,454.0,,0.0,Neutral,0.0,Neutral
2011-01-02,439.0,,0.0,Neutral,0.0,Neutral
2010-12-29,447.0,,0.0,Neutral,0.0,Neutral
2010-12-28,442.0,,0.0,Neutral,0.0,Neutral
2010-12-27,438.0,,0.0,Neutral,0.0,Neutral
2010-12-26,432.0,,0.0,Neutral,0.0,Neutral
2010-12-23,439.0,,0.0,Neutral,0.0,Neutral
2010-12-22,430.0,,0.0,Neutral,0.0,Neutral
2010-12-20,426.0,,0.0,Neutral,0.0,Neutral
2010-12-16,428.0,,0.0,Neutral,0.0,Neutral
2010-12-15,425.0,,0.0,Neutral,0.0,Neutral
2010-12-14,424.0,,0.0,Neutral,0.0,Neutral
2010-12-13,418.0,,0.0,Neutral,0.0,Neutral
2010-12-12,420.0,,0.0,Neutral,0.0,Neutral
2010-12-09,410.0,,0.0,Neutral,0.0,Neutral
2010-12-08,402.0,,0.0,Neutral,0.0,Neutral
2010-12-07,402.0,,0.0,Neutral,0.0,Neutral
2010-12-06,423.0,,0.0,Neutral,0.0,Neutral
2010-12-05,432.0,,0.0,Neutral,0.0,Neutral
2010-12-02,440.0,,0.0,Neutral,0.0,Neutral
2010-11-30,440.0,,0.0,Neutral,0.0,Neutral
2010-11-29,446.0,,0.0,Neutral,0.0,Neutral
2010-11-25,447.0,,0.0,Neutral,0.0,Neutral
2010-11-24,447.0,,0.0,Neutral,0.0,Neutral
2010-11-22,452.0,,0.0,Neutral,0.0,Neutral
2010-11-18,524.0,,0.0,Neutral,0.0,Neutral
2010-11-16,520.0,,0.0,Neutral,0.0,Neutral
2010-11-15,523.0,,0.0,Neutral,0.0,Neutral
2010-11-14,521.0,,0.0,Neutral,0.0,Neutral
2010-11-11,486.0,,0.0,Neutral,0.0,Neutral
2010-11-10,485.0,,0.0,Neutral,0.0,Neutral
2010-11-09,480.0,,0.0,Neutral,0.0,Neutral
2010-11-04,482.0,,0.0,Neutral,0.0,Neutral
2010-11-03,475.0,,0.0,Neutral,0.0,Neutral
2010-11-02,475.0,,0.0,Neutral,0.0,Neutral
2010-11-01,475.0,,0.0,Neutral,0.0,Neutral
2010-10-31,475.0,,0.0,Neutral,0.0,Neutral
2010-10-28,475.0,,0.0,Neutral,0.0,Neutral
2010-10-27,470.0,,0.0,Neutral,0.0,Neutral
2010-10-26,475.0,,0.0,Neutral,0.0,Neutral
2010-10-25,476.0,,0.0,Neutral,0.0,Neutral
2010-10-24,470.0,,0.0,Neutral,0.0,Neutral
2010-10-21,465.0,,0.0,Neutral,0.0,Neutral
2010-10-13,460.0,,0.0,Neutral,0.0,Neutral
2010-10-12,465.0,,0.0,Neutral,0.0,Neutral
2010-10-11,467.0,,0.0,Neutral,0.0,Neutral
2010-10-10,476.0,,0.0,Neutral,0.0,Neutral
2010-10-07,480.0,,0.0,Neutral,0.0,Neutral
2010-10-04,440.0,,0.0,Neutral,0.0,Neutral
2010-10-03,442.0,,0.0,Neutral,0.0,Neutral
2010-09-30,442.0,,0.0,Neutral,0.0,Neutral
2010-09-29,441.0,,0.0,Neutral,0.0,Neutral
2010-09-28,442.0,,0.0,Neutral,0.0,Neutral
2010-09-27,443.0,,0.0,Neutral,0.0,Neutral
2010-09-26,423.0,,0.0,Neutral,0.0,Neutral
2010-09-23,425.0,,0.0,Neutral,0.0,Neutral
2010-09-21,440.0,,0.0,Neutral,0.0,Neutral
2010-09-20,440.0,,0.0,Neutral,0.0,Neutral
2010-09-19,411.0,,0.0,Neutral,0.0,Neutral
2010-09-16,400.0,,0.0,Neutral,0.0,Neutral
2010-09-15,406.0,,0.0,Neutral,0.0,Neutral
2010-09-14,403.0,,0.0,Neutral,0.0,Neutral
2010-09-13,401.0,,0.0,Neutral,0.0,Neutral
2010-09-12,400.0,,0.0,Neutral,0.0,Neutral
2010-09-09,400.0,,0.0,Neutral,0.0,Neutral
2010-09-08,409.0,,0.0,Neutral,0.0,Neutral
2010-09-07,408.0,,0.0,Neutral,0.0,Neutral
2010-09-02,415.0,,0.0,Neutral,0.0,Neutral
2010-07-29,455.0,,0.0,Neutral,0.0,Neutral
2010-07-28,465.0,,0.0,Neutral,0.0,Neutral
2010-07-27,465.0,,0.0,Neutral,0.0,Neutral
2010-07-27,479.0,,0.0,Neutral,0.0,Neutral
2010-07-26,462.0,,0.0,Neutral,0.0,Neutral
2010-07-25,465.0,,0.0,Neutral,0.0,Neutral
2010-07-22,470.0,,0.0,Neutral,0.0,Neutral
2010-07-20,455.0,,0.0,Neutral,0.0,Neutral
2010-07-19,460.0,,0.0,Neutral,0.0,Neutral
2010-07-18,462.0,,0.0,Neutral,0.0,Neutral
2010-07-16,465.0,,0.0,Neutral,0.0,Neutral
2010-07-15,460.0,,0.0,Neutral,0.0,Neutral
2010-07-14,449.0,,0.0,Neutral,0.0,Neutral
2010-07-13,450.0,,0.0,Neutral,0.0,Neutral
2010-07-12,451.0,,0.0,Neutral,0.0,Neutral
2010-07-11,464.0,,0.0,Neutral,0.0,Neutral
2010-07-08,457.0,,0.0,Neutral,0.0,Neutral
2010-07-07,459.0,,0.0,Neutral,0.0,Neutral
2010-07-06,457.0,,0.0,Neutral,0.0,Neutral
2010-07-05,462.0,,0.0,Neutral,0.0,Neutral
2010-07-04,460.0,,0.0,Neutral,0.0,Neutral
2010-07-01,452.0,,0.0,Neutral,0.0,Neutral
2010-06-30,452.0,,0.0,Neutral,0.0,Neutral
2010-06-29,464.0,,0.0,Neutral,0.0,Neutral
2010-06-26,470.0,,0.0,Neutral,0.0,Neutral
2010-06-23,470.0,,0.0,Neutral,0.0,Neutral
2010-06-22,464.0,,0.0,Neutral,0.0,Neutral
2010-06-21,470.0,,0.0,Neutral,0.0,Neutral
2010-06-20,471.0,,0.0,Neutral,0.0,Neutral
2010-06-17,466.0,,0.0,Neutral,0.0,Neutral
2010-06-15,470.0,,0.0,Neutral,0.0,Neutral
2010-06-14,468.0,,0.0,Neutral,0.0,Neutral
2010-06-13,470.0,,0.0,Neutral,0.0,Neutral
2010-06-10,480.0,,0.0,Neutral,0.0,Neutral
2010-06-09,485.0,,0.0,Neutral,0.0,Neutral
2010-06-08,485.0,,0.0,Neutral,0.0,Neutral
2010-06-07,480.0,,0.0,Neutral,0.0,Neutral
2010-06-06,485.0,,0.0,Neutral,0.0,Neutral
2010-06-02,481.0,,0.0,Neutral,0.0,Neutral
2010-06-01,482.0,,0.0,Neutral,0.0,Neutral
2010-05-31,510.0,,0.0,Neutral,0.0,Neutral
2010-05-30,510.0,,0.0,Neutral,0.0,Neutral
2010-05-26,495.0,,0.0,Neutral,0.0,Neutral
2010-05-25,510.0,,0.0,Neutral,0.0,Neutral
2010-05-24,486.0,,0.0,Neutral,0.0,Neutral
2010-05-23,492.0,,0.0,Neutral,0.0,Neutral
2010-05-20,490.0,,0.0,Neutral,0.0,Neutral
2010-05-19,475.0,,0.0,Neutral,0.0,Neutral
2010-05-18,479.0,,0.0,Neutral,0.0,Neutral
2010-05-17,465.0,,0.0,Neutral,0.0,Neutral
2010-05-16,472.0,,0.0,Neutral,0.0,Neutral
2010-05-13,494.0,,0.0,Neutral,0.0,Neutral
2010-05-12,485.0,,0.0,Neutral,0.0,Neutral
2010-05-11,465.0,,0.0,Neutral,0.0,Neutral
2010-05-10,428.0,,0.0,Neutral,0.0,Neutral
2010-05-09,421.0,,0.0,Neutral,0.0,Neutral
2010-04-29,413.0,,0.0,Neutral,0.0,Neutral
2010-04-28,394.0,,0.0,Neutral,0.0,Neutral
2010-04-26,386.0,,0.0,Neutral,0.0,Neutral
2010-04-25,385.0,,0.0,Neutral,0.0,Neutral
2010-04-22,390.0,,0.0,Neutral,0.0,Neutral
2010-04-21,380.0,,0.0,Neutral,0.0,Neutral
2010-04-20,396.0,,0.0,Neutral,0.0,Neutral
2010-04-19,417.0,,0.0,Neutral,0.0,Neutral
2010-04-18,425.0,,0.0,Neutral,0.0,Neutral
2010-04-15,430.0,,0.0,Neutral,0.0,Neutral
2010-04-13,438.0,,0.0,Neutral,0.0,Neutral
2010-04-12,445.0,,0.0,Neutral,0.0,Neutral
2010-04-11,440.0,,0.0,Neutral,0.0,Neutral
2010-04-08,460.0,,0.0,Neutral,0.0,Neutral
2010-04-07,455.0,,0.0,Neutral,0.0,Neutral
2010-04-06,460.0,,0.0,Neutral,0.0,Neutral
2010-04-05,465.0,,0.0,Neutral,0.0,Neutral
2010-04-04,464.0,,0.0,Neutral,0.0,Neutral
2010-04-01,455.0,,0.0,Neutral,0.0,Neutral
2010-03-31,445.0,,0.0,Neutral,0.0,Neutral
2010-03-30,462.0,,0.0,Neutral,0.0,Neutral
2010-03-29,467.0,,0.0,Neutral,0.0,Neutral
2010-03-28,457.0,,0.0,Neutral,0.0,Neutral
2010-03-23,455.0,,0.0,Neutral,0.0,Neutral
2010-03-17,448.0,,0.0,Neutral,0.0,Neutral
2010-03-16,448.0,,0.0,Neutral,0.0,Neutral
2010-03-14,440.0,,0.0,Neutral,0.0,Neutral
2010-03-11,469.0,,0.0,Neutral,0.0,Neutral
2010-03-09,478.0,,0.0,Neutral,0.0,Neutral
2010-03-07,481.0,,0.0,Neutral,0.0,Neutral
2010-03-04,500.0,,0.0,Neutral,0.0,Neutral
2010-03-03,514.0,,0.0,Neutral,0.0,Neutral
2010-03-02,495.0,,0.0,Neutral,0.0,Neutral
2010-03-01,492.0,,0.0,Neutral,0.0,Neutral
2010-02-18,492.0,,0.0,Neutral,0.0,Neutral
2010-02-17,483.0,,0.0,Neutral,0.0,Neutral
2010-02-16,480.0,,0.0,Neutral,0.0,Neutral
2010-02-15,476.0,,0.0,Neutral,0.0,Neutral
2010-02-11,479.0,,0.0,Neutral,0.0,Neutral
2010-02-10,479.0,,0.0,Neutral,0.0,Neutral
2010-02-09,460.0,,0.0,Neutral,0.0,Neutral
2010-02-08,476.0,,0.0,Neutral,0.0,Neutral
2010-02-04,483.0,,0.0,Neutral,0.0,Neutral
2010-02-03,465.0,,0.0,Neutral,0.0,Neutral
2010-02-02,500.0,,0.0,Neutral,0.0,Neutral
2010-02-01,530.0,,0.0,Neutral,0.0,Neutral
2010-01-31,540.0,,0.0,Neutral,0.0,Neutral
2010-01-28,550.0,,0.0,Neutral,0.0,Neutral
2010-01-27,550.0,,0.0,Neutral,0.0,Neutral
2010-01-26,553.0,,0.0,Neutral,0.0,Neutral
2010-01-25,553.0,,0.0,Neutral,0.0,Neutral
2010-01-21,541.0,,0.0,Neutral,0.0,Neutral
2010-01-20,541.0,,0.0,Neutral,0.0,Neutral
2010-01-19,550.0,,0.0,Neutral,0.0,Neutral
2010-01-18,550.0,,0.0,Neutral,0.0,Neutral
2010-01-17,550.0,,0.0,Neutral,0.0,Neutral
2010-01-14,550.0,,0.0,Neutral,0.0,Neutral
2010-01-13,556.0,,0.0,Neutral,0.0,Neutral
2010-01-12,545.0,,0.0,Neutral,0.0,Neutral
2010-01-11,546.0,,0.0,Neutral,0.0,Neutral
2010-01-10,550.0,,0.0,Neutral,0.0,Neutral
2010-01-07,555.0,,0.0,Neutral,0.0,Neutral
2010-01-06,565.0,,0.0,Neutral,0.0,Neutral
2010-01-05,546.0,,0.0,Neutral,0.0,Neutral
2010-01-04,560.0,,0.0,Neutral,0.0,Neutral
2010-01-03,580.0,,0.0,Neutral,0.0,Neutral
2009-12-31,558.0,,0.0,Neutral,0.0,Neutral
2009-12-29,508.0,,0.0,Neutral,0.0,Neutral
2009-12-28,490.0,,0.0,Neutral,0.0,Neutral
2009-12-22,486.0,,0.0,Neutral,0.0,Neutral
2009-12-15,691.0,,0.0,Neutral,0.0,Neutral
2009-12-14,712.0,,0.0,Neutral,0.0,Neutral
2009-12-13,712.0,,0.0,Neutral,0.0,Neutral
2009-12-10,700.0,,0.0,Neutral,0.0,Neutral
2009-12-09,699.0,,0.0,Neutral,0.0,Neutral
2009-12-08,700.0,,0.0,Neutral,0.0,Neutral
2009-12-07,661.0,,0.0,Neutral,0.0,Neutral
2009-12-06,687.0,,0.0,Neutral,0.0,Neutral
2009-12-03,740.0,,0.0,Neutral,0.0,Neutral
2009-11-25,790.0,,0.0,Neutral,0.0,Neutral
2026-03-03,452.0,,0.0,Neutral,0.0,Neutral
2026-03-01,448.0,,0.0,Neutral,0.0,Neutral
2026-02-26,443.0,,0.0,Neutral,0.0,Neutral
2026-02-25,444.3,2026-02-25,0.8774493336677551,Strongly Positive,0.8774493336677551,Strongly Positive
2026-02-24,439.0,,0.0,Neutral,0.43872466683387756,Positive
2026-02-23,436.2,,0.0,Neutral,0.21936233341693878,Positive
2026-02-22,437.0,,0.0,Neutral,0.0,Neutral
2026-02-17,442.8,,0.0,Neutral,0.0,Neutral
2026-02-16,447.0,,0.0,Neutral,0.0,Neutral
2026-02-12,445.9,2026-02-12,-0.2644221298396587,Negative,-0.2644221298396587,Negative
2026-02-11,461.0,2026-02-11,-0.4408624172210693,Negative,-0.5730734821408986,Negative
2026-02-10,468.0,2026-02-10,-0.5762443542480469,Negative,-0.8627810953184962,Strongly Negative
2026-02-09,471.3,,0.0,Neutral,-0.39833778142929077,Negative
2026-02-08,479.9,,0.0,Neutral,-0.14406108856201172,Slightly Negative
2026-02-05,480.0,,0.0,Neutral,0.0,Neutral
2026-02-04,474.1,,0.0,Neutral,0.0,Neutral
2026-02-03,477.0,,0.0,Neutral,0.0,Neutral
2026-02-02,479.0,,0.0,Neutral,0.0,Neutral
2026-02-01,473.0,,0.0,Neutral,0.0,Neutral
2026-01-29,477.0,,0.0,Neutral,0.0,Neutral
2026-01-28,477.0,2026-01-28,0.0113222198560833,Neutral,0.0113222198560833,Neutral
2026-01-27,480.2,,0.0,Neutral,0.00566110992804165,Neutral
2026-01-26,488.4,,0.0,Neutral,0.002830554964020825,Neutral
2026-01-25,491.5,,0.0,Neutral,0.0,Neutral
2026-01-22,488.0,,0.0,Neutral,0.0,Neutral
2026-01-21,487.7,,0.0,Neutral,0.0,Neutral
2026-01-20,490.0,,0.0,Neutral,0.0,Neutral
2026-01-18,480.7,,0.0,Neutral,0.0,Neutral
2026-01-14,473.7,2026-01-14,0.0140300989151,Neutral,0.0140300989151,Neutral
2026-01-13,476.0,,0.0,Neutral,0.00701504945755,Neutral
2026-01-12,472.0,,0.0,Neutral,0.003507524728775,Neutral
2026-01-08,471.9,,0.0,Neutral,0.0,Neutral
2026-01-07,465.0,,0.0,Neutral,0.0,Neutral
2026-01-06,465.0,,0.0,Neutral,0.0,Neutral
2026-01-05,466.0,2026-01-05,-0.8387445211410522,Strongly Negative,-0.8387445211410522,Strongly Negative
2026-01-04,461.9,,0.0,Neutral,-0.4193722605705261,Negative
2026-01-01,465.5,,0.0,Neutral,-0.20968613028526306,Negative
2025-12-31,467.8,,0.0,Neutral,0.0,Neutral
2025-12-29,464.5,,0.0,Neutral,0.0,Neutral
2025-12-28,468.5,,0.0,Neutral,0.0,Neutral
2025-12-24,457.0,,0.0,Neutral,0.0,Neutral
2025-12-23,456.0,,0.0,Neutral,0.0,Neutral
2025-12-22,456.9,,0.0,Neutral,0.0,Neutral
2025-12-21,461.6,,0.0,Neutral,0.0,Neutral
2025-12-18,464.8,,0.0,Neutral,0.0,Neutral
2025-12-17,469.5,,0.0,Neutral,0.0,Neutral
2025-12-16,468.2,,0.0,Neutral,0.0,Neutral
2025-12-15,465.0,2025-12-15,0.0156788323074579,Neutral,0.0156788323074579,Neutral
2025-12-14,461.9,,0.0,Neutral,0.00783941615372895,Neutral
2025-12-11,464.5,2025-12-11,0.4957837536931038,Positive,0.49970346176996827,Positive
2025-12-10,464.4,,0.0,Neutral,0.2478918768465519,Positive
2025-12-09,465.0,,0.0,Neutral,0.12394593842327595,Slightly Positive
2025-12-08,460.0,,0.0,Neutral,0.0,Neutral
2025-12-07,460.0,,0.0,Neutral,0.0,Neutral
2025-12-03,465.0,,0.0,Neutral,0.0,Neutral
2025-12-02,473.4,,0.0,Neutral,0.0,Neutral
2025-12-01,479.5,,0.0,Neutral,0.0,Neutral
2025-11-30,482.9,2025-11-30,-0.5521965622901917,Negative,-0.5521965622901917,Negative
2025-11-27,486.0,,0.0,Neutral,-0.2760982811450958,Negative
2025-11-26,491.0,,0.0,Neutral,-0.1380491405725479,Slightly Negative
2025-11-25,493.8,2025-11-25,0.6663917303085327,Strongly Positive,0.6663917303085327,Strongly Positive
2025-11-24,493.8,,0.0,Neutral,0.33319586515426636,Positive
2025-11-23,465.7,,0.0,Neutral,0.16659793257713318,Slightly Positive
2025-11-20,448.0,,0.0,Neutral,0.0,Neutral
2025-11-19,451.0,,0.0,Neutral,0.0,Neutral
2025-11-18,451.0,,0.0,Neutral,0.0,Neutral
2025-11-17,450.0,,0.0,Neutral,0.0,Neutral
2025-11-16,452.5,,0.0,Neutral,0.0,Neutral
2025-11-13,457.2,,0.0,Neutral,0.0,Neutral
2025-11-12,465.0,,0.0,Neutral,0.0,Neutral
2025-11-11,467.8,2025-11-11,-0.5206417441368103,Negative,-0.5206417441368103,Negative
2025-11-10,464.0,2025-11-10,0.1399208903312683,Slightly Positive,-0.12039998173713684,Slightly Negative
2025-11-09,468.2,,0.0,Neutral,-0.06019999086856842,Slightly Negative
2025-11-06,473.2,,0.0,Neutral,0.03498022258281708,Neutral
2025-11-05,474.9,2025-11-05,0.9275050759315492,Strongly Positive,0.9275050759315492,Strongly Positive
2025-11-04,487.0,,0.0,Neutral,0.4637525379657746,Positive
2025-11-03,501.0,,0.0,Neutral,0.2318762689828873,Positive
2025-11-02,499.0,2025-11-02,0.8304534256458282,Strongly Positive,0.8304534256458282,Strongly Positive
2025-10-30,477.0,,0.0,Neutral,0.4152267128229141,Positive
2025-10-29,459.0,,0.0,Neutral,0.20761335641145706,Positive
2025-10-28,463.1,,0.0,Neutral,0.0,Neutral
2025-10-26,445.6,,0.0,Neutral,0.0,Neutral
2025-10-19,447.0,2025-10-19,-0.7027487754821777,Strongly Negative,-0.7027487754821777,Strongly Negative
2025-10-16,448.0,,0.0,Neutral,-0.35137438774108887,Negative
2025-10-15,448.0,,0.0,Neutral,-0.17568719387054443,Slightly Negative
2025-10-14,452.0,,0.0,Neutral,0.0,Neutral
2025-10-13,460.0,,0.0,Neutral,0.0,Neutral
2025-10-12,449.4,,0.0,Neutral,0.0,Neutral
2025-10-09,461.8,,0.0,Neutral,0.0,Neutral
2025-10-08,454.0,,0.0,Neutral,0.0,Neutral
2025-10-07,466.4,,0.0,Neutral,0.0,Neutral
2025-09-28,473.0,,0.0,Neutral,0.0,Neutral
2025-09-25,478.0,,0.0,Neutral,0.0,Neutral
2025-09-24,475.0,,0.0,Neutral,0.0,Neutral
2025-09-23,478.0,,0.0,Neutral,0.0,Neutral
2025-09-21,480.46,,0.0,Neutral,0.0,Neutral
2025-09-18,462.8,2025-09-18,0.0988965034484863,Slightly Positive,0.0988965034484863,Slightly Positive
2025-09-08,472.22,,0.0,Neutral,0.04944825172424315,Neutral
2025-09-07,479.37,,0.0,Neutral,0.024724125862121575,Neutral
2025-09-04,480.24,,0.0,Neutral,0.0,Neutral
2025-09-03,481.05,,0.0,Neutral,0.0,Neutral
2025-09-02,480.95,,0.0,Neutral,0.0,Neutral
2025-09-01,485.24,,0.0,Neutral,0.0,Neutral
2025-08-31,485.65,2025-08-31,-0.8702601194381714,Strongly Negative,-0.8702601194381714,Strongly Negative
2025-08-28,490.37,2025-08-28,0.9314732551574708,Strongly Positive,0.4963431954383851,Positive
2025-08-27,502.28,2025-08-27,-0.8449028730392456,Strongly Negative,-0.5967312753200531,Negative
2025-08-26,491.03,,0.0,Neutral,-0.1895831227302551,Slightly Negative
2025-08-25,491.27,,0.0,Neutral,-0.2112257182598114,Negative
2025-08-24,486.1,,0.0,Neutral,0.0,Neutral
2025-08-21,488.57,,0.0,Neutral,0.0,Neutral
2025-08-20,486.0,,0.0,Neutral,0.0,Neutral
2025-08-19,484.93,,0.0,Neutral,0.0,Neutral
2025-08-18,483.55,,0.0,Neutral,0.0,Neutral
2025-08-17,485.11,2025-08-17,-0.0869648940861225,Slightly Negative,-0.0869648940861225,Slightly Negative
2025-08-14,491.78,,0.0,Neutral,-0.04348244704306125,Neutral
2025-08-13,490.98,,0.0,Neutral,-0.021741223521530625,Neutral
2025-08-12,487.88,,0.0,Neutral,0.0,Neutral
2025-08-11,491.68,,0.0,Neutral,0.0,Neutral
2025-08-07,499.91,,0.0,Neutral,0.0,Neutral
2025-08-06,498.2,,0.0,Neutral,0.0,Neutral
2025-08-05,499.67,,0.0,Neutral,0.0,Neutral
2025-08-04,505.23,,0.0,Neutral,0.0,Neutral
2025-08-03,505.3,,0.0,Neutral,0.0,Neutral
2025-07-31,516.58,,0.0,Neutral,0.0,Neutral
2025-07-30,522.87,,0.0,Neutral,0.0,Neutral
2025-07-29,526.63,,0.0,Neutral,0.0,Neutral
2025-07-28,527.14,,0.0,Neutral,0.0,Neutral
2025-07-27,533.48,,0.0,Neutral,0.0,Neutral
2025-07-24,538.53,,0.0,Neutral,0.0,Neutral
2025-07-23,538.26,,0.0,Neutral,0.0,Neutral
2025-07-22,541.77,,0.0,Neutral,0.0,Neutral
2025-07-21,519.91,,0.0,Neutral,0.0,Neutral
2025-07-20,518.3,,0.0,Neutral,0.0,Neutral
2025-07-17,513.4,2025-07-17,0.0606837570667266,Slightly Positive,0.0606837570667266,Slightly Positive
2025-07-16,498.36,,0.0,Neutral,0.0303418785333633,Neutral
2025-07-15,491.92,,0.0,Neutral,0.01517093926668165,Neutral
2025-07-14,490.38,2025-07-14,0.3165594339370727,Positive,0.3165594339370727,Positive
2025-07-13,499.79,,0.0,Neutral,0.15827971696853635,Slightly Positive
2025-07-10,499.71,,0.0,Neutral,0.07913985848426817,Slightly Positive
2025-07-09,499.64,2025-07-09,0.5959690809249878,Positive,0.5959690809249878,Positive
2025-07-08,499.41,,0.0,Neutral,0.2979845404624939,Positive
2025-07-07,499.75,,0.0,Neutral,0.14899227023124695,Slightly Positive
2025-07-06,500.12,,0.0,Neutral,0.0,Neutral
2025-07-03,538.44,,0.0,Neutral,0.0,Neutral
2025-07-02,517.63,,0.0,Neutral,0.0,Neutral
2025-07-01,501.56,,0.0,Neutral,0.0,Neutral
2025-06-30,496.82,,0.0,Neutral,0.0,Neutral
2025-06-29,496.38,2025-06-29,0.0124993920326232,Neutral,0.0124993920326232,Neutral
2025-06-26,493.75,,0.0,Neutral,0.0062496960163116,Neutral
2025-06-25,494.65,2025-06-25,-0.5497723817825317,Negative,-0.5466475337743759,Negative
2025-06-24,493.61,,0.0,Neutral,-0.27488619089126587,Negative
2025-06-23,497.99,,0.0,Neutral,-0.13744309544563293,Slightly Negative
2025-06-22,498.12,,0.0,Neutral,0.0,Neutral
2025-06-19,499.84,2025-06-19,0.9185822606086732,Strongly Positive,0.9185822606086732,Strongly Positive
2025-06-18,500.28,2025-06-18,0.134243756532669,Slightly Positive,0.5935348868370056,Positive
2025-06-17,498.13,,0.0,Neutral,0.2967674434185028,Positive
2025-06-16,499.94,,0.0,Neutral,0.03356093913316725,Neutral
2025-06-15,499.96,,0.0,Neutral,0.0,Neutral
2025-06-12,500.56,,0.0,Neutral,0.0,Neutral
2025-06-11,499.21,2025-06-11,-0.1211603879928588,Slightly Negative,-0.1211603879928588,Slightly Negative
2025-06-10,501.75,2025-06-10,-0.4339157342910766,Negative,-0.494495928287506,Negative
2025-06-09,498.9,2025-06-09,-0.3343536257743835,Negative,-0.5816015899181365,Negative
2025-06-08,494.91,,0.0,Neutral,-0.2756557464599609,Negative
2025-06-05,501.64,2025-06-05,-0.5912338495254517,Negative,-0.6748222559690475,Strongly Negative
2025-06-04,508.75,,0.0,Neutral,-0.29561692476272583,Negative
2025-06-03,516.0,2025-06-03,-0.2338424623012542,Negative,-0.3816509246826171,Negative
2025-06-02,521.09,2025-06-02,-0.5659517645835876,Negative,-0.6828729957342148,Strongly Negative
2025-05-28,696.44,,0.0,Neutral,-0.3414364978671074,Negative
2025-05-27,710.33,,0.0,Neutral,-0.1414879411458969,Slightly Negative
2025-05-26,715.95,2025-05-26,-0.7628889083862305,Strongly Negative,-0.7628889083862305,Strongly Negative
2025-05-25,716.37,,0.0,Neutral,-0.38144445419311523,Negative
2025-05-22,726.15,2025-05-22,-0.7128505706787109,Strongly Negative,-0.9035727977752686,Strongly Negative
2025-05-21,734.34,,0.0,Neutral,-0.35642528533935547,Negative
2025-05-20,730.34,2025-05-20,-0.6116074919700623,Strongly Negative,-0.78982013463974,Strongly Negative
2025-05-19,718.63,,0.0,Neutral,-0.30580374598503113,Negative
2025-05-18,711.84,,0.0,Neutral,-0.15290187299251556,Slightly Negative
2025-05-15,718.74,,0.0,Neutral,0.0,Neutral
2025-05-14,721.27,2025-05-14,-0.120438814163208,Slightly Negative,-0.120438814163208,Slightly Negative
2025-05-13,728.48,,0.0,Neutral,-0.060219407081604,Slightly Negative
2025-05-11,723.65,,0.0,Neutral,-0.030109703540802,Neutral
2025-05-08,725.41,,0.0,Neutral,0.0,Neutral
2025-05-07,736.57,,0.0,Neutral,0.0,Neutral
2025-05-06,722.59,,0.0,Neutral,0.0,Neutral
2025-05-05,723.86,,0.0,Neutral,0.0,Neutral
2025-05-04,725.64,,0.0,Neutral,0.0,Neutral
2025-04-30,723.77,,0.0,Neutral,0.0,Neutral
2025-04-29,722.25,,0.0,Neutral,0.0,Neutral
2025-04-28,721.6,,0.0,Neutral,0.0,Neutral
2025-04-27,721.45,,0.0,Neutral,0.0,Neutral
2025-04-24,723.32,,0.0,Neutral,0.0,Neutral
2025-04-23,723.18,,0.0,Neutral,0.0,Neutral
2025-04-22,733.58,2025-04-22,0.0065177381038665,Neutral,0.0065177381038665,Neutral
2025-04-21,741.82,2025-04-21,-0.1222520172595977,Slightly Negative,-0.11899314820766445,Slightly Negative
2025-04-20,739.51,2025-04-20,-0.9325382113456726,Strongly Negative,-0.9920347854495049,Strongly Negative
2025-04-17,747.21,,0.0,Neutral,-0.49683210998773575,Negative
2025-04-16,746.53,2025-04-16,-0.1533498167991638,Slightly Negative,-0.38648436963558197,Negative
2025-04-15,747.9,,0.0,Neutral,-0.0766749083995819,Slightly Negative
2025-04-13,741.0,2025-04-13,0.0838408172130584,Slightly Positive,0.045503363013267455,Neutral
2025-04-10,746.91,2025-04-10,0.1280533671379089,Slightly Positive,0.16997377574443812,Slightly Positive
2025-04-09,748.48,,0.0,Neutral,0.08498688787221906,Slightly Positive
2025-04-08,745.59,,0.0,Neutral,0.03201334178447723,Neutral
2025-04-07,755.28,,0.0,Neutral,0.0,Neutral
2025-04-03,768.37,,0.0,Neutral,0.0,Neutral
2025-04-02,762.47,,0.0,Neutral,0.0,Neutral
2025-04-01,758.99,,0.0,Neutral,0.0,Neutral
2025-03-30,769.6,2025-03-30,-0.4880945086479187,Negative,-0.4880945086479187,Negative
2025-03-27,757.9,,0.0,Neutral,-0.24404725432395935,Negative
2025-03-26,728.13,2025-03-26,-0.6513763070106506,Strongly Negative,-0.7733999341726303,Strongly Negative
2025-03-25,717.57,2025-03-25,0.2815593183040619,Positive,-0.04412883520126343,Neutral
2025-03-24,726.21,,0.0,Neutral,-0.022064417600631714,Neutral
2025-03-23,719.43,2025-03-23,-0.6444237232208252,Strongly Negative,-0.5740338936448097,Negative
2025-03-20,737.41,2025-03-20,-0.406167596578598,Negative,-0.7283794581890106,Strongly Negative
2025-03-19,738.9,,0.0,Neutral,-0.3641897290945053,Negative
2025-03-18,746.0,,0.0,Neutral,-0.1015418991446495,Slightly Negative
2025-03-17,745.4,2025-03-17,-0.0320629775524139,Neutral,-0.0320629775524139,Neutral
2025-03-16,753.0,,0.0,Neutral,-0.01603148877620695,Neutral
2025-03-12,770.0,,0.0,Neutral,-0.008015744388103475,Neutral
2025-03-11,764.8,,0.0,Neutral,0.0,Neutral
2025-03-10,769.0,2025-03-10,-0.7477757930755615,Strongly Negative,-0.7477757930755615,Strongly Negative
2025-03-09,774.0,,0.0,Neutral,-0.37388789653778076,Negative
2025-03-06,781.0,,0.0,Neutral,-0.18694394826889038,Slightly Negative
2025-03-05,783.9,,0.0,Neutral,0.0,Neutral
2025-03-04,799.0,,0.0,Neutral,0.0,Neutral
2025-03-03,808.0,,0.0,Neutral,0.0,Neutral
2025-03-02,818.0,,0.0,Neutral,0.0,Neutral
2025-02-27,779.4,,0.0,Neutral,0.0,Neutral
2025-02-25,777.4,,0.0,Neutral,0.0,Neutral
2025-02-24,779.4,2025-02-24,-0.3941380977630615,Negative,-0.3941380977630615,Negative
2025-02-23,785.0,,0.0,Neutral,-0.19706904888153076,Slightly Negative
2025-02-20,776.2,,0.0,Neutral,-0.09853452444076538,Slightly Negative
2025-02-18,774.9,,0.0,Neutral,0.0,Neutral
2025-02-17,773.0,,0.0,Neutral,0.0,Neutral
2025-02-16,770.0,,0.0,Neutral,0.0,Neutral
2025-02-13,767.0,2025-02-13,-0.6699524521827698,Strongly Negative,-0.6699524521827698,Strongly Negative
2025-02-12,761.0,2025-02-12,0.2080480456352233,Positive,-0.12692818045616158,Slightly Negative
2025-02-11,760.0,,0.0,Neutral,-0.06346409022808079,Slightly Negative
2025-02-10,762.0,,0.0,Neutral,0.052012011408805826,Slightly Positive
2025-02-09,766.0,,0.0,Neutral,0.0,Neutral
2025-02-06,769.0,,0.0,Neutral,0.0,Neutral
2025-02-05,780.0,,0.0,Neutral,0.0,Neutral
2025-02-04,773.9,,0.0,Neutral,0.0,Neutral
2025-02-03,765.0,,0.0,Neutral,0.0,Neutral
2025-02-02,760.0,,0.0,Neutral,0.0,Neutral
2025-01-28,744.6,,0.0,Neutral,0.0,Neutral
2025-01-27,737.0,,0.0,Neutral,0.0,Neutral
2025-01-26,751.9,,0.0,Neutral,0.0,Neutral
2025-01-23,748.9,2025-01-23,-0.2442322820425033,Negative,-0.2442322820425033,Negative
2025-01-22,742.6,,0.0,Neutral,-0.12211614102125165,Slightly Negative
2025-01-21,733.5,,0.0,Neutral,-0.061058070510625825,Slightly Negative
2025-01-20,724.0,2025-01-20,-0.0088043892756104,Neutral,-0.0088043892756104,Neutral
2025-01-19,717.0,,0.0,Neutral,-0.0044021946378052,Neutral
2025-01-16,707.6,,0.0,Neutral,-0.0022010973189026,Neutral
2025-01-15,711.0,,0.0,Neutral,0.0,Neutral
2025-01-13,707.5,,0.0,Neutral,0.0,Neutral
2025-01-12,726.0,,0.0,Neutral,0.0,Neutral
2025-01-09,730.0,,0.0,Neutral,0.0,Neutral
2025-01-08,736.0,,0.0,Neutral,0.0,Neutral
2025-01-07,722.0,,0.0,Neutral,0.0,Neutral
2025-01-06,722.0,,0.0,Neutral,0.0,Neutral
2025-01-05,706.1,,0.0,Neutral,0.0,Neutral
2025-01-02,705.0,2025-01-02,0.9056085348129272,Strongly Positive,0.9056085348129272,Strongly Positive
2025-01-01,705.0,,0.0,Neutral,0.4528042674064636,Positive
2024-12-31,704.0,,0.0,Neutral,0.2264021337032318,Positive
2024-12-29,709.0,,0.0,Neutral,0.0,Neutral
2024-12-26,708.0,,0.0,Neutral,0.0,Neutral
2024-12-24,707.2,,0.0,Neutral,0.0,Neutral
2024-12-23,706.0,,0.0,Neutral,0.0,Neutral
2024-12-22,712.0,,0.0,Neutral,0.0,Neutral
2024-12-19,713.9,,0.0,Neutral,0.0,Neutral
2024-12-18,720.0,,0.0,Neutral,0.0,Neutral
2024-12-17,720.5,,0.0,Neutral,0.0,Neutral
2024-12-16,720.0,2024-12-16,-0.1873531192541122,Slightly Negative,-0.1873531192541122,Slightly Negative
2024-12-12,728.5,2024-12-12,-0.7372568249702454,Strongly Negative,-0.8309333845973015,Strongly Negative
2024-12-11,737.0,,0.0,Neutral,-0.41546669229865074,Negative
2024-12-10,730.0,2024-12-10,0.0605501011013984,Slightly Positive,-0.12376410514116294,Slightly Negative
2024-12-09,728.0,2024-12-09,0.0543120503425598,Slightly Positive,0.08458710089325899,Slightly Positive
2024-12-08,733.0,,0.0,Neutral,0.042293550446629496,Neutral
2024-12-05,748.0,2024-12-05,-0.8622756004333496,Strongly Negative,-0.8486975878477097,Strongly Negative
2024-12-04,760.9,,0.0,Neutral,-0.4311378002166748,Negative
2024-12-03,753.0,,0.0,Neutral,-0.2155689001083374,Negative
2024-12-02,749.0,,0.0,Neutral,0.0,Neutral
2024-12-01,741.0,,0.0,Neutral,0.0,Neutral
2024-11-28,752.9,,0.0,Neutral,0.0,Neutral
2024-11-27,755.3,,0.0,Neutral,0.0,Neutral
2024-11-26,749.8,,0.0,Neutral,0.0,Neutral
2024-11-25,735.0,,0.0,Neutral,0.0,Neutral
2024-11-24,725.4,,0.0,Neutral,0.0,Neutral
2024-11-21,733.0,2024-11-21,0.3522944152355194,Positive,0.3522944152355194,Positive
2024-11-20,749.8,,0.0,Neutral,0.1761472076177597,Slightly Positive
2024-11-19,750.0,,0.0,Neutral,0.08807360380887985,Slightly Positive
2024-11-17,759.0,,0.0,Neutral,0.0,Neutral
2024-11-14,750.0,,0.0,Neutral,0.0,Neutral
2024-11-13,754.9,,0.0,Neutral,0.0,Neutral
2024-11-12,764.0,,0.0,Neutral,0.0,Neutral
2024-11-11,768.5,2024-11-11,0.9224844574928284,Strongly Positive,0.9224844574928284,Strongly Positive
2024-11-10,769.0,2024-11-10,0.0913766026496887,Slightly Positive,0.5526188313961029,Positive
2024-11-06,763.0,2024-11-06,0.6941941380500793,Strongly Positive,0.9705035537481308,Strongly Positive
2024-11-05,754.8,,0.0,Neutral,0.36994121968746185,Positive
2024-10-30,744.9,,0.0,Neutral,0.17354853451251984,Slightly Positive
2024-10-29,736.0,2024-10-29,-0.4482151567935943,Negative,-0.4482151567935943,Negative
2024-10-28,723.0,,0.0,Neutral,-0.22410757839679715,Negative
2024-10-27,709.0,,0.0,Neutral,-0.11205378919839858,Slightly Negative
2024-10-24,710.0,,0.0,Neutral,0.0,Neutral
2024-10-23,714.5,2024-10-23,-0.5182260870933533,Negative,-0.5182260870933533,Negative
2024-10-22,715.7,,0.0,Neutral,-0.25911304354667664,Negative
2024-10-21,710.0,,0.0,Neutral,-0.12955652177333832,Slightly Negative
2024-10-20,720.0,2024-10-20,-0.0460387840867042,Neutral,-0.0460387840867042,Neutral
2024-10-17,730.2,2024-10-17,-0.5775560140609741,Negative,-0.6005754061043262,Strongly Negative
2024-10-16,734.9,2024-10-16,0.3032940030097961,Positive,0.003006299957632977,Neutral
2024-10-15,720.0,,0.0,Neutral,0.007257997989654513,Neutral
2024-10-09,716.0,2024-10-09,0.9219281077384948,Strongly Positive,0.9977516084909438,Strongly Positive
2024-10-08,714.0,,0.0,Neutral,0.4609640538692474,Positive
2024-10-07,727.8,2024-10-07,0.9075050950050354,Strongly Positive,1.1379871219396591,Strongly Positive
2024-10-06,728.0,,0.0,Neutral,0.4537525475025177,Positive
2024-10-02,717.8,,0.0,Neutral,0.22687627375125885,Positive
2024-10-01,724.0,2024-10-01,0.9054638147354126,Strongly Positive,0.9054638147354126,Strongly Positive
2024-09-30,695.5,,0.0,Neutral,0.4527319073677063,Positive
2024-09-29,672.0,,0.0,Neutral,0.22636595368385315,Positive
2024-09-26,674.0,,0.0,Neutral,0.0,Neutral
2024-09-25,677.0,,0.0,Neutral,0.0,Neutral
2024-09-24,665.0,2024-09-24,0.9053268432617188,Strongly Positive,0.9053268432617188,Strongly Positive
2024-09-23,674.0,,0.0,Neutral,0.4526634216308594,Positive
2024-09-22,685.0,,0.0,Neutral,0.2263317108154297,Positive
2024-09-18,684.0,2024-09-18,0.0292224586009979,Neutral,0.0292224586009979,Neutral
2024-09-16,698.9,2024-09-16,0.0701217502355575,Slightly Positive,0.08473297953605645,Slightly Positive
2024-09-15,707.0,,0.0,Neutral,0.042366489768028225,Neutral
2024-09-12,725.0,2024-09-12,0.7334011197090149,Strongly Positive,0.7509315572679043,Strongly Positive
2024-09-11,704.0,,0.0,Neutral,0.36670055985450745,Positive
2024-09-10,713.0,,0.0,Neutral,0.18335027992725372,Slightly Positive
2024-09-09,724.0,,0.0,Neutral,0.0,Neutral
2024-09-08,737.0,2024-09-08,0.0105989575386047,Neutral,0.0105989575386047,Neutral
2024-09-05,738.0,,0.0,Neutral,0.00529947876930235,Neutral
2024-09-04,747.0,,0.0,Neutral,0.002649739384651175,Neutral
2024-09-03,775.0,2024-09-03,-0.2997061610221863,Negative,-0.2997061610221863,Negative
2024-09-02,752.0,,0.0,Neutral,-0.14985308051109314,Slightly Negative
2024-09-01,730.0,,0.0,Neutral,-0.07492654025554657,Slightly Negative
2024-08-29,737.8,,0.0,Neutral,0.0,Neutral
2024-08-28,746.9,,0.0,Neutral,0.0,Neutral
2024-08-27,749.9,,0.0,Neutral,0.0,Neutral
2024-08-25,771.5,,0.0,Neutral,0.0,Neutral
2024-08-22,792.9,,0.0,Neutral,0.0,Neutral
2024-08-21,797.0,,0.0,Neutral,0.0,Neutral
2024-08-18,796.0,,0.0,Neutral,0.0,Neutral
2024-08-15,792.0,,0.0,Neutral,0.0,Neutral
2024-08-14,799.0,,0.0,Neutral,0.0,Neutral
2024-08-13,800.0,,0.0,Neutral,0.0,Neutral
2024-08-12,808.0,,0.0,Neutral,0.0,Neutral
2024-08-11,771.9,2024-08-11,-0.6217007637023926,Strongly Negative,-0.6217007637023926,Strongly Negative
2024-08-08,753.0,,0.0,Neutral,-0.3108503818511963,Negative
2024-08-07,761.0,,0.0,Neutral,-0.15542519092559814,Slightly Negative
2024-08-06,735.0,2024-08-06,0.06113051623106,Slightly Positive,0.06113051623106,Slightly Positive
2024-08-05,774.0,2024-08-05,-0.0004892461001873,Neutral,0.0300760120153427,Neutral
2024-08-01,753.9,,0.0,Neutral,0.01503800600767135,Neutral
2024-07-31,730.0,,0.0,Neutral,-0.000122311525046825,Neutral
2024-07-30,727.0,,0.0,Neutral,0.0,Neutral
2024-07-29,725.0,,0.0,Neutral,0.0,Neutral
2024-07-28,740.0,,0.0,Neutral,0.0,Neutral
2024-07-25,715.0,,0.0,Neutral,0.0,Neutral
2024-07-24,700.0,,0.0,Neutral,0.0,Neutral
2024-07-23,705.0,,0.0,Neutral,0.0,Neutral
2024-07-22,670.0,,0.0,Neutral,0.0,Neutral
2024-07-21,679.9,2024-07-21,0.2961920797824859,Positive,0.2961920797824859,Positive
2024-07-18,670.0,,0.0,Neutral,0.14809603989124295,Slightly Positive
2024-07-17,670.0,,0.0,Neutral,0.07404801994562148,Slightly Positive
2024-07-16,653.0,,0.0,Neutral,0.0,Neutral
2024-07-15,623.0,2024-07-15,0.0531130880117416,Slightly Positive,0.0531130880117416,Slightly Positive
2024-07-14,629.9,2024-07-14,0.4453930258750915,Positive,0.4719495698809623,Positive
2024-07-11,614.9,,0.0,Neutral,0.23597478494048116,Positive
2024-07-10,599.0,2024-07-10,-0.0372032523155212,Neutral,0.07414500415325168,Slightly Positive
2024-07-09,590.0,,0.0,Neutral,-0.0186016261577606,Neutral
2024-07-08,595.0,,0.0,Neutral,-0.0093008130788803,Neutral
2024-07-07,591.9,2024-07-07,-0.6083687543869019,Strongly Negative,-0.6083687543869019,Strongly Negative
2024-07-04,588.0,2024-07-04,-0.7496742010116577,Strongly Negative,-1.0538585782051086,Strongly Negative
2024-07-03,575.0,,0.0,Neutral,-0.5269292891025543,Negative
2024-07-02,565.0,,0.0,Neutral,-0.18741855025291443,Slightly Negative
2024-07-01,551.0,,0.0,Neutral,0.0,Neutral
2024-06-30,548.0,2024-06-30,-0.5555654168128967,Negative,-0.5555654168128967,Negative
2024-06-27,549.0,,0.0,Neutral,-0.27778270840644836,Negative
2024-06-26,554.0,,0.0,Neutral,-0.13889135420322418,Slightly Negative
2024-06-25,558.8,,0.0,Neutral,0.0,Neutral
2024-06-24,560.0,,0.0,Neutral,0.0,Neutral
2024-06-23,560.0,,0.0,Neutral,0.0,Neutral
2024-06-20,562.0,2024-06-20,-0.7754740715026855,Strongly Negative,-0.7754740715026855,Strongly Negative
2024-06-19,563.0,2024-06-19,0.928455650806427,Strongly Positive,0.5407186150550842,Positive
2024-06-18,565.9,,0.0,Neutral,0.2703593075275421,Positive
2024-06-16,569.0,,0.0,Neutral,0.23211391270160675,Positive
2024-06-13,574.9,,0.0,Neutral,0.0,Neutral
2024-06-12,578.8,2024-06-12,-0.3344677183777093,Negative,-0.3344677183777093,Negative
2024-06-11,572.9,2024-06-11,-0.703773021697998,Strongly Negative,-0.8710068808868527,Strongly Negative
2024-06-10,563.0,2024-06-10,0.0591075792908668,Slightly Positive,-0.3763958611525595,Negative
2024-06-09,562.0,,0.0,Neutral,-0.1463894657790661,Slightly Negative
2024-06-06,568.0,,0.0,Neutral,0.0147768948227167,Neutral
2024-06-05,569.0,,0.0,Neutral,0.0,Neutral
2024-06-04,572.9,,0.0,Neutral,0.0,Neutral
2024-06-03,569.7,,0.0,Neutral,0.0,Neutral
2024-06-02,569.5,,0.0,Neutral,0.0,Neutral
2024-05-30,568.8,,0.0,Neutral,0.0,Neutral
2024-05-29,576.5,,0.0,Neutral,0.0,Neutral
2024-05-27,583.8,2024-05-27,-0.6427181959152222,Strongly Negative,-0.6427181959152222,Strongly Negative
2024-05-26,584.4,2024-05-26,-0.5461372137069702,Negative,-0.8674963116645813,Strongly Negative
2024-05-22,590.0,,0.0,Neutral,-0.43374815583229065,Negative
2024-05-21,602.0,2024-05-21,0.9287891387939452,Strongly Positive,0.7922548353672026,Strongly Positive
2024-05-20,602.5,2024-05-20,-0.7473208904266357,Strongly Negative,-0.28292632102966314,Negative
2024-05-19,602.0,,0.0,Neutral,-0.14146316051483157,Slightly Negative
2024-05-16,571.8,,0.0,Neutral,-0.18683022260665894,Slightly Negative
2024-05-15,575.5,,0.0,Neutral,0.0,Neutral
2024-05-14,577.3,,0.0,Neutral,0.0,Neutral
2024-05-13,568.0,2024-05-13,-0.0147014185786247,Neutral,-0.0147014185786247,Neutral
2024-05-12,563.0,,0.0,Neutral,-0.00735070928931235,Neutral
2024-05-09,536.2,,0.0,Neutral,-0.003675354644656175,Neutral
2024-05-08,542.8,,0.0,Neutral,0.0,Neutral
2024-05-07,542.5,,0.0,Neutral,0.0,Neutral
2024-05-06,545.0,,0.0,Neutral,0.0,Neutral
2024-05-05,548.0,,0.0,Neutral,0.0,Neutral
2024-05-02,555.7,,0.0,Neutral,0.0,Neutral
2024-04-30,557.8,,0.0,Neutral,0.0,Neutral
2024-04-29,548.3,2024-04-29,-0.2238787710666656,Negative,-0.2238787710666656,Negative
2024-04-28,551.3,,0.0,Neutral,-0.1119393855333328,Slightly Negative
2024-04-25,550.0,,0.0,Neutral,-0.0559696927666664,Slightly Negative
2024-04-24,547.0,,0.0,Neutral,0.0,Neutral
2024-04-22,553.0,2024-04-22,-0.397852748632431,Negative,-0.397852748632431,Negative
2024-04-21,553.0,2024-04-21,-0.6756387948989868,Strongly Negative,-0.8745651692152023,Strongly Negative
2024-04-18,550.0,,0.0,Neutral,-0.43728258460760117,Negative
2024-04-16,551.0,2024-04-16,0.4685211181640625,Positive,0.2996114194393158,Positive
2024-04-15,555.0,2024-04-15,-0.5954660177230835,Negative,-0.36120545864105225,Negative
2024-04-14,554.9,2024-04-14,-0.4558782577514648,Negative,-0.636480987071991,Strongly Negative
2024-04-10,560.3,2024-04-10,-0.0239664651453495,Neutral,-0.40077209845185274,Negative
2024-04-09,575.0,,0.0,Neutral,-0.12595279701054093,Slightly Negative
2024-04-07,569.0,2024-04-07,-0.6892299056053162,Strongly Negative,-0.6952215218916535,Strongly Negative
2024-04-04,552.0,2024-04-04,-0.323227971792221,Negative,-0.6678429245948792,Strongly Negative
2024-04-03,552.6,,0.0,Neutral,-0.3339214622974396,Negative
2024-04-02,555.0,2024-04-02,-0.4733312129974365,Negative,-0.5541382059454918,Negative
2024-04-01,554.8,,0.0,Neutral,-0.23666560649871826,Negative
2024-03-31,555.1,,0.0,Neutral,-0.11833280324935913,Slightly Negative
2024-03-28,562.0,,0.0,Neutral,0.0,Neutral
2024-03-27,559.9,,0.0,Neutral,0.0,Neutral
2024-03-26,567.0,2024-03-26,-0.2324217855930328,Negative,-0.2324217855930328,Negative
2024-03-25,567.0,,0.0,Neutral,-0.1162108927965164,Slightly Negative
2024-03-21,572.6,2024-03-21,-0.3527610003948211,Negative,-0.4108664467930793,Negative
2024-03-20,578.0,,0.0,Neutral,-0.17638050019741056,Slightly Negative
2024-03-19,578.0,,0.0,Neutral,-0.08819025009870528,Slightly Negative
2024-03-18,580.0,,0.0,Neutral,0.0,Neutral
2024-03-17,580.0,,0.0,Neutral,0.0,Neutral
2024-03-14,591.9,2024-03-14,-0.0184712968766689,Neutral,-0.0184712968766689,Neutral
2024-03-13,600.0,2024-03-13,-0.5365344434976578,Negative,-0.5457700919359922,Negative
2024-03-12,600.0,,0.0,Neutral,-0.2728850459679961,Negative
2024-03-10,565.0,,0.0,Neutral,-0.13413361087441444,Slightly Negative
2024-03-07,556.9,,0.0,Neutral,0.0,Neutral
2024-03-06,556.0,,0.0,Neutral,0.0,Neutral
2024-03-05,549.0,,0.0,Neutral,0.0,Neutral
2024-03-04,575.0,,0.0,Neutral,0.0,Neutral
2024-03-03,545.9,2024-03-03,0.659336507320404,Strongly Positive,0.659336507320404,Strongly Positive
2024-02-29,559.6,2024-02-29,0.5973718166351318,Positive,0.9270400702953339,Strongly Positive
2024-02-28,569.0,,0.0,Neutral,0.46352003514766693,Positive
2024-02-27,575.0,,0.0,Neutral,0.14934295415878296,Slightly Positive
2024-02-26,575.0,2024-02-26,-0.6391295790672302,Strongly Negative,-0.6391295790672302,Strongly Negative
2024-02-25,578.0,2024-02-25,-0.7076578140258789,Strongly Negative,-1.027222603559494,Strongly Negative
2024-02-22,594.9,,0.0,Neutral,-0.513611301779747,Negative
2024-02-21,604.7,,0.0,Neutral,-0.17691445350646973,Slightly Negative
2024-02-20,606.0,,0.0,Neutral,0.0,Neutral
2024-02-18,664.6,,0.0,Neutral,0.0,Neutral
2024-02-15,667.0,,0.0,Neutral,0.0,Neutral
2024-02-14,675.0,,0.0,Neutral,0.0,Neutral
2024-02-13,682.4,,0.0,Neutral,0.0,Neutral
2024-02-12,692.0,2024-02-12,0.0213358532637357,Neutral,0.0213358532637357,Neutral
2024-02-11,687.0,,0.0,Neutral,0.01066792663186785,Neutral
2024-02-08,688.0,,0.0,Neutral,0.005333963315933925,Neutral
2024-02-07,684.0,2024-02-07,0.9190106987953186,Strongly Positive,0.9190106987953186,Strongly Positive
2024-02-06,690.0,,0.0,Neutral,0.4595053493976593,Positive
2024-02-05,689.0,,0.0,Neutral,0.22975267469882965,Positive
2024-02-04,696.0,,0.0,Neutral,0.0,Neutral
2024-02-01,690.0,2024-02-01,0.9017196297645568,Strongly Positive,0.9017196297645568,Strongly Positive
2024-01-31,694.0,,0.0,Neutral,0.4508598148822784,Positive
2024-01-30,701.0,,0.0,Neutral,0.2254299074411392,Positive
2024-01-29,708.0,,0.0,Neutral,0.0,Neutral
2024-01-28,680.0,2024-01-28,-0.5602532029151917,Negative,-0.5602532029151917,Negative
2024-01-25,681.5,2024-01-25,0.9305034875869752,Strongly Positive,0.6503768861293794,Strongly Positive
2024-01-24,684.0,,0.0,Neutral,0.3251884430646897,Positive
2024-01-23,682.0,,0.0,Neutral,0.2326258718967438,Positive
2024-01-22,679.3,2024-01-22,0.0955185890197753,Slightly Positive,0.0955185890197753,Slightly Positive
2024-01-21,682.0,2024-01-21,-0.0024153357371688,Neutral,0.045343958772718844,Neutral
2024-01-18,688.6,2024-01-18,0.7747501134872437,Strongly Positive,0.7974220928736031,Strongly Positive
2024-01-17,685.0,,0.0,Neutral,0.38677122280932963,Positive
2024-01-16,687.8,2024-01-16,-0.0303513295948505,Neutral,0.16333619877696043,Slightly Positive
2024-01-14,680.0,2024-01-14,-0.0015759468078613,Neutral,-0.01675161160528655,Neutral
2024-01-11,671.0,,0.0,Neutral,-0.008375805802643275,Neutral
2024-01-10,678.0,,0.0,Neutral,-0.000393986701965325,Neutral
2024-01-09,674.0,,0.0,Neutral,0.0,Neutral
2024-01-08,657.0,2024-01-08,0.3354699239134788,Positive,0.3354699239134788,Positive
2024-01-07,633.3,,0.0,Neutral,0.1677349619567394,Slightly Positive
2024-01-04,643.1,,0.0,Neutral,0.0838674809783697,Slightly Positive
2024-01-03,640.0,,0.0,Neutral,0.0,Neutral
2024-01-02,637.0,,0.0,Neutral,0.0,Neutral
2024-01-01,653.0,,0.0,Neutral,0.0,Neutral
2023-12-28,662.0,,0.0,Neutral,0.0,Neutral
2023-12-27,660.1,,0.0,Neutral,0.0,Neutral
2023-12-24,663.0,,0.0,Neutral,0.0,Neutral
2023-12-21,671.0,,0.0,Neutral,0.0,Neutral
2023-12-20,692.0,,0.0,Neutral,0.0,Neutral
2023-12-19,685.0,2023-12-19,-0.0495426394045352,Neutral,-0.0495426394045352,Neutral
2023-12-18,680.0,,0.0,Neutral,-0.0247713197022676,Neutral
2023-12-17,680.9,2023-12-17,0.1858166120946406,Slightly Positive,0.1734309522435068,Slightly Positive
2023-12-14,676.0,2023-12-14,-0.3237503468990326,Negative,-0.23084204085171228,Negative
2023-12-13,680.0,,0.0,Neutral,-0.11542102042585614,Slightly Negative
2023-12-12,692.0,,0.0,Neutral,-0.08093758672475815,Slightly Negative
2023-12-11,665.2,2023-12-11,0.8129301071166992,Strongly Positive,0.8129301071166992,Strongly Positive
2023-12-10,671.0,2023-12-10,0.3414733707904815,Positive,0.7479384243488312,Strongly Positive
2023-12-07,624.0,2023-12-07,0.7270581126213074,Strongly Positive,1.101027324795723,Strongly Positive
2023-12-06,625.0,,0.0,Neutral,0.4488973990082741,Positive
2023-12-05,618.0,,0.0,Neutral,0.18176452815532684,Slightly Positive
2023-12-04,618.0,2023-12-04,0.9314891695976256,Strongly Positive,0.9314891695976256,Strongly Positive
2023-12-03,616.0,,0.0,Neutral,0.4657445847988128,Positive
2023-11-30,622.0,,0.0,Neutral,0.2328722923994064,Positive
2023-11-29,625.0,2023-11-29,0.5706247091293335,Positive,0.5706247091293335,Positive
2023-11-28,640.0,2023-11-28,0.2470296770334244,Positive,0.5323420315980911,Positive
2023-11-27,643.0,,0.0,Neutral,0.26617101579904556,Positive
2023-11-26,642.0,,0.0,Neutral,0.0617574192583561,Slightly Positive
2023-11-23,618.0,,0.0,Neutral,0.0,Neutral
2023-11-22,602.9,,0.0,Neutral,0.0,Neutral
2023-11-21,590.0,,0.0,Neutral,0.0,Neutral
2023-11-20,603.0,2023-11-20,-0.0071662440896034,Neutral,-0.0071662440896034,Neutral
2023-11-09,592.0,,0.0,Neutral,-0.0035831220448017,Neutral
2023-11-08,597.0,,0.0,Neutral,-0.00179156102240085,Neutral
2023-11-07,608.0,,0.0,Neutral,0.0,Neutral
2023-11-06,605.9,,0.0,Neutral,0.0,Neutral
2023-11-05,600.0,2023-11-05,0.7400195002555847,Strongly Positive,0.7400195002555847,Strongly Positive
2023-11-02,606.0,,0.0,Neutral,0.37000975012779236,Positive
2023-11-01,618.0,2023-11-01,0.0985844135284423,Slightly Positive,0.28358928859233845,Positive
2023-10-31,616.0,,0.0,Neutral,0.04929220676422115,Neutral
2023-10-30,639.0,,0.0,Neutral,0.024646103382110575,Neutral
2023-10-29,628.0,,0.0,Neutral,0.0,Neutral
2023-10-19,646.9,2023-10-19,0.8292142748832703,Strongly Positive,0.8292142748832703,Strongly Positive
2023-10-18,645.0,2023-10-18,0.2993601306031147,Positive,0.7139672680447499,Strongly Positive
2023-10-17,627.0,2023-10-17,0.3895330764353275,Positive,0.7465167104577024,Strongly Positive
2023-10-16,625.0,2023-10-16,0.8377037644386292,Strongly Positive,1.1073103353070717,Strongly Positive
2023-10-12,631.0,,0.0,Neutral,0.5162351513281465,Positive
2023-10-11,635.2,,0.0,Neutral,0.2094259411096573,Positive
2023-10-10,640.0,,0.0,Neutral,0.0,Neutral
2023-10-09,647.0,2023-10-09,0.9241541624069214,Strongly Positive,0.9241541624069214,Strongly Positive
2023-10-08,654.0,2023-10-08,0.9193177223205566,Strongly Positive,1.3813948035240173,Strongly Positive
2023-10-05,670.0,,0.0,Neutral,0.6906974017620087,Strongly Positive
2023-10-04,674.0,2023-10-04,0.141101211309433,Slightly Positive,0.37093064188957214,Positive
2023-10-03,670.0,,0.0,Neutral,0.0705506056547165,Slightly Positive
2023-10-02,674.5,2023-10-02,0.8697748184204102,Strongly Positive,0.9050501212477684,Strongly Positive
2023-10-01,673.0,2023-10-01,0.9149264097213744,Strongly Positive,1.3498138189315796,Strongly Positive
2023-09-27,685.8,,0.0,Neutral,0.6749069094657898,Strongly Positive
2023-09-26,684.0,2023-09-26,0.1121289655566215,Slightly Positive,0.34086056798696507,Positive
2023-09-25,676.0,2023-09-25,0.9218896627426147,Strongly Positive,0.9779541455209255,Strongly Positive
2023-09-24,680.0,2023-09-24,0.8438069820404053,Strongly Positive,1.332784054800868,Strongly Positive
2023-09-21,690.4,,0.0,Neutral,0.6523759067058563,Strongly Positive
2023-09-19,681.1,,0.0,Neutral,0.21095174551010132,Positive
2023-09-18,674.9,2023-09-18,0.8191651403903961,Strongly Positive,0.8191651403903961,Strongly Positive
2023-09-17,674.0,2023-09-17,0.2316693365573883,Positive,0.6412519067525864,Strongly Positive
2023-09-13,691.8,,0.0,Neutral,0.3206259533762932,Positive
2023-09-12,680.0,,0.0,Neutral,0.057917334139347076,Slightly Positive
2023-09-11,688.0,2023-09-11,-0.1270755678415298,Slightly Negative,-0.1270755678415298,Slightly Negative
2023-09-10,663.0,,0.0,Neutral,-0.0635377839207649,Slightly Negative
2023-09-07,657.0,,0.0,Neutral,-0.03176889196038245,Neutral
2023-09-05,672.0,,0.0,Neutral,0.0,Neutral
2023-09-04,679.8,,0.0,Neutral,0.0,Neutral
2023-09-03,676.0,,0.0,Neutral,0.0,Neutral
2023-08-30,689.5,,0.0,Neutral,0.0,Neutral
2023-08-29,689.0,,0.0,Neutral,0.0,Neutral
2023-08-28,693.3,,0.0,Neutral,0.0,Neutral
2023-08-27,694.0,,0.0,Neutral,0.0,Neutral
2023-08-24,698.0,,0.0,Neutral,0.0,Neutral
2023-08-23,708.0,,0.0,Neutral,0.0,Neutral
2023-08-22,689.0,,0.0,Neutral,0.0,Neutral
2023-08-21,683.0,,0.0,Neutral,0.0,Neutral
2023-08-20,689.0,2023-08-20,0.4706372022628784,Positive,0.4706372022628784,Positive
2023-08-17,693.9,,0.0,Neutral,0.2353186011314392,Positive
2023-08-16,691.0,,0.0,Neutral,0.1176593005657196,Slightly Positive
2023-08-15,695.0,2023-08-15,0.0367373526096344,Neutral,0.0367373526096344,Neutral
2023-08-14,708.1,,0.0,Neutral,0.0183686763048172,Neutral
2023-08-13,704.8,2023-08-13,0.3550106883049011,Positive,0.3641950264573097,Positive
2023-08-10,702.0,2023-08-10,0.6593401432037354,Strongly Positive,0.8368454873561859,Strongly Positive
2023-08-09,705.0,,0.0,Neutral,0.41842274367809296,Positive
2023-08-08,687.0,2023-08-08,0.0437265634536743,Neutral,0.20856159925460815,Positive
2023-08-07,695.0,2023-08-07,0.7810200452804565,Strongly Positive,0.8028833270072937,Strongly Positive
2023-08-06,684.9,2023-08-06,0.2109157014638185,Positive,0.6123573649674654,Strongly Positive
2023-08-03,703.0,,0.0,Neutral,0.3007128620520234,Positive
2023-08-02,698.0,2023-08-02,-0.4065877497196197,Negative,-0.35385882435366506,Negative
2023-08-01,689.0,,0.0,Neutral,-0.20329387485980985,Negative
2023-07-31,705.5,,0.0,Neutral,-0.10164693742990492,Slightly Negative
2023-07-30,702.0,,0.0,Neutral,0.0,Neutral
2023-07-27,718.0,,0.0,Neutral,0.0,Neutral
2023-07-26,734.9,,0.0,Neutral,0.0,Neutral
2023-07-25,735.0,,0.0,Neutral,0.0,Neutral
2023-07-24,745.0,2023-07-24,-0.4698981344699859,Negative,-0.4698981344699859,Negative
2023-07-23,763.2,,0.0,Neutral,-0.23494906723499295,Negative
2023-07-20,755.0,,0.0,Neutral,-0.11747453361749648,Slightly Negative
2023-07-19,762.0,,0.0,Neutral,0.0,Neutral
2023-07-18,774.0,,0.0,Neutral,0.0,Neutral
2023-07-17,765.9,,0.0,Neutral,0.0,Neutral
2023-07-16,745.1,2023-07-16,0.883343517780304,Strongly Positive,0.883343517780304,Strongly Positive
2023-07-13,750.0,,0.0,Neutral,0.441671758890152,Positive
2023-07-12,757.0,,0.0,Neutral,0.220835879445076,Positive
2023-07-11,755.0,2023-07-11,-0.3590094149112701,Negative,-0.3590094149112701,Negative
2023-07-10,764.5,,0.0,Neutral,-0.17950470745563504,Slightly Negative
2023-07-09,769.0,2023-07-09,0.5350947976112366,Positive,0.44534244388341904,Positive
2023-07-06,749.0,,0.0,Neutral,0.2675473988056183,Positive
2023-07-05,745.0,2023-07-05,0.4177348017692566,Positive,0.5515085011720657,Positive
2023-07-04,768.0,2023-07-04,-0.20897176861763,Negative,-0.00010436773300170898,Neutral
2023-07-03,759.0,2023-07-03,0.7068891525268555,Strongly Positive,0.7068369686603546,Strongly Positive
2023-07-02,775.0,,0.0,Neutral,0.30120163410902023,Positive
2023-06-28,772.0,,0.0,Neutral,0.17672228813171387,Slightly Positive
2023-06-27,739.0,,0.0,Neutral,0.0,Neutral
2023-06-26,732.0,,0.0,Neutral,0.0,Neutral
2023-06-25,739.0,,0.0,Neutral,0.0,Neutral
2023-06-22,682.0,2023-06-22,0.873332142829895,Strongly Positive,0.873332142829895,Strongly Positive
2023-06-21,667.0,,0.0,Neutral,0.4366660714149475,Positive
2023-06-20,672.0,,0.0,Neutral,0.21833303570747375,Positive
2023-06-19,695.0,,0.0,Neutral,0.0,Neutral
2023-06-18,698.7,,0.0,Neutral,0.0,Neutral
2023-06-15,664.9,2023-06-15,0.4683806300163269,Positive,0.4683806300163269,Positive
2023-06-14,650.0,2023-06-14,0.4930647611618042,Positive,0.7272550761699677,Strongly Positive
2023-06-13,650.0,2023-06-13,0.7564454078674316,Strongly Positive,1.1200729459524155,Strongly Positive
2023-06-12,616.3,2023-06-12,0.7213075160980225,Strongly Positive,1.2227964103221893,Strongly Positive
2023-06-11,624.0,,0.0,Neutral,0.5497651100158691,Positive
2023-06-08,614.2,2023-06-08,0.7539471387863159,Strongly Positive,0.9342740178108215,Strongly Positive
2023-06-07,602.0,2023-06-07,0.4957673549652099,Positive,0.8727409243583679,Strongly Positive
2023-06-06,599.1,2023-06-06,0.7798135876655579,Strongly Positive,1.2161840498447418,Strongly Positive
2023-06-05,580.0,,0.0,Neutral,0.5138486325740814,Positive
2023-06-04,594.0,,0.0,Neutral,0.19495339691638947,Slightly Positive
2023-06-01,560.5,2023-06-01,0.4650955200195312,Positive,0.4650955200195312,Positive
2023-05-31,551.1,2023-05-31,0.9306153655052184,Strongly Positive,1.163163125514984,Strongly Positive
2023-05-30,569.0,,0.0,Neutral,0.581581562757492,Positive
2023-05-28,590.0,,0.0,Neutral,0.2326538413763046,Positive
2023-05-24,608.0,2023-05-24,0.6379044055938721,Strongly Positive,0.6379044055938721,Strongly Positive
2023-05-23,608.0,,0.0,Neutral,0.31895220279693604,Positive
2023-05-22,587.0,,0.0,Neutral,0.15947610139846802,Slightly Positive
2023-05-21,579.9,2023-05-21,0.2752208411693573,Positive,0.2752208411693573,Positive
2023-05-18,564.5,2023-05-18,-0.428337037563324,Negative,-0.2907266169786453,Negative
2023-05-17,543.0,2023-05-17,-0.1411273777484893,Slightly Negative,-0.28649068623781193,Negative
2023-05-16,528.0,,0.0,Neutral,-0.17764794826507563,Slightly Negative
2023-05-15,528.0,,0.0,Neutral,-0.035281844437122324,Neutral
2023-05-14,528.0,,0.0,Neutral,0.0,Neutral
2023-05-11,537.9,,0.0,Neutral,0.0,Neutral
2023-05-10,540.0,2023-05-10,0.3141437768936157,Positive,0.3141437768936157,Positive
2023-05-09,553.0,2023-05-09,0.6824951767921448,Strongly Positive,0.8395670652389526,Strongly Positive
2023-05-08,548.0,,0.0,Neutral,0.4197835326194763,Positive
2023-05-07,562.0,2023-05-07,-0.1594992876052856,Slightly Negative,0.011124506592750605,Neutral
2023-05-04,555.1,,0.0,Neutral,-0.0797496438026428,Slightly Negative
2023-05-03,550.0,2023-05-03,-0.3371529579162597,Negative,-0.3770277798175811,Negative
2023-05-02,552.1,,0.0,Neutral,-0.16857647895812986,Slightly Negative
2023-04-30,558.7,2023-04-30,0.5406634211540222,Positive,0.4563751816749573,Positive
2023-04-27,566.0,2023-04-27,0.3818577229976654,Positive,0.6521894335746765,Strongly Positive
2023-04-26,568.0,,0.0,Neutral,0.32609471678733826,Positive
2023-04-25,570.0,,0.0,Neutral,0.09546443074941635,Slightly Positive
2023-04-24,567.0,,0.0,Neutral,0.0,Neutral
2023-04-23,560.0,,0.0,Neutral,0.0,Neutral
2023-04-20,618.0,2023-04-20,0.1440556347370147,Slightly Positive,0.1440556347370147,Slightly Positive
2023-04-19,618.0,,0.0,Neutral,0.07202781736850734,Slightly Positive
2023-04-18,610.0,,0.0,Neutral,0.03601390868425367,Neutral
2023-04-17,614.0,,0.0,Neutral,0.0,Neutral
2023-04-16,613.0,,0.0,Neutral,0.0,Neutral
2023-04-13,608.0,,0.0,Neutral,0.0,Neutral
2023-04-12,632.0,,0.0,Neutral,0.0,Neutral
2023-04-11,595.0,,0.0,Neutral,0.0,Neutral
2023-04-10,590.7,,0.0,Neutral,0.0,Neutral
2023-04-09,581.1,,0.0,Neutral,0.0,Neutral
2023-04-06,588.0,,0.0,Neutral,0.0,Neutral
2023-04-05,595.0,,0.0,Neutral,0.0,Neutral
2023-04-04,597.0,,0.0,Neutral,0.0,Neutral
2023-04-03,593.4,,0.0,Neutral,0.0,Neutral
2023-04-02,600.0,,0.0,Neutral,0.0,Neutral
2023-03-30,604.0,,0.0,Neutral,0.0,Neutral
2023-03-29,618.0,,0.0,Neutral,0.0,Neutral
2023-03-28,622.0,,0.0,Neutral,0.0,Neutral
2023-03-27,624.0,,0.0,Neutral,0.0,Neutral
2023-03-26,617.9,,0.0,Neutral,0.0,Neutral
2023-03-23,617.3,2023-03-23,0.052819263190031,Slightly Positive,0.052819263190031,Slightly Positive
2023-03-22,629.0,,0.0,Neutral,0.0264096315950155,Neutral
2023-03-20,631.0,,0.0,Neutral,0.01320481579750775,Neutral
2023-03-19,617.1,,0.0,Neutral,0.0,Neutral
2023-03-16,614.1,,0.0,Neutral,0.0,Neutral
2023-03-15,620.0,,0.0,Neutral,0.0,Neutral
2023-03-14,629.9,,0.0,Neutral,0.0,Neutral
2023-03-13,632.0,,0.0,Neutral,0.0,Neutral
2023-03-12,645.0,,0.0,Neutral,0.0,Neutral
2023-03-09,646.0,,0.0,Neutral,0.0,Neutral
2023-03-07,620.0,,0.0,Neutral,0.0,Neutral
2023-03-05,615.0,,0.0,Neutral,0.0,Neutral
2023-03-02,631.5,,0.0,Neutral,0.0,Neutral
2023-03-01,642.2,,0.0,Neutral,0.0,Neutral
2023-02-28,649.9,,0.0,Neutral,0.0,Neutral
2023-02-27,650.0,,0.0,Neutral,0.0,Neutral
2023-02-26,650.0,,0.0,Neutral,0.0,Neutral
2023-02-23,656.8,,0.0,Neutral,0.0,Neutral
2023-02-22,672.0,,0.0,Neutral,0.0,Neutral
2023-02-20,649.1,,0.0,Neutral,0.0,Neutral
2023-02-16,656.0,,0.0,Neutral,0.0,Neutral
2023-02-15,666.0,,0.0,Neutral,0.0,Neutral
2023-02-14,678.1,,0.0,Neutral,0.0,Neutral
2023-02-12,686.0,,0.0,Neutral,0.0,Neutral
2023-02-09,707.6,,0.0,Neutral,0.0,Neutral
2023-02-08,707.0,,0.0,Neutral,0.0,Neutral
2023-02-07,708.0,,0.0,Neutral,0.0,Neutral
2023-02-06,683.0,,0.0,Neutral,0.0,Neutral
2023-02-05,685.0,,0.0,Neutral,0.0,Neutral
2023-02-02,670.0,2023-02-02,-0.6716222763061523,Strongly Negative,-0.6716222763061523,Strongly Negative
2023-02-01,689.0,,0.0,Neutral,-0.33581113815307617,Negative
2023-01-31,684.1,,0.0,Neutral,-0.16790556907653809,Slightly Negative
2023-01-30,695.0,,0.0,Neutral,0.0,Neutral
2023-01-29,705.0,2023-01-29,-0.4091926515102386,Negative,-0.4091926515102386,Negative
2023-01-26,710.0,2023-01-26,0.9144240617752076,Strongly Positive,0.7098277360200883,Strongly Positive
2023-01-25,720.0,,0.0,Neutral,0.35491386801004415,Positive
2023-01-24,712.0,,0.0,Neutral,0.2286060154438019,Positive
2023-01-23,704.0,,0.0,Neutral,0.0,Neutral
2023-01-19,715.0,,0.0,Neutral,0.0,Neutral
2023-01-18,716.0,,0.0,Neutral,0.0,Neutral
2023-01-17,722.5,2023-01-17,-0.623460054397583,Strongly Negative,-0.623460054397583,Strongly Negative
2023-01-12,684.0,2023-01-12,0.5015150904655457,Positive,0.18978506326675415,Slightly Positive
2023-01-10,702.0,2023-01-10,-0.2437212616205215,Negative,-0.14882872998714441,Slightly Negative
2023-01-09,743.0,,0.0,Neutral,0.0035181418061256686,Neutral
2023-01-08,725.0,,0.0,Neutral,-0.06093031540513037,Slightly Negative
2023-01-05,690.0,,0.0,Neutral,0.0,Neutral
2023-01-04,666.0,,0.0,Neutral,0.0,Neutral
2023-01-03,649.0,,0.0,Neutral,0.0,Neutral
2023-01-02,651.5,2023-01-02,-0.3848305940628052,Negative,-0.3848305940628052,Negative
2023-01-01,632.0,,0.0,Neutral,-0.1924152970314026,Slightly Negative
2022-12-29,592.0,,0.0,Neutral,-0.0962076485157013,Slightly Negative
2022-12-28,564.0,,0.0,Neutral,0.0,Neutral
2022-12-27,570.0,,0.0,Neutral,0.0,Neutral
2022-12-26,539.0,,0.0,Neutral,0.0,Neutral
2022-12-22,505.0,,0.0,Neutral,0.0,Neutral
2022-12-21,504.0,2022-12-21,0.6173017024993896,Strongly Positive,0.6173017024993896,Strongly Positive
2022-12-20,514.0,,0.0,Neutral,0.3086508512496948,Positive
2022-12-19,504.4,,0.0,Neutral,0.1543254256248474,Slightly Positive
2022-12-18,501.0,,0.0,Neutral,0.0,Neutral
2022-12-15,504.4,,0.0,Neutral,0.0,Neutral
2022-12-14,510.0,,0.0,Neutral,0.0,Neutral
2022-12-13,510.2,2022-12-13,0.7148497700691223,Strongly Positive,0.7148497700691223,Strongly Positive
2022-12-12,510.0,,0.0,Neutral,0.35742488503456116,Positive
2022-12-11,501.1,,0.0,Neutral,0.17871244251728058,Slightly Positive
2022-12-07,512.1,,0.0,Neutral,0.0,Neutral
2022-12-06,520.0,,0.0,Neutral,0.0,Neutral
2022-12-05,521.0,,0.0,Neutral,0.0,Neutral
2022-12-04,533.0,,0.0,Neutral,0.0,Neutral
2022-12-01,508.0,,0.0,Neutral,0.0,Neutral
2022-11-30,495.0,,0.0,Neutral,0.0,Neutral
2022-11-29,498.9,,0.0,Neutral,0.0,Neutral
2022-11-28,499.9,2022-11-28,0.1627677381038665,Slightly Positive,0.1627677381038665,Slightly Positive
2022-11-27,498.0,,0.0,Neutral,0.08138386905193325,Slightly Positive
2022-11-24,482.0,,0.0,Neutral,0.040691934525966623,Neutral
2022-11-23,484.0,,0.0,Neutral,0.0,Neutral
2022-11-22,487.9,,0.0,Neutral,0.0,Neutral
2022-11-17,489.9,,0.0,Neutral,0.0,Neutral
2022-11-16,479.0,,0.0,Neutral,0.0,Neutral
2022-11-15,471.9,2022-11-15,0.7105873227119446,Strongly Positive,0.7105873227119446,Strongly Positive
2022-11-14,475.9,2022-11-14,-0.6556950807571411,Strongly Negative,-0.3004014194011688,Negative
2022-11-13,450.0,,0.0,Neutral,-0.1502007097005844,Slightly Negative
2022-11-10,455.1,2022-11-10,0.6085646748542786,Strongly Positive,0.4446409046649933,Positive
2022-11-09,470.0,,0.0,Neutral,0.3042823374271393,Positive
2022-11-08,476.4,,0.0,Neutral,0.15214116871356964,Slightly Positive
2022-11-07,476.0,,0.0,Neutral,0.0,Neutral
2022-11-06,472.0,,0.0,Neutral,0.0,Neutral
2022-11-03,452.0,,0.0,Neutral,0.0,Neutral
2022-11-02,451.8,,0.0,Neutral,0.0,Neutral
2022-11-01,451.6,,0.0,Neutral,0.0,Neutral
2022-10-31,435.1,2022-10-31,0.1629264950752258,Slightly Positive,0.1629264950752258,Slightly Positive
2022-10-23,437.0,2022-10-23,-0.0040155053138732,Neutral,0.07744774222373971,Slightly Positive
2022-10-20,430.0,,0.0,Neutral,0.038723871111869854,Neutral
2022-10-19,434.0,2022-10-19,0.903040885925293,Strongly Positive,0.9020370095968246,Strongly Positive
2022-10-17,438.9,2022-10-17,0.71620774269104,Strongly Positive,1.1677281856536865,Strongly Positive
2022-10-16,441.5,,0.0,Neutral,0.5838640928268433,Positive
2022-10-13,440.5,2022-10-13,0.5541855245828629,Positive,0.7332374602556229,Strongly Positive
2022-10-12,444.5,,0.0,Neutral,0.2770927622914314,Positive
2022-10-11,439.1,,0.0,Neutral,0.1385463811457157,Slightly Positive
2022-10-10,441.0,,0.0,Neutral,0.0,Neutral
2022-10-09,446.8,,0.0,Neutral,0.0,Neutral
2022-09-29,444.0,2022-09-29,0.9351661205291748,Strongly Positive,0.9351661205291748,Strongly Positive
2022-09-28,438.0,,0.0,Neutral,0.4675830602645874,Positive
2022-09-27,433.0,,0.0,Neutral,0.2337915301322937,Positive
2022-09-25,432.5,,0.0,Neutral,0.0,Neutral
2022-09-22,442.0,2022-09-22,0.9082857966423036,Strongly Positive,0.9082857966423036,Strongly Positive
2022-09-21,449.0,2022-09-21,0.534334659576416,Positive,0.9884775578975677,Strongly Positive
2022-09-20,444.0,,0.0,Neutral,0.4942387789487839,Positive
2022-09-18,540.0,,0.0,Neutral,0.133583664894104,Slightly Positive
2022-09-16,547.0,,0.0,Neutral,0.0,Neutral
2022-09-15,553.0,,0.0,Neutral,0.0,Neutral
2022-09-14,564.8,,0.0,Neutral,0.0,Neutral
2022-09-13,552.0,,0.0,Neutral,0.0,Neutral
2022-09-12,547.9,,0.0,Neutral,0.0,Neutral
2022-09-11,549.9,,0.0,Neutral,0.0,Neutral
2022-09-08,556.0,,0.0,Neutral,0.0,Neutral
2022-09-07,548.0,2022-09-07,0.006325364112854,Neutral,0.006325364112854,Neutral
2022-09-06,555.0,,0.0,Neutral,0.003162682056427,Neutral
2022-09-05,560.0,,0.0,Neutral,0.0015813410282135,Neutral
2022-09-04,563.9,,0.0,Neutral,0.0,Neutral
2022-09-02,563.0,,0.0,Neutral,0.0,Neutral
2022-09-01,556.0,2022-09-01,-0.2566113471984863,Negative,-0.2566113471984863,Negative
2022-08-31,555.0,,0.0,Neutral,-0.12830567359924314,Slightly Negative
2022-08-30,564.8,2022-08-30,0.0258980691432952,Neutral,-0.03825476765632636,Neutral
2022-08-29,560.0,,0.0,Neutral,0.0129490345716476,Neutral
2022-08-28,556.0,,0.0,Neutral,0.0064745172858238,Neutral
2022-08-26,576.0,,0.0,Neutral,0.0,Neutral
2022-08-25,583.0,,0.0,Neutral,0.0,Neutral
2022-08-24,590.0,2022-08-24,0.6355215311050415,Strongly Positive,0.6355215311050415,Strongly Positive
2022-08-23,593.0,2022-08-23,0.894823431968689,Strongly Positive,1.2125841975212097,Strongly Positive
2022-08-22,591.2,,0.0,Neutral,0.6062920987606049,Strongly Positive
2022-08-21,600.0,,0.0,Neutral,0.22370585799217224,Positive
2022-08-18,602.0,,0.0,Neutral,0.0,Neutral
2022-08-17,588.1,,0.0,Neutral,0.0,Neutral
2022-08-16,587.0,,0.0,Neutral,0.0,Neutral
2022-08-15,614.0,,0.0,Neutral,0.0,Neutral
2022-08-14,585.0,,0.0,Neutral,0.0,Neutral
2022-08-11,598.0,2022-08-11,-0.061613380908966,Slightly Negative,-0.061613380908966,Slightly Negative
2022-08-10,600.0,,0.0,Neutral,-0.030806690454483,Neutral
2022-08-09,604.0,,0.0,Neutral,-0.0154033452272415,Neutral
2022-08-08,622.0,,0.0,Neutral,0.0,Neutral
2022-08-07,644.0,2022-08-07,0.0195572879165411,Neutral,0.0195572879165411,Neutral
2022-08-05,640.0,2022-08-05,0.2184320390224456,Positive,0.22821068298071615,Positive
2022-08-04,633.0,,0.0,Neutral,0.11410534149035807,Slightly Positive
2022-08-03,650.1,2022-08-03,0.7975225448608398,Strongly Positive,0.8521305546164513,Strongly Positive
2022-08-02,655.0,,0.0,Neutral,0.3987612724304199,Positive
2022-08-01,666.0,2022-08-01,-0.2906584739685058,Negative,-0.09127783775329584,Slightly Negative
2022-07-31,675.0,2022-07-31,-0.3070221543312073,Negative,-0.4523513913154602,Negative
2022-07-29,624.0,2022-07-29,-0.1990431249141693,Slightly Negative,-0.4252188205718994,Negative
2022-07-28,625.0,,0.0,Neutral,-0.17627710103988647,Slightly Negative
2022-07-27,612.9,,0.0,Neutral,-0.04976078122854233,Neutral
2022-07-26,588.2,,0.0,Neutral,0.0,Neutral
2022-07-25,604.0,,0.0,Neutral,0.0,Neutral
2022-07-24,593.0,,0.0,Neutral,0.0,Neutral
2022-07-22,571.0,,0.0,Neutral,0.0,Neutral
2022-07-21,575.0,,0.0,Neutral,0.0,Neutral
2022-07-20,589.0,,0.0,Neutral,0.0,Neutral
2022-07-19,595.9,,0.0,Neutral,0.0,Neutral
2022-07-18,586.0,,0.0,Neutral,0.0,Neutral
2022-07-17,568.9,,0.0,Neutral,0.0,Neutral
2022-07-15,574.0,2022-07-15,-0.1234379112720489,Slightly Negative,-0.1234379112720489,Slightly Negative
2022-07-14,574.1,,0.0,Neutral,-0.06171895563602445,Slightly Negative
2022-07-13,584.0,2022-07-13,0.9082242250442504,Strongly Positive,0.8773647472262381,Strongly Positive
2022-07-12,568.9,,0.0,Neutral,0.4541121125221252,Positive
2022-07-11,560.0,,0.0,Neutral,0.2270560562610626,Positive
2022-07-08,590.0,,0.0,Neutral,0.0,Neutral
2022-07-07,605.0,,0.0,Neutral,0.0,Neutral
2022-07-06,617.0,,0.0,Neutral,0.0,Neutral
2022-07-05,604.0,,0.0,Neutral,0.0,Neutral
2022-07-04,610.0,2022-07-04,-0.2904195189476013,Negative,-0.2904195189476013,Negative
2022-07-03,600.0,,0.0,Neutral,-0.14520975947380066,Slightly Negative
2022-07-01,601.0,,0.0,Neutral,-0.07260487973690033,Slightly Negative
2022-06-30,607.0,2022-06-30,-0.2598440945148468,Negative,-0.2598440945148468,Negative
2022-06-29,597.5,,0.0,Neutral,-0.1299220472574234,Slightly Negative
2022-06-28,577.0,2022-06-28,0.4208382070064544,Positive,0.3558771833777427,Positive
2022-06-27,550.0,,0.0,Neutral,0.2104191035032272,Positive
2022-06-26,537.0,2022-06-26,-0.4419355690479278,Negative,-0.3367260172963142,Negative
2022-06-24,507.9,2022-06-24,0.5870148539543152,Positive,0.36604706943035126,Positive
2022-06-23,498.0,,0.0,Neutral,0.18302353471517563,Slightly Positive
2022-06-22,509.0,,0.0,Neutral,0.1467537134885788,Slightly Positive
2022-06-21,527.0,,0.0,Neutral,0.0,Neutral
2022-06-20,506.0,2022-06-20,0.5693178772926331,Positive,0.5693178772926331,Positive
2022-06-19,526.0,,0.0,Neutral,0.28465893864631653,Positive
2022-06-17,542.8,,0.0,Neutral,0.14232946932315826,Slightly Positive
2022-06-16,540.0,2022-06-16,0.8982492685317993,Strongly Positive,0.8982492685317993,Strongly Positive
2022-06-15,546.9,,0.0,Neutral,0.44912463426589966,Positive
2022-06-14,548.0,,0.0,Neutral,0.22456231713294983,Positive
2022-06-13,559.0,,0.0,Neutral,0.0,Neutral
2022-06-10,553.0,,0.0,Neutral,0.0,Neutral
2022-06-09,560.0,,0.0,Neutral,0.0,Neutral
2022-06-08,568.9,,0.0,Neutral,0.0,Neutral
2022-06-07,537.0,2022-06-07,0.2998286485671997,Positive,0.2998286485671997,Positive
2022-06-06,539.0,2022-06-06,0.0207726825028657,Neutral,0.17068700678646556,Slightly Positive
2022-06-03,555.0,,0.0,Neutral,0.08534350339323278,Slightly Positive
2022-06-02,580.0,2022-06-02,0.8461382985115051,Strongly Positive,0.8513314691372216,Strongly Positive
2022-06-01,590.0,2022-06-01,0.3814393877983093,Positive,0.8045085370540619,Strongly Positive
2022-05-31,590.0,,0.0,Neutral,0.40225426852703094,Positive
2022-05-30,608.0,,0.0,Neutral,0.09535984694957733,Slightly Positive
2022-05-27,620.0,,0.0,Neutral,0.0,Neutral
2022-05-26,627.0,,0.0,Neutral,0.0,Neutral
2022-05-25,615.0,,0.0,Neutral,0.0,Neutral
2022-05-24,595.0,2022-05-24,0.0325568914413452,Neutral,0.0325568914413452,Neutral
2022-05-23,594.0,,0.0,Neutral,0.0162784457206726,Neutral
2022-05-20,609.0,,0.0,Neutral,0.0081392228603363,Neutral
2022-05-19,630.0,,0.0,Neutral,0.0,Neutral
2022-05-18,651.0,2022-05-18,0.2235666513442993,Positive,0.2235666513442993,Positive
2022-05-17,678.0,,0.0,Neutral,0.11178332567214964,Slightly Positive
2022-05-12,711.0,,0.0,Neutral,0.05589166283607482,Slightly Positive
2022-05-11,719.5,,0.0,Neutral,0.0,Neutral
2022-05-10,702.5,,0.0,Neutral,0.0,Neutral
2022-05-09,699.1,,0.0,Neutral,0.0,Neutral
2022-05-08,709.0,,0.0,Neutral,0.0,Neutral
2022-05-05,735.0,,0.0,Neutral,0.0,Neutral
2022-05-04,750.0,,0.0,Neutral,0.0,Neutral
2022-05-02,770.0,,0.0,Neutral,0.0,Neutral
2022-04-28,795.0,,0.0,Neutral,0.0,Neutral
2022-04-27,824.7,,0.0,Neutral,0.0,Neutral
2022-04-26,820.0,2022-04-26,0.0814896821975708,Slightly Positive,0.0814896821975708,Slightly Positive
2022-04-25,821.0,,0.0,Neutral,0.0407448410987854,Neutral
2022-04-24,838.0,2022-04-24,0.4896917045116424,Positive,0.5100641250610352,Positive
2022-04-21,794.5,2022-04-21,0.435576420277357,Positive,0.6804222725331782,Strongly Positive
2022-04-20,785.9,2022-04-20,0.1363096833229065,Slightly Positive,0.4765208195894956,Positive
2022-04-19,798.0,2022-04-19,0.9145817756652832,Strongly Positive,1.0916307223960757,Strongly Positive
2022-04-18,782.0,2022-04-18,0.6108980178833008,Strongly Positive,1.102266326546669,Strongly Positive
2022-04-17,786.2,,0.0,Neutral,0.5340944528579712,Positive
2022-04-13,795.0,,0.0,Neutral,0.1527245044708252,Slightly Positive
2022-04-12,786.0,2022-04-12,0.5773056745529175,Positive,0.5773056745529175,Positive
2022-04-11,793.1,2022-04-11,0.8681013584136963,Strongly Positive,1.156754195690155,Strongly Positive
2022-04-07,819.0,,0.0,Neutral,0.5783770978450775,Positive
2022-04-06,808.0,2022-04-06,0.3428605794906616,Positive,0.5598859190940857,Positive
2022-04-05,815.0,2022-04-05,0.651929497718811,Strongly Positive,0.8233597874641418,Strongly Positive
2022-04-04,838.3,,0.0,Neutral,0.4116798937320709,Positive
2022-04-03,848.0,2022-04-03,-0.0272224247455596,Neutral,0.13575994968414315,Slightly Positive
2022-03-31,871.0,,0.0,Neutral,-0.0136112123727798,Neutral
2022-03-30,887.0,,0.0,Neutral,-0.0068056061863899,Neutral
2022-03-29,876.0,2022-03-29,0.8759951591491699,Strongly Positive,0.8759951591491699,Strongly Positive
2022-03-28,906.0,2022-03-28,0.6411234736442566,Strongly Positive,1.0791210532188416,Strongly Positive
2022-03-27,929.0,,0.0,Neutral,0.5395605266094208,Positive
2022-03-24,932.0,,0.0,Neutral,0.16028086841106415,Slightly Positive
2022-03-23,905.0,2022-03-23,-0.0178897380828857,Neutral,-0.0178897380828857,Neutral
2022-03-22,907.0,,0.0,Neutral,-0.00894486904144285,Neutral
2022-03-21,904.0,,0.0,Neutral,-0.004472434520721425,Neutral
2022-03-20,892.0,2022-03-20,0.8301899433135986,Strongly Positive,0.8301899433135986,Strongly Positive
2022-03-16,910.0,,0.0,Neutral,0.4150949716567993,Positive
2022-03-15,910.0,,0.0,Neutral,0.20754748582839966,Positive
2022-03-14,910.0,2022-03-14,0.5405178843066096,Positive,0.5405178843066096,Positive
2022-03-13,885.5,,0.0,Neutral,0.2702589421533048,Positive
2022-03-10,805.0,,0.0,Neutral,0.1351294710766524,Slightly Positive
2022-03-09,782.0,2022-03-09,-0.5977263450622559,Negative,-0.5977263450622559,Negative
2022-03-07,795.0,,0.0,Neutral,-0.29886317253112793,Negative
2022-03-06,800.5,,0.0,Neutral,-0.14943158626556396,Slightly Negative
2022-03-02,810.0,,0.0,Neutral,0.0,Neutral
2022-02-28,837.0,2022-02-28,0.4970417022705078,Positive,0.4970417022705078,Positive
2022-02-27,854.1,,0.0,Neutral,0.2485208511352539,Positive
2022-02-24,866.0,2022-02-24,0.5140209197998047,Positive,0.6382813453674316,Strongly Positive
2022-02-23,885.0,,0.0,Neutral,0.25701045989990234,Positive
2022-02-22,899.0,,0.0,Neutral,0.12850522994995117,Slightly Positive
2022-02-21,894.0,2022-02-21,0.5519900321960449,Positive,0.5519900321960449,Positive
2022-02-20,890.0,,0.0,Neutral,0.27599501609802246,Positive
2022-02-17,913.0,,0.0,Neutral,0.13799750804901123,Slightly Positive
2022-02-16,913.0,2022-02-16,0.5795700550079346,Positive,0.5795700550079346,Positive
2022-02-15,922.0,2022-02-15,-0.3125604093074798,Negative,-0.022775381803512518,Neutral
2022-02-14,902.0,2022-02-14,-0.5765681266784668,Negative,-0.5879558175802231,Negative
2022-02-13,902.0,2022-02-13,0.4978555937608083,Positive,0.13143142809470493,Slightly Positive
2022-02-10,966.0,,0.0,Neutral,0.10478576521078745,Slightly Positive
2022-02-09,973.0,,0.0,Neutral,0.12446389844020207,Slightly Positive
2022-02-08,988.0,2022-02-08,-0.0566993355751037,Slightly Negative,-0.0566993355751037,Slightly Negative
2022-02-07,0.0,2022-02-07,0.5250307619571686,Positive,0.49668109416961675,Positive
2022-02-06,995.0,,0.0,Neutral,0.24834054708480838,Positive
2022-02-03,0.0,2022-02-03,0.908535659313202,Strongly Positive,1.039793349802494,Strongly Positive
2022-02-01,0.0,,0.0,Neutral,0.454267829656601,Positive
2022-01-31,0.0,,0.0,Neutral,0.2271339148283005,Positive
2022-01-30,0.0,,0.0,Neutral,0.0,Neutral
2022-01-27,0.0,,0.0,Neutral,0.0,Neutral
2022-01-26,0.0,2022-01-26,0.4082410056143999,Positive,0.4082410056143999,Positive
2022-01-25,0.0,,0.0,Neutral,0.20412050280719995,Positive
2022-01-24,0.0,,0.0,Neutral,0.10206025140359998,Slightly Positive
2022-01-23,0.0,,0.0,Neutral,0.0,Neutral
2022-01-20,0.0,,0.0,Neutral,0.0,Neutral
2022-01-19,0.0,2022-01-19,0.3360106647014618,Positive,0.3360106647014618,Positive
2022-01-18,0.0,2022-01-18,0.3734949231147766,Positive,0.5415002554655075,Positive
2022-01-17,0.0,2022-01-17,0.4422468543052673,Positive,0.7129969820380211,Strongly Positive
2022-01-16,0.0,,0.0,Neutral,0.3144971579313278,Positive
2022-01-13,0.0,,0.0,Neutral,0.11056171357631682,Slightly Positive
2022-01-12,0.0,2022-01-12,-0.4808397889137268,Negative,-0.4808397889137268,Negative
2022-01-11,0.0,,0.0,Neutral,-0.2404198944568634,Negative
2022-01-10,0.0,2022-01-10,0.519367516040802,Positive,0.3991575688123703,Positive
2022-01-09,0.0,2022-01-09,0.7907711267471313,Strongly Positive,1.0504548847675323,Strongly Positive
2022-01-06,0.0,,0.0,Neutral,0.5252274423837662,Positive
2022-01-05,0.0,,0.0,Neutral,0.19769278168678284,Slightly Positive
2022-01-04,0.0,2022-01-04,0.65803462266922,Strongly Positive,0.65803462266922,Strongly Positive
2022-01-03,0.0,2022-01-03,0.0013054907321929,Neutral,0.33032280206680287,Positive
2022-01-02,0.0,,0.0,Neutral,0.16516140103340143,Slightly Positive
2021-12-29,0.0,,0.0,Neutral,0.000326372683048225,Neutral
2021-12-28,0.0,,0.0,Neutral,0.0,Neutral
2021-12-27,0.0,2021-12-27,0.1544867753982544,Slightly Positive,0.1544867753982544,Slightly Positive
2021-12-26,0.0,,0.0,Neutral,0.0772433876991272,Slightly Positive
2021-12-23,0.0,,0.0,Neutral,0.0386216938495636,Neutral
2021-12-22,0.0,,0.0,Neutral,0.0,Neutral
2021-12-21,0.0,2021-12-21,-0.6907034516334534,Strongly Negative,-0.6907034516334534,Strongly Negative
2021-12-20,993.0,,0.0,Neutral,-0.3453517258167267,Negative
2021-12-16,0.0,2021-12-16,0.7056154310703278,Strongly Positive,0.5329395681619644,Positive
2021-12-15,0.0,2021-12-15,-0.3610247150063515,Negative,-0.008216999471187647,Neutral
2021-12-14,0.0,2021-12-14,0.0240390766412019,Neutral,0.019930576905608066,Neutral
2021-12-13,978.0,,0.0,Neutral,-0.07823664043098694,Slightly Negative
2021-12-12,0.0,,0.0,Neutral,0.006009769160300475,Neutral
2021-12-09,0.0,2021-12-09,0.7948119044303894,Strongly Positive,0.7948119044303894,Strongly Positive
2021-12-08,0.0,,0.0,Neutral,0.3974059522151947,Positive
2021-12-07,0.0,,0.0,Neutral,0.19870297610759735,Slightly Positive
2021-12-06,0.0,2021-12-06,-0.0454929023981094,Neutral,-0.0454929023981094,Neutral
2021-12-05,0.0,2021-12-05,-0.3157088458538055,Negative,-0.3384552970528602,Negative
2021-12-02,0.0,,0.0,Neutral,-0.1692276485264301,Slightly Negative
2021-12-01,0.0,,0.0,Neutral,-0.07892721146345137,Slightly Negative
2021-11-30,0.0,2021-11-30,0.0353909358382225,Neutral,0.0353909358382225,Neutral
2021-11-29,0.0,,0.0,Neutral,0.01769546791911125,Neutral
2021-11-28,0.0,,0.0,Neutral,0.008847733959555624,Neutral
2021-11-25,0.0,2021-11-25,-0.1864838898181915,Slightly Negative,-0.1864838898181915,Slightly Negative
2021-11-24,0.0,2021-11-24,-0.2785083949565887,Negative,-0.37175033986568445,Negative
2021-11-23,0.0,2021-11-23,0.6356387138366699,Strongly Positive,0.44976354390382767,Positive
2021-11-22,0.0,2021-11-22,0.0131739825010299,Neutral,0.2613662406802177,Positive
2021-11-21,0.0,,0.0,Neutral,0.16549666970968244,Slightly Positive
2021-11-18,0.0,,0.0,Neutral,0.003293495625257475,Neutral
2021-11-17,0.0,2021-11-17,0.6861373782157898,Strongly Positive,0.6861373782157898,Strongly Positive
2021-11-16,0.0,2021-11-16,0.8141272664070129,Strongly Positive,1.1571959555149078,Strongly Positive
2021-11-15,0.0,2021-11-15,0.4076647162437439,Positive,0.9862626940011978,Strongly Positive
2021-11-14,0.0,2021-11-14,0.0491418664654096,Neutral,0.45650604118903476,Positive
2021-11-11,0.0,2021-11-11,0.2226513624191284,Positive,0.34913847471276915,Positive
2021-11-09,0.0,,0.0,Neutral,0.12361114782591659,Slightly Positive
2021-11-08,0.0,2021-11-08,0.4568291008472442,Positive,0.5124919414520263,Positive
2021-11-03,0.0,2021-11-03,0.2788993418216705,Positive,0.5073138922452926,Positive
2021-11-02,0.0,,0.0,Neutral,0.2536569461226463,Positive
2021-11-01,0.0,2021-11-01,0.1046939715743064,Slightly Positive,0.174418807029724,Slightly Positive
2021-10-31,0.0,,0.0,Neutral,0.0523469857871532,Slightly Positive
2021-10-28,0.0,,0.0,Neutral,0.0261734928935766,Neutral
2021-10-27,0.0,,0.0,Neutral,0.0,Neutral
2021-10-26,0.0,,0.0,Neutral,0.0,Neutral
2021-10-25,0.0,,0.0,Neutral,0.0,Neutral
2021-10-24,0.0,,0.0,Neutral,0.0,Neutral
2021-10-21,0.0,2021-10-21,0.8713273406028748,Strongly Positive,0.8713273406028748,Strongly Positive
2021-10-20,0.0,2021-10-20,0.6123760342597961,Strongly Positive,1.0480397045612335,Strongly Positive
2021-10-19,0.0,,0.0,Neutral,0.5240198522806168,Positive
2021-10-18,0.0,2021-10-18,0.8018708229064941,Strongly Positive,0.9549648314714432,Strongly Positive
2021-10-17,0.0,2021-10-17,0.9213525056838988,Strongly Positive,1.322287917137146,Strongly Positive
2021-10-11,0.0,2021-10-11,0.857159435749054,Strongly Positive,1.518303394317627,Strongly Positive
2021-10-10,0.0,,0.0,Neutral,0.6589178442955017,Strongly Positive
2021-10-06,0.0,2021-10-06,0.9232880473136902,Strongly Positive,1.1375779062509537,Strongly Positive
2021-10-05,0.0,2021-10-05,0.4259742498397827,Positive,0.8876182734966278,Strongly Positive
2021-10-04,0.0,2021-10-04,-0.1786015033721923,Slightly Negative,0.26520763337612163,Positive
2021-10-03,0.0,,0.0,Neutral,0.01719281077384953,Neutral
2021-09-30,0.0,,0.0,Neutral,-0.044650375843048075,Neutral
2021-09-29,0.0,2021-09-29,0.9257281422615052,Strongly Positive,0.9257281422615052,Strongly Positive
2021-09-28,0.0,2021-09-28,0.261738121509552,Positive,0.7246021926403046,Strongly Positive
2021-09-27,0.0,,0.0,Neutral,0.3623010963201523,Positive
2021-09-26,0.0,,0.0,Neutral,0.065434530377388,Slightly Positive
2021-09-23,0.0,2021-09-23,-0.5558741092681885,Negative,-0.5558741092681885,Negative
2021-09-22,0.0,,0.0,Neutral,-0.27793705463409424,Negative
2021-09-21,0.0,,0.0,Neutral,-0.13896852731704712,Slightly Negative
2021-09-20,0.0,,0.0,Neutral,0.0,Neutral
2021-09-16,0.0,2021-09-16,0.5890231132507324,Positive,0.5890231132507324,Positive
2021-09-15,0.0,,0.0,Neutral,0.2945115566253662,Positive
2021-09-14,0.0,,0.0,Neutral,0.1472557783126831,Slightly Positive
2021-09-13,0.0,,0.0,Neutral,0.0,Neutral
2021-09-12,0.0,2021-09-12,0.4431141316890716,Positive,0.4431141316890716,Positive
2021-09-09,0.0,,0.0,Neutral,0.2215570658445358,Positive
2021-09-08,0.0,,0.0,Neutral,0.1107785329222679,Slightly Positive
2021-09-07,0.0,,0.0,Neutral,0.0,Neutral
2021-09-06,0.0,,0.0,Neutral,0.0,Neutral
2021-09-05,0.0,,0.0,Neutral,0.0,Neutral
2021-09-02,0.0,,0.0,Neutral,0.0,Neutral
2021-09-01,0.0,,0.0,Neutral,0.0,Neutral
2021-08-31,0.0,,0.0,Neutral,0.0,Neutral
2021-08-29,0.0,,0.0,Neutral,0.0,Neutral
2021-08-26,0.0,,0.0,Neutral,0.0,Neutral
2021-08-25,0.0,,0.0,Neutral,0.0,Neutral
2021-08-24,0.0,,0.0,Neutral,0.0,Neutral
2021-08-19,0.0,2021-08-19,0.5259397625923157,Positive,0.5259397625923157,Positive
2021-08-18,0.0,,0.0,Neutral,0.26296988129615784,Positive
2021-08-17,0.0,,0.0,Neutral,0.13148494064807892,Slightly Positive
2021-08-16,0.0,2021-08-16,0.146904706954956,Slightly Positive,0.146904706954956,Slightly Positive
2021-08-15,0.0,,0.0,Neutral,0.073452353477478,Slightly Positive
2021-08-12,0.0,,0.0,Neutral,0.036726176738739,Neutral
2021-08-11,0.0,,0.0,Neutral,0.0,Neutral
2021-08-10,0.0,,0.0,Neutral,0.0,Neutral
2021-08-09,0.0,,0.0,Neutral,0.0,Neutral
2021-08-08,0.0,,0.0,Neutral,0.0,Neutral
2021-08-05,0.0,,0.0,Neutral,0.0,Neutral
2021-08-04,0.0,2021-08-04,-0.4183864593505859,Negative,-0.4183864593505859,Negative
2021-08-03,0.0,,0.0,Neutral,-0.20919322967529294,Negative
2021-08-02,0.0,,0.0,Neutral,-0.10459661483764647,Slightly Negative
2021-08-01,0.0,,0.0,Neutral,0.0,Neutral
2021-07-29,0.0,,0.0,Neutral,0.0,Neutral
2021-07-28,0.0,,0.0,Neutral,0.0,Neutral
2021-07-27,0.0,,0.0,Neutral,0.0,Neutral
2021-07-26,0.0,,0.0,Neutral,0.0,Neutral
2021-07-25,0.0,2021-07-25,-0.1586503386497497,Slightly Negative,-0.1586503386497497,Slightly Negative
2021-07-22,0.0,,0.0,Neutral,-0.07932516932487485,Slightly Negative
2021-07-20,0.0,,0.0,Neutral,-0.039662584662437425,Neutral
2021-07-19,0.0,,0.0,Neutral,0.0,Neutral
2021-07-18,0.0,,0.0,Neutral,0.0,Neutral
2021-07-15,0.0,2021-07-15,0.2684071958065033,Positive,0.2684071958065033,Positive
2021-07-14,0.0,,0.0,Neutral,0.13420359790325165,Slightly Positive
2021-07-13,0.0,,0.0,Neutral,0.06710179895162582,Slightly Positive
2021-07-12,0.0,,0.0,Neutral,0.0,Neutral
2021-07-11,0.0,2021-07-11,0.7197643518447876,Strongly Positive,0.7197643518447876,Strongly Positive
2021-07-08,0.0,,0.0,Neutral,0.3598821759223938,Positive
2021-07-07,0.0,2021-07-07,0.0943080335855484,Slightly Positive,0.2742491215467453,Positive
2021-07-06,0.0,,0.0,Neutral,0.0471540167927742,Neutral
2021-07-05,0.0,,0.0,Neutral,0.0235770083963871,Neutral
2021-07-04,0.0,,0.0,Neutral,0.0,Neutral
2021-07-01,0.0,,0.0,Neutral,0.0,Neutral
2021-06-30,0.0,2021-06-30,0.864063024520874,Strongly Positive,0.864063024520874,Strongly Positive
2021-06-29,0.0,,0.0,Neutral,0.432031512260437,Positive
2021-06-28,0.0,,0.0,Neutral,0.2160157561302185,Positive
2021-06-27,0.0,,0.0,Neutral,0.0,Neutral
2021-06-24,0.0,,0.0,Neutral,0.0,Neutral
2021-06-23,0.0,,0.0,Neutral,0.0,Neutral
2021-06-22,0.0,,0.0,Neutral,0.0,Neutral
2021-06-21,0.0,,0.0,Neutral,0.0,Neutral
2021-06-20,0.0,,0.0,Neutral,0.0,Neutral
2021-06-17,0.0,,0.0,Neutral,0.0,Neutral
2021-06-16,0.0,,0.0,Neutral,0.0,Neutral
2021-06-15,0.0,,0.0,Neutral,0.0,Neutral
2021-06-14,0.0,2021-06-14,0.6951586504777273,Strongly Positive,0.6951586504777273,Strongly Positive
2021-06-13,0.0,,0.0,Neutral,0.34757932523886365,Positive
2021-06-10,0.0,,0.0,Neutral,0.17378966261943182,Slightly Positive
2021-06-09,0.0,,0.0,Neutral,0.0,Neutral
2021-06-08,0.0,,0.0,Neutral,0.0,Neutral
2021-06-07,0.0,,0.0,Neutral,0.0,Neutral
2021-06-06,0.0,,0.0,Neutral,0.0,Neutral
2021-06-03,0.0,,0.0,Neutral,0.0,Neutral
2021-06-02,0.0,,0.0,Neutral,0.0,Neutral
2021-06-01,0.0,,0.0,Neutral,0.0,Neutral
2021-05-31,0.0,,0.0,Neutral,0.0,Neutral
2021-05-30,0.0,,0.0,Neutral,0.0,Neutral
2021-05-27,0.0,2021-05-27,0.2186865657567978,Positive,0.2186865657567978,Positive
2021-05-25,0.0,2021-05-25,0.655621349811554,Strongly Positive,0.7649646326899529,Strongly Positive
2021-05-24,0.0,,0.0,Neutral,0.3824823163449764,Positive
2021-05-23,0.0,,0.0,Neutral,0.1639053374528885,Slightly Positive
2021-05-20,0.0,,0.0,Neutral,0.0,Neutral
2021-05-19,0.0,,0.0,Neutral,0.0,Neutral
2021-05-18,0.0,,0.0,Neutral,0.0,Neutral
2021-05-17,0.0,,0.0,Neutral,0.0,Neutral
2021-05-16,0.0,2021-05-16,0.8713140487670898,Strongly Positive,0.8713140487670898,Strongly Positive
2021-05-13,0.0,,0.0,Neutral,0.4356570243835449,Positive
2021-05-12,0.0,,0.0,Neutral,0.21782851219177246,Positive
2021-05-11,0.0,,0.0,Neutral,0.0,Neutral
2021-05-10,0.0,,0.0,Neutral,0.0,Neutral
2021-05-09,0.0,,0.0,Neutral,0.0,Neutral
2021-05-06,0.0,,0.0,Neutral,0.0,Neutral
2021-05-05,0.0,,0.0,Neutral,0.0,Neutral
2021-05-04,0.0,,0.0,Neutral,0.0,Neutral
2021-05-03,0.0,,0.0,Neutral,0.0,Neutral
2021-05-02,0.0,2021-05-02,0.1060797721147537,Slightly Positive,0.1060797721147537,Slightly Positive
2021-04-29,0.0,2021-04-29,-0.3356136381626129,Negative,-0.28257375210523605,Negative
2021-04-28,0.0,2021-04-28,0.0036563519388437,Neutral,-0.13763052411377433,Slightly Negative
2021-04-27,0.0,,0.0,Neutral,-0.08207523357123138,Slightly Negative
2021-04-26,0.0,,0.0,Neutral,0.000914087984710925,Neutral
2021-04-25,0.0,,0.0,Neutral,0.0,Neutral
2021-04-22,0.0,,0.0,Neutral,0.0,Neutral
2021-04-21,0.0,2021-04-21,-0.5364495515823364,Negative,-0.5364495515823364,Negative
2021-04-20,0.0,2021-04-20,-0.8707112669944763,Strongly Negative,-1.1389360427856445,Strongly Negative
2021-04-19,0.0,,0.0,Neutral,-0.5694680213928223,Negative
2021-04-18,0.0,2021-04-18,-0.4178709387779236,Negative,-0.6355487555265427,Strongly Negative
2021-04-15,0.0,,0.0,Neutral,-0.2089354693889618,Negative
2021-04-13,0.0,2021-04-13,-0.5402607917785645,Negative,-0.6447285264730453,Strongly Negative
2021-04-12,0.0,,0.0,Neutral,-0.2701303958892822,Negative
2021-04-08,0.0,,0.0,Neutral,-0.1350651979446411,Slightly Negative
2021-04-07,0.0,,0.0,Neutral,0.0,Neutral
2021-04-06,0.0,,0.0,Neutral,0.0,Neutral
2021-04-05,0.0,2021-04-05,-0.4910283088684082,Negative,-0.4910283088684082,Negative
2021-04-04,0.0,,0.0,Neutral,-0.2455141544342041,Negative
2021-04-01,0.0,2021-04-01,0.1322474330663681,Slightly Positive,0.009490355849266052,Neutral
2021-03-31,0.0,,0.0,Neutral,0.06612371653318405,Slightly Positive
2021-03-30,0.0,,0.0,Neutral,0.033061858266592026,Neutral
2021-03-29,0.0,2021-03-29,0.849197268486023,Strongly Positive,0.849197268486023,Strongly Positive
2021-03-25,0.0,,0.0,Neutral,0.4245986342430115,Positive
2021-03-24,0.0,2021-03-24,-0.4105883538722992,Negative,-0.19828903675079346,Slightly Negative
2021-03-23,0.0,2021-03-23,0.8062120676040649,Strongly Positive,0.6009178906679153,Strongly Positive
2021-03-22,0.0,2021-03-22,-0.3435660600662231,Negative,-0.04310711473226542,Neutral
2021-03-21,0.0,,0.0,Neutral,0.02976998686790469,Neutral
2021-03-18,0.0,,0.0,Neutral,-0.08589151501655577,Slightly Negative
2021-03-17,0.0,,0.0,Neutral,0.0,Neutral
2021-03-16,0.0,,0.0,Neutral,0.0,Neutral
2021-03-15,0.0,,0.0,Neutral,0.0,Neutral
2021-03-14,0.0,2021-03-14,0.3672319650650024,Positive,0.3672319650650024,Positive
2021-03-10,0.0,,0.0,Neutral,0.1836159825325012,Slightly Positive
2021-03-09,0.0,,0.0,Neutral,0.0918079912662506,Slightly Positive
2021-03-07,0.0,2021-03-07,0.8898645639419556,Strongly Positive,0.8898645639419556,Strongly Positive
2021-03-04,0.0,,0.0,Neutral,0.4449322819709778,Positive
2021-03-03,0.0,,0.0,Neutral,0.2224661409854889,Positive
2021-03-02,0.0,2021-03-02,-0.438233733177185,Negative,-0.438233733177185,Negative
2021-03-01,0.0,,0.0,Neutral,-0.2191168665885925,Negative
2021-02-28,0.0,,0.0,Neutral,-0.10955843329429625,Slightly Negative
2021-02-25,0.0,,0.0,Neutral,0.0,Neutral
2021-02-24,0.0,2021-02-24,-0.4131810963153839,Negative,-0.4131810963153839,Negative
2021-02-23,0.0,,0.0,Neutral,-0.20659054815769196,Negative
2021-02-22,0.0,,0.0,Neutral,-0.10329527407884598,Slightly Negative
2021-02-21,0.0,2021-02-21,-0.5976194143295288,Negative,-0.5976194143295288,Negative
2021-02-18,0.0,,0.0,Neutral,-0.2988097071647644,Negative
2021-02-17,0.0,,0.0,Neutral,-0.1494048535823822,Slightly Negative
2021-02-16,0.0,,0.0,Neutral,0.0,Neutral
2021-02-15,0.0,,0.0,Neutral,0.0,Neutral
2021-02-14,0.0,,0.0,Neutral,0.0,Neutral
2021-02-11,0.0,,0.0,Neutral,0.0,Neutral
2021-02-10,0.0,2021-02-10,0.4726470112800598,Positive,0.4726470112800598,Positive
2021-02-09,0.0,2021-02-09,-0.5642222166061401,Negative,-0.32789871096611023,Negative
2021-02-08,0.0,2021-02-08,-0.4620852768421173,Negative,-0.6260346323251724,Strongly Negative
2021-02-07,0.0,,0.0,Neutral,-0.3720981925725937,Negative
2021-02-04,0.0,2021-02-04,-0.4566866755485534,Negative,-0.5722079947590828,Negative
2021-02-03,0.0,,0.0,Neutral,-0.2283433377742767,Negative
2021-02-02,0.0,,0.0,Neutral,-0.11417166888713835,Slightly Negative
2021-02-01,0.0,,0.0,Neutral,0.0,Neutral
2021-01-31,0.0,2021-01-31,0.0300732478499412,Neutral,0.0300732478499412,Neutral
2021-01-28,0.0,2021-01-28,0.7391324043273926,Strongly Positive,0.7541690282523632,Strongly Positive
2021-01-27,0.0,2021-01-27,0.9172951579093932,Strongly Positive,1.294379672035575,Strongly Positive
2021-01-26,0.0,2021-01-26,-0.5346378684043884,Negative,0.10879281163215632,Slightly Positive
2021-01-25,0.0,,0.0,Neutral,-0.037995144724845914,Neutral
2021-01-24,0.0,,0.0,Neutral,-0.1336594671010971,Slightly Negative
2021-01-21,0.0,2021-01-21,-0.8496271967887878,Strongly Negative,-0.8496271967887878,Strongly Negative
2021-01-20,0.0,,0.0,Neutral,-0.4248135983943939,Negative
2021-01-19,0.0,,0.0,Neutral,-0.21240679919719696,Negative
2021-01-18,0.0,,0.0,Neutral,0.0,Neutral
2021-01-17,0.0,2021-01-17,0.3041101396083832,Positive,0.3041101396083832,Positive
2021-01-13,0.0,2021-01-13,0.4864499568939209,Positive,0.6385050266981125,Strongly Positive
2021-01-12,0.0,,0.0,Neutral,0.31925251334905624,Positive
2021-01-11,972.0,2021-01-11,-0.3791023790836334,Negative,-0.2574898898601532,Negative
2021-01-10,956.0,2021-01-10,-0.4561843276023865,Negative,-0.6457355171442032,Strongly Negative
2021-01-07,964.0,2021-01-07,0.698971003293991,Strongly Positive,0.3761032447218894,Positive
2021-01-06,970.0,,0.0,Neutral,0.23543941974639887,Positive
2021-01-05,950.0,,0.0,Neutral,0.17474275082349774,Slightly Positive
2021-01-04,948.0,,0.0,Neutral,0.0,Neutral
2021-01-03,960.0,2021-01-03,-0.3271416127681732,Negative,-0.3271416127681732,Negative
2020-12-31,938.0,,0.0,Neutral,-0.1635708063840866,Slightly Negative
2020-12-30,934.0,2020-12-30,-0.4411584436893463,Negative,-0.5229438468813896,Negative
2020-12-29,918.0,,0.0,Neutral,-0.22057922184467316,Negative
2020-12-28,920.0,,0.0,Neutral,-0.11028961092233658,Slightly Negative
2020-12-27,905.0,,0.0,Neutral,0.0,Neutral
2020-12-24,925.0,2020-12-24,0.512558102607727,Positive,0.512558102607727,Positive
2020-12-23,929.0,,0.0,Neutral,0.2562790513038635,Positive
2020-12-22,906.0,,0.0,Neutral,0.12813952565193176,Slightly Positive
2020-12-21,875.0,2020-12-21,-0.5311627984046936,Negative,-0.5311627984046936,Negative
2020-12-20,846.0,,0.0,Neutral,-0.2655813992023468,Negative
2020-12-17,927.0,2020-12-17,0.6602139472961426,Strongly Positive,0.5274232476949692,Positive
2020-12-16,942.0,2020-12-16,0.6675947904586792,Strongly Positive,0.9977017641067505,Strongly Positive
2020-12-15,947.0,,0.0,Neutral,0.49885088205337524,Positive
2020-12-14,950.0,,0.0,Neutral,0.1668986976146698,Slightly Positive
2020-12-13,893.0,,0.0,Neutral,0.0,Neutral
2020-12-10,862.0,,0.0,Neutral,0.0,Neutral
2020-12-09,853.0,2020-12-09,0.1103778183460235,Slightly Positive,0.1103778183460235,Slightly Positive
2020-12-08,863.0,,0.0,Neutral,0.05518890917301175,Slightly Positive
2020-12-07,875.0,2020-12-07,0.6842315196990967,Strongly Positive,0.7118259742856026,Strongly Positive
2020-12-06,829.0,,0.0,Neutral,0.34211575984954834,Positive
2020-12-03,889.0,,0.0,Neutral,0.17105787992477417,Slightly Positive
2020-12-02,927.0,,0.0,Neutral,0.0,Neutral
2020-12-01,878.0,,0.0,Neutral,0.0,Neutral
2020-11-30,886.0,,0.0,Neutral,0.0,Neutral
2020-11-29,822.0,,0.0,Neutral,0.0,Neutral
2020-11-26,805.0,,0.0,Neutral,0.0,Neutral
2020-11-25,822.0,2020-11-25,0.8829460740089417,Strongly Positive,0.8829460740089417,Strongly Positive
2020-11-24,812.0,,0.0,Neutral,0.4414730370044708,Positive
2020-11-23,797.0,,0.0,Neutral,0.2207365185022354,Positive
2020-11-22,808.0,,0.0,Neutral,0.0,Neutral
2020-11-19,824.0,,0.0,Neutral,0.0,Neutral
2020-11-18,806.0,2020-11-18,0.1508250832557678,Slightly Positive,0.1508250832557678,Slightly Positive
2020-11-12,782.0,,0.0,Neutral,0.0754125416278839,Slightly Positive
2020-11-11,789.0,,0.0,Neutral,0.03770627081394195,Neutral
2020-11-10,800.0,2020-11-10,0.0448877215385437,Neutral,0.0448877215385437,Neutral
2020-11-09,761.0,,0.0,Neutral,0.02244386076927185,Neutral
2020-11-08,757.0,,0.0,Neutral,0.011221930384635925,Neutral
2020-11-05,738.0,2020-11-05,0.9027197360992432,Strongly Positive,0.9027197360992432,Strongly Positive
2020-11-04,738.0,,0.0,Neutral,0.4513598680496216,Positive
2020-11-03,738.0,,0.0,Neutral,0.2256799340248108,Positive
2020-11-02,740.0,,0.0,Neutral,0.0,Neutral
2020-11-01,735.0,,0.0,Neutral,0.0,Neutral
2020-10-29,737.0,,0.0,Neutral,0.0,Neutral
2020-10-28,736.0,,0.0,Neutral,0.0,Neutral
2020-10-22,724.0,,0.0,Neutral,0.0,Neutral
2020-10-21,728.0,2020-10-21,0.8985637426376343,Strongly Positive,0.8985637426376343,Strongly Positive
2020-10-20,728.0,,0.0,Neutral,0.44928187131881714,Positive
2020-10-19,718.0,2020-10-19,0.906398057937622,Strongly Positive,1.1310389935970306,Strongly Positive
2020-10-18,706.0,2020-10-18,0.8729951977729797,Strongly Positive,1.3261942267417908,Strongly Positive
2020-10-15,711.0,2020-10-15,0.6376285552978516,Strongly Positive,1.300725668668747,Strongly Positive
2020-10-14,712.0,,0.0,Neutral,0.5370630770921707,Positive
2020-10-13,715.0,,0.0,Neutral,0.1594071388244629,Slightly Positive
2020-10-12,722.0,,0.0,Neutral,0.0,Neutral
2020-10-11,724.0,,0.0,Neutral,0.0,Neutral
2020-10-08,732.0,,0.0,Neutral,0.0,Neutral
2020-10-07,735.0,,0.0,Neutral,0.0,Neutral
2020-10-06,732.0,,0.0,Neutral,0.0,Neutral
2020-10-05,738.0,,0.0,Neutral,0.0,Neutral
2020-10-04,748.0,,0.0,Neutral,0.0,Neutral
2020-10-01,741.0,,0.0,Neutral,0.0,Neutral
2020-09-30,720.0,,0.0,Neutral,0.0,Neutral
2020-09-29,721.0,,0.0,Neutral,0.0,Neutral
2020-09-28,726.0,,0.0,Neutral,0.0,Neutral
2020-09-27,735.0,,0.0,Neutral,0.0,Neutral
2020-09-24,742.0,,0.0,Neutral,0.0,Neutral
2020-09-23,737.0,,0.0,Neutral,0.0,Neutral
2020-09-22,737.0,,0.0,Neutral,0.0,Neutral
2020-09-21,738.0,,0.0,Neutral,0.0,Neutral
2020-09-20,748.0,,0.0,Neutral,0.0,Neutral
2020-09-17,749.0,,0.0,Neutral,0.0,Neutral
2020-09-16,760.0,2020-09-16,0.859821081161499,Strongly Positive,0.859821081161499,Strongly Positive
2020-09-15,757.0,2020-09-15,0.88677579164505,Strongly Positive,1.3166863322257996,Strongly Positive
2020-09-14,757.0,,0.0,Neutral,0.6583431661128998,Strongly Positive
2020-09-13,774.0,,0.0,Neutral,0.2216939479112625,Positive
2020-09-10,754.0,,0.0,Neutral,0.0,Neutral
2020-09-09,733.0,,0.0,Neutral,0.0,Neutral
2020-09-08,727.0,,0.0,Neutral,0.0,Neutral
2020-09-07,710.0,,0.0,Neutral,0.0,Neutral
2020-09-06,715.0,,0.0,Neutral,0.0,Neutral
2020-09-03,723.0,,0.0,Neutral,0.0,Neutral
2020-09-02,720.0,,0.0,Neutral,0.0,Neutral
2020-08-31,742.0,,0.0,Neutral,0.0,Neutral
2020-08-30,728.0,,0.0,Neutral,0.0,Neutral
2020-08-27,699.0,,0.0,Neutral,0.0,Neutral
2020-08-26,710.0,2020-08-26,0.4787486214190721,Positive,0.4787486214190721,Positive
2020-08-25,695.0,,0.0,Neutral,0.23937431070953605,Positive
2020-08-24,670.0,,0.0,Neutral,0.11968715535476802,Slightly Positive
2020-08-23,658.0,,0.0,Neutral,0.0,Neutral
2020-08-20,634.0,2020-08-20,0.3619968295097351,Positive,0.3619968295097351,Positive
2020-08-19,628.0,,0.0,Neutral,0.18099841475486755,Slightly Positive
2020-08-18,642.0,,0.0,Neutral,0.09049920737743378,Slightly Positive
2020-08-17,639.0,,0.0,Neutral,0.0,Neutral
2020-08-16,622.0,2020-08-16,0.0681280344724655,Slightly Positive,0.0681280344724655,Slightly Positive
2020-08-13,630.0,2020-08-13,-0.0032728966325521,Neutral,0.030791120603680652,Neutral
2020-08-12,640.0,,0.0,Neutral,0.015395560301840326,Neutral
2020-08-11,635.0,,0.0,Neutral,-0.000818224158138025,Neutral
2020-08-10,641.0,,0.0,Neutral,0.0,Neutral
2020-08-09,618.0,,0.0,Neutral,0.0,Neutral
2020-08-06,613.0,,0.0,Neutral,0.0,Neutral
2020-08-05,608.0,,0.0,Neutral,0.0,Neutral
2020-08-03,624.0,,0.0,Neutral,0.0,Neutral
2020-08-02,614.0,,0.0,Neutral,0.0,Neutral
2020-07-30,646.0,,0.0,Neutral,0.0,Neutral
2020-07-29,645.0,2020-07-29,0.8600679636001587,Strongly Positive,0.8600679636001587,Strongly Positive
2020-07-28,659.0,,0.0,Neutral,0.43003398180007935,Positive
2020-07-27,659.0,,0.0,Neutral,0.21501699090003967,Positive
2020-07-26,662.0,,0.0,Neutral,0.0,Neutral
2020-07-23,635.0,,0.0,Neutral,0.0,Neutral
2020-07-22,631.0,2020-07-22,0.5365362167358398,Positive,0.5365362167358398,Positive
2020-07-21,628.0,,0.0,Neutral,0.2682681083679199,Positive
2020-07-20,640.0,,0.0,Neutral,0.13413405418395996,Slightly Positive
2020-07-19,650.0,,0.0,Neutral,0.0,Neutral
2020-07-16,615.0,,0.0,Neutral,0.0,Neutral
2020-07-15,607.0,,0.0,Neutral,0.0,Neutral
2020-07-14,607.0,,0.0,Neutral,0.0,Neutral
2020-07-13,606.0,,0.0,Neutral,0.0,Neutral
2020-07-12,596.0,,0.0,Neutral,0.0,Neutral
2020-07-09,580.0,2020-07-09,0.8973246514797211,Strongly Positive,0.8973246514797211,Strongly Positive
2020-07-08,585.0,,0.0,Neutral,0.44866232573986053,Positive
2020-07-07,593.0,,0.0,Neutral,0.22433116286993027,Positive
2020-07-06,581.0,,0.0,Neutral,0.0,Neutral
2020-07-05,563.0,2020-07-05,0.2238288819789886,Positive,0.2238288819789886,Positive
2020-07-02,540.0,,0.0,Neutral,0.1119144409894943,Slightly Positive
2020-07-01,591.0,2020-07-01,-0.564888060092926,Negative,-0.5089308395981789,Negative
2020-06-30,539.0,2020-06-30,0.916642129421234,Strongly Positive,0.634198099374771,Strongly Positive
2020-06-29,490.0,,0.0,Neutral,0.3170990496873855,Positive
2020-05-13,478.0,,0.0,Neutral,0.2291605323553085,Positive
2020-03-22,492.0,2020-03-22,0.5310344099998474,Positive,0.5310344099998474,Positive
2020-03-19,485.0,,0.0,Neutral,0.2655172049999237,Positive
2020-03-18,470.0,,0.0,Neutral,0.13275860249996185,Slightly Positive
2020-03-17,481.0,2020-03-17,0.8020090460777283,Strongly Positive,0.8020090460777283,Strongly Positive
2020-03-16,520.0,2020-03-16,0.6043878793716431,Strongly Positive,1.0053924024105072,Strongly Positive
2020-03-15,507.0,2020-03-15,0.8521060943603516,Strongly Positive,1.3548022955656052,Strongly Positive
2020-03-12,557.0,,0.0,Neutral,0.5771500170230865,Positive
2020-03-11,592.0,2020-03-11,0.6391243934631348,Strongly Positive,0.8521509170532227,Strongly Positive
2020-03-10,541.0,2020-03-10,-0.6497147083282471,Strongly Negative,-0.3301525115966797,Negative
2020-03-05,580.0,2020-03-05,0.7326845228672028,Strongly Positive,0.5676082670688629,Positive
2020-03-04,584.0,2020-03-04,-0.0493215024471282,Neutral,0.15459208190441143,Slightly Positive
2020-03-03,617.0,2020-03-03,0.9211212992668152,Strongly Positive,1.0796316787600517,Strongly Positive
2020-03-02,615.0,2020-03-02,0.7860763669013977,Strongly Positive,1.2343066409230232,Strongly Positive
2020-03-01,648.0,,0.0,Neutral,0.6233185082674026,Strongly Positive
2020-02-27,678.0,2020-02-27,0.4762963950634002,Positive,0.6728154867887497,Strongly Positive
2020-02-26,701.0,2020-02-26,-0.5152184963226318,Negative,-0.2770702987909317,Negative
2020-02-25,690.0,2020-02-25,0.9188093543052672,Strongly Positive,0.7802742049098014,Strongly Positive
2020-02-24,647.0,2020-02-24,0.0043060332536697,Neutral,0.33490608632564534,Positive
2020-02-23,651.0,2020-02-23,0.0224795639514923,Neutral,0.25433491915464396,Positive
2020-02-20,647.0,2020-02-20,0.7416114807128906,Strongly Positive,0.7539277710020542,Strongly Positive
2020-02-19,633.0,2020-02-19,0.5676307678222656,Positive,0.944056399166584,Strongly Positive
2020-02-18,632.0,,0.0,Neutral,0.46921825408935547,Positive
2020-02-17,640.0,2020-02-17,0.7569572925567627,Strongly Positive,0.8988649845123291,Strongly Positive
2020-02-16,645.0,2020-02-16,0.3593215346336365,Positive,0.7378001809120178,Strongly Positive
2020-02-13,606.0,2020-02-13,-0.1728152632713318,Slightly Negative,0.19608482718467712,Slightly Positive
2020-02-12,588.0,,0.0,Neutral,0.003422752022743225,Neutral
2020-02-11,567.0,2020-02-11,-0.6466630697250366,Strongly Negative,-0.6898668855428696,Strongly Negative
2020-02-10,561.0,,0.0,Neutral,-0.3233315348625183,Negative
2020-02-09,560.0,,0.0,Neutral,-0.16166576743125916,Slightly Negative
2020-02-06,567.0,,0.0,Neutral,0.0,Neutral
2020-02-05,562.0,2020-02-05,0.879252552986145,Strongly Positive,0.879252552986145,Strongly Positive
2020-02-04,562.0,,0.0,Neutral,0.4396262764930725,Positive
2020-02-03,566.0,,0.0,Neutral,0.21981313824653625,Positive
2020-02-02,569.0,,0.0,Neutral,0.0,Neutral
2020-01-30,572.0,,0.0,Neutral,0.0,Neutral
2020-01-29,534.0,,0.0,Neutral,0.0,Neutral
2020-01-28,533.0,2020-01-28,0.283295214176178,Positive,0.283295214176178,Positive
2020-01-27,520.0,,0.0,Neutral,0.141647607088089,Slightly Positive
2020-01-26,497.0,2020-01-26,0.8893269896507263,Strongly Positive,0.9601507931947708,Strongly Positive
2020-01-23,508.0,,0.0,Neutral,0.44466349482536316,Positive
2020-01-22,525.0,,0.0,Neutral,0.22233174741268158,Positive
2020-01-21,484.0,,0.0,Neutral,0.0,Neutral
2020-01-20,468.0,2020-01-20,-0.2280759774148464,Negative,-0.2280759774148464,Negative
2020-01-19,482.0,,0.0,Neutral,-0.1140379887074232,Slightly Negative
2020-01-16,439.0,,0.0,Neutral,-0.0570189943537116,Slightly Negative
2020-01-15,424.0,,0.0,Neutral,0.0,Neutral
2020-01-14,424.0,2020-01-14,0.5020753741264343,Positive,0.5020753741264343,Positive
2020-01-13,424.0,,0.0,Neutral,0.25103768706321716,Positive
2020-01-12,419.0,,0.0,Neutral,0.12551884353160858,Slightly Positive
2020-01-09,381.0,,0.0,Neutral,0.0,Neutral
2020-01-08,382.0,,0.0,Neutral,0.0,Neutral
2020-01-07,381.0,,0.0,Neutral,0.0,Neutral
2020-01-06,380.0,,0.0,Neutral,0.0,Neutral
2020-01-05,379.0,2020-01-05,0.5616716295480728,Positive,0.5616716295480728,Positive
2020-01-02,379.0,,0.0,Neutral,0.2808358147740364,Positive
2020-01-01,378.0,,0.0,Neutral,0.1404179073870182,Slightly Positive
2019-12-31,378.0,,0.0,Neutral,0.0,Neutral
2019-12-30,378.0,2019-12-30,0.7870628833770752,Strongly Positive,0.7870628833770752,Strongly Positive
2019-12-29,359.0,,0.0,Neutral,0.3935314416885376,Positive
2019-12-26,360.0,2019-12-26,0.3885568231344224,Positive,0.5853225439786912,Positive
2019-12-25,362.0,,0.0,Neutral,0.1942784115672112,Slightly Positive
2019-12-24,359.0,,0.0,Neutral,0.0971392057836056,Slightly Positive
2019-12-23,365.0,,0.0,Neutral,0.0,Neutral
2019-12-22,345.0,,0.0,Neutral,0.0,Neutral
2019-12-19,352.0,,0.0,Neutral,0.0,Neutral
2019-12-18,350.0,,0.0,Neutral,0.0,Neutral
2019-12-17,358.0,,0.0,Neutral,0.0,Neutral
2019-12-16,347.0,,0.0,Neutral,0.0,Neutral
2019-12-15,363.0,,0.0,Neutral,0.0,Neutral
2019-12-12,385.0,,0.0,Neutral,0.0,Neutral
2019-12-11,360.0,,0.0,Neutral,0.0,Neutral
2019-12-10,352.0,,0.0,Neutral,0.0,Neutral
2019-12-09,344.0,,0.0,Neutral,0.0,Neutral
2019-12-08,341.0,,0.0,Neutral,0.0,Neutral
2019-12-05,342.0,,0.0,Neutral,0.0,Neutral
2019-12-04,335.0,,0.0,Neutral,0.0,Neutral
2019-12-03,319.0,2019-12-03,0.618488609790802,Strongly Positive,0.618488609790802,Strongly Positive
2019-12-02,312.0,2019-12-02,0.6570655703544617,Strongly Positive,0.9663098752498627,Strongly Positive
2019-12-01,315.0,,0.0,Neutral,0.48315493762493134,Positive
2019-11-28,313.0,,0.0,Neutral,0.16426639258861542,Slightly Positive
2019-11-27,316.0,,0.0,Neutral,0.0,Neutral
2019-11-26,311.0,,0.0,Neutral,0.0,Neutral
2019-11-25,313.0,,0.0,Neutral,0.0,Neutral
2019-11-24,314.0,2019-11-24,0.7399795055389404,Strongly Positive,0.7399795055389404,Strongly Positive
2019-11-21,315.0,,0.0,Neutral,0.3699897527694702,Positive
2019-11-20,314.0,,0.0,Neutral,0.1849948763847351,Slightly Positive
2019-11-19,315.0,2019-11-19,0.4210245609283447,Positive,0.4210245609283447,Positive
2019-11-18,316.0,,0.0,Neutral,0.21051228046417236,Positive
2019-11-17,315.0,,0.0,Neutral,0.10525614023208618,Slightly Positive
2019-11-14,318.0,,0.0,Neutral,0.0,Neutral
2019-11-13,315.0,,0.0,Neutral,0.0,Neutral
2019-11-12,312.0,,0.0,Neutral,0.0,Neutral
2019-11-11,312.0,,0.0,Neutral,0.0,Neutral
2019-11-10,314.0,2019-11-10,-0.0885843336582183,Slightly Negative,-0.0885843336582183,Slightly Negative
2019-11-07,312.0,,0.0,Neutral,-0.04429216682910915,Neutral
2019-11-06,311.0,,0.0,Neutral,-0.022146083414554575,Neutral
2019-11-05,313.0,,0.0,Neutral,0.0,Neutral
2019-11-04,311.0,2019-11-04,-0.9058239459991456,Strongly Negative,-0.9058239459991456,Strongly Negative
2019-11-03,310.0,,0.0,Neutral,-0.4529119729995728,Negative
2019-10-31,315.0,,0.0,Neutral,-0.2264559864997864,Negative
2019-10-24,315.0,,0.0,Neutral,0.0,Neutral
2019-10-23,321.0,,0.0,Neutral,0.0,Neutral
2019-10-22,310.0,,0.0,Neutral,0.0,Neutral
2019-10-21,314.0,2019-10-21,0.7867043614387512,Strongly Positive,0.7867043614387512,Strongly Positive
2019-10-20,314.0,,0.0,Neutral,0.3933521807193756,Positive
2019-10-17,318.0,,0.0,Neutral,0.1966760903596878,Slightly Positive
2019-10-16,317.0,,0.0,Neutral,0.0,Neutral
2019-10-15,310.0,,0.0,Neutral,0.0,Neutral
2019-10-14,310.0,,0.0,Neutral,0.0,Neutral
2019-10-10,314.0,,0.0,Neutral,0.0,Neutral
2019-10-03,316.0,2019-10-03,0.6210771203041077,Strongly Positive,0.6210771203041077,Strongly Positive
2019-10-02,312.0,,0.0,Neutral,0.31053856015205383,Positive
2019-10-01,317.0,2019-10-01,-0.3024523556232452,Negative,-0.14718307554721827,Slightly Negative
2019-09-30,311.0,,0.0,Neutral,-0.1512261778116226,Slightly Negative
2019-09-29,309.0,2019-09-29,0.8132269978523254,Strongly Positive,0.7376139089465141,Strongly Positive
2019-09-26,310.0,2019-09-26,0.5172597169876099,Positive,0.9238732159137726,Strongly Positive
2019-09-25,313.0,,0.0,Neutral,0.4619366079568863,Positive
2019-09-24,312.0,2019-09-24,-0.0042473077774047,Neutral,0.12506762146949776,Slightly Positive
2019-09-23,317.0,,0.0,Neutral,-0.00212365388870235,Neutral
2019-09-22,318.0,,0.0,Neutral,-0.001061826944351175,Neutral
2019-09-19,324.0,,0.0,Neutral,0.0,Neutral
2019-09-18,334.0,,0.0,Neutral,0.0,Neutral
2019-09-17,317.0,2019-09-17,0.4095453321933746,Positive,0.4095453321933746,Positive
2019-09-16,315.0,2019-09-16,0.4361126124858857,Positive,0.6408852785825729,Strongly Positive
2019-09-15,310.0,2019-09-15,0.6814584136009216,Strongly Positive,1.001901052892208,Strongly Positive
2019-09-12,318.0,,0.0,Neutral,0.4497573599219322,Positive
2019-09-11,320.0,2019-09-11,0.869890034198761,Strongly Positive,1.0402546375989914,Strongly Positive
2019-09-10,320.0,,0.0,Neutral,0.4349450170993805,Positive
2019-09-09,321.0,,0.0,Neutral,0.21747250854969025,Positive
2019-09-08,325.0,2019-09-08,0.7852203249931335,Strongly Positive,0.7852203249931335,Strongly Positive
2019-09-05,329.0,,0.0,Neutral,0.3926101624965668,Positive
2019-09-04,333.0,2019-09-04,0.4178094565868377,Positive,0.6141145378351212,Strongly Positive
2019-09-03,333.0,,0.0,Neutral,0.20890472829341886,Positive
2019-09-02,309.0,2019-09-02,0.521414041519165,Positive,0.6258664056658745,Strongly Positive
2019-09-01,313.0,,0.0,Neutral,0.2607070207595825,Positive
2019-08-29,326.0,,0.0,Neutral,0.13035351037979126,Slightly Positive
2019-08-28,336.0,,0.0,Neutral,0.0,Neutral
2019-08-27,342.0,2019-08-27,0.3579877018928528,Positive,0.3579877018928528,Positive
2019-08-26,337.0,2019-08-26,0.7882136106491089,Strongly Positive,0.9672074615955353,Strongly Positive
2019-08-25,345.0,,0.0,Neutral,0.48360373079776764,Positive
2019-08-22,339.0,,0.0,Neutral,0.19705340266227722,Slightly Positive
2019-08-21,338.0,,0.0,Neutral,0.0,Neutral
2019-08-20,340.0,,0.0,Neutral,0.0,Neutral
2019-08-19,349.0,2019-08-19,0.8192152976989746,Strongly Positive,0.8192152976989746,Strongly Positive
2019-08-18,343.0,,0.0,Neutral,0.4096076488494873,Positive
2019-08-15,348.0,,0.0,Neutral,0.20480382442474365,Positive
2019-08-14,349.0,2019-08-14,0.8356881737709045,Strongly Positive,0.8356881737709045,Strongly Positive
2019-08-13,351.0,2019-08-13,0.6991210579872131,Strongly Positive,1.1169651448726654,Strongly Positive
2019-08-12,354.0,,0.0,Neutral,0.5584825724363327,Positive
2019-08-11,352.0,,0.0,Neutral,0.17478026449680328,Slightly Positive
2019-08-08,356.0,,0.0,Neutral,0.0,Neutral
2019-08-07,360.0,2019-08-07,-0.4570404589176178,Negative,-0.4570404589176178,Negative
2019-08-06,358.0,,0.0,Neutral,-0.2285202294588089,Negative
2019-08-05,362.0,,0.0,Neutral,-0.11426011472940445,Slightly Negative
2019-08-04,364.0,,0.0,Neutral,0.0,Neutral
2019-08-01,372.0,,0.0,Neutral,0.0,Neutral
2019-07-31,370.0,2019-07-31,-0.4471966624259949,Negative,-0.4471966624259949,Negative
2019-07-30,368.0,,0.0,Neutral,-0.22359833121299744,Negative
2019-07-29,368.0,2019-07-29,0.5511285066604614,Positive,0.4393293410539627,Positive
2019-07-28,372.0,,0.0,Neutral,0.2755642533302307,Positive
2019-07-25,378.0,,0.0,Neutral,0.13778212666511536,Slightly Positive
2019-07-24,383.0,2019-07-24,0.8770189881324768,Strongly Positive,0.8770189881324768,Strongly Positive
2019-07-23,378.0,,0.0,Neutral,0.4385094940662384,Positive
2019-07-22,379.0,,0.0,Neutral,0.2192547470331192,Positive
2019-07-21,381.0,2019-07-21,0.1339715123176574,Slightly Positive,0.1339715123176574,Slightly Positive
2019-07-18,382.0,,0.0,Neutral,0.0669857561588287,Slightly Positive
2019-07-17,395.0,2019-07-17,0.8922961354255676,Strongly Positive,0.925789013504982,Strongly Positive
2019-07-16,383.0,,0.0,Neutral,0.4461480677127838,Positive
2019-07-15,387.0,,0.0,Neutral,0.2230740338563919,Positive
2019-07-14,387.0,,0.0,Neutral,0.0,Neutral
2019-07-11,386.0,,0.0,Neutral,0.0,Neutral
2019-07-10,382.0,2019-07-10,-0.4849487543106079,Negative,-0.4849487543106079,Negative
2019-07-09,382.0,,0.0,Neutral,-0.24247437715530396,Negative
2019-07-08,382.0,2019-07-08,0.8237234354019165,Strongly Positive,0.7024862468242645,Strongly Positive
2019-07-07,388.0,2019-07-07,0.8937943577766418,Strongly Positive,1.3056560754776,Strongly Positive
2019-07-04,390.0,2019-07-04,0.6093844771385193,Strongly Positive,1.2622125148773193,Strongly Positive
2019-07-03,392.0,,0.0,Neutral,0.5281408280134201,Positive
2019-07-02,387.0,2019-07-02,-0.2368516623973846,Negative,-0.08450554311275477,Slightly Negative
2019-07-01,391.0,2019-07-01,-0.4330974519252777,Negative,-0.55152328312397,Negative
2019-06-30,380.0,,0.0,Neutral,-0.275761641561985,Negative
2019-06-27,395.0,,0.0,Neutral,-0.10827436298131943,Slightly Negative
2019-06-26,382.0,,0.0,Neutral,0.0,Neutral
2019-06-25,384.0,,0.0,Neutral,0.0,Neutral
2019-06-24,381.0,,0.0,Neutral,0.0,Neutral
2019-06-23,381.0,,0.0,Neutral,0.0,Neutral
2019-06-20,388.0,,0.0,Neutral,0.0,Neutral
2019-06-19,395.0,,0.0,Neutral,0.0,Neutral
2019-06-18,394.0,,0.0,Neutral,0.0,Neutral
2019-06-17,393.0,2019-06-17,-0.6195419430732727,Strongly Negative,-0.6195419430732727,Strongly Negative
2019-06-16,393.0,2019-06-16,0.0492241531610489,Neutral,-0.26054681837558746,Negative
2019-06-13,395.0,,0.0,Neutral,-0.13027340918779373,Slightly Negative
2019-06-12,393.0,,0.0,Neutral,0.012306038290262226,Neutral
2019-06-11,399.0,,0.0,Neutral,0.0,Neutral
2019-06-10,396.0,,0.0,Neutral,0.0,Neutral
2019-06-06,401.0,,0.0,Neutral,0.0,Neutral
2019-06-04,406.0,,0.0,Neutral,0.0,Neutral
2019-06-03,410.0,,0.0,Neutral,0.0,Neutral
2019-06-02,410.0,,0.0,Neutral,0.0,Neutral
2019-05-30,416.0,,0.0,Neutral,0.0,Neutral
2019-05-29,420.0,2019-05-29,0.3382772803306579,Positive,0.3382772803306579,Positive
2019-05-28,423.0,,0.0,Neutral,0.16913864016532895,Slightly Positive
2019-05-27,418.0,,0.0,Neutral,0.08456932008266448,Slightly Positive
2019-05-26,420.0,,0.0,Neutral,0.0,Neutral
2019-05-23,424.0,,0.0,Neutral,0.0,Neutral
2019-05-22,430.0,2019-05-22,0.9192432165145874,Strongly Positive,0.9192432165145874,Strongly Positive
2019-05-21,432.0,,0.0,Neutral,0.4596216082572937,Positive
2019-05-20,431.0,,0.0,Neutral,0.22981080412864685,Positive
2019-05-19,430.0,,0.0,Neutral,0.0,Neutral
2019-05-16,438.0,2019-05-16,0.6019901037216187,Strongly Positive,0.6019901037216187,Strongly Positive
2019-05-15,443.0,,0.0,Neutral,0.3009950518608093,Positive
2019-05-14,451.0,2019-05-14,-0.1161871999502182,Slightly Negative,0.03431032598018646,Neutral
2019-05-13,443.0,,0.0,Neutral,-0.0580935999751091,Slightly Negative
2019-05-12,441.0,,0.0,Neutral,-0.02904679998755455,Neutral
2019-05-09,439.0,,0.0,Neutral,0.0,Neutral
2019-05-08,440.0,,0.0,Neutral,0.0,Neutral
2019-05-07,442.0,,0.0,Neutral,0.0,Neutral
2019-05-06,455.0,,0.0,Neutral,0.0,Neutral
2019-05-05,435.0,,0.0,Neutral,0.0,Neutral
2019-05-02,445.0,,0.0,Neutral,0.0,Neutral
2019-04-30,441.0,,0.0,Neutral,0.0,Neutral
2019-04-29,464.0,2019-04-29,0.6715145111083984,Strongly Positive,0.6715145111083984,Strongly Positive
2019-04-28,462.0,,0.0,Neutral,0.3357572555541992,Positive
2019-04-25,420.0,,0.0,Neutral,0.1678786277770996,Slightly Positive
2019-04-24,415.0,2019-04-24,-0.2091304957866668,Negative,-0.2091304957866668,Negative
2019-04-23,416.0,,0.0,Neutral,-0.1045652478933334,Slightly Negative
2019-04-22,423.0,2019-04-22,0.7112140357494354,Strongly Positive,0.6589314118027687,Strongly Positive
2019-04-21,410.0,2019-04-21,0.2224275916814804,Positive,0.5780346095561981,Positive
2019-04-18,412.0,,0.0,Neutral,0.28901730477809906,Positive
2019-04-17,414.0,,0.0,Neutral,0.0556068979203701,Slightly Positive
2019-04-16,412.0,2019-04-16,0.7619708776473999,Strongly Positive,0.7619708776473999,Strongly Positive
2019-04-15,404.0,,0.0,Neutral,0.38098543882369995,Positive
2019-04-11,409.0,2019-04-11,0.5554110407829285,Positive,0.7459037601947784,Strongly Positive
2019-04-10,403.0,2019-04-10,0.8950625061988831,Strongly Positive,1.1727680265903473,Strongly Positive
2019-04-09,404.0,2019-04-09,0.8805367946624756,Strongly Positive,1.4669208079576492,Strongly Positive
2019-04-08,412.0,,0.0,Neutral,0.6640340238809586,Strongly Positive
2019-04-07,393.0,,0.0,Neutral,0.2201341986656189,Positive
2019-04-04,393.0,,0.0,Neutral,0.0,Neutral
2019-04-03,395.0,2019-04-03,0.8603233098983765,Strongly Positive,0.8603233098983765,Strongly Positive
2019-04-02,390.0,,0.0,Neutral,0.43016165494918823,Positive
2019-04-01,387.0,2019-04-01,0.6460291147232056,Strongly Positive,0.8611099421977997,Strongly Positive
2019-03-31,390.0,,0.0,Neutral,0.3230145573616028,Positive
2019-03-28,390.0,,0.0,Neutral,0.1615072786808014,Slightly Positive
2019-03-27,387.0,,0.0,Neutral,0.0,Neutral
2019-03-26,383.0,2019-03-26,0.5928543210029602,Positive,0.5928543210029602,Positive
2019-03-25,385.0,,0.0,Neutral,0.2964271605014801,Positive
2019-03-24,381.0,,0.0,Neutral,0.14821358025074005,Slightly Positive
2019-03-21,389.0,,0.0,Neutral,0.0,Neutral
2019-03-19,398.0,2019-03-19,0.4687463641166687,Positive,0.4687463641166687,Positive
2019-03-18,396.0,,0.0,Neutral,0.23437318205833435,Positive
2019-03-17,401.0,,0.0,Neutral,0.11718659102916718,Slightly Positive
2019-03-14,397.0,,0.0,Neutral,0.0,Neutral
2019-03-13,396.0,,0.0,Neutral,0.0,Neutral
2019-03-12,400.0,,0.0,Neutral,0.0,Neutral
2019-03-11,398.0,2019-03-11,-0.5805007219314575,Negative,-0.5805007219314575,Negative
2019-03-10,398.0,,0.0,Neutral,-0.29025036096572876,Negative
2019-03-07,398.0,2019-03-07,0.8529539108276367,Strongly Positive,0.7078287303447723,Strongly Positive
2019-03-06,388.0,,0.0,Neutral,0.42647695541381836,Positive
2019-03-05,540.0,2019-03-05,-0.6652853488922119,Strongly Negative,-0.45204687118530273,Negative
2019-03-03,545.0,,0.0,Neutral,-0.33264267444610596,Negative
2019-02-27,552.0,,0.0,Neutral,-0.16632133722305298,Slightly Negative
2019-02-26,549.0,,0.0,Neutral,0.0,Neutral
2019-02-25,570.0,,0.0,Neutral,0.0,Neutral
2019-02-24,559.0,,0.0,Neutral,0.0,Neutral
2019-02-21,570.0,,0.0,Neutral,0.0,Neutral
2019-02-20,572.0,2019-02-20,-0.000268280506134,Neutral,-0.000268280506134,Neutral
2019-02-19,592.0,,0.0,Neutral,-0.000134140253067,Neutral
2019-02-18,565.0,2019-02-18,0.5097264647483826,Positive,0.5096593946218491,Positive
2019-02-17,570.0,,0.0,Neutral,0.2548632323741913,Positive
2019-02-14,580.0,,0.0,Neutral,0.12743161618709564,Slightly Positive
2019-02-13,581.0,,0.0,Neutral,0.0,Neutral
2019-02-12,581.0,,0.0,Neutral,0.0,Neutral
2019-02-11,583.0,,0.0,Neutral,0.0,Neutral
2019-02-10,588.0,,0.0,Neutral,0.0,Neutral
2019-02-07,600.0,,0.0,Neutral,0.0,Neutral
2019-02-06,604.0,,0.0,Neutral,0.0,Neutral
2019-02-05,602.0,,0.0,Neutral,0.0,Neutral
2019-02-04,603.0,2019-02-04,-0.7323634028434753,Strongly Negative,-0.7323634028434753,Strongly Negative
2019-02-03,615.0,2019-02-03,0.4023022949695587,Positive,0.036120593547821045,Neutral
2019-01-31,615.0,,0.0,Neutral,0.018060296773910522,Neutral
2019-01-30,613.0,2019-01-30,0.127448558807373,Slightly Positive,0.22802413254976267,Positive
2019-01-29,610.0,,0.0,Neutral,0.0637242794036865,Slightly Positive
2019-01-28,613.0,,0.0,Neutral,0.03186213970184325,Neutral
2019-01-27,619.0,,0.0,Neutral,0.0,Neutral
2019-01-24,618.0,2019-01-24,0.6918145418167114,Strongly Positive,0.6918145418167114,Strongly Positive
2019-01-23,617.0,,0.0,Neutral,0.3459072709083557,Positive
2019-01-22,621.0,,0.0,Neutral,0.17295363545417786,Slightly Positive
2019-01-21,618.0,2019-01-21,0.4966762065887451,Positive,0.4966762065887451,Positive
2019-01-20,620.0,2019-01-20,0.7727754712104797,Strongly Positive,1.0211135745048523,Strongly Positive
2019-01-17,630.0,,0.0,Neutral,0.5105567872524261,Positive
2019-01-16,636.0,,0.0,Neutral,0.19319386780261993,Slightly Positive
2019-01-15,635.0,2019-01-15,0.519601047039032,Positive,0.519601047039032,Positive
2019-01-14,612.0,2019-01-14,0.9134968519210817,Strongly Positive,1.1732973754405975,Strongly Positive
2019-01-13,615.0,,0.0,Neutral,0.5866486877202988,Positive
2019-01-10,620.0,,0.0,Neutral,0.2283742129802704,Positive
2019-01-09,618.0,2019-01-09,0.7550469636917114,Strongly Positive,0.7550469636917114,Strongly Positive
2019-01-08,615.0,2019-01-08,0.7743663191795349,Strongly Positive,1.1518898010253906,Strongly Positive
2019-01-07,613.0,2019-01-07,0.7200121879577637,Strongly Positive,1.295957088470459,Strongly Positive
2019-01-06,600.0,2019-01-06,0.5872798562049866,Positive,1.1408775299787521,Strongly Positive
2019-01-03,611.0,,0.0,Neutral,0.4736429750919342,Positive
2019-01-02,604.0,2019-01-02,-0.4312562644481659,Negative,-0.28443630039691925,Negative
2019-01-01,616.0,2019-01-01,0.5289696455001831,Positive,0.31334151327610016,Positive
2018-12-31,607.0,2018-12-31,0.8081836700439453,Strongly Positive,0.9648544266819954,Strongly Positive
2018-12-30,632.0,2018-12-30,0.8666418790817261,Strongly Positive,1.4029761254787445,Strongly Positive
2018-12-27,648.0,2018-12-27,0.8413619995117188,Strongly Positive,1.4767288565635681,Strongly Positive
2018-12-26,634.0,2018-12-26,0.5205397605895996,Positive,1.1578812301158905,Strongly Positive
2018-12-25,600.0,,0.0,Neutral,0.4706103801727295,Positive
2018-12-24,605.0,2018-12-24,0.912123441696167,Strongly Positive,1.042258381843567,Strongly Positive
2018-12-23,600.0,,0.0,Neutral,0.4560617208480835,Positive
2018-12-20,557.0,2018-12-20,-0.2122925519943237,Negative,0.015738308429718045,Neutral
2018-12-19,552.0,2018-12-19,-0.3084029853343963,Negative,-0.41454926133155817,Negative
2018-12-18,550.0,,0.0,Neutral,-0.20727463066577909,Negative
2018-12-17,550.0,,0.0,Neutral,-0.07710074633359908,Slightly Negative
2018-12-16,516.0,2018-12-16,0.7137515544891357,Strongly Positive,0.7137515544891357,Strongly Positive
2018-12-13,490.0,2018-12-13,-0.1332300901412964,Slightly Negative,0.22364568710327148,Positive
2018-12-12,477.0,,0.0,Neutral,0.11182284355163574,Slightly Positive
2018-12-11,471.0,2018-12-11,0.8785602450370789,Strongly Positive,0.8452527225017548,Strongly Positive
2018-12-10,464.0,2018-12-10,0.7846078276634216,Strongly Positive,1.223887950181961,Strongly Positive
2018-12-09,455.0,,0.0,Neutral,0.6119439750909805,Strongly Positive
2018-12-06,458.0,,0.0,Neutral,0.1961519569158554,Slightly Positive
2018-12-05,454.0,,0.0,Neutral,0.0,Neutral
2018-12-04,477.0,2018-12-04,0.033573567867279,Neutral,0.033573567867279,Neutral
2018-12-03,470.0,,0.0,Neutral,0.0167867839336395,Neutral
2018-12-02,474.0,2018-12-02,0.0572157725691795,Slightly Positive,0.06560916453599924,Slightly Positive
2018-11-29,496.0,2018-11-29,0.8101602792739868,Strongly Positive,0.8387681655585766,Strongly Positive
2018-11-28,515.0,,0.0,Neutral,0.4193840827792883,Positive
2018-11-27,517.0,,0.0,Neutral,0.2025400698184967,Positive
2018-11-26,516.0,,0.0,Neutral,0.0,Neutral
2018-11-25,530.0,,0.0,Neutral,0.0,Neutral
2018-11-22,548.0,,0.0,Neutral,0.0,Neutral
2018-11-21,550.0,,0.0,Neutral,0.0,Neutral
2018-11-20,550.0,,0.0,Neutral,0.0,Neutral
2018-11-19,543.0,2018-11-19,0.5714744180440903,Positive,0.5714744180440903,Positive
2018-11-18,549.0,,0.0,Neutral,0.28573720902204514,Positive
2018-11-15,560.0,,0.0,Neutral,0.14286860451102257,Slightly Positive
2018-11-14,565.0,,0.0,Neutral,0.0,Neutral
2018-11-13,561.0,2018-11-13,-0.1938473582267761,Slightly Negative,-0.1938473582267761,Slightly Negative
2018-11-12,560.0,,0.0,Neutral,-0.09692367911338805,Slightly Negative
2018-11-11,569.0,,0.0,Neutral,-0.048461839556694024,Neutral
2018-11-05,570.0,,0.0,Neutral,0.0,Neutral
2018-11-04,557.0,,0.0,Neutral,0.0,Neutral
2018-11-01,566.0,,0.0,Neutral,0.0,Neutral
2018-10-31,566.0,,0.0,Neutral,0.0,Neutral
2018-10-30,570.0,,0.0,Neutral,0.0,Neutral
2018-10-29,566.0,,0.0,Neutral,0.0,Neutral
2018-10-28,568.0,,0.0,Neutral,0.0,Neutral
2018-10-25,575.0,,0.0,Neutral,0.0,Neutral
2018-10-24,580.0,,0.0,Neutral,0.0,Neutral
2018-10-23,576.0,,0.0,Neutral,0.0,Neutral
2018-10-22,583.0,,0.0,Neutral,0.0,Neutral
2018-10-21,592.0,,0.0,Neutral,0.0,Neutral
2018-10-15,588.0,2018-10-15,-0.192320704460144,Slightly Negative,-0.192320704460144,Slightly Negative
2018-10-14,593.0,,0.0,Neutral,-0.096160352230072,Slightly Negative
2018-10-11,582.0,,0.0,Neutral,-0.048080176115036,Neutral
2018-10-10,578.0,2018-10-10,-0.1620651185512542,Slightly Negative,-0.1620651185512542,Slightly Negative
2018-10-09,581.0,,0.0,Neutral,-0.0810325592756271,Slightly Negative
2018-10-08,583.0,,0.0,Neutral,-0.04051627963781355,Neutral
2018-10-07,582.0,,0.0,Neutral,0.0,Neutral
2018-10-04,590.0,,0.0,Neutral,0.0,Neutral
2018-10-03,590.0,,0.0,Neutral,0.0,Neutral
2018-10-02,592.0,,0.0,Neutral,0.0,Neutral
2018-10-01,599.0,,0.0,Neutral,0.0,Neutral
2018-09-30,596.0,,0.0,Neutral,0.0,Neutral
2018-09-27,602.0,,0.0,Neutral,0.0,Neutral
2018-09-26,613.0,,0.0,Neutral,0.0,Neutral
2018-09-25,610.0,,0.0,Neutral,0.0,Neutral
2018-09-23,607.0,2018-09-23,0.8959836959838867,Strongly Positive,0.8959836959838867,Strongly Positive
2018-09-20,615.0,,0.0,Neutral,0.44799184799194336,Positive
2018-09-18,612.0,2018-09-18,0.4713515937328338,Positive,0.6953475177288055,Strongly Positive
2018-09-17,610.0,,0.0,Neutral,0.2356757968664169,Positive
2018-09-16,598.0,2018-09-16,0.4487057030200958,Positive,0.5665436014533043,Positive
2018-09-13,599.0,,0.0,Neutral,0.2243528515100479,Positive
2018-09-12,590.0,,0.0,Neutral,0.11217642575502396,Slightly Positive
2018-09-11,593.0,,0.0,Neutral,0.0,Neutral
2018-09-10,599.0,,0.0,Neutral,0.0,Neutral
2018-09-09,591.0,,0.0,Neutral,0.0,Neutral
2018-09-06,612.0,,0.0,Neutral,0.0,Neutral
2018-09-05,613.0,,0.0,Neutral,0.0,Neutral
2018-09-04,605.0,,0.0,Neutral,0.0,Neutral
2018-09-03,600.0,,0.0,Neutral,0.0,Neutral
2018-09-02,595.0,2018-09-02,0.9213955402374268,Strongly Positive,0.9213955402374268,Strongly Positive
2018-08-30,595.0,,0.0,Neutral,0.4606977701187134,Positive
2018-08-29,591.0,,0.0,Neutral,0.2303488850593567,Positive
2018-08-28,595.0,2018-08-28,0.8678902387619019,Strongly Positive,0.8678902387619019,Strongly Positive
2018-08-26,599.0,2018-08-26,0.908364236354828,Strongly Positive,1.3423093557357788,Strongly Positive
2018-08-23,594.0,2018-08-23,0.9118733406066896,Strongly Positive,1.583028018474579,Strongly Positive
2018-08-22,602.0,2018-08-22,0.9089189767837524,Strongly Positive,1.5919467061758041,Strongly Positive
2018-08-21,610.0,,0.0,Neutral,0.6824278235435486,Strongly Positive
2018-08-20,616.0,,0.0,Neutral,0.2272297441959381,Positive
2018-08-19,615.0,2018-08-19,0.6557104587554932,Strongly Positive,0.6557104587554932,Strongly Positive
2018-08-16,620.0,2018-08-16,0.8950644135475159,Strongly Positive,1.2229196429252625,Strongly Positive
2018-08-15,636.0,2018-08-15,-0.1866932809352874,Slightly Negative,0.42476654052734386,Positive
2018-08-14,618.0,,0.0,Neutral,0.13041946291923529,Slightly Positive
2018-08-13,607.0,2018-08-13,0.5976293087005615,Positive,0.5509559884667397,Positive
2018-08-12,600.0,,0.0,Neutral,0.29881465435028076,Positive
2018-08-09,607.0,2018-08-09,0.9233427047729492,Strongly Positive,1.0727500319480896,Strongly Positive
2018-08-08,610.0,,0.0,Neutral,0.4616713523864746,Positive
2018-08-07,625.0,,0.0,Neutral,0.2308356761932373,Positive
2018-08-06,630.0,,0.0,Neutral,0.0,Neutral
2018-08-05,630.0,,0.0,Neutral,0.0,Neutral
2018-08-02,632.0,2018-08-02,-0.2557297945022583,Negative,-0.2557297945022583,Negative
2018-08-01,632.0,2018-08-01,0.7616575956344604,Strongly Positive,0.6337926983833313,Strongly Positive
2018-07-31,632.0,2018-07-31,0.8481963723897934,Strongly Positive,1.165092721581459,Strongly Positive
2018-07-30,622.0,,0.0,Neutral,0.6145125851035118,Strongly Positive
2018-07-26,640.0,2018-07-26,0.8805007934570312,Strongly Positive,1.0925498865544796,Strongly Positive
2018-07-25,646.0,2018-07-25,0.5625090003013611,Positive,1.0027593970298767,Strongly Positive
2018-07-24,637.0,2018-07-24,0.8712472915649414,Strongly Positive,1.3726269900798798,Strongly Positive
2018-07-23,633.0,,0.0,Neutral,0.576250895857811,Positive
2018-07-22,630.0,2018-07-22,0.5804762393236159,Positive,0.7982880622148513,Strongly Positive
2018-07-19,632.0,,0.0,Neutral,0.29023811966180796,Positive
2018-07-18,641.0,2018-07-18,-0.6905643939971924,Strongly Negative,-0.5454453341662884,Negative
2018-07-17,661.0,2018-07-17,0.8452868461608887,Strongly Positive,0.5000046491622925,Positive
2018-07-16,683.0,,0.0,Neutral,0.25000232458114624,Positive
2018-07-15,636.0,2018-07-15,-0.0455491840839386,Neutral,0.16577252745628357,Slightly Positive
2018-07-12,640.0,2018-07-12,-0.1427455693483352,Slightly Negative,-0.1655201613903045,Slightly Negative
2018-07-11,650.0,2018-07-11,0.1307443678379058,Slightly Positive,0.047984287142753546,Neutral
2018-07-10,653.0,,0.0,Neutral,0.029685791581869098,Neutral
2018-07-09,633.0,,0.0,Neutral,0.03268609195947645,Neutral
2018-07-08,658.0,2018-07-08,0.7769768834114075,Strongly Positive,0.7769768834114075,Strongly Positive
2018-07-05,667.0,,0.0,Neutral,0.38848844170570374,Positive
2018-07-04,620.0,2018-07-04,0.3696541786193847,Positive,0.5638983994722366,Positive
2018-07-03,618.0,,0.0,Neutral,0.18482708930969236,Slightly Positive
2018-07-02,631.0,,0.0,Neutral,0.09241354465484618,Slightly Positive
2018-07-01,646.0,,0.0,Neutral,0.0,Neutral
2018-06-28,643.0,,0.0,Neutral,0.0,Neutral
2018-06-27,642.0,2018-06-27,0.6418185830116272,Strongly Positive,0.6418185830116272,Strongly Positive
2018-06-26,652.0,,0.0,Neutral,0.3209092915058136,Positive
2018-06-25,666.0,,0.0,Neutral,0.1604546457529068,Slightly Positive
2018-06-24,690.0,,0.0,Neutral,0.0,Neutral
2018-06-21,670.0,,0.0,Neutral,0.0,Neutral
2018-06-20,670.0,,0.0,Neutral,0.0,Neutral
2018-06-19,680.0,,0.0,Neutral,0.0,Neutral
2018-06-18,690.0,,0.0,Neutral,0.0,Neutral
2018-06-17,700.0,2018-06-17,0.508649468421936,Positive,0.508649468421936,Positive
2018-06-14,700.0,,0.0,Neutral,0.254324734210968,Positive
2018-06-13,697.0,2018-06-13,-0.3404492735862732,Negative,-0.21328690648078918,Negative
2018-06-12,703.0,,0.0,Neutral,-0.1702246367931366,Slightly Negative
2018-06-11,695.0,,0.0,Neutral,-0.0851123183965683,Slightly Negative
2018-06-10,679.0,,0.0,Neutral,0.0,Neutral
2018-06-07,717.0,2018-06-07,0.787387490272522,Strongly Positive,0.787387490272522,Strongly Positive
2018-06-06,731.0,,0.0,Neutral,0.393693745136261,Positive
2018-06-04,727.0,2018-06-04,0.8630961179733276,Strongly Positive,1.0599429905414581,Strongly Positive
2018-06-03,760.0,2018-06-03,0.3452410101890564,Positive,0.7767890691757202,Strongly Positive
2018-05-31,771.0,,0.0,Neutral,0.3883945345878601,Positive
2018-05-30,780.0,2018-05-30,0.7039557695388794,Strongly Positive,0.7902660220861435,Strongly Positive
2018-05-29,775.0,,0.0,Neutral,0.3519778847694397,Positive
2018-05-28,790.0,,0.0,Neutral,0.17598894238471985,Slightly Positive
2018-05-27,755.0,,0.0,Neutral,0.0,Neutral
2018-05-24,760.0,,0.0,Neutral,0.0,Neutral
2018-05-23,769.0,,0.0,Neutral,0.0,Neutral
2018-05-22,777.0,2018-05-22,0.7939203977584839,Strongly Positive,0.7939203977584839,Strongly Positive
2018-05-21,790.0,,0.0,Neutral,0.39696019887924194,Positive
2018-05-20,804.0,,0.0,Neutral,0.19848009943962097,Slightly Positive
2018-05-17,853.0,,0.0,Neutral,0.0,Neutral
2018-05-16,850.0,,0.0,Neutral,0.0,Neutral
2018-05-15,840.0,,0.0,Neutral,0.0,Neutral
2018-05-14,858.0,2018-05-14,0.7037050724029541,Strongly Positive,0.7037050724029541,Strongly Positive
2018-05-10,870.0,,0.0,Neutral,0.35185253620147705,Positive
2018-05-09,875.0,,0.0,Neutral,0.17592626810073853,Slightly Positive
2018-05-08,878.0,2018-05-08,0.7442371547222137,Strongly Positive,0.7442371547222137,Strongly Positive
2018-05-07,854.0,,0.0,Neutral,0.3721185773611069,Positive
2018-05-06,853.0,,0.0,Neutral,0.18605928868055344,Slightly Positive
2018-05-03,852.0,,0.0,Neutral,0.0,Neutral
2018-05-02,858.0,,0.0,Neutral,0.0,Neutral
2018-04-29,831.0,,0.0,Neutral,0.0,Neutral
2018-04-26,831.0,2018-04-26,-0.1422680616378784,Slightly Negative,-0.1422680616378784,Slightly Negative
2018-04-25,874.0,,0.0,Neutral,-0.0711340308189392,Slightly Negative
2018-04-24,882.0,,0.0,Neutral,-0.0355670154094696,Neutral
2018-04-23,870.0,,0.0,Neutral,0.0,Neutral
2018-04-22,914.0,,0.0,Neutral,0.0,Neutral
2018-04-19,860.0,,0.0,Neutral,0.0,Neutral
2018-04-18,830.0,2018-04-18,0.7243727445602417,Strongly Positive,0.7243727445602417,Strongly Positive
2018-04-17,867.0,2018-04-17,-0.4689792692661285,Negative,-0.10679289698600763,Slightly Negative
2018-04-16,789.0,,0.0,Neutral,-0.05339644849300382,Slightly Negative
2018-04-15,718.0,2018-04-15,0.9221633076667786,Strongly Positive,0.8049184903502464,Strongly Positive
2018-04-12,700.0,2018-04-12,-0.6430073976516724,Strongly Negative,-0.18192574381828308,Slightly Negative
2018-04-11,693.0,,0.0,Neutral,-0.09096287190914154,Slightly Negative
2018-04-10,680.0,,0.0,Neutral,-0.1607518494129181,Slightly Negative
2018-04-09,700.0,,0.0,Neutral,0.0,Neutral
2018-04-08,680.0,2018-04-08,0.4547261595726013,Positive,0.4547261595726013,Positive
2018-04-05,650.0,,0.0,Neutral,0.22736307978630066,Positive
2018-04-04,620.0,2018-04-04,0.8857042789459229,Strongly Positive,0.9993858188390732,Strongly Positive
2018-04-03,600.0,2018-04-03,0.8998837769031525,Strongly Positive,1.342735916376114,Strongly Positive
2018-04-02,589.0,2018-04-02,0.6707487106323242,Strongly Positive,1.3421166688203812,Strongly Positive
2018-04-01,580.0,,0.0,Neutral,0.5603452995419502,Positive
2018-03-29,584.0,,0.0,Neutral,0.16768717765808105,Slightly Positive
2018-03-28,560.0,2018-03-28,0.6803320646286011,Strongly Positive,0.6803320646286011,Strongly Positive
2018-03-27,581.0,2018-03-27,-0.2121085226535797,Negative,0.12805750966072083,Slightly Positive
2018-03-26,570.0,,0.0,Neutral,0.06402875483036041,Slightly Positive
2018-03-22,633.0,2018-03-22,0.6458000540733337,Strongly Positive,0.5927729234099388,Positive
2018-03-21,640.0,,0.0,Neutral,0.32290002703666687,Positive
2018-03-20,663.0,,0.0,Neutral,0.16145001351833344,Slightly Positive
2018-03-19,689.0,,0.0,Neutral,0.0,Neutral
2018-03-18,702.0,2018-03-18,-0.5104734301567078,Negative,-0.5104734301567078,Negative
2018-03-15,702.0,,0.0,Neutral,-0.2552367150783539,Negative
2018-03-14,710.0,,0.0,Neutral,-0.12761835753917694,Slightly Negative
2018-03-13,705.0,,0.0,Neutral,0.0,Neutral
2018-03-12,700.0,,0.0,Neutral,0.0,Neutral
2018-03-11,707.0,,0.0,Neutral,0.0,Neutral
2018-03-07,761.0,2018-03-07,-0.3192073702812195,Negative,-0.3192073702812195,Negative
2018-03-06,758.0,,0.0,Neutral,-0.15960368514060974,Slightly Negative
2018-03-05,731.0,,0.0,Neutral,-0.07980184257030487,Slightly Negative
2018-03-04,759.0,,0.0,Neutral,0.0,Neutral
2018-02-28,805.0,2018-02-28,-0.4559577703475952,Negative,-0.4559577703475952,Negative
2018-02-27,820.0,2018-02-27,-0.5017960667610168,Negative,-0.7297749519348145,Strongly Negative
2018-02-26,820.0,,0.0,Neutral,-0.3648874759674072,Negative
2018-02-25,840.0,,0.0,Neutral,-0.1254490166902542,Slightly Negative
2018-02-22,845.0,,0.0,Neutral,0.0,Neutral
2018-02-21,854.0,,0.0,Neutral,0.0,Neutral
2018-02-20,872.0,,0.0,Neutral,0.0,Neutral
2018-02-18,890.0,2018-02-18,-0.7218689322471619,Strongly Negative,-0.7218689322471619,Strongly Negative
2018-02-15,902.0,2018-02-15,0.89710932970047,Strongly Positive,0.536174863576889,Positive
2018-02-14,860.0,,0.0,Neutral,0.2680874317884445,Positive
2018-02-12,855.0,2018-02-12,0.1932896673679351,Slightly Positive,0.41756699979305256,Positive
2018-02-11,867.0,,0.0,Neutral,0.09664483368396755,Slightly Positive
2018-02-08,855.0,,0.0,Neutral,0.048322416841983774,Neutral
2018-02-07,840.0,,0.0,Neutral,0.0,Neutral
2018-02-06,865.0,,0.0,Neutral,0.0,Neutral
2018-02-05,865.0,2018-02-05,0.8875495791435242,Strongly Positive,0.8875495791435242,Strongly Positive
2018-02-04,872.0,,0.0,Neutral,0.4437747895717621,Positive
2018-02-01,877.0,,0.0,Neutral,0.22188739478588104,Positive
2018-01-31,880.0,,0.0,Neutral,0.0,Neutral
2018-01-29,883.0,,0.0,Neutral,0.0,Neutral
2018-01-28,887.0,2018-01-28,0.9140734672546388,Strongly Positive,0.9140734672546388,Strongly Positive
2018-01-25,905.0,,0.0,Neutral,0.4570367336273194,Positive
2018-01-24,879.0,,0.0,Neutral,0.2285183668136597,Positive
2018-01-23,878.0,,0.0,Neutral,0.0,Neutral
2018-01-22,891.0,,0.0,Neutral,0.0,Neutral
2018-01-21,0.0,2018-01-21,0.326934814453125,Positive,0.326934814453125,Positive
2018-01-17,0.0,,0.0,Neutral,0.1634674072265625,Slightly Positive
2018-01-16,0.0,2018-01-16,0.912229597568512,Strongly Positive,0.9939633011817932,Strongly Positive
2018-01-14,0.0,,0.0,Neutral,0.456114798784256,Positive
2018-01-10,0.0,2018-01-10,-0.1146869361400604,Slightly Negative,0.1133704632520676,Slightly Positive
2018-01-09,0.0,,0.0,Neutral,-0.0573434680700302,Slightly Negative
2018-01-08,0.0,2018-01-08,0.5098813772201538,Positive,0.4812096431851387,Positive
2018-01-07,0.0,2018-01-07,0.9193395376205444,Strongly Positive,1.1742802262306213,Strongly Positive
2018-01-04,0.0,,0.0,Neutral,0.5871401131153107,Positive
2018-01-03,0.0,,0.0,Neutral,0.2298348844051361,Positive
2018-01-02,0.0,2018-01-02,0.907924234867096,Strongly Positive,0.907924234867096,Strongly Positive
2018-01-01,0.0,,0.0,Neutral,0.453962117433548,Positive
2017-12-31,0.0,,0.0,Neutral,0.226981058716774,Positive
2017-12-28,0.0,,0.0,Neutral,0.0,Neutral
2017-12-27,0.0,,0.0,Neutral,0.0,Neutral
2017-12-26,0.0,,0.0,Neutral,0.0,Neutral
2017-12-24,0.0,2017-12-24,0.5628668665885925,Positive,0.5628668665885925,Positive
2017-12-21,0.0,,0.0,Neutral,0.28143343329429626,Positive
2017-12-20,0.0,,0.0,Neutral,0.14071671664714813,Slightly Positive
2017-12-19,0.0,,0.0,Neutral,0.0,Neutral
2017-12-18,0.0,,0.0,Neutral,0.0,Neutral
2017-12-17,0.0,,0.0,Neutral,0.0,Neutral
2017-12-14,0.0,,0.0,Neutral,0.0,Neutral
2017-12-13,0.0,,0.0,Neutral,0.0,Neutral
2017-12-12,0.0,,0.0,Neutral,0.0,Neutral
2017-12-11,0.0,2017-12-11,0.5815926194190979,Positive,0.5815926194190979,Positive
2017-12-10,0.0,,0.0,Neutral,0.29079630970954895,Positive
2017-12-06,0.0,,0.0,Neutral,0.14539815485477448,Slightly Positive
2017-12-05,0.0,2017-12-05,0.1702946424484253,Slightly Positive,0.1702946424484253,Slightly Positive
2017-12-04,0.0,,0.0,Neutral,0.08514732122421265,Slightly Positive
2017-11-30,0.0,,0.0,Neutral,0.04257366061210632,Neutral
2017-11-29,0.0,,0.0,Neutral,0.0,Neutral
2017-11-28,0.0,2017-11-28,-0.5181993842124939,Negative,-0.5181993842124939,Negative
2017-11-27,0.0,,0.0,Neutral,-0.25909969210624695,Negative
2017-11-26,0.0,,0.0,Neutral,-0.12954984605312347,Slightly Negative
2017-11-23,0.0,2017-11-23,0.5980113744735718,Positive,0.5980113744735718,Positive
2017-11-22,0.0,,0.0,Neutral,0.2990056872367859,Positive
2017-11-21,0.0,,0.0,Neutral,0.14950284361839294,Slightly Positive
2017-11-20,0.0,,0.0,Neutral,0.0,Neutral
2017-11-19,0.0,,0.0,Neutral,0.0,Neutral
2017-11-16,0.0,,0.0,Neutral,0.0,Neutral
2017-11-15,0.0,,0.0,Neutral,0.0,Neutral
2017-11-14,0.0,2017-11-14,-0.7073986530303955,Strongly Negative,-0.7073986530303955,Strongly Negative
2017-11-13,0.0,,0.0,Neutral,-0.35369932651519775,Negative
2017-11-12,0.0,2017-11-12,0.9169417023658752,Strongly Positive,0.7400920391082764,Strongly Positive
2017-11-09,0.0,,0.0,Neutral,0.4584708511829376,Positive
2017-11-08,0.0,,0.0,Neutral,0.2292354255914688,Positive
2017-11-07,0.0,2017-11-07,0.3921329081058502,Positive,0.3921329081058502,Positive
2017-11-06,0.0,2017-11-06,0.2062046229839325,Positive,0.4022710770368576,Positive
2017-11-05,0.0,,0.0,Neutral,0.2011355385184288,Positive
2017-11-02,0.0,,0.0,Neutral,0.051551155745983124,Slightly Positive
2017-11-01,0.0,,0.0,Neutral,0.0,Neutral
2017-10-31,0.0,,0.0,Neutral,0.0,Neutral
2017-10-30,0.0,,0.0,Neutral,0.0,Neutral
2017-10-29,0.0,2017-10-29,-0.1552224159240722,Slightly Negative,-0.1552224159240722,Slightly Negative
2017-10-25,0.0,,0.0,Neutral,-0.0776112079620361,Slightly Negative
2017-10-24,0.0,2017-10-24,0.3031669482588768,Positive,0.26436134427785873,Positive
2017-10-23,0.0,,0.0,Neutral,0.1515834741294384,Slightly Positive
2017-10-22,0.0,,0.0,Neutral,0.0757917370647192,Slightly Positive
2017-10-18,0.0,,0.0,Neutral,0.0,Neutral
2017-10-17,0.0,,0.0,Neutral,0.0,Neutral
2017-10-16,0.0,2017-10-16,0.7397989630699158,Strongly Positive,0.7397989630699158,Strongly Positive
2017-10-15,0.0,,0.0,Neutral,0.3698994815349579,Positive
2017-10-12,0.0,,0.0,Neutral,0.18494974076747894,Slightly Positive
2017-10-11,0.0,,0.0,Neutral,0.0,Neutral
2017-10-10,0.0,,0.0,Neutral,0.0,Neutral
2017-10-09,0.0,,0.0,Neutral,0.0,Neutral
2017-10-08,0.0,,0.0,Neutral,0.0,Neutral
2017-10-04,0.0,,0.0,Neutral,0.0,Neutral
2017-10-03,0.0,,0.0,Neutral,0.0,Neutral
2017-09-26,0.0,,0.0,Neutral,0.0,Neutral
2017-09-25,0.0,2017-09-25,0.6380407959222794,Strongly Positive,0.6380407959222794,Strongly Positive
2017-09-24,0.0,,0.0,Neutral,0.3190203979611397,Positive
2017-09-20,0.0,,0.0,Neutral,0.15951019898056984,Slightly Positive
2017-09-18,0.0,,0.0,Neutral,0.0,Neutral
2017-09-17,0.0,,0.0,Neutral,0.0,Neutral
2017-09-14,0.0,,0.0,Neutral,0.0,Neutral
2017-09-13,0.0,,0.0,Neutral,0.0,Neutral
2017-09-12,0.0,2017-09-12,0.1277060508728027,Slightly Positive,0.1277060508728027,Slightly Positive
2017-09-11,0.0,,0.0,Neutral,0.06385302543640135,Slightly Positive
2017-09-10,0.0,,0.0,Neutral,0.03192651271820068,Neutral
2017-09-07,0.0,,0.0,Neutral,0.0,Neutral
2017-09-06,0.0,2017-09-06,0.8836968541145325,Strongly Positive,0.8836968541145325,Strongly Positive
2017-09-04,0.0,2017-09-04,0.0743787288665771,Slightly Positive,0.5162271559238434,Positive
2017-08-31,0.0,,0.0,Neutral,0.2581135779619217,Positive
2017-08-30,0.0,,0.0,Neutral,0.018594682216644277,Neutral
2017-08-28,0.0,,0.0,Neutral,0.0,Neutral
2017-08-27,0.0,2017-08-27,0.9203059077262878,Strongly Positive,0.9203059077262878,Strongly Positive
2017-08-24,0.0,,0.0,Neutral,0.4601529538631439,Positive
2017-08-23,0.0,,0.0,Neutral,0.23007647693157196,Positive
2017-08-22,0.0,,0.0,Neutral,0.0,Neutral
2017-08-21,0.0,2017-08-21,0.9056445956230164,Strongly Positive,0.9056445956230164,Strongly Positive
2017-08-20,0.0,,0.0,Neutral,0.4528222978115082,Positive
2017-08-17,0.0,2017-08-17,0.7896273136138916,Strongly Positive,1.0160384625196457,Strongly Positive
2017-08-16,0.0,,0.0,Neutral,0.3948136568069458,Positive
2017-08-15,0.0,,0.0,Neutral,0.1974068284034729,Slightly Positive
2017-08-13,0.0,,0.0,Neutral,0.0,Neutral
2017-08-10,0.0,2017-08-10,0.8426941633224487,Strongly Positive,0.8426941633224487,Strongly Positive
2017-08-09,0.0,,0.0,Neutral,0.42134708166122437,Positive
2017-08-07,0.0,,0.0,Neutral,0.21067354083061218,Positive
2017-08-06,0.0,,0.0,Neutral,0.0,Neutral
2017-08-03,0.0,,0.0,Neutral,0.0,Neutral
2017-08-02,0.0,,0.0,Neutral,0.0,Neutral
2017-08-01,0.0,,0.0,Neutral,0.0,Neutral
2017-07-31,0.0,2017-07-31,0.5858557224273682,Positive,0.5858557224273682,Positive
2017-07-30,0.0,,0.0,Neutral,0.2929278612136841,Positive
2017-07-27,0.0,,0.0,Neutral,0.14646393060684204,Slightly Positive
2017-07-26,0.0,,0.0,Neutral,0.0,Neutral
2017-07-25,0.0,,0.0,Neutral,0.0,Neutral
2017-07-24,0.0,,0.0,Neutral,0.0,Neutral
2017-07-23,0.0,,0.0,Neutral,0.0,Neutral
2017-07-20,0.0,2017-07-20,-0.3135278224945068,Negative,-0.3135278224945068,Negative
2017-07-19,0.0,,0.0,Neutral,-0.1567639112472534,Slightly Negative
2017-07-18,0.0,,0.0,Neutral,-0.0783819556236267,Slightly Negative
2017-07-17,0.0,2017-07-17,0.9291043877601624,Strongly Positive,0.9291043877601624,Strongly Positive
2017-07-16,0.0,,0.0,Neutral,0.4645521938800812,Positive
2017-07-13,0.0,,0.0,Neutral,0.2322760969400406,Positive
2017-07-12,0.0,,0.0,Neutral,0.0,Neutral
2017-07-11,0.0,,0.0,Neutral,0.0,Neutral
2017-07-10,0.0,,0.0,Neutral,0.0,Neutral
2017-07-09,0.0,,0.0,Neutral,0.0,Neutral
2017-07-06,0.0,2017-07-06,0.9184584617614746,Strongly Positive,0.9184584617614746,Strongly Positive
2017-07-05,0.0,2017-07-05,0.925973892211914,Strongly Positive,1.3852031230926514,Strongly Positive
2017-07-04,0.0,,0.0,Neutral,0.6926015615463257,Strongly Positive
2017-07-03,0.0,,0.0,Neutral,0.2314934730529785,Positive
2017-07-02,0.0,2017-07-02,0.8309491276741028,Strongly Positive,0.8309491276741028,Strongly Positive
2017-06-28,0.0,,0.0,Neutral,0.4154745638370514,Positive
2017-06-27,0.0,,0.0,Neutral,0.2077372819185257,Positive
2017-06-25,0.0,,0.0,Neutral,0.0,Neutral
2017-06-22,0.0,,0.0,Neutral,0.0,Neutral
2017-06-21,0.0,,0.0,Neutral,0.0,Neutral
2017-06-20,0.0,,0.0,Neutral,0.0,Neutral
2017-06-19,0.0,2017-06-19,0.2736774682998657,Positive,0.2736774682998657,Positive
2017-06-18,0.0,,0.0,Neutral,0.13683873414993286,Slightly Positive
2017-06-15,0.0,,0.0,Neutral,0.06841936707496643,Slightly Positive
2017-06-14,0.0,2017-06-14,0.7516312599182129,Strongly Positive,0.7516312599182129,Strongly Positive
2017-06-13,0.0,,0.0,Neutral,0.37581562995910645,Positive
2017-06-12,0.0,,0.0,Neutral,0.18790781497955322,Slightly Positive
2017-06-11,0.0,,0.0,Neutral,0.0,Neutral
2017-06-08,0.0,,0.0,Neutral,0.0,Neutral
2017-06-07,0.0,,0.0,Neutral,0.0,Neutral
2017-06-06,0.0,,0.0,Neutral,0.0,Neutral
2017-06-05,0.0,,0.0,Neutral,0.0,Neutral
2017-06-04,0.0,,0.0,Neutral,0.0,Neutral
2017-06-01,0.0,,0.0,Neutral,0.0,Neutral
2017-05-31,0.0,,0.0,Neutral,0.0,Neutral
2017-05-30,0.0,,0.0,Neutral,0.0,Neutral
2017-05-28,0.0,,0.0,Neutral,0.0,Neutral
2017-05-24,0.0,,0.0,Neutral,0.0,Neutral
2017-05-23,0.0,,0.0,Neutral,0.0,Neutral
2017-05-22,0.0,,0.0,Neutral,0.0,Neutral
2017-05-21,0.0,2017-05-21,0.543536901473999,Positive,0.543536901473999,Positive
2017-05-18,0.0,,0.0,Neutral,0.2717684507369995,Positive
2017-05-17,0.0,2017-05-17,0.9115880727767944,Strongly Positive,1.0474722981452942,Strongly Positive
2017-05-16,0.0,,0.0,Neutral,0.4557940363883972,Positive
2017-05-15,0.0,,0.0,Neutral,0.2278970181941986,Positive
2017-05-11,0.0,2017-05-11,0.6874037981033325,Strongly Positive,0.6874037981033325,Strongly Positive
2017-05-09,0.0,,0.0,Neutral,0.34370189905166626,Positive
2017-05-08,0.0,,0.0,Neutral,0.17185094952583313,Slightly Positive
2017-05-07,0.0,,0.0,Neutral,0.0,Neutral
2017-05-04,0.0,,0.0,Neutral,0.0,Neutral
2017-05-03,0.0,,0.0,Neutral,0.0,Neutral
2017-05-02,0.0,,0.0,Neutral,0.0,Neutral
2017-04-30,0.0,,0.0,Neutral,0.0,Neutral
2017-04-27,0.0,,0.0,Neutral,0.0,Neutral
2017-04-26,0.0,,0.0,Neutral,0.0,Neutral
2017-04-25,0.0,2017-04-25,0.7321624755859375,Strongly Positive,0.7321624755859375,Strongly Positive
2017-04-24,0.0,,0.0,Neutral,0.36608123779296875,Positive
2017-04-23,0.0,,0.0,Neutral,0.18304061889648438,Slightly Positive
2017-04-20,0.0,2017-04-20,-0.3623961433768272,Negative,-0.3623961433768272,Negative
2017-04-19,0.0,,0.0,Neutral,-0.1811980716884136,Slightly Negative
2017-04-18,0.0,,0.0,Neutral,-0.0905990358442068,Slightly Negative
2017-04-16,0.0,,0.0,Neutral,0.0,Neutral
2017-04-13,0.0,,0.0,Neutral,0.0,Neutral
2017-04-12,0.0,,0.0,Neutral,0.0,Neutral
2017-04-11,0.0,,0.0,Neutral,0.0,Neutral
2017-04-10,0.0,,0.0,Neutral,0.0,Neutral
2017-04-09,0.0,,0.0,Neutral,0.0,Neutral
2017-04-06,0.0,2017-04-06,0.5967186689376831,Positive,0.5967186689376831,Positive
2017-04-04,0.0,,0.0,Neutral,0.29835933446884155,Positive
2017-04-03,0.0,,0.0,Neutral,0.14917966723442078,Slightly Positive
2017-04-02,0.0,2017-04-02,0.903369665145874,Strongly Positive,0.903369665145874,Strongly Positive
2017-03-30,0.0,2017-03-30,-0.1716672480106353,Slightly Negative,0.28001758456230175,Positive
2017-03-29,0.0,,0.0,Neutral,0.14000879228115087,Slightly Positive
2017-03-28,0.0,,0.0,Neutral,-0.04291681200265882,Neutral
2017-03-26,0.0,,0.0,Neutral,0.0,Neutral
2017-03-23,0.0,,0.0,Neutral,0.0,Neutral
2017-03-22,0.0,2017-03-22,0.6236251592636108,Strongly Positive,0.6236251592636108,Strongly Positive
2017-03-21,0.0,,0.0,Neutral,0.3118125796318054,Positive
2017-03-20,0.0,,0.0,Neutral,0.1559062898159027,Slightly Positive
2017-03-19,0.0,,0.0,Neutral,0.0,Neutral
2017-03-16,0.0,,0.0,Neutral,0.0,Neutral
2017-03-15,0.0,,0.0,Neutral,0.0,Neutral
2017-03-14,0.0,,0.0,Neutral,0.0,Neutral
2017-03-13,0.0,,0.0,Neutral,0.0,Neutral
2017-03-09,0.0,,0.0,Neutral,0.0,Neutral
2017-03-07,0.0,2017-03-07,0.2491500675678253,Positive,0.2491500675678253,Positive
2017-03-06,0.0,,0.0,Neutral,0.12457503378391264,Slightly Positive
2017-03-05,0.0,,0.0,Neutral,0.06228751689195632,Slightly Positive
2017-03-02,0.0,2017-03-02,0.8856234550476074,Strongly Positive,0.8856234550476074,Strongly Positive
2017-03-01,0.0,2017-03-01,0.7320932149887085,Strongly Positive,1.1749049425125122,Strongly Positive
2017-02-28,0.0,,0.0,Neutral,0.5874524712562561,Positive
2017-02-26,0.0,,0.0,Neutral,0.18302330374717712,Slightly Positive
2017-02-23,0.0,2017-02-23,-0.5603695511817932,Negative,-0.5603695511817932,Negative
2017-02-22,0.0,,0.0,Neutral,-0.2801847755908966,Negative
2017-02-21,0.0,,0.0,Neutral,-0.1400923877954483,Slightly Negative
2017-02-20,0.0,,0.0,Neutral,0.0,Neutral
2017-02-19,0.0,,0.0,Neutral,0.0,Neutral
2017-02-16,0.0,,0.0,Neutral,0.0,Neutral
2017-02-15,0.0,2017-02-15,-0.5029162764549255,Negative,-0.5029162764549255,Negative
2017-02-14,0.0,,0.0,Neutral,-0.25145813822746277,Negative
2017-02-13,998.0,,0.0,Neutral,-0.12572906911373138,Slightly Negative
2017-02-12,956.0,,0.0,Neutral,0.0,Neutral
2017-02-09,0.0,,0.0,Neutral,0.0,Neutral
2017-02-08,0.0,,0.0,Neutral,0.0,Neutral
2017-02-07,0.0,2017-02-07,0.7273648977279663,Strongly Positive,0.7273648977279663,Strongly Positive
2017-02-06,0.0,,0.0,Neutral,0.36368244886398315,Positive
2017-02-05,0.0,,0.0,Neutral,0.18184122443199158,Slightly Positive
2017-02-02,0.0,,0.0,Neutral,0.0,Neutral
2017-02-01,0.0,,0.0,Neutral,0.0,Neutral
2017-01-31,0.0,,0.0,Neutral,0.0,Neutral
2017-01-30,0.0,,0.0,Neutral,0.0,Neutral
2017-01-26,0.0,,0.0,Neutral,0.0,Neutral
2017-01-25,0.0,,0.0,Neutral,0.0,Neutral
2017-01-24,0.0,,0.0,Neutral,0.0,Neutral
2017-01-23,0.0,,0.0,Neutral,0.0,Neutral
2017-01-22,0.0,,0.0,Neutral,0.0,Neutral
2017-01-19,0.0,2017-01-19,0.8906235098838806,Strongly Positive,0.8906235098838806,Strongly Positive
2017-01-18,0.0,2017-01-18,-0.7480860352516174,Strongly Negative,-0.3027742803096771,Negative
2017-01-17,0.0,,0.0,Neutral,-0.15138714015483856,Slightly Negative
2017-01-16,0.0,,0.0,Neutral,-0.18702150881290436,Slightly Negative
2017-01-15,0.0,2017-01-15,0.8086245059967041,Strongly Positive,0.8086245059967041,Strongly Positive
2017-01-12,0.0,,0.0,Neutral,0.40431225299835205,Positive
2017-01-11,0.0,,0.0,Neutral,0.20215612649917603,Positive
2017-01-10,0.0,,0.0,Neutral,0.0,Neutral
2017-01-09,0.0,,0.0,Neutral,0.0,Neutral
2017-01-08,0.0,,0.0,Neutral,0.0,Neutral
2017-01-05,0.0,,0.0,Neutral,0.0,Neutral
2017-01-04,0.0,,0.0,Neutral,0.0,Neutral
2017-01-03,0.0,,0.0,Neutral,0.0,Neutral
2017-01-02,0.0,,0.0,Neutral,0.0,Neutral
2017-01-01,0.0,2017-01-01,0.1828947961330413,Slightly Positive,0.1828947961330413,Slightly Positive
2016-12-29,0.0,,0.0,Neutral,0.09144739806652065,Slightly Positive
2016-12-28,0.0,2016-12-28,0.881725013256073,Strongly Positive,0.9274487122893333,Strongly Positive
2016-12-27,0.0,,0.0,Neutral,0.4408625066280365,Positive
2016-12-26,0.0,,0.0,Neutral,0.22043125331401825,Positive
2016-12-22,0.0,,0.0,Neutral,0.0,Neutral
2016-12-21,0.0,,0.0,Neutral,0.0,Neutral
2016-12-20,0.0,,0.0,Neutral,0.0,Neutral
2016-12-19,0.0,,0.0,Neutral,0.0,Neutral
2016-12-18,0.0,,0.0,Neutral,0.0,Neutral
2016-12-15,0.0,,0.0,Neutral,0.0,Neutral
2016-12-14,0.0,,0.0,Neutral,0.0,Neutral
2016-12-12,0.0,,0.0,Neutral,0.0,Neutral
2016-12-11,0.0,,0.0,Neutral,0.0,Neutral
2016-12-08,0.0,,0.0,Neutral,0.0,Neutral
2016-12-07,0.0,,0.0,Neutral,0.0,Neutral
2016-12-06,0.0,,0.0,Neutral,0.0,Neutral
2016-12-05,0.0,2016-12-05,0.7129253149032593,Strongly Positive,0.7129253149032593,Strongly Positive
2016-12-04,0.0,,0.0,Neutral,0.35646265745162964,Positive
2016-12-01,0.0,,0.0,Neutral,0.17823132872581482,Slightly Positive
2016-11-30,0.0,,0.0,Neutral,0.0,Neutral
2016-11-29,0.0,,0.0,Neutral,0.0,Neutral
2016-11-28,0.0,,0.0,Neutral,0.0,Neutral
2016-11-27,0.0,,0.0,Neutral,0.0,Neutral
2016-11-24,0.0,,0.0,Neutral,0.0,Neutral
2016-11-23,0.0,,0.0,Neutral,0.0,Neutral
2016-11-22,0.0,,0.0,Neutral,0.0,Neutral
2016-11-21,0.0,2016-11-21,0.8399505615234375,Strongly Positive,0.8399505615234375,Strongly Positive
2016-11-20,0.0,,0.0,Neutral,0.41997528076171875,Positive
2016-11-17,0.0,,0.0,Neutral,0.20998764038085938,Positive
2016-11-16,0.0,,0.0,Neutral,0.0,Neutral
2016-11-15,0.0,,0.0,Neutral,0.0,Neutral
2016-11-14,0.0,,0.0,Neutral,0.0,Neutral
2016-11-13,0.0,,0.0,Neutral,0.0,Neutral
2016-11-10,0.0,,0.0,Neutral,0.0,Neutral
2016-11-09,0.0,2016-11-09,-0.9314858317375184,Strongly Negative,-0.9314858317375184,Strongly Negative
2016-11-08,0.0,,0.0,Neutral,-0.4657429158687592,Negative
2016-11-07,0.0,,0.0,Neutral,-0.2328714579343796,Negative
2016-11-03,0.0,,0.0,Neutral,0.0,Neutral
2016-10-27,0.0,2016-10-27,0.7380070686340332,Strongly Positive,0.7380070686340332,Strongly Positive
2016-10-26,0.0,,0.0,Neutral,0.3690035343170166,Positive
2016-10-25,0.0,,0.0,Neutral,0.1845017671585083,Slightly Positive
2016-10-24,0.0,,0.0,Neutral,0.0,Neutral
2016-10-23,0.0,2016-10-23,-0.9054261445999146,Strongly Negative,-0.9054261445999146,Strongly Negative
2016-10-20,0.0,,0.0,Neutral,-0.4527130722999573,Negative
2016-10-19,0.0,,0.0,Neutral,-0.22635653614997864,Negative
2016-10-18,0.0,,0.0,Neutral,0.0,Neutral
2016-10-17,0.0,,0.0,Neutral,0.0,Neutral
2016-10-16,0.0,,0.0,Neutral,0.0,Neutral
2016-10-06,0.0,,0.0,Neutral,0.0,Neutral
2016-10-05,0.0,,0.0,Neutral,0.0,Neutral
2016-10-04,0.0,,0.0,Neutral,0.0,Neutral
2016-10-03,0.0,2016-10-03,0.1059269905090332,Slightly Positive,0.1059269905090332,Slightly Positive
2016-10-02,0.0,2016-10-02,0.8898768424987793,Strongly Positive,0.9428403377532959,Strongly Positive
2016-09-29,0.0,2016-09-29,0.9111406207084656,Strongly Positive,1.3825607895851135,Strongly Positive
2016-09-28,0.0,,0.0,Neutral,0.6780395209789276,Strongly Positive
2016-09-27,0.0,,0.0,Neutral,0.2277851551771164,Positive
2016-09-26,0.0,,0.0,Neutral,0.0,Neutral
2016-09-25,0.0,,0.0,Neutral,0.0,Neutral
2016-09-22,0.0,2016-09-22,0.0431180894374847,Neutral,0.0431180894374847,Neutral
2016-09-21,0.0,2016-09-21,0.8862911760807037,Strongly Positive,0.9078502207994461,Strongly Positive
2016-09-20,0.0,2016-09-20,0.9242508411407472,Strongly Positive,1.3781759515404701,Strongly Positive
2016-09-18,0.0,2016-09-18,0.8751511573791504,Strongly Positive,1.5588493719696999,Strongly Positive
2016-09-14,0.0,,0.0,Neutral,0.668638288974762,Strongly Positive
2016-09-12,0.0,2016-09-12,0.902121365070343,Strongly Positive,1.1209091544151306,Strongly Positive
2016-09-11,0.0,2016-09-11,0.8642315864562988,Strongly Positive,1.3152922689914703,Strongly Positive
2016-09-08,0.0,,0.0,Neutral,0.6576461344957352,Strongly Positive
2016-09-07,0.0,,0.0,Neutral,0.2160578966140747,Positive
2016-09-06,0.0,,0.0,Neutral,0.0,Neutral
2016-09-05,0.0,,0.0,Neutral,0.0,Neutral
2016-09-04,0.0,,0.0,Neutral,0.0,Neutral
2016-09-03,0.0,,0.0,Neutral,0.0,Neutral
2016-09-01,0.0,2016-09-01,0.7710901498794556,Strongly Positive,0.7710901498794556,Strongly Positive
2016-08-31,0.0,,0.0,Neutral,0.3855450749397278,Positive
2016-08-30,0.0,2016-08-30,-0.0680882036685943,Slightly Negative,0.12468433380126959,Slightly Positive
2016-08-29,0.0,,0.0,Neutral,-0.03404410183429715,Neutral
2016-08-28,0.0,,0.0,Neutral,-0.017022050917148576,Neutral
2016-08-24,0.0,,0.0,Neutral,0.0,Neutral
2016-08-23,0.0,,0.0,Neutral,0.0,Neutral
2016-08-22,0.0,,0.0,Neutral,0.0,Neutral
2016-08-21,0.0,,0.0,Neutral,0.0,Neutral
2016-08-17,0.0,,0.0,Neutral,0.0,Neutral
2016-08-16,0.0,2016-08-16,0.0269997715950012,Neutral,0.0269997715950012,Neutral
2016-08-15,0.0,,0.0,Neutral,0.0134998857975006,Neutral
2016-08-14,0.0,,0.0,Neutral,0.0067499428987503,Neutral
2016-08-11,0.0,,0.0,Neutral,0.0,Neutral
2016-08-10,0.0,,0.0,Neutral,0.0,Neutral
2016-08-09,0.0,,0.0,Neutral,0.0,Neutral
2016-08-08,0.0,,0.0,Neutral,0.0,Neutral
2016-08-07,0.0,,0.0,Neutral,0.0,Neutral
2016-08-04,0.0,,0.0,Neutral,0.0,Neutral
2016-08-03,0.0,,0.0,Neutral,0.0,Neutral
2016-08-02,0.0,,0.0,Neutral,0.0,Neutral
2016-08-01,0.0,,0.0,Neutral,0.0,Neutral
2016-07-31,0.0,,0.0,Neutral,0.0,Neutral
2016-07-28,0.0,,0.0,Neutral,0.0,Neutral
2016-07-27,0.0,,0.0,Neutral,0.0,Neutral
2016-07-26,0.0,,0.0,Neutral,0.0,Neutral
2016-07-25,0.0,,0.0,Neutral,0.0,Neutral
2016-07-21,0.0,2016-07-21,-0.5415614247322083,Negative,-0.5415614247322083,Negative
2016-07-20,0.0,,0.0,Neutral,-0.2707807123661041,Negative
2016-07-19,0.0,2016-07-19,-0.5339106917381287,Negative,-0.6693010479211807,Strongly Negative
2016-07-18,0.0,,0.0,Neutral,-0.26695534586906433,Negative
2016-07-17,0.0,2016-07-17,0.8322827219963074,Strongly Positive,0.6988050490617752,Strongly Positive
2016-07-14,0.0,,0.0,Neutral,0.4161413609981537,Positive
2016-07-13,0.0,,0.0,Neutral,0.20807068049907684,Positive
2016-07-12,0.0,,0.0,Neutral,0.0,Neutral
2016-07-11,0.0,,0.0,Neutral,0.0,Neutral
2016-07-10,0.0,2016-07-10,0.8081753253936768,Strongly Positive,0.8081753253936768,Strongly Positive
2016-07-06,0.0,,0.0,Neutral,0.4040876626968384,Positive
2016-07-05,0.0,,0.0,Neutral,0.2020438313484192,Positive
2016-07-04,0.0,,0.0,Neutral,0.0,Neutral
2016-07-03,0.0,,0.0,Neutral,0.0,Neutral
2016-06-30,0.0,,0.0,Neutral,0.0,Neutral
2016-06-29,0.0,,0.0,Neutral,0.0,Neutral
2016-06-28,0.0,,0.0,Neutral,0.0,Neutral
2016-06-27,0.0,,0.0,Neutral,0.0,Neutral
2016-06-26,0.0,,0.0,Neutral,0.0,Neutral
2016-06-23,0.0,2016-06-23,0.581391453742981,Positive,0.581391453742981,Positive
2016-06-22,0.0,,0.0,Neutral,0.2906957268714905,Positive
2016-06-21,0.0,,0.0,Neutral,0.14534786343574524,Slightly Positive
2016-06-20,0.0,,0.0,Neutral,0.0,Neutral
2016-06-19,0.0,2016-06-19,0.8847450613975525,Strongly Positive,0.8847450613975525,Strongly Positive
2016-06-16,0.0,,0.0,Neutral,0.44237253069877625,Positive
2016-06-15,0.0,2016-06-15,0.6763022541999817,Strongly Positive,0.8974885195493698,Strongly Positive
2016-06-14,0.0,,0.0,Neutral,0.33815112709999084,Positive
2016-06-13,0.0,,0.0,Neutral,0.16907556354999542,Slightly Positive
2016-06-12,0.0,,0.0,Neutral,0.0,Neutral
2016-06-09,0.0,,0.0,Neutral,0.0,Neutral
2016-06-08,0.0,,0.0,Neutral,0.0,Neutral
2016-06-07,0.0,,0.0,Neutral,0.0,Neutral
2016-06-06,0.0,,0.0,Neutral,0.0,Neutral
2016-06-05,0.0,2016-06-05,0.9090322256088256,Strongly Positive,0.9090322256088256,Strongly Positive
2016-06-02,0.0,2016-06-02,0.8896958827972412,Strongly Positive,1.344211995601654,Strongly Positive
2016-06-01,0.0,,0.0,Neutral,0.672105997800827,Strongly Positive
2016-05-31,0.0,,0.0,Neutral,0.2224239706993103,Positive
2016-05-30,0.0,2016-05-30,0.9280319213867188,Strongly Positive,0.9280319213867188,Strongly Positive
2016-05-29,0.0,,0.0,Neutral,0.4640159606933594,Positive
2016-05-26,0.0,,0.0,Neutral,0.2320079803466797,Positive
2016-05-25,0.0,,0.0,Neutral,0.0,Neutral
2016-05-24,0.0,,0.0,Neutral,0.0,Neutral
2016-05-23,0.0,,0.0,Neutral,0.0,Neutral
2016-05-22,0.0,,0.0,Neutral,0.0,Neutral
2016-05-19,0.0,,0.0,Neutral,0.0,Neutral
2016-05-18,0.0,,0.0,Neutral,0.0,Neutral
2016-05-17,0.0,2016-05-17,0.9240453839302064,Strongly Positive,0.9240453839302064,Strongly Positive
2016-05-16,0.0,,0.0,Neutral,0.4620226919651032,Positive
2016-05-15,0.0,,0.0,Neutral,0.2310113459825516,Positive
2016-05-12,0.0,,0.0,Neutral,0.0,Neutral
2016-05-11,0.0,,0.0,Neutral,0.0,Neutral
2016-05-10,0.0,2016-05-10,0.8823189735412598,Strongly Positive,0.8823189735412598,Strongly Positive
2016-05-09,0.0,,0.0,Neutral,0.4411594867706299,Positive
2016-05-08,0.0,,0.0,Neutral,0.22057974338531494,Positive
2016-05-05,0.0,,0.0,Neutral,0.0,Neutral
2016-05-04,0.0,,0.0,Neutral,0.0,Neutral
2016-05-03,0.0,,0.0,Neutral,0.0,Neutral
2016-05-02,0.0,,0.0,Neutral,0.0,Neutral
2016-04-28,0.0,2016-04-28,-0.6809363961219788,Strongly Negative,-0.6809363961219788,Strongly Negative
2016-04-27,0.0,2016-04-27,0.1160554587841034,Slightly Positive,-0.224412739276886,Negative
2016-04-26,0.0,,0.0,Neutral,-0.112206369638443,Slightly Negative
2016-04-25,0.0,,0.0,Neutral,0.02901386469602585,Neutral
2016-04-24,0.0,,0.0,Neutral,0.0,Neutral
2016-04-21,0.0,,0.0,Neutral,0.0,Neutral
2016-04-20,0.0,2016-04-20,0.7522884607315063,Strongly Positive,0.7522884607315063,Strongly Positive
2016-04-19,0.0,2016-04-19,-0.926275670528412,Strongly Negative,-0.5501314401626588,Negative
2016-04-18,0.0,2016-04-18,0.0300204027444124,Neutral,-0.24504531733691698,Negative
2016-04-17,0.0,2016-04-17,0.9084632992744446,Strongly Positive,0.6919045830145478,Strongly Positive
2016-04-14,0.0,,0.0,Neutral,0.4617367503233254,Positive
2016-04-12,0.0,,0.0,Neutral,0.22711582481861115,Positive
2016-04-11,0.0,,0.0,Neutral,0.0,Neutral
2016-04-10,0.0,,0.0,Neutral,0.0,Neutral
2016-04-06,0.0,,0.0,Neutral,0.0,Neutral
2016-04-05,0.0,,0.0,Neutral,0.0,Neutral
2016-04-04,0.0,,0.0,Neutral,0.0,Neutral
2016-04-03,0.0,,0.0,Neutral,0.0,Neutral
2016-03-31,0.0,,0.0,Neutral,0.0,Neutral
2016-03-30,0.0,,0.0,Neutral,0.0,Neutral
2016-03-29,0.0,,0.0,Neutral,0.0,Neutral
2016-03-28,0.0,2016-03-28,0.5935075283050537,Positive,0.5935075283050537,Positive
2016-03-27,0.0,,0.0,Neutral,0.29675376415252686,Positive
2016-03-24,0.0,2016-03-24,0.9060111045837402,Strongly Positive,1.0543879866600037,Strongly Positive
2016-03-23,0.0,,0.0,Neutral,0.4530055522918701,Positive
2016-03-21,0.0,,0.0,Neutral,0.22650277614593506,Positive
2016-03-20,0.0,,0.0,Neutral,0.0,Neutral
2016-03-17,0.0,2016-03-17,0.7216230034828186,Strongly Positive,0.7216230034828186,Strongly Positive
2016-03-16,0.0,2016-03-16,-0.7536658644676208,Strongly Negative,-0.39285436272621155,Negative
2016-03-15,0.0,2016-03-15,0.789482593536377,Strongly Positive,0.5930554121732712,Positive
2016-03-14,0.0,,0.0,Neutral,0.20632483065128326,Positive
2016-03-13,0.0,,0.0,Neutral,0.19737064838409424,Slightly Positive
2016-03-10,0.0,,0.0,Neutral,0.0,Neutral
2016-03-06,0.0,,0.0,Neutral,0.0,Neutral
2016-03-03,0.0,2016-03-03,0.7107265591621399,Strongly Positive,0.7107265591621399,Strongly Positive
2016-03-02,0.0,,0.0,Neutral,0.35536327958106995,Positive
2016-03-01,0.0,,0.0,Neutral,0.17768163979053497,Slightly Positive
2016-02-29,0.0,2016-02-29,0.6740023493766785,Strongly Positive,0.6740023493766785,Strongly Positive
2016-02-28,0.0,,0.0,Neutral,0.33700117468833923,Positive
2016-02-25,0.0,2016-02-25,0.8789723515510559,Strongly Positive,1.0474729388952255,Strongly Positive
2016-02-23,0.0,,0.0,Neutral,0.43948617577552795,Positive
2016-02-22,0.0,,0.0,Neutral,0.21974308788776398,Positive
2016-02-21,0.0,,0.0,Neutral,0.0,Neutral
2016-02-18,0.0,,0.0,Neutral,0.0,Neutral
2016-02-17,0.0,,0.0,Neutral,0.0,Neutral
2016-02-16,0.0,,0.0,Neutral,0.0,Neutral
2016-02-15,0.0,,0.0,Neutral,0.0,Neutral
2016-02-14,0.0,2016-02-14,0.8966696262359619,Strongly Positive,0.8966696262359619,Strongly Positive
2016-02-11,0.0,,0.0,Neutral,0.44833481311798096,Positive
2016-02-08,0.0,,0.0,Neutral,0.22416740655899048,Positive
2016-02-07,0.0,,0.0,Neutral,0.0,Neutral
2016-02-04,0.0,,0.0,Neutral,0.0,Neutral
2016-02-03,0.0,,0.0,Neutral,0.0,Neutral
2016-02-02,0.0,2016-02-02,0.6775474548339844,Strongly Positive,0.6775474548339844,Strongly Positive
2016-02-01,0.0,,0.0,Neutral,0.3387737274169922,Positive
2016-01-31,0.0,,0.0,Neutral,0.1693868637084961,Slightly Positive
2016-01-28,0.0,,0.0,Neutral,0.0,Neutral
2016-01-27,0.0,,0.0,Neutral,0.0,Neutral
2016-01-26,0.0,,0.0,Neutral,0.0,Neutral
2016-01-25,0.0,,0.0,Neutral,0.0,Neutral
2016-01-24,0.0,,0.0,Neutral,0.0,Neutral
2016-01-21,0.0,2016-01-21,-0.93006694316864,Strongly Negative,-0.93006694316864,Strongly Negative
2016-01-20,0.0,,0.0,Neutral,-0.46503347158432,Negative
2016-01-19,0.0,,0.0,Neutral,-0.23251673579216,Negative
2016-01-18,0.0,,0.0,Neutral,0.0,Neutral
2016-01-17,0.0,,0.0,Neutral,0.0,Neutral
2016-01-14,0.0,,0.0,Neutral,0.0,Neutral
2016-01-13,0.0,,0.0,Neutral,0.0,Neutral
2016-01-12,0.0,,0.0,Neutral,0.0,Neutral
2016-01-11,0.0,2016-01-11,0.6818904876708984,Strongly Positive,0.6818904876708984,Strongly Positive
2016-01-10,0.0,,0.0,Neutral,0.3409452438354492,Positive
2016-01-07,0.0,,0.0,Neutral,0.1704726219177246,Slightly Positive
2016-01-06,0.0,,0.0,Neutral,0.0,Neutral
2016-01-05,0.0,,0.0,Neutral,0.0,Neutral
2016-01-04,0.0,,0.0,Neutral,0.0,Neutral
2016-01-03,0.0,,0.0,Neutral,0.0,Neutral
2015-12-31,0.0,,0.0,Neutral,0.0,Neutral
2015-12-29,0.0,,0.0,Neutral,0.0,Neutral
2015-12-28,0.0,,0.0,Neutral,0.0,Neutral
2015-12-27,0.0,,0.0,Neutral,0.0,Neutral
2015-12-24,0.0,,0.0,Neutral,0.0,Neutral
2015-12-23,0.0,,0.0,Neutral,0.0,Neutral
2015-12-22,0.0,,0.0,Neutral,0.0,Neutral
2015-12-21,0.0,,0.0,Neutral,0.0,Neutral
2015-12-20,0.0,,0.0,Neutral,0.0,Neutral
2015-12-17,0.0,,0.0,Neutral,0.0,Neutral
2015-12-16,0.0,,0.0,Neutral,0.0,Neutral
2015-12-15,0.0,,0.0,Neutral,0.0,Neutral
2015-12-14,0.0,,0.0,Neutral,0.0,Neutral
2015-12-13,0.0,,0.0,Neutral,0.0,Neutral
2015-12-10,0.0,,0.0,Neutral,0.0,Neutral
2015-12-09,0.0,,0.0,Neutral,0.0,Neutral
2015-12-08,0.0,,0.0,Neutral,0.0,Neutral
2015-12-07,0.0,2015-12-07,0.9273107945919036,Strongly Positive,0.9273107945919036,Strongly Positive
2015-12-06,0.0,,0.0,Neutral,0.4636553972959518,Positive
2015-12-03,0.0,2015-12-03,0.9220194220542908,Strongly Positive,1.1538471207022667,Strongly Positive
2015-12-02,997.0,,0.0,Neutral,0.4610097110271454,Positive
2015-12-01,0.0,2015-12-01,-0.5810050964355469,Negative,-0.3505002409219742,Negative
2015-11-29,975.0,2015-11-29,0.923660397529602,Strongly Positive,0.6331578493118286,Strongly Positive
2015-11-26,990.0,,0.0,Neutral,0.3165789246559143,Positive
2015-11-25,981.0,,0.0,Neutral,0.2309150993824005,Positive
2015-11-24,995.0,,0.0,Neutral,0.0,Neutral
2015-11-23,990.0,,0.0,Neutral,0.0,Neutral
2015-11-22,987.0,,0.0,Neutral,0.0,Neutral
2015-11-19,0.0,,0.0,Neutral,0.0,Neutral
2015-11-18,0.0,,0.0,Neutral,0.0,Neutral
2015-11-16,0.0,,0.0,Neutral,0.0,Neutral
2015-11-15,0.0,,0.0,Neutral,0.0,Neutral
2015-11-10,0.0,,0.0,Neutral,0.0,Neutral
2015-11-09,0.0,,0.0,Neutral,0.0,Neutral
2015-11-08,998.0,,0.0,Neutral,0.0,Neutral
2015-11-05,996.0,,0.0,Neutral,0.0,Neutral
2015-11-04,0.0,,0.0,Neutral,0.0,Neutral
2015-11-03,0.0,,0.0,Neutral,0.0,Neutral
2015-11-02,0.0,,0.0,Neutral,0.0,Neutral
2015-11-01,986.0,,0.0,Neutral,0.0,Neutral
2015-10-29,0.0,,0.0,Neutral,0.0,Neutral
2015-10-28,0.0,,0.0,Neutral,0.0,Neutral
2015-10-27,0.0,,0.0,Neutral,0.0,Neutral
2015-10-25,0.0,,0.0,Neutral,0.0,Neutral
2015-10-19,0.0,,0.0,Neutral,0.0,Neutral
2015-10-18,0.0,,0.0,Neutral,0.0,Neutral
2015-10-15,0.0,2015-10-15,0.906463861465454,Strongly Positive,0.906463861465454,Strongly Positive
2015-10-14,0.0,,0.0,Neutral,0.453231930732727,Positive
2015-10-11,0.0,,0.0,Neutral,0.2266159653663635,Positive
2015-10-08,0.0,,0.0,Neutral,0.0,Neutral
2015-10-07,0.0,,0.0,Neutral,0.0,Neutral
2015-10-06,0.0,,0.0,Neutral,0.0,Neutral
2015-10-05,0.0,,0.0,Neutral,0.0,Neutral
2015-10-04,0.0,,0.0,Neutral,0.0,Neutral
2015-10-01,0.0,2015-10-01,-0.1944545805454254,Slightly Negative,-0.1944545805454254,Slightly Negative
2015-09-30,0.0,,0.0,Neutral,-0.0972272902727127,Slightly Negative
2015-09-29,0.0,2015-09-29,0.6452875137329102,Strongly Positive,0.5966738685965538,Positive
2015-09-28,0.0,,0.0,Neutral,0.3226437568664551,Positive
2015-09-24,0.0,2015-09-24,0.9214875102043152,Strongly Positive,1.0828093886375427,Strongly Positive
2015-09-23,0.0,2015-09-23,0.8798791170120239,Strongly Positive,1.3406228721141815,Strongly Positive
2015-09-22,0.0,2015-09-22,0.9070401191711426,Strongly Positive,1.5773515552282333,Strongly Positive
2015-09-17,0.0,,0.0,Neutral,0.6734898388385773,Strongly Positive
2015-09-16,0.0,,0.0,Neutral,0.22676002979278564,Positive
2015-09-15,0.0,,0.0,Neutral,0.0,Neutral
2015-09-14,0.0,,0.0,Neutral,0.0,Neutral
2015-09-13,0.0,,0.0,Neutral,0.0,Neutral
2015-09-10,0.0,,0.0,Neutral,0.0,Neutral
2015-09-09,0.0,,0.0,Neutral,0.0,Neutral
2015-09-08,0.0,,0.0,Neutral,0.0,Neutral
2015-09-07,0.0,,0.0,Neutral,0.0,Neutral
2015-09-06,0.0,,0.0,Neutral,0.0,Neutral
2015-09-03,0.0,2015-09-03,0.8332056999206543,Strongly Positive,0.8332056999206543,Strongly Positive
2015-09-02,0.0,,0.0,Neutral,0.41660284996032715,Positive
2015-09-01,0.0,,0.0,Neutral,0.20830142498016357,Positive
2015-08-31,0.0,,0.0,Neutral,0.0,Neutral
2015-08-27,0.0,,0.0,Neutral,0.0,Neutral
2015-08-26,0.0,2015-08-26,0.0012254416942596,Neutral,0.0012254416942596,Neutral
2015-08-25,0.0,,0.0,Neutral,0.0006127208471298,Neutral
2015-08-24,0.0,,0.0,Neutral,0.0003063604235649,Neutral
2015-08-23,0.0,,0.0,Neutral,0.0,Neutral
2015-08-20,0.0,,0.0,Neutral,0.0,Neutral
2015-08-19,0.0,,0.0,Neutral,0.0,Neutral
2015-08-18,0.0,,0.0,Neutral,0.0,Neutral
2015-08-17,0.0,,0.0,Neutral,0.0,Neutral
2015-08-16,0.0,,0.0,Neutral,0.0,Neutral
2015-08-13,0.0,,0.0,Neutral,0.0,Neutral
2015-08-12,0.0,,0.0,Neutral,0.0,Neutral
2015-08-11,0.0,,0.0,Neutral,0.0,Neutral
2015-08-10,0.0,,0.0,Neutral,0.0,Neutral
2015-08-09,0.0,,0.0,Neutral,0.0,Neutral
2015-08-06,0.0,,0.0,Neutral,0.0,Neutral
2015-08-05,0.0,,0.0,Neutral,0.0,Neutral
2015-08-04,0.0,,0.0,Neutral,0.0,Neutral
2015-08-03,0.0,2015-08-03,0.8893616795539856,Strongly Positive,0.8893616795539856,Strongly Positive
2015-08-02,0.0,,0.0,Neutral,0.4446808397769928,Positive
2015-07-30,0.0,,0.0,Neutral,0.2223404198884964,Positive
2015-07-29,0.0,,0.0,Neutral,0.0,Neutral
2015-07-28,0.0,,0.0,Neutral,0.0,Neutral
2015-07-27,0.0,,0.0,Neutral,0.0,Neutral
2015-07-26,0.0,,0.0,Neutral,0.0,Neutral
2015-07-23,985.0,,0.0,Neutral,0.0,Neutral
2015-07-22,974.0,2015-07-22,-0.7776907086372375,Strongly Negative,-0.7776907086372375,Strongly Negative
2015-07-16,0.0,,0.0,Neutral,-0.3888453543186188,Negative
2015-07-15,992.0,,0.0,Neutral,-0.1944226771593094,Slightly Negative
2015-07-14,0.0,,0.0,Neutral,0.0,Neutral
2015-07-12,0.0,,0.0,Neutral,0.0,Neutral
2015-07-09,0.0,,0.0,Neutral,0.0,Neutral
2015-07-08,995.0,,0.0,Neutral,0.0,Neutral
2015-07-07,987.0,,0.0,Neutral,0.0,Neutral
2015-07-06,985.0,,0.0,Neutral,0.0,Neutral
2015-07-05,0.0,,0.0,Neutral,0.0,Neutral
2015-07-02,0.0,,0.0,Neutral,0.0,Neutral
2015-07-01,0.0,2015-07-01,0.9069263339042664,Strongly Positive,0.9069263339042664,Strongly Positive
2015-06-30,0.0,,0.0,Neutral,0.4534631669521332,Positive
2015-06-29,0.0,,0.0,Neutral,0.2267315834760666,Positive
2015-06-28,980.0,,0.0,Neutral,0.0,Neutral
2015-06-25,960.0,,0.0,Neutral,0.0,Neutral
2015-06-24,960.0,,0.0,Neutral,0.0,Neutral
2015-06-23,964.0,,0.0,Neutral,0.0,Neutral
2015-06-22,930.0,,0.0,Neutral,0.0,Neutral
2015-06-21,930.0,,0.0,Neutral,0.0,Neutral
2015-06-18,940.0,,0.0,Neutral,0.0,Neutral
2015-06-17,940.0,,0.0,Neutral,0.0,Neutral
2015-06-16,950.0,,0.0,Neutral,0.0,Neutral
2015-06-15,944.0,,0.0,Neutral,0.0,Neutral
2015-06-14,944.0,,0.0,Neutral,0.0,Neutral
2015-06-11,940.0,,0.0,Neutral,0.0,Neutral
2015-06-10,960.0,,0.0,Neutral,0.0,Neutral
2015-06-09,932.0,,0.0,Neutral,0.0,Neutral
2015-06-08,950.0,,0.0,Neutral,0.0,Neutral
2015-06-07,960.0,,0.0,Neutral,0.0,Neutral
2015-06-04,960.0,2015-06-04,0.895082950592041,Strongly Positive,0.895082950592041,Strongly Positive
2015-06-03,946.0,,0.0,Neutral,0.4475414752960205,Positive
2015-06-02,860.0,,0.0,Neutral,0.22377073764801025,Positive
2015-05-31,785.0,,0.0,Neutral,0.0,Neutral
2015-05-28,790.0,,0.0,Neutral,0.0,Neutral
2015-05-26,822.0,,0.0,Neutral,0.0,Neutral
2015-04-23,0.0,,0.0,Neutral,0.0,Neutral
2015-04-22,0.0,2015-04-22,0.3517574965953827,Positive,0.3517574965953827,Positive
2015-04-21,0.0,,0.0,Neutral,0.17587874829769135,Slightly Positive
2015-04-20,0.0,2015-04-20,-0.9280198216438292,Strongly Negative,-0.8400804474949836,Strongly Negative
2015-04-19,0.0,,0.0,Neutral,-0.4640099108219146,Negative
2015-04-16,0.0,,0.0,Neutral,-0.2320049554109573,Negative
2015-04-15,0.0,,0.0,Neutral,0.0,Neutral
2015-04-13,0.0,,0.0,Neutral,0.0,Neutral
2015-04-12,0.0,,0.0,Neutral,0.0,Neutral
2015-04-09,0.0,,0.0,Neutral,0.0,Neutral
2015-04-08,0.0,,0.0,Neutral,0.0,Neutral
2015-04-07,0.0,,0.0,Neutral,0.0,Neutral
2015-04-06,0.0,,0.0,Neutral,0.0,Neutral
2015-04-05,0.0,,0.0,Neutral,0.0,Neutral
2015-04-02,0.0,,0.0,Neutral,0.0,Neutral
2015-04-01,0.0,,0.0,Neutral,0.0,Neutral
2015-03-31,0.0,,0.0,Neutral,0.0,Neutral
2015-03-30,0.0,,0.0,Neutral,0.0,Neutral
2015-03-29,0.0,,0.0,Neutral,0.0,Neutral
2015-03-26,0.0,,0.0,Neutral,0.0,Neutral
2015-03-25,0.0,,0.0,Neutral,0.0,Neutral
2015-03-24,0.0,,0.0,Neutral,0.0,Neutral
2015-03-23,0.0,,0.0,Neutral,0.0,Neutral
2015-03-22,0.0,,0.0,Neutral,0.0,Neutral
2015-03-19,0.0,,0.0,Neutral,0.0,Neutral
2015-03-18,0.0,,0.0,Neutral,0.0,Neutral
2015-03-17,0.0,,0.0,Neutral,0.0,Neutral
2015-03-16,0.0,,0.0,Neutral,0.0,Neutral
2015-03-15,0.0,,0.0,Neutral,0.0,Neutral
2015-03-12,0.0,,0.0,Neutral,0.0,Neutral
2015-03-11,0.0,,0.0,Neutral,0.0,Neutral
2015-03-10,0.0,,0.0,Neutral,0.0,Neutral
2015-03-09,0.0,,0.0,Neutral,0.0,Neutral
2015-03-04,0.0,,0.0,Neutral,0.0,Neutral
2015-03-03,0.0,,0.0,Neutral,0.0,Neutral
2015-03-02,0.0,,0.0,Neutral,0.0,Neutral
2015-03-01,0.0,,0.0,Neutral,0.0,Neutral
2015-02-26,0.0,,0.0,Neutral,0.0,Neutral
2015-02-25,0.0,,0.0,Neutral,0.0,Neutral
2015-02-24,0.0,,0.0,Neutral,0.0,Neutral
2015-02-23,0.0,,0.0,Neutral,0.0,Neutral
2015-02-22,0.0,,0.0,Neutral,0.0,Neutral
2015-02-18,0.0,,0.0,Neutral,0.0,Neutral
2015-02-16,0.0,,0.0,Neutral,0.0,Neutral
2015-02-15,0.0,,0.0,Neutral,0.0,Neutral
2015-02-12,0.0,,0.0,Neutral,0.0,Neutral
2015-02-11,0.0,,0.0,Neutral,0.0,Neutral
2015-02-10,0.0,,0.0,Neutral,0.0,Neutral
2015-02-09,0.0,,0.0,Neutral,0.0,Neutral
2015-02-08,0.0,,0.0,Neutral,0.0,Neutral
2015-02-05,0.0,,0.0,Neutral,0.0,Neutral
2015-02-04,0.0,,0.0,Neutral,0.0,Neutral
2015-02-03,0.0,,0.0,Neutral,0.0,Neutral
2015-02-02,0.0,,0.0,Neutral,0.0,Neutral
2015-02-01,0.0,,0.0,Neutral,0.0,Neutral
2015-01-29,0.0,,0.0,Neutral,0.0,Neutral
2015-01-28,0.0,,0.0,Neutral,0.0,Neutral
2015-01-27,0.0,,0.0,Neutral,0.0,Neutral
2015-01-26,0.0,,0.0,Neutral,0.0,Neutral
2015-01-25,0.0,,0.0,Neutral,0.0,Neutral
2015-01-22,0.0,,0.0,Neutral,0.0,Neutral
2015-01-20,0.0,,0.0,Neutral,0.0,Neutral
2015-01-19,0.0,2015-01-19,-0.893301248550415,Strongly Negative,-0.893301248550415,Strongly Negative
2015-01-18,0.0,,0.0,Neutral,-0.4466506242752075,Negative
2015-01-14,0.0,,0.0,Neutral,-0.22332531213760376,Negative
2015-01-13,0.0,,0.0,Neutral,0.0,Neutral
2015-01-12,0.0,,0.0,Neutral,0.0,Neutral
2015-01-11,0.0,,0.0,Neutral,0.0,Neutral
2015-01-08,0.0,,0.0,Neutral,0.0,Neutral
2015-01-07,0.0,,0.0,Neutral,0.0,Neutral
2015-01-06,0.0,,0.0,Neutral,0.0,Neutral
2015-01-05,0.0,,0.0,Neutral,0.0,Neutral
2015-01-04,0.0,2015-01-04,0.9143463969230652,Strongly Positive,0.9143463969230652,Strongly Positive
2015-01-01,0.0,,0.0,Neutral,0.4571731984615326,Positive
2014-12-31,0.0,,0.0,Neutral,0.2285865992307663,Positive
2014-12-29,0.0,,0.0,Neutral,0.0,Neutral
2014-12-28,0.0,,0.0,Neutral,0.0,Neutral
2014-12-24,0.0,,0.0,Neutral,0.0,Neutral
2014-12-23,0.0,,0.0,Neutral,0.0,Neutral
2014-12-22,0.0,,0.0,Neutral,0.0,Neutral
2014-12-21,0.0,,0.0,Neutral,0.0,Neutral
2014-12-18,0.0,,0.0,Neutral,0.0,Neutral
2014-12-17,0.0,,0.0,Neutral,0.0,Neutral
2014-12-16,0.0,,0.0,Neutral,0.0,Neutral
2014-12-15,0.0,,0.0,Neutral,0.0,Neutral
2014-12-14,0.0,,0.0,Neutral,0.0,Neutral
2014-12-11,0.0,,0.0,Neutral,0.0,Neutral
2014-12-10,0.0,,0.0,Neutral,0.0,Neutral
2014-12-09,0.0,,0.0,Neutral,0.0,Neutral
2014-12-08,0.0,,0.0,Neutral,0.0,Neutral
2014-12-07,0.0,,0.0,Neutral,0.0,Neutral
2014-12-04,0.0,,0.0,Neutral,0.0,Neutral
2014-12-03,0.0,,0.0,Neutral,0.0,Neutral
2014-12-02,0.0,,0.0,Neutral,0.0,Neutral
2014-12-01,0.0,,0.0,Neutral,0.0,Neutral
2014-11-30,0.0,,0.0,Neutral,0.0,Neutral
2014-11-25,0.0,,0.0,Neutral,0.0,Neutral
2014-11-24,0.0,,0.0,Neutral,0.0,Neutral
2014-11-23,0.0,,0.0,Neutral,0.0,Neutral
2014-11-20,0.0,,0.0,Neutral,0.0,Neutral
2014-11-19,0.0,,0.0,Neutral,0.0,Neutral
2014-11-18,0.0,,0.0,Neutral,0.0,Neutral
2014-11-17,0.0,2014-11-17,0.198180817067623,Slightly Positive,0.198180817067623,Slightly Positive
2014-11-16,0.0,,0.0,Neutral,0.0990904085338115,Slightly Positive
2014-11-13,0.0,,0.0,Neutral,0.04954520426690575,Neutral
2014-11-12,0.0,,0.0,Neutral,0.0,Neutral
2014-11-11,0.0,,0.0,Neutral,0.0,Neutral
2014-11-10,0.0,,0.0,Neutral,0.0,Neutral
2014-11-09,0.0,,0.0,Neutral,0.0,Neutral
2014-11-06,0.0,,0.0,Neutral,0.0,Neutral
2014-11-05,0.0,,0.0,Neutral,0.0,Neutral
2014-11-04,0.0,,0.0,Neutral,0.0,Neutral
2014-11-03,0.0,,0.0,Neutral,0.0,Neutral
2014-11-02,0.0,,0.0,Neutral,0.0,Neutral
2014-10-30,0.0,,0.0,Neutral,0.0,Neutral
2014-10-28,0.0,,0.0,Neutral,0.0,Neutral
2014-10-27,0.0,2014-10-27,-0.8635430335998535,Strongly Negative,-0.8635430335998535,Strongly Negative
2014-10-26,0.0,,0.0,Neutral,-0.43177151679992676,Negative
2014-10-22,0.0,,0.0,Neutral,-0.21588575839996338,Negative
2014-10-21,0.0,,0.0,Neutral,0.0,Neutral
2014-10-20,0.0,,0.0,Neutral,0.0,Neutral
2014-10-19,0.0,,0.0,Neutral,0.0,Neutral
2014-10-16,0.0,,0.0,Neutral,0.0,Neutral
2014-10-15,0.0,,0.0,Neutral,0.0,Neutral
2014-10-14,0.0,,0.0,Neutral,0.0,Neutral
2014-10-13,0.0,,0.0,Neutral,0.0,Neutral
2014-10-12,0.0,,0.0,Neutral,0.0,Neutral
2014-10-09,0.0,,0.0,Neutral,0.0,Neutral
2014-10-08,0.0,,0.0,Neutral,0.0,Neutral
2014-09-30,0.0,,0.0,Neutral,0.0,Neutral
2014-09-29,0.0,,0.0,Neutral,0.0,Neutral
2014-09-28,0.0,,0.0,Neutral,0.0,Neutral
2014-09-24,0.0,,0.0,Neutral,0.0,Neutral
2014-09-23,0.0,,0.0,Neutral,0.0,Neutral
2014-09-22,0.0,,0.0,Neutral,0.0,Neutral
2014-09-21,0.0,,0.0,Neutral,0.0,Neutral
2014-09-18,0.0,,0.0,Neutral,0.0,Neutral
2014-09-17,0.0,,0.0,Neutral,0.0,Neutral
2014-09-16,0.0,,0.0,Neutral,0.0,Neutral
2014-09-15,0.0,,0.0,Neutral,0.0,Neutral
2014-09-14,0.0,,0.0,Neutral,0.0,Neutral
2014-09-11,0.0,2014-09-11,-0.7906786203384399,Strongly Negative,-0.7906786203384399,Strongly Negative
2014-09-10,0.0,,0.0,Neutral,-0.39533931016921997,Negative
2014-09-09,0.0,,0.0,Neutral,-0.19766965508460999,Slightly Negative
2014-09-07,986.0,,0.0,Neutral,0.0,Neutral
2014-09-04,0.0,,0.0,Neutral,0.0,Neutral
2014-09-03,0.0,,0.0,Neutral,0.0,Neutral
2014-09-01,0.0,,0.0,Neutral,0.0,Neutral
2014-08-31,0.0,,0.0,Neutral,0.0,Neutral
2014-08-28,0.0,,0.0,Neutral,0.0,Neutral
2014-08-27,0.0,,0.0,Neutral,0.0,Neutral
2014-08-26,956.0,,0.0,Neutral,0.0,Neutral
2014-08-25,927.0,,0.0,Neutral,0.0,Neutral
2014-08-24,0.0,,0.0,Neutral,0.0,Neutral
2014-08-21,0.0,,0.0,Neutral,0.0,Neutral
2014-08-20,0.0,,0.0,Neutral,0.0,Neutral
2014-08-19,0.0,,0.0,Neutral,0.0,Neutral
2014-08-18,0.0,,0.0,Neutral,0.0,Neutral
2014-08-14,0.0,,0.0,Neutral,0.0,Neutral
2014-08-13,0.0,,0.0,Neutral,0.0,Neutral
2014-08-12,0.0,,0.0,Neutral,0.0,Neutral
2014-08-07,0.0,,0.0,Neutral,0.0,Neutral
2014-08-06,0.0,,0.0,Neutral,0.0,Neutral
2014-08-05,0.0,,0.0,Neutral,0.0,Neutral
2014-08-04,0.0,,0.0,Neutral,0.0,Neutral
2014-08-03,0.0,,0.0,Neutral,0.0,Neutral
2014-07-31,0.0,,0.0,Neutral,0.0,Neutral
2014-07-30,0.0,,0.0,Neutral,0.0,Neutral
2014-07-28,0.0,,0.0,Neutral,0.0,Neutral
2014-07-27,0.0,,0.0,Neutral,0.0,Neutral
2014-07-24,0.0,2014-07-24,-0.9164826273918152,Strongly Negative,-0.9164826273918152,Strongly Negative
2014-07-23,0.0,2014-07-23,-0.9311224818229676,Strongly Negative,-1.3893637955188751,Strongly Negative
2014-07-22,0.0,,0.0,Neutral,-0.6946818977594376,Strongly Negative
2014-07-21,0.0,,0.0,Neutral,-0.2327806204557419,Negative
2014-07-20,0.0,,0.0,Neutral,0.0,Neutral
2014-07-17,0.0,,0.0,Neutral,0.0,Neutral
2014-07-16,0.0,,0.0,Neutral,0.0,Neutral
2014-07-15,0.0,,0.0,Neutral,0.0,Neutral
2014-07-14,0.0,,0.0,Neutral,0.0,Neutral
2014-07-13,0.0,,0.0,Neutral,0.0,Neutral
2014-07-10,0.0,,0.0,Neutral,0.0,Neutral
2014-07-09,0.0,,0.0,Neutral,0.0,Neutral
2014-07-08,0.0,,0.0,Neutral,0.0,Neutral
2014-07-07,0.0,,0.0,Neutral,0.0,Neutral
2014-07-06,0.0,,0.0,Neutral,0.0,Neutral
2014-07-03,0.0,,0.0,Neutral,0.0,Neutral
2014-07-02,0.0,,0.0,Neutral,0.0,Neutral
2014-07-01,0.0,,0.0,Neutral,0.0,Neutral
2014-06-30,0.0,,0.0,Neutral,0.0,Neutral
2014-06-29,0.0,,0.0,Neutral,0.0,Neutral
2014-06-26,0.0,,0.0,Neutral,0.0,Neutral
2014-06-25,0.0,,0.0,Neutral,0.0,Neutral
2014-06-24,0.0,,0.0,Neutral,0.0,Neutral
2014-06-23,0.0,2014-06-23,0.8464714288711548,Strongly Positive,0.8464714288711548,Strongly Positive
2014-06-19,0.0,,0.0,Neutral,0.4232357144355774,Positive
2014-06-18,0.0,,0.0,Neutral,0.2116178572177887,Positive
2014-06-17,0.0,,0.0,Neutral,0.0,Neutral
2014-06-16,981.0,,0.0,Neutral,0.0,Neutral
2014-06-15,929.0,,0.0,Neutral,0.0,Neutral
2014-06-12,890.0,,0.0,Neutral,0.0,Neutral
2014-06-11,875.0,2014-06-11,0.2576161623001098,Positive,0.2576161623001098,Positive
2014-06-10,872.0,,0.0,Neutral,0.1288080811500549,Slightly Positive
2014-06-09,870.0,,0.0,Neutral,0.06440404057502745,Slightly Positive
2014-06-08,861.0,,0.0,Neutral,0.0,Neutral
2014-06-05,870.0,,0.0,Neutral,0.0,Neutral
2014-06-04,889.0,,0.0,Neutral,0.0,Neutral
2014-06-03,855.0,,0.0,Neutral,0.0,Neutral
2014-06-02,862.0,,0.0,Neutral,0.0,Neutral
2014-06-01,875.0,,0.0,Neutral,0.0,Neutral
2014-05-28,890.0,,0.0,Neutral,0.0,Neutral
2014-05-27,893.0,,0.0,Neutral,0.0,Neutral
2014-05-26,895.0,,0.0,Neutral,0.0,Neutral
2014-05-25,900.0,,0.0,Neutral,0.0,Neutral
2014-05-22,882.0,2014-05-22,0.4946221709251404,Positive,0.4946221709251404,Positive
2014-05-21,882.0,,0.0,Neutral,0.2473110854625702,Positive
2014-05-20,883.0,2014-05-20,0.872773289680481,Strongly Positive,0.996428832411766,Strongly Positive
2014-05-19,930.0,,0.0,Neutral,0.4363866448402405,Positive
2014-05-18,945.0,,0.0,Neutral,0.21819332242012024,Positive
2014-05-15,995.0,,0.0,Neutral,0.0,Neutral
2014-05-13,999.0,,0.0,Neutral,0.0,Neutral
2014-05-12,0.0,,0.0,Neutral,0.0,Neutral
2014-05-11,996.0,,0.0,Neutral,0.0,Neutral
2014-05-08,980.0,,0.0,Neutral,0.0,Neutral
2014-05-07,0.0,,0.0,Neutral,0.0,Neutral
2014-05-06,0.0,,0.0,Neutral,0.0,Neutral
2014-05-05,0.0,,0.0,Neutral,0.0,Neutral
2014-05-04,0.0,,0.0,Neutral,0.0,Neutral
2014-04-30,0.0,,0.0,Neutral,0.0,Neutral
2014-04-29,981.0,,0.0,Neutral,0.0,Neutral
2014-04-28,948.0,,0.0,Neutral,0.0,Neutral
2014-04-27,906.0,,0.0,Neutral,0.0,Neutral
2014-04-23,901.0,,0.0,Neutral,0.0,Neutral
2014-04-22,881.0,,0.0,Neutral,0.0,Neutral
2014-04-21,870.0,,0.0,Neutral,0.0,Neutral
2014-04-20,890.0,2014-04-20,-0.8709391951560974,Strongly Negative,-0.8709391951560974,Strongly Negative
2014-04-17,901.0,,0.0,Neutral,-0.4354695975780487,Negative
2014-04-16,905.0,,0.0,Neutral,-0.21773479878902435,Negative
2014-04-15,905.0,,0.0,Neutral,0.0,Neutral
2014-04-13,910.0,,0.0,Neutral,0.0,Neutral
2014-04-10,900.0,,0.0,Neutral,0.0,Neutral
2014-04-09,826.0,,0.0,Neutral,0.0,Neutral
2014-04-07,772.0,,0.0,Neutral,0.0,Neutral
2014-04-06,774.0,,0.0,Neutral,0.0,Neutral
2014-04-03,809.0,,0.0,Neutral,0.0,Neutral
2014-04-02,815.0,,0.0,Neutral,0.0,Neutral
2014-04-01,810.0,,0.0,Neutral,0.0,Neutral
2014-03-31,790.0,,0.0,Neutral,0.0,Neutral
2014-03-27,755.0,,0.0,Neutral,0.0,Neutral
2014-03-26,735.0,,0.0,Neutral,0.0,Neutral
2014-03-25,735.0,,0.0,Neutral,0.0,Neutral
2014-03-24,758.0,,0.0,Neutral,0.0,Neutral
2014-03-23,735.0,,0.0,Neutral,0.0,Neutral
2014-03-20,750.0,,0.0,Neutral,0.0,Neutral
2014-03-19,705.0,,0.0,Neutral,0.0,Neutral
2014-03-18,702.0,,0.0,Neutral,0.0,Neutral
2014-03-17,712.0,,0.0,Neutral,0.0,Neutral
2014-03-13,720.0,,0.0,Neutral,0.0,Neutral
2014-03-13,720.0,,0.0,Neutral,0.0,Neutral
2014-03-12,700.0,,0.0,Neutral,0.0,Neutral
2014-03-11,695.0,,0.0,Neutral,0.0,Neutral
2014-03-10,741.0,,0.0,Neutral,0.0,Neutral
2014-03-09,751.0,,0.0,Neutral,0.0,Neutral
2014-03-06,759.0,,0.0,Neutral,0.0,Neutral
2014-03-05,770.0,,0.0,Neutral,0.0,Neutral
2014-03-04,780.0,,0.0,Neutral,0.0,Neutral
2014-03-03,810.0,,0.0,Neutral,0.0,Neutral
2014-02-26,832.0,,0.0,Neutral,0.0,Neutral
2014-02-25,850.0,,0.0,Neutral,0.0,Neutral
2014-02-24,860.0,,0.0,Neutral,0.0,Neutral
2014-02-23,850.0,,0.0,Neutral,0.0,Neutral
2014-02-20,860.0,,0.0,Neutral,0.0,Neutral
2014-02-18,860.0,,0.0,Neutral,0.0,Neutral
2014-02-17,785.0,,0.0,Neutral,0.0,Neutral
2014-02-16,758.0,,0.0,Neutral,0.0,Neutral
2014-02-13,752.0,,0.0,Neutral,0.0,Neutral
2014-02-12,737.0,,0.0,Neutral,0.0,Neutral
2014-02-11,708.0,,0.0,Neutral,0.0,Neutral
2014-02-10,720.0,,0.0,Neutral,0.0,Neutral
2014-02-09,713.0,,0.0,Neutral,0.0,Neutral
2014-02-06,727.0,,0.0,Neutral,0.0,Neutral
2014-02-04,705.0,,0.0,Neutral,0.0,Neutral
2014-02-03,700.0,,0.0,Neutral,0.0,Neutral
2014-02-02,725.0,,0.0,Neutral,0.0,Neutral
2014-01-29,744.0,,0.0,Neutral,0.0,Neutral
2014-01-28,735.0,,0.0,Neutral,0.0,Neutral
2014-01-27,734.0,,0.0,Neutral,0.0,Neutral
2014-01-26,720.0,,0.0,Neutral,0.0,Neutral
2014-01-23,736.0,,0.0,Neutral,0.0,Neutral
2014-01-22,740.0,,0.0,Neutral,0.0,Neutral
2014-01-21,745.0,2014-01-21,-0.0663483887910842,Slightly Negative,-0.0663483887910842,Slightly Negative
2014-01-20,742.0,,0.0,Neutral,-0.0331741943955421,Neutral
2014-01-19,749.0,,0.0,Neutral,-0.01658709719777105,Neutral
2014-01-16,735.0,,0.0,Neutral,0.0,Neutral
2014-01-14,710.0,,0.0,Neutral,0.0,Neutral
2014-01-13,695.0,,0.0,Neutral,0.0,Neutral
2014-01-12,675.0,,0.0,Neutral,0.0,Neutral
2014-01-09,676.0,,0.0,Neutral,0.0,Neutral
2014-01-08,647.0,,0.0,Neutral,0.0,Neutral
2014-01-07,625.0,,0.0,Neutral,0.0,Neutral
2014-01-06,630.0,,0.0,Neutral,0.0,Neutral
2014-01-05,634.0,,0.0,Neutral,0.0,Neutral
2014-01-02,630.0,,0.0,Neutral,0.0,Neutral
2014-01-01,632.0,,0.0,Neutral,0.0,Neutral
2013-12-31,639.0,2013-12-31,0.9305623173713684,Strongly Positive,0.9305623173713684,Strongly Positive
2013-12-29,650.0,,0.0,Neutral,0.4652811586856842,Positive
2013-12-26,660.0,,0.0,Neutral,0.2326405793428421,Positive
2013-12-24,640.0,,0.0,Neutral,0.0,Neutral
2013-12-23,650.0,,0.0,Neutral,0.0,Neutral
2013-12-22,678.0,,0.0,Neutral,0.0,Neutral
2013-12-19,691.0,,0.0,Neutral,0.0,Neutral
2013-12-18,705.0,,0.0,Neutral,0.0,Neutral
2013-12-16,690.0,,0.0,Neutral,0.0,Neutral
2013-12-15,672.0,,0.0,Neutral,0.0,Neutral
2013-12-12,640.0,,0.0,Neutral,0.0,Neutral
2013-12-11,627.0,,0.0,Neutral,0.0,Neutral
2013-12-10,647.0,,0.0,Neutral,0.0,Neutral
2013-12-09,681.0,,0.0,Neutral,0.0,Neutral
2013-12-08,676.0,,0.0,Neutral,0.0,Neutral
2013-12-05,751.0,,0.0,Neutral,0.0,Neutral
2013-12-04,797.0,,0.0,Neutral,0.0,Neutral
2013-12-03,737.0,,0.0,Neutral,0.0,Neutral
2013-12-02,706.0,,0.0,Neutral,0.0,Neutral
2013-12-01,663.0,,0.0,Neutral,0.0,Neutral
2013-11-28,659.0,,0.0,Neutral,0.0,Neutral
2013-11-27,655.0,,0.0,Neutral,0.0,Neutral
2013-11-26,639.0,,0.0,Neutral,0.0,Neutral
2013-11-25,581.0,,0.0,Neutral,0.0,Neutral
2013-11-24,532.0,,0.0,Neutral,0.0,Neutral
2013-11-21,484.0,,0.0,Neutral,0.0,Neutral
2013-11-14,475.0,,0.0,Neutral,0.0,Neutral
2013-11-13,463.0,,0.0,Neutral,0.0,Neutral
2013-11-12,455.0,,0.0,Neutral,0.0,Neutral
2013-11-11,440.0,,0.0,Neutral,0.0,Neutral
2013-11-07,419.0,2013-11-07,0.8954075574874878,Strongly Positive,0.8954075574874878,Strongly Positive
2013-11-06,424.0,,0.0,Neutral,0.4477037787437439,Positive
2013-10-31,424.0,,0.0,Neutral,0.22385188937187195,Positive
2013-10-30,420.0,,0.0,Neutral,0.0,Neutral
2013-10-29,423.0,,0.0,Neutral,0.0,Neutral
2013-10-28,425.0,,0.0,Neutral,0.0,Neutral
2013-10-27,423.0,,0.0,Neutral,0.0,Neutral
2013-10-24,429.0,,0.0,Neutral,0.0,Neutral
2013-10-23,443.0,,0.0,Neutral,0.0,Neutral
2013-10-22,440.0,,0.0,Neutral,0.0,Neutral
2013-10-21,436.0,2013-10-21,0.8953396379947662,Strongly Positive,0.8953396379947662,Strongly Positive
2013-10-20,441.0,,0.0,Neutral,0.4476698189973831,Positive
2013-10-10,435.0,,0.0,Neutral,0.22383490949869156,Positive
2013-10-09,425.0,2013-10-09,0.9173533916473388,Strongly Positive,0.9173533916473388,Strongly Positive
2013-10-08,438.0,2013-10-08,-0.1359323263168335,Slightly Negative,0.3227443695068359,Positive
2013-10-07,428.0,,0.0,Neutral,0.16137218475341794,Slightly Positive
2013-10-06,430.0,,0.0,Neutral,-0.033983081579208374,Neutral
2013-10-03,445.0,,0.0,Neutral,0.0,Neutral
2013-10-02,421.0,,0.0,Neutral,0.0,Neutral
2013-10-01,412.0,,0.0,Neutral,0.0,Neutral
2013-09-30,412.0,,0.0,Neutral,0.0,Neutral
2013-09-29,422.0,,0.0,Neutral,0.0,Neutral
2013-09-26,412.0,,0.0,Neutral,0.0,Neutral
2013-09-25,415.0,,0.0,Neutral,0.0,Neutral
2013-09-24,425.0,,0.0,Neutral,0.0,Neutral
2013-09-23,425.0,,0.0,Neutral,0.0,Neutral
2013-09-22,425.0,,0.0,Neutral,0.0,Neutral
2013-09-19,450.0,2013-09-19,0.9179192781448364,Strongly Positive,0.9179192781448364,Strongly Positive
2013-09-17,455.0,,0.0,Neutral,0.4589596390724182,Positive
2013-09-16,421.0,,0.0,Neutral,0.2294798195362091,Positive
2013-09-15,416.0,,0.0,Neutral,0.0,Neutral
2013-09-12,405.0,,0.0,Neutral,0.0,Neutral
2013-09-11,402.0,,0.0,Neutral,0.0,Neutral
2013-09-10,399.0,,0.0,Neutral,0.0,Neutral
2013-09-09,394.0,,0.0,Neutral,0.0,Neutral
2013-09-08,381.0,,0.0,Neutral,0.0,Neutral
2013-09-05,380.0,,0.0,Neutral,0.0,Neutral
2013-09-04,380.0,,0.0,Neutral,0.0,Neutral
2013-09-03,383.0,2013-09-03,0.819646954536438,Strongly Positive,0.819646954536438,Strongly Positive
2013-09-02,385.0,,0.0,Neutral,0.409823477268219,Positive
2013-09-01,381.0,,0.0,Neutral,0.2049117386341095,Positive
2013-08-29,385.0,,0.0,Neutral,0.0,Neutral
2013-08-27,398.0,,0.0,Neutral,0.0,Neutral
2013-08-26,390.0,,0.0,Neutral,0.0,Neutral
2013-08-25,378.0,,0.0,Neutral,0.0,Neutral
2013-08-20,368.0,,0.0,Neutral,0.0,Neutral
2013-08-19,354.0,,0.0,Neutral,0.0,Neutral
2013-08-18,360.0,,0.0,Neutral,0.0,Neutral
2013-08-15,340.0,,0.0,Neutral,0.0,Neutral
2013-08-14,345.0,,0.0,Neutral,0.0,Neutral
2013-08-13,350.0,,0.0,Neutral,0.0,Neutral
2013-08-12,336.0,,0.0,Neutral,0.0,Neutral
2013-08-11,313.0,,0.0,Neutral,0.0,Neutral
2013-08-08,301.0,,0.0,Neutral,0.0,Neutral
2013-08-07,295.0,,0.0,Neutral,0.0,Neutral
2013-08-06,272.0,,0.0,Neutral,0.0,Neutral
2013-08-05,274.0,,0.0,Neutral,0.0,Neutral
2013-08-04,285.0,,0.0,Neutral,0.0,Neutral
2013-08-01,285.0,,0.0,Neutral,0.0,Neutral
2013-07-31,285.0,,0.0,Neutral,0.0,Neutral
2013-07-30,293.0,,0.0,Neutral,0.0,Neutral
2013-07-29,289.0,,0.0,Neutral,0.0,Neutral
2013-07-28,277.0,,0.0,Neutral,0.0,Neutral
2013-07-25,252.0,2013-07-25,0.3480015099048614,Positive,0.3480015099048614,Positive
2013-07-24,251.0,,0.0,Neutral,0.1740007549524307,Slightly Positive
2013-07-23,252.0,,0.0,Neutral,0.08700037747621535,Slightly Positive
2013-07-22,248.0,,0.0,Neutral,0.0,Neutral
2013-07-21,249.0,2013-07-21,-0.0085532963275909,Neutral,-0.0085532963275909,Neutral
2013-07-18,248.0,,0.0,Neutral,-0.00427664816379545,Neutral
2013-07-17,245.0,,0.0,Neutral,-0.002138324081897725,Neutral
2013-07-16,247.0,,0.0,Neutral,0.0,Neutral
2013-07-15,248.0,,0.0,Neutral,0.0,Neutral
2013-07-14,241.0,,0.0,Neutral,0.0,Neutral
2013-07-11,244.0,,0.0,Neutral,0.0,Neutral
2013-07-10,244.0,,0.0,Neutral,0.0,Neutral
2013-07-09,241.0,,0.0,Neutral,0.0,Neutral
2013-07-08,237.0,,0.0,Neutral,0.0,Neutral
2013-07-07,235.0,,0.0,Neutral,0.0,Neutral
2013-07-04,229.0,,0.0,Neutral,0.0,Neutral
2013-07-03,230.0,,0.0,Neutral,0.0,Neutral
2013-07-02,230.0,,0.0,Neutral,0.0,Neutral
2013-07-01,230.0,,0.0,Neutral,0.0,Neutral
2013-06-30,231.0,,0.0,Neutral,0.0,Neutral
2013-06-27,231.0,,0.0,Neutral,0.0,Neutral
2013-06-26,235.0,,0.0,Neutral,0.0,Neutral
2013-06-25,240.0,,0.0,Neutral,0.0,Neutral
2013-06-24,232.0,2013-06-24,0.81441730260849,Strongly Positive,0.81441730260849,Strongly Positive
2013-06-23,232.0,,0.0,Neutral,0.407208651304245,Positive
2013-06-20,232.0,,0.0,Neutral,0.2036043256521225,Positive
2013-06-19,235.0,,0.0,Neutral,0.0,Neutral
2013-06-18,238.0,,0.0,Neutral,0.0,Neutral
2013-06-17,239.0,,0.0,Neutral,0.0,Neutral
2013-06-16,243.0,,0.0,Neutral,0.0,Neutral
2013-06-13,236.0,,0.0,Neutral,0.0,Neutral
2013-06-12,236.0,,0.0,Neutral,0.0,Neutral
2013-06-11,236.0,,0.0,Neutral,0.0,Neutral
2013-06-10,243.0,,0.0,Neutral,0.0,Neutral
2013-06-09,248.0,,0.0,Neutral,0.0,Neutral
2013-06-06,248.0,,0.0,Neutral,0.0,Neutral
2013-06-05,250.0,,0.0,Neutral,0.0,Neutral
2013-06-04,252.0,,0.0,Neutral,0.0,Neutral
2013-06-03,251.0,,0.0,Neutral,0.0,Neutral
2013-06-02,254.0,,0.0,Neutral,0.0,Neutral
2013-05-30,251.0,,0.0,Neutral,0.0,Neutral
2013-05-28,238.0,,0.0,Neutral,0.0,Neutral
2013-05-27,227.0,,0.0,Neutral,0.0,Neutral
2013-05-26,228.0,,0.0,Neutral,0.0,Neutral
2013-05-23,222.0,,0.0,Neutral,0.0,Neutral
2013-05-22,219.0,,0.0,Neutral,0.0,Neutral
2013-05-21,221.0,,0.0,Neutral,0.0,Neutral
2013-05-20,211.0,,0.0,Neutral,0.0,Neutral
2013-05-19,222.0,,0.0,Neutral,0.0,Neutral
2013-05-16,220.0,,0.0,Neutral,0.0,Neutral
2013-05-15,226.0,,0.0,Neutral,0.0,Neutral
2013-05-14,215.0,,0.0,Neutral,0.0,Neutral
2013-05-12,212.0,,0.0,Neutral,0.0,Neutral
2013-05-09,220.0,,0.0,Neutral,0.0,Neutral
2013-05-08,216.0,,0.0,Neutral,0.0,Neutral
2013-05-07,215.0,,0.0,Neutral,0.0,Neutral
2013-05-06,210.0,,0.0,Neutral,0.0,Neutral
2013-05-05,215.0,,0.0,Neutral,0.0,Neutral
2013-05-02,229.0,,0.0,Neutral,0.0,Neutral
2013-04-30,237.0,,0.0,Neutral,0.0,Neutral
2013-04-29,219.0,,0.0,Neutral,0.0,Neutral
2013-04-28,225.0,,0.0,Neutral,0.0,Neutral
2013-04-25,221.0,,0.0,Neutral,0.0,Neutral
2013-04-23,221.0,,0.0,Neutral,0.0,Neutral
2013-04-21,221.0,2013-04-21,0.8760323524475098,Strongly Positive,0.8760323524475098,Strongly Positive
2013-04-17,224.0,,0.0,Neutral,0.4380161762237549,Positive
2013-04-16,222.0,,0.0,Neutral,0.21900808811187744,Positive
2013-04-15,232.0,,0.0,Neutral,0.0,Neutral
2013-04-11,230.0,,0.0,Neutral,0.0,Neutral
2013-04-09,223.0,,0.0,Neutral,0.0,Neutral
2013-04-08,219.0,,0.0,Neutral,0.0,Neutral
2013-04-07,220.0,,0.0,Neutral,0.0,Neutral
2013-04-04,220.0,,0.0,Neutral,0.0,Neutral
2013-04-03,223.0,,0.0,Neutral,0.0,Neutral
2013-04-02,215.0,,0.0,Neutral,0.0,Neutral
2013-03-31,208.0,,0.0,Neutral,0.0,Neutral
2013-03-28,210.0,,0.0,Neutral,0.0,Neutral
2013-03-27,208.0,,0.0,Neutral,0.0,Neutral
2013-03-25,207.0,,0.0,Neutral,0.0,Neutral
2013-03-24,203.0,,0.0,Neutral,0.0,Neutral
2013-03-21,213.0,,0.0,Neutral,0.0,Neutral
2013-03-19,221.0,,0.0,Neutral,0.0,Neutral
2013-03-18,220.0,,0.0,Neutral,0.0,Neutral
2013-03-17,221.0,,0.0,Neutral,0.0,Neutral
2013-03-13,228.0,2013-03-13,0.6635726094245911,Strongly Positive,0.6635726094245911,Strongly Positive
2013-03-07,226.0,,0.0,Neutral,0.33178630471229553,Positive
2013-03-06,222.0,,0.0,Neutral,0.16589315235614777,Slightly Positive
2013-03-04,224.0,,0.0,Neutral,0.0,Neutral
2013-03-03,230.0,,0.0,Neutral,0.0,Neutral
2013-02-27,228.0,,0.0,Neutral,0.0,Neutral
2013-02-26,234.0,,0.0,Neutral,0.0,Neutral
2013-02-25,226.0,,0.0,Neutral,0.0,Neutral
2013-02-24,223.0,,0.0,Neutral,0.0,Neutral
2013-02-21,230.0,,0.0,Neutral,0.0,Neutral
2013-02-20,229.0,,0.0,Neutral,0.0,Neutral
2013-02-19,231.0,,0.0,Neutral,0.0,Neutral
2013-02-14,227.0,,0.0,Neutral,0.0,Neutral
2013-02-13,211.0,,0.0,Neutral,0.0,Neutral
2013-02-12,207.0,,0.0,Neutral,0.0,Neutral
2013-02-06,211.0,,0.0,Neutral,0.0,Neutral
2013-02-05,207.0,,0.0,Neutral,0.0,Neutral
2013-02-04,212.0,,0.0,Neutral,0.0,Neutral
2013-02-03,205.0,,0.0,Neutral,0.0,Neutral
2013-01-31,204.0,,0.0,Neutral,0.0,Neutral
2013-01-30,204.0,,0.0,Neutral,0.0,Neutral
2013-01-17,224.0,,0.0,Neutral,0.0,Neutral
2013-01-16,232.0,2013-01-16,0.4959243834018707,Positive,0.4959243834018707,Positive
2013-01-15,240.0,,0.0,Neutral,0.24796219170093536,Positive
2013-01-13,255.0,,0.0,Neutral,0.12398109585046768,Slightly Positive
2013-01-10,250.0,,0.0,Neutral,0.0,Neutral
2013-01-09,239.0,,0.0,Neutral,0.0,Neutral
2013-01-08,228.0,2013-01-08,0.4011178910732269,Positive,0.4011178910732269,Positive
2013-01-07,232.0,,0.0,Neutral,0.20055894553661344,Positive
2013-01-06,233.0,,0.0,Neutral,0.10027947276830672,Slightly Positive
2013-01-03,231.0,,0.0,Neutral,0.0,Neutral
2013-01-02,235.0,,0.0,Neutral,0.0,Neutral
2013-01-01,239.0,,0.0,Neutral,0.0,Neutral
2012-12-31,231.0,,0.0,Neutral,0.0,Neutral
2012-12-27,230.0,,0.0,Neutral,0.0,Neutral
2012-12-26,232.0,,0.0,Neutral,0.0,Neutral
2012-12-24,228.0,,0.0,Neutral,0.0,Neutral
2012-12-23,227.0,,0.0,Neutral,0.0,Neutral
2012-12-20,229.0,,0.0,Neutral,0.0,Neutral
2012-12-19,229.0,,0.0,Neutral,0.0,Neutral
2012-12-18,233.0,,0.0,Neutral,0.0,Neutral
2012-12-17,237.0,,0.0,Neutral,0.0,Neutral
2012-12-16,243.0,,0.0,Neutral,0.0,Neutral
2012-12-13,239.0,,0.0,Neutral,0.0,Neutral
2012-12-12,236.0,,0.0,Neutral,0.0,Neutral
2012-12-11,240.0,,0.0,Neutral,0.0,Neutral
2012-12-10,248.0,,0.0,Neutral,0.0,Neutral
2012-12-09,228.0,,0.0,Neutral,0.0,Neutral
2012-12-06,233.0,,0.0,Neutral,0.0,Neutral
2012-12-05,237.0,,0.0,Neutral,0.0,Neutral
2012-12-04,238.0,,0.0,Neutral,0.0,Neutral
2012-12-03,226.0,,0.0,Neutral,0.0,Neutral
2012-12-02,238.0,,0.0,Neutral,0.0,Neutral
2012-11-29,242.0,,0.0,Neutral,0.0,Neutral
2012-11-28,237.0,,0.0,Neutral,0.0,Neutral
2012-11-27,245.0,,0.0,Neutral,0.0,Neutral
2012-11-26,249.0,,0.0,Neutral,0.0,Neutral
2012-11-25,250.0,,0.0,Neutral,0.0,Neutral
2012-11-22,250.0,,0.0,Neutral,0.0,Neutral
2012-11-21,252.0,,0.0,Neutral,0.0,Neutral
2012-11-20,242.0,,0.0,Neutral,0.0,Neutral
2012-11-18,240.0,,0.0,Neutral,0.0,Neutral
2012-11-12,240.0,,0.0,Neutral,0.0,Neutral
2012-11-11,243.0,,0.0,Neutral,0.0,Neutral
2012-11-08,251.0,,0.0,Neutral,0.0,Neutral
2012-11-07,251.0,,0.0,Neutral,0.0,Neutral
2012-11-06,247.0,,0.0,Neutral,0.0,Neutral
2012-11-05,247.0,,0.0,Neutral,0.0,Neutral
2012-11-04,245.0,,0.0,Neutral,0.0,Neutral
2012-11-01,248.0,,0.0,Neutral,0.0,Neutral
2012-10-31,251.0,,0.0,Neutral,0.0,Neutral
2012-10-30,258.0,2012-10-30,0.8767701387405396,Strongly Positive,0.8767701387405396,Strongly Positive
2012-10-18,252.0,2012-10-18,0.8931323885917664,Strongly Positive,1.3315174579620361,Strongly Positive
2012-10-17,250.0,,0.0,Neutral,0.6657587289810181,Strongly Positive
2012-10-15,247.0,,0.0,Neutral,0.2232830971479416,Positive
2012-10-14,250.0,,0.0,Neutral,0.0,Neutral
2012-10-11,250.0,,0.0,Neutral,0.0,Neutral
2012-10-10,251.0,,0.0,Neutral,0.0,Neutral
2012-10-09,250.0,,0.0,Neutral,0.0,Neutral
2012-10-08,257.0,2012-10-08,0.9025632739067078,Strongly Positive,0.9025632739067078,Strongly Positive
2012-10-07,262.0,,0.0,Neutral,0.4512816369533539,Positive
2012-10-04,256.0,,0.0,Neutral,0.22564081847667694,Positive
2012-10-03,247.0,,0.0,Neutral,0.0,Neutral
2012-10-02,246.0,,0.0,Neutral,0.0,Neutral
2012-10-01,243.0,,0.0,Neutral,0.0,Neutral
2012-10-01,243.0,,0.0,Neutral,0.0,Neutral
2012-09-30,240.0,,0.0,Neutral,0.0,Neutral
2012-09-26,242.0,,0.0,Neutral,0.0,Neutral
2012-09-25,235.0,,0.0,Neutral,0.0,Neutral
2012-09-24,232.0,,0.0,Neutral,0.0,Neutral
2012-09-23,235.0,,0.0,Neutral,0.0,Neutral
2012-09-20,244.0,2012-09-20,0.8236021995544434,Strongly Positive,0.8236021995544434,Strongly Positive
2012-09-19,240.0,,0.0,Neutral,0.4118010997772217,Positive
2012-09-18,247.0,,0.0,Neutral,0.20590054988861084,Positive
2012-09-17,245.0,,0.0,Neutral,0.0,Neutral
2012-09-16,239.0,,0.0,Neutral,0.0,Neutral
2012-09-13,240.0,,0.0,Neutral,0.0,Neutral
2012-09-12,229.0,,0.0,Neutral,0.0,Neutral
2012-09-11,233.0,2012-09-11,0.9140388369560242,Strongly Positive,0.9140388369560242,Strongly Positive
2012-09-10,240.0,,0.0,Neutral,0.4570194184780121,Positive
2012-09-09,242.0,,0.0,Neutral,0.22850970923900604,Positive
2012-09-06,234.0,,0.0,Neutral,0.0,Neutral
2012-09-05,218.0,,0.0,Neutral,0.0,Neutral
2012-09-04,213.0,,0.0,Neutral,0.0,Neutral
2012-09-03,203.0,,0.0,Neutral,0.0,Neutral
2012-09-02,212.0,,0.0,Neutral,0.0,Neutral
2012-08-30,204.0,,0.0,Neutral,0.0,Neutral
2012-08-29,199.0,,0.0,Neutral,0.0,Neutral
2012-08-28,189.0,,0.0,Neutral,0.0,Neutral
2012-08-23,172.0,,0.0,Neutral,0.0,Neutral
2012-08-22,163.0,,0.0,Neutral,0.0,Neutral
2012-08-21,161.0,,0.0,Neutral,0.0,Neutral
2012-08-16,167.0,,0.0,Neutral,0.0,Neutral
2012-08-15,170.0,,0.0,Neutral,0.0,Neutral
2012-08-14,170.0,,0.0,Neutral,0.0,Neutral
2012-08-13,176.0,,0.0,Neutral,0.0,Neutral
2012-08-12,185.0,,0.0,Neutral,0.0,Neutral
2012-08-08,187.0,2012-08-08,0.8763875365257263,Strongly Positive,0.8763875365257263,Strongly Positive
2012-08-07,187.0,,0.0,Neutral,0.43819376826286316,Positive
2012-08-06,190.0,,0.0,Neutral,0.21909688413143158,Positive
2012-08-05,195.0,,0.0,Neutral,0.0,Neutral
2012-08-01,192.0,,0.0,Neutral,0.0,Neutral
2012-07-31,191.0,,0.0,Neutral,0.0,Neutral
2012-07-30,185.0,,0.0,Neutral,0.0,Neutral
2012-07-29,185.0,,0.0,Neutral,0.0,Neutral
2012-07-26,185.0,,0.0,Neutral,0.0,Neutral
2012-07-25,186.0,,0.0,Neutral,0.0,Neutral
2012-07-24,189.0,,0.0,Neutral,0.0,Neutral
2012-07-23,195.0,,0.0,Neutral,0.0,Neutral
2012-07-22,194.0,,0.0,Neutral,0.0,Neutral
2012-07-19,186.0,,0.0,Neutral,0.0,Neutral
2012-07-16,183.0,,0.0,Neutral,0.0,Neutral
2012-07-15,189.0,,0.0,Neutral,0.0,Neutral
2012-07-12,177.0,,0.0,Neutral,0.0,Neutral
2012-07-11,171.0,,0.0,Neutral,0.0,Neutral
2012-07-10,156.0,,0.0,Neutral,0.0,Neutral
2012-07-09,161.0,,0.0,Neutral,0.0,Neutral
2012-07-05,170.0,,0.0,Neutral,0.0,Neutral
2012-07-04,171.0,,0.0,Neutral,0.0,Neutral
2012-07-02,156.0,,0.0,Neutral,0.0,Neutral
2012-06-21,202.0,,0.0,Neutral,0.0,Neutral
2012-06-19,206.0,,0.0,Neutral,0.0,Neutral
2012-06-18,202.0,,0.0,Neutral,0.0,Neutral
2012-06-17,203.0,,0.0,Neutral,0.0,Neutral
2012-06-14,211.0,,0.0,Neutral,0.0,Neutral
2012-06-13,209.0,,0.0,Neutral,0.0,Neutral
2012-06-12,212.0,,0.0,Neutral,0.0,Neutral
2012-06-11,213.0,,0.0,Neutral,0.0,Neutral
2012-06-10,211.0,,0.0,Neutral,0.0,Neutral
2012-06-07,202.0,,0.0,Neutral,0.0,Neutral
2012-06-06,184.0,,0.0,Neutral,0.0,Neutral
2012-06-05,199.0,,0.0,Neutral,0.0,Neutral
2012-05-27,226.0,,0.0,Neutral,0.0,Neutral
2012-05-24,213.0,,0.0,Neutral,0.0,Neutral
2012-05-23,203.0,,0.0,Neutral,0.0,Neutral
2012-05-22,211.0,,0.0,Neutral,0.0,Neutral
2012-05-21,224.0,,0.0,Neutral,0.0,Neutral
2012-05-20,205.0,,0.0,Neutral,0.0,Neutral
2012-05-17,206.0,,0.0,Neutral,0.0,Neutral
2012-05-15,194.0,,0.0,Neutral,0.0,Neutral
2012-05-14,185.0,,0.0,Neutral,0.0,Neutral
2012-05-13,201.0,,0.0,Neutral,0.0,Neutral
2012-05-10,213.0,,0.0,Neutral,0.0,Neutral
2012-05-09,220.0,,0.0,Neutral,0.0,Neutral
2012-05-08,242.0,,0.0,Neutral,0.0,Neutral
2012-05-07,242.0,,0.0,Neutral,0.0,Neutral
2012-05-03,234.0,,0.0,Neutral,0.0,Neutral
2012-04-30,226.0,,0.0,Neutral,0.0,Neutral
2012-04-29,234.0,,0.0,Neutral,0.0,Neutral
2012-04-26,228.0,2012-04-26,0.8792151808738708,Strongly Positive,0.8792151808738708,Strongly Positive
2012-04-25,208.0,,0.0,Neutral,0.4396075904369354,Positive
2012-04-22,191.0,,0.0,Neutral,0.2198037952184677,Positive
2012-04-19,191.0,,0.0,Neutral,0.0,Neutral
2012-04-18,186.0,,0.0,Neutral,0.0,Neutral
2012-04-17,180.0,,0.0,Neutral,0.0,Neutral
2012-04-15,177.0,,0.0,Neutral,0.0,Neutral
2012-04-12,175.0,,0.0,Neutral,0.0,Neutral
2012-04-11,172.0,,0.0,Neutral,0.0,Neutral
2012-04-10,160.0,,0.0,Neutral,0.0,Neutral
2012-04-09,160.0,,0.0,Neutral,0.0,Neutral
2012-04-08,156.0,,0.0,Neutral,0.0,Neutral
2012-04-05,156.0,,0.0,Neutral,0.0,Neutral
2012-04-04,155.0,,0.0,Neutral,0.0,Neutral
2012-04-03,155.0,,0.0,Neutral,0.0,Neutral
2012-04-02,154.0,,0.0,Neutral,0.0,Neutral
2012-04-01,150.0,,0.0,Neutral,0.0,Neutral
2012-03-29,156.0,,0.0,Neutral,0.0,Neutral
2012-03-28,149.0,,0.0,Neutral,0.0,Neutral
2012-03-27,150.0,,0.0,Neutral,0.0,Neutral
2012-03-26,151.0,,0.0,Neutral,0.0,Neutral
2012-03-25,153.0,,0.0,Neutral,0.0,Neutral
2012-03-21,153.0,,0.0,Neutral,0.0,Neutral
2012-03-20,156.0,,0.0,Neutral,0.0,Neutral
2012-03-19,155.0,,0.0,Neutral,0.0,Neutral
2012-03-18,156.0,,0.0,Neutral,0.0,Neutral
2012-03-15,158.0,,0.0,Neutral,0.0,Neutral
2012-03-14,164.0,,0.0,Neutral,0.0,Neutral
2012-03-13,160.0,,0.0,Neutral,0.0,Neutral
2012-02-02,150.0,,0.0,Neutral,0.0,Neutral
2012-02-01,148.0,,0.0,Neutral,0.0,Neutral
2012-01-31,148.0,,0.0,Neutral,0.0,Neutral
2012-01-29,155.0,,0.0,Neutral,0.0,Neutral
2012-01-26,149.0,,0.0,Neutral,0.0,Neutral
2012-01-25,152.0,,0.0,Neutral,0.0,Neutral
2012-01-23,162.0,,0.0,Neutral,0.0,Neutral
2012-01-22,162.0,,0.0,Neutral,0.0,Neutral
2012-01-19,173.0,,0.0,Neutral,0.0,Neutral
2012-01-18,173.0,,0.0,Neutral,0.0,Neutral
2012-01-17,174.0,,0.0,Neutral,0.0,Neutral
2012-01-16,175.0,,0.0,Neutral,0.0,Neutral
2012-01-12,172.0,,0.0,Neutral,0.0,Neutral
2012-01-11,171.0,,0.0,Neutral,0.0,Neutral
2012-01-10,169.0,,0.0,Neutral,0.0,Neutral
2012-01-09,171.0,,0.0,Neutral,0.0,Neutral
2012-01-08,168.0,,0.0,Neutral,0.0,Neutral
2012-01-04,170.0,,0.0,Neutral,0.0,Neutral
2012-01-03,176.0,,0.0,Neutral,0.0,Neutral
2012-01-02,173.0,,0.0,Neutral,0.0,Neutral
2012-01-01,165.0,,0.0,Neutral,0.0,Neutral
2011-12-28,168.0,,0.0,Neutral,0.0,Neutral
2011-12-27,175.0,,0.0,Neutral,0.0,Neutral
2011-12-21,175.0,,0.0,Neutral,0.0,Neutral
2011-12-20,168.0,,0.0,Neutral,0.0,Neutral
2011-12-19,160.0,,0.0,Neutral,0.0,Neutral
2011-12-18,165.0,,0.0,Neutral,0.0,Neutral
2011-12-15,170.0,,0.0,Neutral,0.0,Neutral
2011-12-14,167.0,,0.0,Neutral,0.0,Neutral
2011-12-13,165.0,,0.0,Neutral,0.0,Neutral
2011-12-12,168.0,,0.0,Neutral,0.0,Neutral
2011-12-11,170.0,,0.0,Neutral,0.0,Neutral
2011-12-08,167.0,,0.0,Neutral,0.0,Neutral
2011-12-07,165.0,,0.0,Neutral,0.0,Neutral
2011-12-06,167.0,,0.0,Neutral,0.0,Neutral
2011-12-05,164.0,,0.0,Neutral,0.0,Neutral
2011-12-04,165.0,,0.0,Neutral,0.0,Neutral
2011-12-01,167.0,,0.0,Neutral,0.0,Neutral
2011-11-28,165.0,,0.0,Neutral,0.0,Neutral
2011-11-27,174.0,,0.0,Neutral,0.0,Neutral
2011-11-24,168.0,,0.0,Neutral,0.0,Neutral
2011-11-23,167.0,,0.0,Neutral,0.0,Neutral
2011-11-22,170.0,,0.0,Neutral,0.0,Neutral
2011-11-21,166.0,,0.0,Neutral,0.0,Neutral
2011-11-20,166.0,,0.0,Neutral,0.0,Neutral
2011-11-17,166.0,,0.0,Neutral,0.0,Neutral
2011-11-16,165.0,,0.0,Neutral,0.0,Neutral
2011-11-15,166.0,,0.0,Neutral,0.0,Neutral
2011-11-14,168.0,,0.0,Neutral,0.0,Neutral
2011-11-13,165.0,,0.0,Neutral,0.0,Neutral
2011-11-10,167.0,,0.0,Neutral,0.0,Neutral
2011-11-09,167.0,,0.0,Neutral,0.0,Neutral
2011-11-08,168.0,,0.0,Neutral,0.0,Neutral
2011-11-06,169.0,,0.0,Neutral,0.0,Neutral
2011-11-03,167.0,,0.0,Neutral,0.0,Neutral
2011-11-02,176.0,,0.0,Neutral,0.0,Neutral
2011-10-31,167.0,2011-10-31,0.6547511518001556,Strongly Positive,0.6547511518001556,Strongly Positive
2011-10-30,170.0,,0.0,Neutral,0.3273755759000778,Positive
2011-10-25,168.0,,0.0,Neutral,0.1636877879500389,Slightly Positive
2011-10-24,170.0,,0.0,Neutral,0.0,Neutral
2011-10-23,165.0,2011-10-23,0.885678768157959,Strongly Positive,0.885678768157959,Strongly Positive
2011-10-20,166.0,,0.0,Neutral,0.4428393840789795,Positive
2011-10-19,169.0,,0.0,Neutral,0.22141969203948975,Positive
2011-10-18,169.0,,0.0,Neutral,0.0,Neutral
2011-10-17,169.0,,0.0,Neutral,0.0,Neutral
2011-10-16,169.0,,0.0,Neutral,0.0,Neutral
2011-10-13,175.0,,0.0,Neutral,0.0,Neutral
2011-10-12,171.0,,0.0,Neutral,0.0,Neutral
2011-10-10,167.0,,0.0,Neutral,0.0,Neutral
2011-10-09,165.0,,0.0,Neutral,0.0,Neutral
2011-10-02,167.0,,0.0,Neutral,0.0,Neutral
2011-09-29,160.0,,0.0,Neutral,0.0,Neutral
2011-09-27,157.0,2011-09-27,0.1179360896348953,Slightly Positive,0.1179360896348953,Slightly Positive
2011-09-26,157.0,,0.0,Neutral,0.05896804481744765,Slightly Positive
2011-09-25,152.0,,0.0,Neutral,0.029484022408723824,Neutral
2011-09-22,155.0,2011-09-22,0.9205016493797302,Strongly Positive,0.9205016493797302,Strongly Positive
2011-09-21,152.0,,0.0,Neutral,0.4602508246898651,Positive
2011-09-20,144.0,2011-09-20,0.915716290473938,Strongly Positive,1.1458417028188705,Strongly Positive
2011-09-19,144.0,,0.0,Neutral,0.457858145236969,Positive
2011-09-18,142.0,,0.0,Neutral,0.2289290726184845,Positive
2011-09-15,142.0,,0.0,Neutral,0.0,Neutral
2011-09-14,142.0,,0.0,Neutral,0.0,Neutral
2011-09-13,144.0,,0.0,Neutral,0.0,Neutral
2011-09-12,142.0,,0.0,Neutral,0.0,Neutral
2011-09-08,145.0,,0.0,Neutral,0.0,Neutral
2011-09-07,141.0,,0.0,Neutral,0.0,Neutral
2011-09-06,141.0,,0.0,Neutral,0.0,Neutral
2011-09-05,141.0,,0.0,Neutral,0.0,Neutral
2011-09-04,143.0,,0.0,Neutral,0.0,Neutral
2011-09-01,147.0,,0.0,Neutral,0.0,Neutral
2011-08-30,149.0,,0.0,Neutral,0.0,Neutral
2011-08-29,145.0,,0.0,Neutral,0.0,Neutral
2011-08-28,148.0,,0.0,Neutral,0.0,Neutral
2011-08-25,150.0,,0.0,Neutral,0.0,Neutral
2011-08-24,158.0,,0.0,Neutral,0.0,Neutral
2011-08-23,155.0,,0.0,Neutral,0.0,Neutral
2011-08-22,153.0,,0.0,Neutral,0.0,Neutral
2011-08-18,156.0,,0.0,Neutral,0.0,Neutral
2011-08-17,155.0,2011-08-17,0.8718088865280151,Strongly Positive,0.8718088865280151,Strongly Positive
2011-08-16,154.0,,0.0,Neutral,0.43590444326400757,Positive
2011-08-15,151.0,,0.0,Neutral,0.21795222163200378,Positive
2011-08-11,152.0,,0.0,Neutral,0.0,Neutral
2011-08-09,149.0,,0.0,Neutral,0.0,Neutral
2011-08-08,150.0,,0.0,Neutral,0.0,Neutral
2011-08-07,153.0,,0.0,Neutral,0.0,Neutral
2011-08-04,156.0,,0.0,Neutral,0.0,Neutral
2011-08-03,150.0,,0.0,Neutral,0.0,Neutral
2011-08-02,150.0,,0.0,Neutral,0.0,Neutral
2011-08-01,150.0,,0.0,Neutral,0.0,Neutral
2011-07-31,153.0,,0.0,Neutral,0.0,Neutral
2011-07-28,160.0,2011-07-28,0.9249092936515808,Strongly Positive,0.9249092936515808,Strongly Positive
2011-07-27,146.0,,0.0,Neutral,0.4624546468257904,Positive
2011-07-26,156.0,,0.0,Neutral,0.2312273234128952,Positive
2011-07-20,168.0,,0.0,Neutral,0.0,Neutral
2011-07-19,170.0,,0.0,Neutral,0.0,Neutral
2011-07-07,173.0,,0.0,Neutral,0.0,Neutral
2011-06-26,179.0,,0.0,Neutral,0.0,Neutral
2011-06-23,173.0,,0.0,Neutral,0.0,Neutral
2011-06-21,170.0,,0.0,Neutral,0.0,Neutral
2011-06-20,168.0,,0.0,Neutral,0.0,Neutral
2011-06-19,168.0,,0.0,Neutral,0.0,Neutral
2011-06-16,165.0,,0.0,Neutral,0.0,Neutral
2011-06-15,155.0,,0.0,Neutral,0.0,Neutral
2011-06-14,170.0,,0.0,Neutral,0.0,Neutral
2011-06-13,164.0,,0.0,Neutral,0.0,Neutral
2011-06-12,167.0,,0.0,Neutral,0.0,Neutral
2011-06-09,170.0,,0.0,Neutral,0.0,Neutral
2011-06-08,170.0,,0.0,Neutral,0.0,Neutral
2011-06-07,188.0,,0.0,Neutral,0.0,Neutral
2011-06-06,196.0,,0.0,Neutral,0.0,Neutral
2011-06-05,204.0,,0.0,Neutral,0.0,Neutral
2011-06-01,186.0,,0.0,Neutral,0.0,Neutral
2011-05-31,184.0,,0.0,Neutral,0.0,Neutral
2011-05-30,191.0,,0.0,Neutral,0.0,Neutral
2011-05-26,194.0,,0.0,Neutral,0.0,Neutral
2011-05-25,194.0,,0.0,Neutral,0.0,Neutral
2011-05-24,194.0,,0.0,Neutral,0.0,Neutral
2011-05-23,197.0,,0.0,Neutral,0.0,Neutral
2011-05-22,190.0,,0.0,Neutral,0.0,Neutral
2011-05-19,188.0,,0.0,Neutral,0.0,Neutral
2011-05-18,192.0,,0.0,Neutral,0.0,Neutral
2011-05-16,201.0,,0.0,Neutral,0.0,Neutral
2011-05-15,198.0,,0.0,Neutral,0.0,Neutral
2011-05-12,205.0,,0.0,Neutral,0.0,Neutral
2011-05-11,198.0,,0.0,Neutral,0.0,Neutral
2011-05-10,180.0,,0.0,Neutral,0.0,Neutral
2011-05-08,183.0,,0.0,Neutral,0.0,Neutral
2011-05-05,179.0,,0.0,Neutral,0.0,Neutral
2011-05-04,185.0,,0.0,Neutral,0.0,Neutral
2011-05-03,179.0,2011-05-03,0.9153393507003784,Strongly Positive,0.9153393507003784,Strongly Positive
2011-05-02,183.0,,0.0,Neutral,0.4576696753501892,Positive
2011-04-28,198.0,,0.0,Neutral,0.2288348376750946,Positive
2011-04-27,197.0,,0.0,Neutral,0.0,Neutral
2011-04-21,201.0,2011-04-21,-0.8625680208206177,Strongly Negative,-0.8625680208206177,Strongly Negative
2011-04-20,204.0,,0.0,Neutral,-0.43128401041030884,Negative
2011-04-19,205.0,,0.0,Neutral,-0.21564200520515442,Negative
2011-04-18,206.0,,0.0,Neutral,0.0,Neutral
2011-04-17,214.0,,0.0,Neutral,0.0,Neutral
2011-04-13,196.0,,0.0,Neutral,0.0,Neutral
2011-04-11,204.0,,0.0,Neutral,0.0,Neutral
2011-04-10,212.0,,0.0,Neutral,0.0,Neutral
2011-04-07,214.0,,0.0,Neutral,0.0,Neutral
2011-04-06,214.0,,0.0,Neutral,0.0,Neutral
2011-04-05,216.0,,0.0,Neutral,0.0,Neutral
2011-04-04,218.0,,0.0,Neutral,0.0,Neutral
2011-03-31,216.0,,0.0,Neutral,0.0,Neutral
2011-03-30,208.0,,0.0,Neutral,0.0,Neutral
2011-03-29,218.0,,0.0,Neutral,0.0,Neutral
2011-03-28,221.0,,0.0,Neutral,0.0,Neutral
2011-03-27,224.0,2011-03-27,0.878710150718689,Strongly Positive,0.878710150718689,Strongly Positive
2011-03-25,226.0,,0.0,Neutral,0.4393550753593445,Positive
2011-03-24,229.0,,0.0,Neutral,0.21967753767967224,Positive
2011-03-20,229.0,,0.0,Neutral,0.0,Neutral
2011-03-17,224.0,,0.0,Neutral,0.0,Neutral
2011-03-16,219.0,,0.0,Neutral,0.0,Neutral
2011-03-15,215.0,,0.0,Neutral,0.0,Neutral
2011-03-14,229.0,,0.0,Neutral,0.0,Neutral
2011-03-13,236.0,,0.0,Neutral,0.0,Neutral
2011-03-10,236.0,,0.0,Neutral,0.0,Neutral
2011-03-09,240.0,,0.0,Neutral,0.0,Neutral
2011-03-07,241.0,,0.0,Neutral,0.0,Neutral
2011-03-03,245.0,,0.0,Neutral,0.0,Neutral
2011-02-28,241.0,,0.0,Neutral,0.0,Neutral
2011-02-27,242.0,,0.0,Neutral,0.0,Neutral
2011-02-24,244.0,,0.0,Neutral,0.0,Neutral
2011-02-23,244.0,,0.0,Neutral,0.0,Neutral
2011-02-22,256.0,,0.0,Neutral,0.0,Neutral
2011-02-21,243.0,,0.0,Neutral,0.0,Neutral
2011-02-20,245.0,,0.0,Neutral,0.0,Neutral
2011-02-16,266.0,,0.0,Neutral,0.0,Neutral
2011-02-15,264.0,,0.0,Neutral,0.0,Neutral
2011-02-14,250.0,,0.0,Neutral,0.0,Neutral
2011-02-13,250.0,,0.0,Neutral,0.0,Neutral
2011-02-10,256.0,,0.0,Neutral,0.0,Neutral
2011-02-09,259.0,,0.0,Neutral,0.0,Neutral
2011-02-08,280.0,,0.0,Neutral,0.0,Neutral
2011-02-06,279.0,,0.0,Neutral,0.0,Neutral
2011-02-03,267.0,,0.0,Neutral,0.0,Neutral
2011-02-02,265.0,,0.0,Neutral,0.0,Neutral
2011-02-01,260.0,,0.0,Neutral,0.0,Neutral
2011-01-31,260.0,,0.0,Neutral,0.0,Neutral
2011-01-24,255.0,,0.0,Neutral,0.0,Neutral
2011-01-23,250.0,,0.0,Neutral,0.0,Neutral
2011-01-20,260.0,,0.0,Neutral,0.0,Neutral
2011-01-19,252.0,,0.0,Neutral,0.0,Neutral
2011-01-18,255.0,,0.0,Neutral,0.0,Neutral
2011-01-17,253.0,,0.0,Neutral,0.0,Neutral
2011-01-16,250.0,,0.0,Neutral,0.0,Neutral
2011-01-13,256.0,,0.0,Neutral,0.0,Neutral
2011-01-12,259.0,,0.0,Neutral,0.0,Neutral
2011-01-11,253.0,,0.0,Neutral,0.0,Neutral
2011-01-10,255.0,,0.0,Neutral,0.0,Neutral
2011-01-09,257.0,,0.0,Neutral,0.0,Neutral
2011-01-06,260.0,,0.0,Neutral,0.0,Neutral
2011-01-05,251.0,,0.0,Neutral,0.0,Neutral
2011-01-04,260.0,,0.0,Neutral,0.0,Neutral
2011-01-03,260.0,,0.0,Neutral,0.0,Neutral
2011-01-03,241.0,,0.0,Neutral,0.0,Neutral
2011-01-02,252.0,,0.0,Neutral,0.0,Neutral
2010-12-29,253.0,,0.0,Neutral,0.0,Neutral
2010-12-28,255.0,,0.0,Neutral,0.0,Neutral
2010-12-27,256.0,,0.0,Neutral,0.0,Neutral
2010-12-26,262.0,,0.0,Neutral,0.0,Neutral
2010-12-23,260.0,,0.0,Neutral,0.0,Neutral
2010-12-22,250.0,,0.0,Neutral,0.0,Neutral
2010-12-20,258.0,,0.0,Neutral,0.0,Neutral
2010-12-19,255.0,,0.0,Neutral,0.0,Neutral
2010-12-16,255.0,,0.0,Neutral,0.0,Neutral
2010-12-15,253.0,,0.0,Neutral,0.0,Neutral
2010-12-14,255.0,,0.0,Neutral,0.0,Neutral
2010-12-13,254.0,,0.0,Neutral,0.0,Neutral
2010-12-12,256.0,,0.0,Neutral,0.0,Neutral
2010-12-09,265.0,,0.0,Neutral,0.0,Neutral
2010-12-08,260.0,,0.0,Neutral,0.0,Neutral
2010-12-07,262.0,,0.0,Neutral,0.0,Neutral
2010-12-06,265.0,,0.0,Neutral,0.0,Neutral
2010-12-05,265.0,,0.0,Neutral,0.0,Neutral
2010-12-02,264.0,,0.0,Neutral,0.0,Neutral
2010-12-01,261.0,,0.0,Neutral,0.0,Neutral
2010-11-30,265.0,,0.0,Neutral,0.0,Neutral
2010-11-29,265.0,,0.0,Neutral,0.0,Neutral
2010-11-28,271.0,,0.0,Neutral,0.0,Neutral
2010-11-25,283.0,,0.0,Neutral,0.0,Neutral
2010-11-24,285.0,,0.0,Neutral,0.0,Neutral
2010-11-23,275.0,,0.0,Neutral,0.0,Neutral
2010-11-22,265.0,,0.0,Neutral,0.0,Neutral
2010-11-21,274.0,,0.0,Neutral,0.0,Neutral
2010-11-18,269.0,,0.0,Neutral,0.0,Neutral
2010-11-16,270.0,,0.0,Neutral,0.0,Neutral
2010-11-15,263.0,,0.0,Neutral,0.0,Neutral
2010-11-14,262.0,,0.0,Neutral,0.0,Neutral
2010-11-11,260.0,,0.0,Neutral,0.0,Neutral
2010-11-10,252.0,,0.0,Neutral,0.0,Neutral
2010-11-09,250.0,,0.0,Neutral,0.0,Neutral
2010-11-04,255.0,,0.0,Neutral,0.0,Neutral
2010-11-03,241.0,,0.0,Neutral,0.0,Neutral
2010-11-02,245.0,,0.0,Neutral,0.0,Neutral
2010-11-01,241.0,,0.0,Neutral,0.0,Neutral
2010-10-31,244.0,,0.0,Neutral,0.0,Neutral
2010-10-28,243.0,,0.0,Neutral,0.0,Neutral
2010-10-27,244.0,,0.0,Neutral,0.0,Neutral
2010-10-26,242.0,,0.0,Neutral,0.0,Neutral
2010-10-25,242.0,,0.0,Neutral,0.0,Neutral
2010-10-24,246.0,,0.0,Neutral,0.0,Neutral
2010-10-21,242.0,,0.0,Neutral,0.0,Neutral
2010-10-20,246.0,,0.0,Neutral,0.0,Neutral
2010-10-12,246.0,,0.0,Neutral,0.0,Neutral
2010-10-11,245.0,,0.0,Neutral,0.0,Neutral
2010-10-10,243.0,,0.0,Neutral,0.0,Neutral
2010-10-07,240.0,,0.0,Neutral,0.0,Neutral
2010-10-06,230.0,,0.0,Neutral,0.0,Neutral
2010-10-05,232.0,,0.0,Neutral,0.0,Neutral
2010-10-04,233.0,,0.0,Neutral,0.0,Neutral
2010-10-03,222.0,,0.0,Neutral,0.0,Neutral
2010-09-30,232.0,,0.0,Neutral,0.0,Neutral
2010-09-29,224.0,,0.0,Neutral,0.0,Neutral
2010-09-28,226.0,,0.0,Neutral,0.0,Neutral
2010-09-27,227.0,,0.0,Neutral,0.0,Neutral
2010-09-26,225.0,,0.0,Neutral,0.0,Neutral
2010-09-23,223.0,,0.0,Neutral,0.0,Neutral
2010-09-21,225.0,,0.0,Neutral,0.0,Neutral
2010-09-20,225.0,,0.0,Neutral,0.0,Neutral
2010-09-19,220.0,,0.0,Neutral,0.0,Neutral
2010-09-16,228.0,,0.0,Neutral,0.0,Neutral
2010-09-15,226.0,,0.0,Neutral,0.0,Neutral
2010-09-14,220.0,,0.0,Neutral,0.0,Neutral
2010-09-13,224.0,,0.0,Neutral,0.0,Neutral
2010-09-12,221.0,,0.0,Neutral,0.0,Neutral
2010-09-09,227.0,,0.0,Neutral,0.0,Neutral
2010-09-08,235.0,,0.0,Neutral,0.0,Neutral
2010-09-07,233.0,,0.0,Neutral,0.0,Neutral
2010-09-02,215.0,,0.0,Neutral,0.0,Neutral
2010-07-29,245.0,,0.0,Neutral,0.0,Neutral
2010-07-28,244.0,,0.0,Neutral,0.0,Neutral
2010-07-27,270.0,,0.0,Neutral,0.0,Neutral
2010-07-27,248.0,,0.0,Neutral,0.0,Neutral
2010-07-26,251.0,,0.0,Neutral,0.0,Neutral
2010-07-25,255.0,,0.0,Neutral,0.0,Neutral
2010-07-22,265.0,,0.0,Neutral,0.0,Neutral
2010-07-20,253.0,,0.0,Neutral,0.0,Neutral
2010-07-19,250.0,,0.0,Neutral,0.0,Neutral
2010-07-18,249.0,,0.0,Neutral,0.0,Neutral
2010-07-16,231.0,,0.0,Neutral,0.0,Neutral
2010-07-15,257.0,,0.0,Neutral,0.0,Neutral
2010-07-14,245.0,,0.0,Neutral,0.0,Neutral
2010-07-13,240.0,,0.0,Neutral,0.0,Neutral
2010-07-12,238.0,,0.0,Neutral,0.0,Neutral
2010-07-11,242.0,,0.0,Neutral,0.0,Neutral
2010-07-08,244.0,,0.0,Neutral,0.0,Neutral
2010-07-07,236.0,,0.0,Neutral,0.0,Neutral
2010-07-06,233.0,,0.0,Neutral,0.0,Neutral
2010-07-05,233.0,,0.0,Neutral,0.0,Neutral
2010-07-04,232.0,,0.0,Neutral,0.0,Neutral
2010-07-01,231.0,,0.0,Neutral,0.0,Neutral
2010-06-30,225.0,,0.0,Neutral,0.0,Neutral
2010-06-29,232.0,,0.0,Neutral,0.0,Neutral
2010-06-26,243.0,,0.0,Neutral,0.0,Neutral
2010-06-23,255.0,,0.0,Neutral,0.0,Neutral
2010-06-22,270.0,,0.0,Neutral,0.0,Neutral
2010-06-21,270.0,,0.0,Neutral,0.0,Neutral
2010-06-20,260.0,,0.0,Neutral,0.0,Neutral
2010-06-17,240.0,,0.0,Neutral,0.0,Neutral
2010-06-15,229.0,,0.0,Neutral,0.0,Neutral
2010-06-14,222.0,,0.0,Neutral,0.0,Neutral
2010-06-13,226.0,,0.0,Neutral,0.0,Neutral
2010-06-10,226.0,,0.0,Neutral,0.0,Neutral
2010-06-09,217.0,,0.0,Neutral,0.0,Neutral
2010-06-08,202.0,,0.0,Neutral,0.0,Neutral
2010-06-07,200.0,,0.0,Neutral,0.0,Neutral
2010-06-06,199.0,,0.0,Neutral,0.0,Neutral
2010-06-03,194.0,,0.0,Neutral,0.0,Neutral
2010-06-02,198.0,,0.0,Neutral,0.0,Neutral
2010-06-01,197.0,,0.0,Neutral,0.0,Neutral
2010-05-31,188.0,,0.0,Neutral,0.0,Neutral
2010-05-30,198.0,,0.0,Neutral,0.0,Neutral
2010-05-26,209.0,,0.0,Neutral,0.0,Neutral
2010-05-25,232.0,,0.0,Neutral,0.0,Neutral
2010-05-24,257.0,,0.0,Neutral,0.0,Neutral
2010-05-23,285.0,,0.0,Neutral,0.0,Neutral
2010-05-20,313.0,,0.0,Neutral,0.0,Neutral
2010-05-12,337.0,,0.0,Neutral,0.0,Neutral
2025-01-07,388.0,,0.0,Neutral,0.0,Neutral
2024-10-06,312.0,,0.0,Neutral,0.0,Neutral
2024-05-16,312.0,,0.0,Neutral,0.0,Neutral
2024-03-07,308.0,,0.0,Neutral,0.0,Neutral
2024-03-06,308.0,,0.0,Neutral,0.0,Neutral
2024-03-05,308.0,,0.0,Neutral,0.0,Neutral
2023-12-19,365.0,2023-12-19,-0.0495426394045352,Neutral,-0.0495426394045352,Neutral
2023-08-10,382.0,2023-08-10,0.6593401432037354,Strongly Positive,0.6345688235014677,Strongly Positive
2023-03-14,340.1,,0.0,Neutral,0.31728441175073385,Positive
2023-03-05,340.1,,0.0,Neutral,0.16483503580093384,Slightly Positive
2022-12-01,274.0,,0.0,Neutral,0.0,Neutral
2022-07-03,317.0,,0.0,Neutral,0.0,Neutral
2022-01-19,679.0,2022-01-19,0.3360106647014618,Positive,0.3360106647014618,Positive
2021-11-30,679.0,2021-11-30,0.0353909358382225,Neutral,0.2033962681889534,Positive
2021-09-20,657.0,,0.0,Neutral,0.1016981340944767,Slightly Positive
2021-09-14,670.0,,0.0,Neutral,0.008847733959555624,Neutral
2021-07-28,697.0,,0.0,Neutral,0.0,Neutral
2021-07-27,697.0,,0.0,Neutral,0.0,Neutral
2021-01-18,380.0,,0.0,Neutral,0.0,Neutral
2020-12-28,380.0,,0.0,Neutral,0.0,Neutral
2020-12-03,380.0,,0.0,Neutral,0.0,Neutral
2020-11-18,110.0,2020-11-18,0.1508250832557678,Slightly Positive,0.1508250832557678,Slightly Positive
2020-10-11,384.0,,0.0,Neutral,0.0754125416278839,Slightly Positive
2020-09-06,391.0,,0.0,Neutral,0.03770627081394195,Neutral
2020-08-31,391.0,,0.0,Neutral,0.0,Neutral
2020-06-29,260.0,,0.0,Neutral,0.0,Neutral
2020-02-05,260.0,2020-02-05,0.879252552986145,Strongly Positive,0.879252552986145,Strongly Positive
2020-01-16,260.0,,0.0,Neutral,0.4396262764930725,Positive
2019-12-19,260.0,,0.0,Neutral,0.21981313824653625,Positive
2019-10-15,262.5,,0.0,Neutral,0.0,Neutral
2019-05-22,262.0,2019-05-22,0.9192432165145874,Strongly Positive,0.9192432165145874,Strongly Positive
2019-05-16,262.0,2019-05-16,0.6019901037216187,Strongly Positive,1.0616117119789124,Strongly Positive
2019-02-03,350.0,2019-02-03,0.4023022949695587,Positive,0.9331081509590149,Strongly Positive
2018-12-10,350.0,2018-12-10,0.7846078276634216,Strongly Positive,1.1362565010786057,Strongly Positive
2018-09-20,350.0,,0.0,Neutral,0.4928794875741005,Positive
2018-09-06,350.0,,0.0,Neutral,0.1961519569158554,Slightly Positive
2018-01-21,700.0,2018-01-21,0.326934814453125,Positive,0.326934814453125,Positive
2018-01-09,720.0,,0.0,Neutral,0.1634674072265625,Slightly Positive
2018-01-04,720.0,,0.0,Neutral,0.08173370361328125,Slightly Positive
2017-10-30,800.0,,0.0,Neutral,0.0,Neutral
2017-10-16,800.0,2017-10-16,0.7397989630699158,Strongly Positive,0.7397989630699158,Strongly Positive
2017-09-13,800.0,,0.0,Neutral,0.3698994815349579,Positive
2017-06-05,800.0,,0.0,Neutral,0.18494974076747894,Slightly Positive
2017-06-01,800.0,,0.0,Neutral,0.0,Neutral
2017-05-15,817.0,,0.0,Neutral,0.0,Neutral
2017-01-24,833.0,,0.0,Neutral,0.0,Neutral
2016-11-27,850.0,,0.0,Neutral,0.0,Neutral
2016-09-26,860.0,,0.0,Neutral,0.0,Neutral
2016-04-21,724.0,,0.0,Neutral,0.0,Neutral
2016-03-30,710.0,,0.0,Neutral,0.0,Neutral
2015-10-11,575.0,,0.0,Neutral,0.0,Neutral
2015-07-08,490.0,,0.0,Neutral,0.0,Neutral
2015-03-19,570.0,,0.0,Neutral,0.0,Neutral
2015-03-18,561.0,,0.0,Neutral,0.0,Neutral
2015-03-17,524.0,,0.0,Neutral,0.0,Neutral
2015-03-16,486.0,,0.0,Neutral,0.0,Neutral
2015-03-12,450.0,,0.0,Neutral,0.0,Neutral
2015-03-11,434.0,,0.0,Neutral,0.0,Neutral
2015-03-10,402.0,,0.0,Neutral,0.0,Neutral
2015-03-09,374.0,,0.0,Neutral,0.0,Neutral
2015-03-04,347.0,,0.0,Neutral,0.0,Neutral
2015-01-25,329.0,,0.0,Neutral,0.0,Neutral
2015-01-22,323.0,,0.0,Neutral,0.0,Neutral
2015-01-06,323.0,,0.0,Neutral,0.0,Neutral
2014-11-13,317.0,,0.0,Neutral,0.0,Neutral
2014-11-12,310.0,,0.0,Neutral,0.0,Neutral
2014-06-02,310.0,,0.0,Neutral,0.0,Neutral
2014-06-01,315.0,,0.0,Neutral,0.0,Neutral
2014-05-27,326.0,,0.0,Neutral,0.0,Neutral
2014-05-22,338.0,2014-05-22,0.4946221709251404,Positive,0.4946221709251404,Positive
2014-04-27,350.0,,0.0,Neutral,0.2473110854625702,Positive
2014-04-23,378.0,,0.0,Neutral,0.1236555427312851,Slightly Positive
2014-03-09,385.0,,0.0,Neutral,0.0,Neutral
2023-01-08,207.3,,0.0,Neutral,0.0,Neutral
2023-01-05,207.2,,0.0,Neutral,0.0,Neutral
2023-01-04,208.1,,0.0,Neutral,0.0,Neutral
2023-01-03,205.1,,0.0,Neutral,0.0,Neutral
2023-01-02,207.0,2023-01-02,-0.3848305940628052,Negative,-0.3848305940628052,Negative
2023-01-01,208.9,,0.0,Neutral,-0.1924152970314026,Slightly Negative
2022-12-29,210.1,,0.0,Neutral,-0.0962076485157013,Slightly Negative
2022-12-28,208.0,,0.0,Neutral,0.0,Neutral
2022-12-27,210.4,,0.0,Neutral,0.0,Neutral
2022-12-26,205.0,,0.0,Neutral,0.0,Neutral
2022-12-22,197.0,,0.0,Neutral,0.0,Neutral
2022-12-21,199.0,2022-12-21,0.6173017024993896,Strongly Positive,0.6173017024993896,Strongly Positive
2022-12-20,199.0,,0.0,Neutral,0.3086508512496948,Positive
2022-12-19,197.6,,0.0,Neutral,0.1543254256248474,Slightly Positive
2022-12-18,199.1,,0.0,Neutral,0.0,Neutral
2022-12-15,203.0,,0.0,Neutral,0.0,Neutral
2022-12-14,205.5,,0.0,Neutral,0.0,Neutral
2022-12-13,206.0,2022-12-13,0.7148497700691223,Strongly Positive,0.7148497700691223,Strongly Positive
2022-12-12,208.0,,0.0,Neutral,0.35742488503456116,Positive
2022-12-11,209.7,,0.0,Neutral,0.17871244251728058,Slightly Positive
2022-12-07,216.8,,0.0,Neutral,0.0,Neutral
2022-06-15,227.1,,0.0,Neutral,0.0,Neutral
2022-06-14,230.0,,0.0,Neutral,0.0,Neutral
2022-06-13,236.0,,0.0,Neutral,0.0,Neutral
2022-06-10,235.5,,0.0,Neutral,0.0,Neutral
2022-06-09,233.0,,0.0,Neutral,0.0,Neutral
2022-06-08,228.0,,0.0,Neutral,0.0,Neutral
2022-06-07,215.5,2022-06-07,0.2998286485671997,Positive,0.2998286485671997,Positive
2022-06-06,222.0,2022-06-06,0.0207726825028657,Neutral,0.17068700678646556,Slightly Positive
2022-06-03,226.9,,0.0,Neutral,0.08534350339323278,Slightly Positive
2022-06-02,227.0,2022-06-02,0.8461382985115051,Strongly Positive,0.8513314691372216,Strongly Positive
2022-06-01,228.0,2022-06-01,0.3814393877983093,Positive,0.8045085370540619,Strongly Positive
2022-05-31,230.0,,0.0,Neutral,0.40225426852703094,Positive
2022-05-30,233.1,,0.0,Neutral,0.09535984694957733,Slightly Positive
2022-05-27,238.0,,0.0,Neutral,0.0,Neutral
2022-05-26,236.0,,0.0,Neutral,0.0,Neutral
2022-05-25,234.0,,0.0,Neutral,0.0,Neutral
2022-05-24,233.0,2022-05-24,0.0325568914413452,Neutral,0.0325568914413452,Neutral
2022-05-23,233.0,,0.0,Neutral,0.0162784457206726,Neutral
2022-05-20,235.0,,0.0,Neutral,0.0081392228603363,Neutral
2022-05-19,235.5,,0.0,Neutral,0.0,Neutral
2022-05-18,236.0,2022-05-18,0.2235666513442993,Positive,0.2235666513442993,Positive
2022-05-17,233.0,,0.0,Neutral,0.11178332567214964,Slightly Positive
2022-05-12,240.3,,0.0,Neutral,0.05589166283607482,Slightly Positive
2022-05-11,244.0,,0.0,Neutral,0.0,Neutral
2022-05-10,240.6,,0.0,Neutral,0.0,Neutral
2022-05-09,236.9,,0.0,Neutral,0.0,Neutral
2022-05-08,232.0,,0.0,Neutral,0.0,Neutral
2022-05-05,232.0,,0.0,Neutral,0.0,Neutral
2022-05-04,236.9,,0.0,Neutral,0.0,Neutral
2022-05-02,240.0,,0.0,Neutral,0.0,Neutral
2022-04-28,243.0,,0.0,Neutral,0.0,Neutral
2022-04-27,243.6,,0.0,Neutral,0.0,Neutral
2022-04-26,246.0,2022-04-26,0.0814896821975708,Slightly Positive,0.0814896821975708,Slightly Positive
2022-04-25,247.0,,0.0,Neutral,0.0407448410987854,Neutral
2022-04-24,250.5,2022-04-24,0.4896917045116424,Positive,0.5100641250610352,Positive
2022-04-21,239.0,2022-04-21,0.435576420277357,Positive,0.6804222725331782,Strongly Positive
2022-04-20,241.6,2022-04-20,0.1363096833229065,Slightly Positive,0.4765208195894956,Positive
2022-04-19,248.0,2022-04-19,0.9145817756652832,Strongly Positive,1.0916307223960757,Strongly Positive
2022-04-18,247.0,2022-04-18,0.6108980178833008,Strongly Positive,1.102266326546669,Strongly Positive
2022-04-17,252.0,,0.0,Neutral,0.5340944528579712,Positive
2022-04-13,256.1,,0.0,Neutral,0.1527245044708252,Slightly Positive
2022-04-12,252.1,2022-04-12,0.5773056745529175,Positive,0.5773056745529175,Positive
2022-04-11,255.0,2022-04-11,0.8681013584136963,Strongly Positive,1.156754195690155,Strongly Positive
2022-04-07,257.0,,0.0,Neutral,0.5783770978450775,Positive
2022-04-06,253.6,2022-04-06,0.3428605794906616,Positive,0.5598859190940857,Positive
2022-04-05,257.0,2022-04-05,0.651929497718811,Strongly Positive,0.8233597874641418,Strongly Positive
2022-04-04,260.0,,0.0,Neutral,0.4116798937320709,Positive
2022-04-03,260.0,2022-04-03,-0.0272224247455596,Neutral,0.13575994968414315,Slightly Positive
2022-03-31,264.0,,0.0,Neutral,-0.0136112123727798,Neutral
2022-03-30,263.7,,0.0,Neutral,-0.0068056061863899,Neutral
2022-03-29,262.0,2022-03-29,0.8759951591491699,Strongly Positive,0.8759951591491699,Strongly Positive
2022-03-28,264.0,2022-03-28,0.6411234736442566,Strongly Positive,1.0791210532188416,Strongly Positive
2022-03-27,265.9,,0.0,Neutral,0.5395605266094208,Positive
2022-03-24,271.5,,0.0,Neutral,0.16028086841106415,Slightly Positive
2022-03-23,277.0,2022-03-23,-0.0178897380828857,Neutral,-0.0178897380828857,Neutral
2022-03-22,273.5,,0.0,Neutral,-0.00894486904144285,Neutral
2022-03-21,274.7,,0.0,Neutral,-0.004472434520721425,Neutral
2022-03-20,265.6,2022-03-20,0.8301899433135986,Strongly Positive,0.8301899433135986,Strongly Positive
2022-03-16,266.9,,0.0,Neutral,0.4150949716567993,Positive
2022-03-15,266.0,,0.0,Neutral,0.20754748582839966,Positive
2022-03-14,267.0,2022-03-14,0.5405178843066096,Positive,0.5405178843066096,Positive
2022-03-13,267.0,,0.0,Neutral,0.2702589421533048,Positive
2022-03-10,260.0,,0.0,Neutral,0.1351294710766524,Slightly Positive
2022-03-09,255.0,2022-03-09,-0.5977263450622559,Negative,-0.5977263450622559,Negative
2022-03-07,259.0,,0.0,Neutral,-0.29886317253112793,Negative
2022-03-06,259.0,,0.0,Neutral,-0.14943158626556396,Slightly Negative
2022-03-02,256.0,,0.0,Neutral,0.0,Neutral
2022-02-28,263.3,2022-02-28,0.4970417022705078,Positive,0.4970417022705078,Positive
2022-02-27,266.0,,0.0,Neutral,0.2485208511352539,Positive
2022-02-24,268.5,2022-02-24,0.5140209197998047,Positive,0.6382813453674316,Strongly Positive
2022-02-23,275.0,,0.0,Neutral,0.25701045989990234,Positive
2022-02-22,277.0,,0.0,Neutral,0.12850522994995117,Slightly Positive
2022-02-21,275.0,2022-02-21,0.5519900321960449,Positive,0.5519900321960449,Positive
2022-02-20,272.0,,0.0,Neutral,0.27599501609802246,Positive
2022-02-17,279.4,,0.0,Neutral,0.13799750804901123,Slightly Positive
2022-02-16,282.0,2022-02-16,0.5795700550079346,Positive,0.5795700550079346,Positive
2022-02-15,280.5,2022-02-15,-0.3125604093074798,Negative,-0.022775381803512518,Neutral
2022-02-14,277.0,2022-02-14,-0.5765681266784668,Negative,-0.5879558175802231,Negative
2022-02-13,279.0,2022-02-13,0.4978555937608083,Positive,0.13143142809470493,Slightly Positive
2022-02-10,286.0,,0.0,Neutral,0.10478576521078745,Slightly Positive
2022-02-09,287.0,,0.0,Neutral,0.12446389844020207,Slightly Positive
2022-02-08,287.0,2022-02-08,-0.0566993355751037,Slightly Negative,-0.0566993355751037,Slightly Negative
2022-02-07,290.0,2022-02-07,0.5250307619571686,Positive,0.49668109416961675,Positive
2022-02-06,291.0,,0.0,Neutral,0.24834054708480838,Positive
2022-02-03,292.2,2022-02-03,0.908535659313202,Strongly Positive,1.039793349802494,Strongly Positive
2022-02-01,294.5,,0.0,Neutral,0.454267829656601,Positive
2022-01-31,292.1,,0.0,Neutral,0.2271339148283005,Positive
2022-01-30,298.0,,0.0,Neutral,0.0,Neutral
2022-01-27,285.1,,0.0,Neutral,0.0,Neutral
2022-01-26,288.2,2022-01-26,0.4082410056143999,Positive,0.4082410056143999,Positive
2022-01-25,296.0,,0.0,Neutral,0.20412050280719995,Positive
2022-01-24,299.9,,0.0,Neutral,0.10206025140359998,Slightly Positive
2022-01-23,308.1,,0.0,Neutral,0.0,Neutral
2022-01-20,317.0,,0.0,Neutral,0.0,Neutral
2022-01-19,318.0,2022-01-19,0.3360106647014618,Positive,0.3360106647014618,Positive
2022-01-18,319.9,2022-01-18,0.3734949231147766,Positive,0.5415002554655075,Positive
2022-01-17,317.9,2022-01-17,0.4422468543052673,Positive,0.7129969820380211,Strongly Positive
2022-01-16,317.4,,0.0,Neutral,0.3144971579313278,Positive
2022-01-13,300.0,,0.0,Neutral,0.11056171357631682,Slightly Positive
2022-01-12,298.0,2022-01-12,-0.4808397889137268,Negative,-0.4808397889137268,Negative
2022-01-11,297.0,,0.0,Neutral,-0.2404198944568634,Negative
2022-01-10,296.0,2022-01-10,0.519367516040802,Positive,0.3991575688123703,Positive
2022-01-09,300.9,2022-01-09,0.7907711267471313,Strongly Positive,1.0504548847675323,Strongly Positive
2022-01-06,291.9,,0.0,Neutral,0.5252274423837662,Positive
2022-01-05,282.0,,0.0,Neutral,0.19769278168678284,Slightly Positive
2022-01-04,291.0,2022-01-04,0.65803462266922,Strongly Positive,0.65803462266922,Strongly Positive
2022-01-03,274.0,2022-01-03,0.0013054907321929,Neutral,0.33032280206680287,Positive
2022-01-02,269.0,,0.0,Neutral,0.16516140103340143,Slightly Positive
2021-12-29,265.0,,0.0,Neutral,0.000326372683048225,Neutral
2021-12-28,262.0,,0.0,Neutral,0.0,Neutral
2021-12-27,268.0,2021-12-27,0.1544867753982544,Slightly Positive,0.1544867753982544,Slightly Positive
2021-12-26,271.0,,0.0,Neutral,0.0772433876991272,Slightly Positive
2021-12-23,264.0,,0.0,Neutral,0.0386216938495636,Neutral
2021-12-22,261.0,,0.0,Neutral,0.0,Neutral
2021-12-21,254.0,2021-12-21,-0.6907034516334534,Strongly Negative,-0.6907034516334534,Strongly Negative
2021-12-20,248.0,,0.0,Neutral,-0.3453517258167267,Negative
2021-12-16,254.0,2021-12-16,0.7056154310703278,Strongly Positive,0.5329395681619644,Positive
2021-12-15,258.9,2021-12-15,-0.3610247150063515,Negative,-0.008216999471187647,Neutral
2021-12-14,258.0,2021-12-14,0.0240390766412019,Neutral,0.019930576905608066,Neutral
2021-12-13,246.0,,0.0,Neutral,-0.07823664043098694,Slightly Negative
2021-12-12,251.1,,0.0,Neutral,0.006009769160300475,Neutral
2021-12-09,262.5,2021-12-09,0.7948119044303894,Strongly Positive,0.7948119044303894,Strongly Positive
2021-12-08,265.0,,0.0,Neutral,0.3974059522151947,Positive
2021-12-07,268.1,,0.0,Neutral,0.19870297610759735,Slightly Positive
2021-12-06,267.0,2021-12-06,-0.0454929023981094,Neutral,-0.0454929023981094,Neutral
2021-12-05,262.0,2021-12-05,-0.3157088458538055,Negative,-0.3384552970528602,Negative
2021-12-02,272.0,,0.0,Neutral,-0.1692276485264301,Slightly Negative
2021-12-01,279.0,,0.0,Neutral,-0.07892721146345137,Slightly Negative
2021-11-30,282.0,2021-11-30,0.0353909358382225,Neutral,0.0353909358382225,Neutral
2021-11-29,290.0,,0.0,Neutral,0.01769546791911125,Neutral
2021-11-28,295.0,,0.0,Neutral,0.008847733959555624,Neutral
2021-11-25,341.0,2021-11-25,-0.1864838898181915,Slightly Negative,-0.1864838898181915,Slightly Negative
2021-11-24,336.5,2021-11-24,-0.2785083949565887,Negative,-0.37175033986568445,Negative
2021-11-23,337.0,2021-11-23,0.6356387138366699,Strongly Positive,0.44976354390382767,Positive
2021-11-22,339.7,2021-11-22,0.0131739825010299,Neutral,0.2613662406802177,Positive
2021-11-21,338.0,,0.0,Neutral,0.16549666970968244,Slightly Positive
2021-11-18,334.1,,0.0,Neutral,0.003293495625257475,Neutral
2021-11-17,340.0,2021-11-17,0.6861373782157898,Strongly Positive,0.6861373782157898,Strongly Positive
2021-11-16,338.0,2021-11-16,0.8141272664070129,Strongly Positive,1.1571959555149078,Strongly Positive
2021-11-15,331.0,2021-11-15,0.4076647162437439,Positive,0.9862626940011978,Strongly Positive
2021-11-14,331.0,2021-11-14,0.0491418664654096,Neutral,0.45650604118903476,Positive
2021-11-11,327.3,2021-11-11,0.2226513624191284,Positive,0.34913847471276915,Positive
2021-11-09,334.0,,0.0,Neutral,0.12361114782591659,Slightly Positive
2021-11-08,338.0,2021-11-08,0.4568291008472442,Positive,0.5124919414520263,Positive
2021-11-03,343.0,2021-11-03,0.2788993418216705,Positive,0.5073138922452926,Positive
2021-11-02,343.8,,0.0,Neutral,0.2536569461226463,Positive
2021-11-01,347.0,2021-11-01,0.1046939715743064,Slightly Positive,0.174418807029724,Slightly Positive
2021-10-31,352.0,,0.0,Neutral,0.0523469857871532,Slightly Positive
2021-10-28,355.0,,0.0,Neutral,0.0261734928935766,Neutral
2021-10-27,356.0,,0.0,Neutral,0.0,Neutral
2021-10-26,358.0,,0.0,Neutral,0.0,Neutral
2021-10-25,333.5,,0.0,Neutral,0.0,Neutral
2021-10-24,319.0,,0.0,Neutral,0.0,Neutral
2021-10-21,316.3,2021-10-21,0.8713273406028748,Strongly Positive,0.8713273406028748,Strongly Positive
2021-10-20,323.0,2021-10-20,0.6123760342597961,Strongly Positive,1.0480397045612335,Strongly Positive
2021-10-19,317.0,,0.0,Neutral,0.5240198522806168,Positive
2021-10-18,330.0,2021-10-18,0.8018708229064941,Strongly Positive,0.9549648314714432,Strongly Positive
2021-10-17,339.0,2021-10-17,0.9213525056838988,Strongly Positive,1.322287917137146,Strongly Positive
2021-10-11,341.6,2021-10-11,0.857159435749054,Strongly Positive,1.518303394317627,Strongly Positive
2021-10-10,344.0,,0.0,Neutral,0.6589178442955017,Strongly Positive
2021-10-06,340.0,2021-10-06,0.9232880473136902,Strongly Positive,1.1375779062509537,Strongly Positive
2021-10-05,339.0,2021-10-05,0.4259742498397827,Positive,0.8876182734966278,Strongly Positive
2021-10-04,335.9,2021-10-04,-0.1786015033721923,Slightly Negative,0.26520763337612163,Positive
2021-10-03,335.5,,0.0,Neutral,0.01719281077384953,Neutral
2021-09-30,346.0,,0.0,Neutral,-0.044650375843048075,Neutral
2021-09-29,352.0,2021-09-29,0.9257281422615052,Strongly Positive,0.9257281422615052,Strongly Positive
2021-09-28,345.0,2021-09-28,0.261738121509552,Positive,0.7246021926403046,Strongly Positive
2021-09-27,357.5,,0.0,Neutral,0.3623010963201523,Positive
2021-09-26,372.0,,0.0,Neutral,0.065434530377388,Slightly Positive
2021-09-23,368.0,2021-09-23,-0.5558741092681885,Negative,-0.5558741092681885,Negative
2021-09-22,355.0,,0.0,Neutral,-0.27793705463409424,Negative
2021-09-21,341.9,,0.0,Neutral,-0.13896852731704712,Slightly Negative
2021-09-20,340.0,,0.0,Neutral,0.0,Neutral
2021-09-16,353.0,2021-09-16,0.5890231132507324,Positive,0.5890231132507324,Positive
2021-09-15,365.0,,0.0,Neutral,0.2945115566253662,Positive
2021-09-14,369.0,,0.0,Neutral,0.1472557783126831,Slightly Positive
2021-09-13,371.0,,0.0,Neutral,0.0,Neutral
2021-09-12,368.9,2021-09-12,0.4431141316890716,Positive,0.4431141316890716,Positive
2021-09-09,367.2,,0.0,Neutral,0.2215570658445358,Positive
2021-09-08,366.1,,0.0,Neutral,0.1107785329222679,Slightly Positive
2021-09-07,373.0,,0.0,Neutral,0.0,Neutral
2021-09-06,377.0,,0.0,Neutral,0.0,Neutral
2021-09-05,362.0,,0.0,Neutral,0.0,Neutral
2021-09-02,371.5,,0.0,Neutral,0.0,Neutral
2021-09-01,375.0,,0.0,Neutral,0.0,Neutral
2021-08-31,370.0,,0.0,Neutral,0.0,Neutral
2021-08-29,376.0,,0.0,Neutral,0.0,Neutral
2021-08-26,386.0,,0.0,Neutral,0.0,Neutral
2021-08-25,387.0,,0.0,Neutral,0.0,Neutral
2021-08-24,395.0,,0.0,Neutral,0.0,Neutral
2021-08-19,397.0,2021-08-19,0.5259397625923157,Positive,0.5259397625923157,Positive
2021-08-18,400.0,,0.0,Neutral,0.26296988129615784,Positive
2021-08-17,396.0,,0.0,Neutral,0.13148494064807892,Slightly Positive
2021-08-16,402.0,2021-08-16,0.146904706954956,Slightly Positive,0.146904706954956,Slightly Positive
2021-08-15,406.0,,0.0,Neutral,0.073452353477478,Slightly Positive
2021-08-12,410.0,,0.0,Neutral,0.036726176738739,Neutral
2021-08-11,410.0,,0.0,Neutral,0.0,Neutral
2021-08-10,412.5,,0.0,Neutral,0.0,Neutral
2021-08-09,403.5,,0.0,Neutral,0.0,Neutral
2021-08-08,405.0,,0.0,Neutral,0.0,Neutral
2021-08-05,407.0,,0.0,Neutral,0.0,Neutral
2021-08-04,406.0,2021-08-04,-0.4183864593505859,Negative,-0.4183864593505859,Negative
2021-08-03,406.0,,0.0,Neutral,-0.20919322967529294,Negative
2021-08-02,407.0,,0.0,Neutral,-0.10459661483764647,Slightly Negative
2021-08-01,407.1,,0.0,Neutral,0.0,Neutral
2021-07-29,405.9,,0.0,Neutral,0.0,Neutral
2021-07-28,408.0,,0.0,Neutral,0.0,Neutral
2021-07-27,412.0,,0.0,Neutral,0.0,Neutral
2021-07-26,414.5,,0.0,Neutral,0.0,Neutral
2021-07-25,424.8,2021-07-25,-0.1586503386497497,Slightly Negative,-0.1586503386497497,Slightly Negative
2021-07-22,401.9,,0.0,Neutral,-0.07932516932487485,Slightly Negative
2021-07-20,396.6,,0.0,Neutral,-0.039662584662437425,Neutral
2021-07-19,399.9,,0.0,Neutral,0.0,Neutral
2021-07-18,393.5,,0.0,Neutral,0.0,Neutral
2021-07-15,379.0,2021-07-15,0.2684071958065033,Positive,0.2684071958065033,Positive
2021-07-14,380.0,,0.0,Neutral,0.13420359790325165,Slightly Positive
2021-07-13,380.0,,0.0,Neutral,0.06710179895162582,Slightly Positive
2021-07-12,377.0,,0.0,Neutral,0.0,Neutral
2021-07-11,383.0,2021-07-11,0.7197643518447876,Strongly Positive,0.7197643518447876,Strongly Positive
2021-07-08,374.0,,0.0,Neutral,0.3598821759223938,Positive
2021-07-07,366.0,2021-07-07,0.0943080335855484,Slightly Positive,0.2742491215467453,Positive
2021-07-06,368.0,,0.0,Neutral,0.0471540167927742,Neutral
2021-07-05,368.0,,0.0,Neutral,0.0235770083963871,Neutral
2021-07-04,371.0,,0.0,Neutral,0.0,Neutral
2021-07-01,371.0,,0.0,Neutral,0.0,Neutral
2021-06-30,371.0,2021-06-30,0.864063024520874,Strongly Positive,0.864063024520874,Strongly Positive
2021-06-29,374.0,,0.0,Neutral,0.432031512260437,Positive
2021-06-28,380.0,,0.0,Neutral,0.2160157561302185,Positive
2021-06-27,379.0,,0.0,Neutral,0.0,Neutral
2021-06-24,370.0,,0.0,Neutral,0.0,Neutral
2021-06-23,372.0,,0.0,Neutral,0.0,Neutral
2021-06-22,381.0,,0.0,Neutral,0.0,Neutral
2021-06-21,368.0,,0.0,Neutral,0.0,Neutral
2021-06-20,377.0,,0.0,Neutral,0.0,Neutral
2021-06-17,385.0,,0.0,Neutral,0.0,Neutral
2021-06-16,387.0,,0.0,Neutral,0.0,Neutral
2021-06-15,390.0,,0.0,Neutral,0.0,Neutral
2021-06-14,396.0,2021-06-14,0.6951586504777273,Strongly Positive,0.6951586504777273,Strongly Positive
2021-06-13,377.0,,0.0,Neutral,0.34757932523886365,Positive
2021-06-10,378.0,,0.0,Neutral,0.17378966261943182,Slightly Positive
2021-06-09,384.0,,0.0,Neutral,0.0,Neutral
2021-06-08,389.0,,0.0,Neutral,0.0,Neutral
2021-06-07,382.0,,0.0,Neutral,0.0,Neutral
2021-06-06,387.0,,0.0,Neutral,0.0,Neutral
2021-06-03,361.0,,0.0,Neutral,0.0,Neutral
2021-06-02,344.0,,0.0,Neutral,0.0,Neutral
2021-06-01,340.0,,0.0,Neutral,0.0,Neutral
2021-05-31,344.0,,0.0,Neutral,0.0,Neutral
2021-05-30,349.0,,0.0,Neutral,0.0,Neutral
2021-05-27,342.0,2021-05-27,0.2186865657567978,Positive,0.2186865657567978,Positive
2021-05-25,341.0,2021-05-25,0.655621349811554,Strongly Positive,0.7649646326899529,Strongly Positive
2021-05-24,348.0,,0.0,Neutral,0.3824823163449764,Positive
2021-05-23,353.0,,0.0,Neutral,0.1639053374528885,Slightly Positive
2021-05-20,351.0,,0.0,Neutral,0.0,Neutral
2021-05-19,330.0,,0.0,Neutral,0.0,Neutral
2021-05-18,325.0,,0.0,Neutral,0.0,Neutral
2021-05-17,324.0,,0.0,Neutral,0.0,Neutral
2021-05-16,320.0,2021-05-16,0.8713140487670898,Strongly Positive,0.8713140487670898,Strongly Positive
2021-05-13,312.0,,0.0,Neutral,0.4356570243835449,Positive
2021-05-12,312.0,,0.0,Neutral,0.21782851219177246,Positive
2021-05-11,313.0,,0.0,Neutral,0.0,Neutral
2021-05-10,314.0,,0.0,Neutral,0.0,Neutral
2021-05-09,314.0,,0.0,Neutral,0.0,Neutral
2021-05-06,305.0,,0.0,Neutral,0.0,Neutral
2021-05-05,301.0,,0.0,Neutral,0.0,Neutral
2021-05-04,303.0,,0.0,Neutral,0.0,Neutral
2021-05-03,305.0,,0.0,Neutral,0.0,Neutral
2021-05-02,305.0,2021-05-02,0.1060797721147537,Slightly Positive,0.1060797721147537,Slightly Positive
2021-04-29,303.0,2021-04-29,-0.3356136381626129,Negative,-0.28257375210523605,Negative
2021-04-28,301.0,2021-04-28,0.0036563519388437,Neutral,-0.13763052411377433,Slightly Negative
2021-04-27,306.0,,0.0,Neutral,-0.08207523357123138,Slightly Negative
2021-04-26,296.0,,0.0,Neutral,0.000914087984710925,Neutral
2021-04-25,304.0,,0.0,Neutral,0.0,Neutral
2021-04-22,309.0,,0.0,Neutral,0.0,Neutral
2021-04-21,309.0,2021-04-21,-0.5364495515823364,Negative,-0.5364495515823364,Negative
2021-04-20,312.0,2021-04-20,-0.8707112669944763,Strongly Negative,-1.1389360427856445,Strongly Negative
2021-04-19,313.0,,0.0,Neutral,-0.5694680213928223,Negative
2021-04-18,318.0,2021-04-18,-0.4178709387779236,Negative,-0.6355487555265427,Strongly Negative
2021-04-15,321.0,,0.0,Neutral,-0.2089354693889618,Negative
2021-04-13,318.0,2021-04-13,-0.5402607917785645,Negative,-0.6447285264730453,Strongly Negative
2021-04-12,310.0,,0.0,Neutral,-0.2701303958892822,Negative
2021-04-08,313.0,,0.0,Neutral,-0.1350651979446411,Slightly Negative
2021-04-07,310.0,,0.0,Neutral,0.0,Neutral
2021-04-06,310.0,,0.0,Neutral,0.0,Neutral
2021-04-05,307.0,2021-04-05,-0.4910283088684082,Negative,-0.4910283088684082,Negative
2021-04-04,312.0,,0.0,Neutral,-0.2455141544342041,Negative
2021-04-01,309.0,2021-04-01,0.1322474330663681,Slightly Positive,0.009490355849266052,Neutral
2021-03-31,304.0,,0.0,Neutral,0.06612371653318405,Slightly Positive
2021-03-30,299.0,,0.0,Neutral,0.033061858266592026,Neutral
2021-03-29,299.0,2021-03-29,0.849197268486023,Strongly Positive,0.849197268486023,Strongly Positive
2021-03-25,301.0,,0.0,Neutral,0.4245986342430115,Positive
2021-03-24,301.0,2021-03-24,-0.4105883538722992,Negative,-0.19828903675079346,Slightly Negative
2021-03-23,299.0,2021-03-23,0.8062120676040649,Strongly Positive,0.6009178906679153,Strongly Positive
2021-03-22,297.0,2021-03-22,-0.3435660600662231,Negative,-0.04310711473226542,Neutral
2021-03-21,302.0,,0.0,Neutral,0.02976998686790469,Neutral
2021-03-18,298.0,,0.0,Neutral,-0.08589151501655577,Slightly Negative
2021-03-17,289.0,,0.0,Neutral,0.0,Neutral
2021-03-16,294.0,,0.0,Neutral,0.0,Neutral
2021-03-15,295.0,,0.0,Neutral,0.0,Neutral
2021-03-14,297.0,2021-03-14,0.3672319650650024,Positive,0.3672319650650024,Positive
2021-03-10,306.0,,0.0,Neutral,0.1836159825325012,Slightly Positive
2021-03-09,306.0,,0.0,Neutral,0.0918079912662506,Slightly Positive
2021-03-07,312.0,2021-03-07,0.8898645639419556,Strongly Positive,0.8898645639419556,Strongly Positive
2021-03-04,326.0,,0.0,Neutral,0.4449322819709778,Positive
2021-03-03,303.0,,0.0,Neutral,0.2224661409854889,Positive
2021-03-02,302.0,2021-03-02,-0.438233733177185,Negative,-0.438233733177185,Negative
2021-03-01,309.0,,0.0,Neutral,-0.2191168665885925,Negative
2021-02-28,298.0,,0.0,Neutral,-0.10955843329429625,Slightly Negative
2021-02-25,306.0,,0.0,Neutral,0.0,Neutral
2021-02-24,314.0,2021-02-24,-0.4131810963153839,Negative,-0.4131810963153839,Negative
2021-02-23,312.0,,0.0,Neutral,-0.20659054815769196,Negative
2021-02-22,314.0,,0.0,Neutral,-0.10329527407884598,Slightly Negative
2021-02-21,324.0,2021-02-21,-0.5976194143295288,Negative,-0.5976194143295288,Negative
2021-02-18,326.0,,0.0,Neutral,-0.2988097071647644,Negative
2021-02-17,320.0,,0.0,Neutral,-0.1494048535823822,Slightly Negative
2021-02-16,317.0,,0.0,Neutral,0.0,Neutral
2021-02-15,310.0,,0.0,Neutral,0.0,Neutral
2021-02-14,310.0,,0.0,Neutral,0.0,Neutral
2021-02-11,318.0,,0.0,Neutral,0.0,Neutral
2021-02-10,313.0,2021-02-10,0.4726470112800598,Positive,0.4726470112800598,Positive
2021-02-09,310.0,2021-02-09,-0.5642222166061401,Negative,-0.32789871096611023,Negative
2021-02-08,315.0,2021-02-08,-0.4620852768421173,Negative,-0.6260346323251724,Strongly Negative
2021-02-07,296.0,,0.0,Neutral,-0.3720981925725937,Negative
2021-02-04,293.0,2021-02-04,-0.4566866755485534,Negative,-0.5722079947590828,Negative
2021-02-03,295.0,,0.0,Neutral,-0.2283433377742767,Negative
2021-02-02,298.0,,0.0,Neutral,-0.11417166888713835,Slightly Negative
2021-02-01,292.0,,0.0,Neutral,0.0,Neutral
2021-01-31,289.0,2021-01-31,0.0300732478499412,Neutral,0.0300732478499412,Neutral
2021-01-28,301.0,2021-01-28,0.7391324043273926,Strongly Positive,0.7541690282523632,Strongly Positive
2021-01-27,311.0,2021-01-27,0.9172951579093932,Strongly Positive,1.294379672035575,Strongly Positive
2021-01-26,315.0,2021-01-26,-0.5346378684043884,Negative,0.10879281163215632,Slightly Positive
2021-01-25,320.0,,0.0,Neutral,-0.037995144724845914,Neutral
2021-01-24,320.0,,0.0,Neutral,-0.1336594671010971,Slightly Negative
2021-01-21,321.0,2021-01-21,-0.8496271967887878,Strongly Negative,-0.8496271967887878,Strongly Negative
2021-01-20,328.0,,0.0,Neutral,-0.4248135983943939,Negative
2021-01-19,317.0,,0.0,Neutral,-0.21240679919719696,Negative
2021-01-18,307.0,,0.0,Neutral,0.0,Neutral
2021-01-17,302.0,2021-01-17,0.3041101396083832,Positive,0.3041101396083832,Positive
2021-01-13,307.0,2021-01-13,0.4864499568939209,Positive,0.6385050266981125,Strongly Positive
2021-01-12,305.0,,0.0,Neutral,0.31925251334905624,Positive
2021-01-11,288.0,2021-01-11,-0.3791023790836334,Negative,-0.2574898898601532,Negative
2021-01-10,290.0,2021-01-10,-0.4561843276023865,Negative,-0.6457355171442032,Strongly Negative
2021-01-07,276.0,2021-01-07,0.698971003293991,Strongly Positive,0.3761032447218894,Positive
2021-01-06,272.0,,0.0,Neutral,0.23543941974639887,Positive
2021-01-05,269.0,,0.0,Neutral,0.17474275082349774,Slightly Positive
2021-01-04,265.0,,0.0,Neutral,0.0,Neutral
2021-01-03,270.0,2021-01-03,-0.3271416127681732,Negative,-0.3271416127681732,Negative
2020-12-31,254.0,,0.0,Neutral,-0.1635708063840866,Slightly Negative
2020-12-30,249.0,2020-12-30,-0.4411584436893463,Negative,-0.5229438468813896,Negative
2020-12-29,250.0,,0.0,Neutral,-0.22057922184467316,Negative
2020-12-28,250.0,,0.0,Neutral,-0.11028961092233658,Slightly Negative
2020-12-27,250.0,,0.0,Neutral,0.0,Neutral
2020-12-24,255.0,2020-12-24,0.512558102607727,Positive,0.512558102607727,Positive
2020-12-23,254.0,,0.0,Neutral,0.2562790513038635,Positive
2020-12-22,250.0,,0.0,Neutral,0.12813952565193176,Slightly Positive
2020-12-21,240.0,2020-12-21,-0.5311627984046936,Negative,-0.5311627984046936,Negative
2020-12-20,243.0,,0.0,Neutral,-0.2655813992023468,Negative
2020-12-17,251.0,2020-12-17,0.6602139472961426,Strongly Positive,0.5274232476949692,Positive
2020-12-16,252.0,2020-12-16,0.6675947904586792,Strongly Positive,0.9977017641067505,Strongly Positive
2020-12-15,253.0,,0.0,Neutral,0.49885088205337524,Positive
2020-12-14,253.0,,0.0,Neutral,0.1668986976146698,Slightly Positive
2020-12-13,254.0,,0.0,Neutral,0.0,Neutral
2020-12-10,245.0,,0.0,Neutral,0.0,Neutral
2020-12-09,248.0,2020-12-09,0.1103778183460235,Slightly Positive,0.1103778183460235,Slightly Positive
2020-12-08,251.0,,0.0,Neutral,0.05518890917301175,Slightly Positive
2020-12-07,253.0,2020-12-07,0.6842315196990967,Strongly Positive,0.7118259742856026,Strongly Positive
2020-12-06,252.0,,0.0,Neutral,0.34211575984954834,Positive
2020-12-03,261.0,,0.0,Neutral,0.17105787992477417,Slightly Positive
2020-12-02,265.0,,0.0,Neutral,0.0,Neutral
2020-12-01,265.0,,0.0,Neutral,0.0,Neutral
2020-11-30,272.0,,0.0,Neutral,0.0,Neutral
2020-11-29,280.0,,0.0,Neutral,0.0,Neutral
2020-11-26,257.0,,0.0,Neutral,0.0,Neutral
2020-11-25,253.0,2020-11-25,0.8829460740089417,Strongly Positive,0.8829460740089417,Strongly Positive
2020-11-24,250.0,,0.0,Neutral,0.4414730370044708,Positive
2020-11-23,253.0,,0.0,Neutral,0.2207365185022354,Positive
2020-11-22,254.0,,0.0,Neutral,0.0,Neutral
2020-11-19,252.0,,0.0,Neutral,0.0,Neutral
2020-11-18,255.0,2020-11-18,0.1508250832557678,Slightly Positive,0.1508250832557678,Slightly Positive
2020-11-12,296.0,,0.0,Neutral,0.0754125416278839,Slightly Positive
2020-11-11,292.0,,0.0,Neutral,0.03770627081394195,Neutral
2020-11-10,291.0,2020-11-10,0.0448877215385437,Neutral,0.0448877215385437,Neutral
2020-11-09,291.0,,0.0,Neutral,0.02244386076927185,Neutral
2020-11-08,297.0,,0.0,Neutral,0.011221930384635925,Neutral
2020-11-05,287.0,2020-11-05,0.9027197360992432,Strongly Positive,0.9027197360992432,Strongly Positive
2020-11-04,281.0,,0.0,Neutral,0.4513598680496216,Positive
2020-11-03,282.0,,0.0,Neutral,0.2256799340248108,Positive
2020-11-02,282.0,,0.0,Neutral,0.0,Neutral
2020-11-01,286.0,,0.0,Neutral,0.0,Neutral
2020-10-29,287.0,,0.0,Neutral,0.0,Neutral
2020-10-28,288.0,,0.0,Neutral,0.0,Neutral
2020-10-22,279.0,,0.0,Neutral,0.0,Neutral
2020-10-21,278.0,2020-10-21,0.8985637426376343,Strongly Positive,0.8985637426376343,Strongly Positive
2020-10-20,275.0,,0.0,Neutral,0.44928187131881714,Positive
2020-10-19,273.0,2020-10-19,0.906398057937622,Strongly Positive,1.1310389935970306,Strongly Positive
2020-10-18,273.0,2020-10-18,0.8729951977729797,Strongly Positive,1.3261942267417908,Strongly Positive
2020-10-15,273.0,2020-10-15,0.6376285552978516,Strongly Positive,1.300725668668747,Strongly Positive
2020-10-14,274.0,,0.0,Neutral,0.5370630770921707,Positive
2020-10-13,273.0,,0.0,Neutral,0.1594071388244629,Slightly Positive
2020-10-12,273.0,,0.0,Neutral,0.0,Neutral
2020-10-11,273.0,,0.0,Neutral,0.0,Neutral
2020-10-08,275.0,,0.0,Neutral,0.0,Neutral
2020-10-07,276.0,,0.0,Neutral,0.0,Neutral
2020-10-06,275.0,,0.0,Neutral,0.0,Neutral
2020-10-05,278.0,,0.0,Neutral,0.0,Neutral
2020-10-04,280.0,,0.0,Neutral,0.0,Neutral
2020-10-01,282.0,,0.0,Neutral,0.0,Neutral
2020-09-30,258.0,,0.0,Neutral,0.0,Neutral
2020-09-29,262.0,,0.0,Neutral,0.0,Neutral
2020-09-28,263.0,,0.0,Neutral,0.0,Neutral
2020-09-27,262.0,,0.0,Neutral,0.0,Neutral
2020-09-24,259.0,,0.0,Neutral,0.0,Neutral
2020-09-23,262.0,,0.0,Neutral,0.0,Neutral
2020-09-22,257.0,,0.0,Neutral,0.0,Neutral
2020-09-21,267.0,,0.0,Neutral,0.0,Neutral
2020-09-20,263.0,,0.0,Neutral,0.0,Neutral
2020-09-17,254.0,,0.0,Neutral,0.0,Neutral
2020-09-16,247.0,2020-09-16,0.859821081161499,Strongly Positive,0.859821081161499,Strongly Positive
2020-09-15,250.0,2020-09-15,0.88677579164505,Strongly Positive,1.3166863322257996,Strongly Positive
2020-09-14,249.0,,0.0,Neutral,0.6583431661128998,Strongly Positive
2020-09-13,238.0,,0.0,Neutral,0.2216939479112625,Positive
2020-09-10,234.0,,0.0,Neutral,0.0,Neutral
2020-09-09,231.0,,0.0,Neutral,0.0,Neutral
2020-09-08,233.0,,0.0,Neutral,0.0,Neutral
2020-09-07,232.0,,0.0,Neutral,0.0,Neutral
2020-09-06,236.0,,0.0,Neutral,0.0,Neutral
2020-09-03,235.0,,0.0,Neutral,0.0,Neutral
2020-09-02,236.0,,0.0,Neutral,0.0,Neutral
2020-08-31,232.0,,0.0,Neutral,0.0,Neutral
2020-08-30,232.0,,0.0,Neutral,0.0,Neutral
2020-08-27,232.0,,0.0,Neutral,0.0,Neutral
2020-08-26,233.0,2020-08-26,0.4787486214190721,Positive,0.4787486214190721,Positive
2020-08-25,229.0,,0.0,Neutral,0.23937431070953605,Positive
2020-08-24,228.0,,0.0,Neutral,0.11968715535476802,Slightly Positive
2020-08-23,225.0,,0.0,Neutral,0.0,Neutral
2020-08-20,224.0,2020-08-20,0.3619968295097351,Positive,0.3619968295097351,Positive
2020-08-19,221.0,,0.0,Neutral,0.18099841475486755,Slightly Positive
2020-08-18,225.0,,0.0,Neutral,0.09049920737743378,Slightly Positive
2020-08-17,228.0,,0.0,Neutral,0.0,Neutral
2020-08-16,226.0,2020-08-16,0.0681280344724655,Slightly Positive,0.0681280344724655,Slightly Positive
2020-08-13,225.0,2020-08-13,-0.0032728966325521,Neutral,0.030791120603680652,Neutral
2020-08-12,228.0,,0.0,Neutral,0.015395560301840326,Neutral
2020-08-11,227.0,,0.0,Neutral,-0.000818224158138025,Neutral
2020-08-10,229.0,,0.0,Neutral,0.0,Neutral
2020-08-09,224.0,,0.0,Neutral,0.0,Neutral
2020-08-06,222.0,,0.0,Neutral,0.0,Neutral
2020-08-05,221.0,,0.0,Neutral,0.0,Neutral
2020-08-03,230.0,,0.0,Neutral,0.0,Neutral
2020-08-02,228.0,,0.0,Neutral,0.0,Neutral
2020-07-30,236.0,,0.0,Neutral,0.0,Neutral
2020-07-29,236.0,2020-07-29,0.8600679636001587,Strongly Positive,0.8600679636001587,Strongly Positive
2020-07-28,240.0,,0.0,Neutral,0.43003398180007935,Positive
2020-07-27,241.0,,0.0,Neutral,0.21501699090003967,Positive
2020-07-26,237.0,,0.0,Neutral,0.0,Neutral
2020-07-23,234.0,,0.0,Neutral,0.0,Neutral
2020-07-22,233.0,2020-07-22,0.5365362167358398,Positive,0.5365362167358398,Positive
2020-07-21,237.0,,0.0,Neutral,0.2682681083679199,Positive
2020-07-20,243.0,,0.0,Neutral,0.13413405418395996,Slightly Positive
2020-07-19,237.0,,0.0,Neutral,0.0,Neutral
2020-07-16,225.0,,0.0,Neutral,0.0,Neutral
2020-07-15,219.0,,0.0,Neutral,0.0,Neutral
2020-07-14,216.0,,0.0,Neutral,0.0,Neutral
2020-07-13,214.0,,0.0,Neutral,0.0,Neutral
2020-07-12,218.0,,0.0,Neutral,0.0,Neutral
2020-07-09,218.0,2020-07-09,0.8973246514797211,Strongly Positive,0.8973246514797211,Strongly Positive
2020-07-08,215.0,,0.0,Neutral,0.44866232573986053,Positive
2020-07-07,215.0,,0.0,Neutral,0.22433116286993027,Positive
2020-07-06,214.0,,0.0,Neutral,0.0,Neutral
2020-07-05,208.0,2020-07-05,0.2238288819789886,Positive,0.2238288819789886,Positive
2020-07-02,214.0,,0.0,Neutral,0.1119144409894943,Slightly Positive
2020-07-01,229.0,2020-07-01,-0.564888060092926,Negative,-0.5089308395981789,Negative
2020-06-30,217.0,2020-06-30,0.916642129421234,Strongly Positive,0.634198099374771,Strongly Positive
2020-05-13,206.0,,0.0,Neutral,0.3170990496873855,Positive
2020-05-12,212.0,,0.0,Neutral,0.2291605323553085,Positive
2020-03-22,218.0,2020-03-22,0.5310344099998474,Positive,0.5310344099998474,Positive
2020-03-19,223.0,,0.0,Neutral,0.2655172049999237,Positive
2020-03-18,222.0,,0.0,Neutral,0.13275860249996185,Slightly Positive
2020-03-17,222.0,2020-03-17,0.8020090460777283,Strongly Positive,0.8020090460777283,Strongly Positive
2020-03-16,228.0,2020-03-16,0.6043878793716431,Strongly Positive,1.0053924024105072,Strongly Positive
2020-03-15,231.0,2020-03-15,0.8521060943603516,Strongly Positive,1.3548022955656052,Strongly Positive
2020-03-12,239.0,,0.0,Neutral,0.5771500170230865,Positive
2020-03-11,249.0,2020-03-11,0.6391243934631348,Strongly Positive,0.8521509170532227,Strongly Positive
2020-03-10,232.0,2020-03-10,-0.6497147083282471,Strongly Negative,-0.3301525115966797,Negative
2020-03-05,248.0,2020-03-05,0.7326845228672028,Strongly Positive,0.5676082670688629,Positive
2020-03-04,249.0,2020-03-04,-0.0493215024471282,Neutral,0.15459208190441143,Slightly Positive
2020-03-03,260.0,2020-03-03,0.9211212992668152,Strongly Positive,1.0796316787600517,Strongly Positive
2020-03-02,260.0,2020-03-02,0.7860763669013977,Strongly Positive,1.2343066409230232,Strongly Positive
2020-03-01,277.0,,0.0,Neutral,0.6233185082674026,Strongly Positive
2020-02-27,284.0,2020-02-27,0.4762963950634002,Positive,0.6728154867887497,Strongly Positive
2020-02-26,274.0,2020-02-26,-0.5152184963226318,Negative,-0.2770702987909317,Negative
2020-02-25,262.0,2020-02-25,0.9188093543052672,Strongly Positive,0.7802742049098014,Strongly Positive
2020-02-24,260.0,2020-02-24,0.0043060332536697,Neutral,0.33490608632564534,Positive
2020-02-23,258.0,2020-02-23,0.0224795639514923,Neutral,0.25433491915464396,Positive
2020-02-20,237.0,2020-02-20,0.7416114807128906,Strongly Positive,0.7539277710020542,Strongly Positive
2020-02-19,236.0,2020-02-19,0.5676307678222656,Positive,0.944056399166584,Strongly Positive
2020-02-18,240.0,,0.0,Neutral,0.46921825408935547,Positive
2020-02-17,241.0,2020-02-17,0.7569572925567627,Strongly Positive,0.8988649845123291,Strongly Positive
2020-02-16,233.0,2020-02-16,0.3593215346336365,Positive,0.7378001809120178,Strongly Positive
2020-02-13,232.0,2020-02-13,-0.1728152632713318,Slightly Negative,0.19608482718467712,Slightly Positive
2020-02-12,234.0,,0.0,Neutral,0.003422752022743225,Neutral
2020-02-11,237.0,2020-02-11,-0.6466630697250366,Strongly Negative,-0.6898668855428696,Strongly Negative
2020-02-10,230.0,,0.0,Neutral,-0.3233315348625183,Negative
2020-02-09,231.0,,0.0,Neutral,-0.16166576743125916,Slightly Negative
2020-02-06,236.0,,0.0,Neutral,0.0,Neutral
2020-02-05,236.0,2020-02-05,0.879252552986145,Strongly Positive,0.879252552986145,Strongly Positive
2020-02-04,238.0,,0.0,Neutral,0.4396262764930725,Positive
2020-02-03,242.0,,0.0,Neutral,0.21981313824653625,Positive
2020-02-02,239.0,,0.0,Neutral,0.0,Neutral
2020-01-30,231.0,,0.0,Neutral,0.0,Neutral
2020-01-29,230.0,,0.0,Neutral,0.0,Neutral
2020-01-28,229.0,2020-01-28,0.283295214176178,Positive,0.283295214176178,Positive
2020-01-27,235.0,,0.0,Neutral,0.141647607088089,Slightly Positive
2020-01-26,226.0,2020-01-26,0.8893269896507263,Strongly Positive,0.9601507931947708,Strongly Positive
2020-01-23,230.0,,0.0,Neutral,0.44466349482536316,Positive
2020-01-22,235.0,,0.0,Neutral,0.22233174741268158,Positive
2020-01-21,238.0,,0.0,Neutral,0.0,Neutral
2020-01-20,238.0,2020-01-20,-0.2280759774148464,Negative,-0.2280759774148464,Negative
2020-01-19,247.0,,0.0,Neutral,-0.1140379887074232,Slightly Negative
2020-01-16,244.0,,0.0,Neutral,-0.0570189943537116,Slightly Negative
2020-01-15,236.0,,0.0,Neutral,0.0,Neutral
2020-01-14,230.0,2020-01-14,0.5020753741264343,Positive,0.5020753741264343,Positive
2020-01-13,232.0,,0.0,Neutral,0.25103768706321716,Positive
2020-01-12,232.0,,0.0,Neutral,0.12551884353160858,Slightly Positive
2020-01-09,225.0,,0.0,Neutral,0.0,Neutral
2020-01-08,226.0,,0.0,Neutral,0.0,Neutral
2020-01-07,226.0,,0.0,Neutral,0.0,Neutral
2020-01-06,223.0,,0.0,Neutral,0.0,Neutral
2020-01-05,217.0,2020-01-05,0.5616716295480728,Positive,0.5616716295480728,Positive
2020-01-02,214.0,,0.0,Neutral,0.2808358147740364,Positive
2020-01-01,215.0,,0.0,Neutral,0.1404179073870182,Slightly Positive
2019-12-31,215.0,,0.0,Neutral,0.0,Neutral
2019-12-30,215.0,2019-12-30,0.7870628833770752,Strongly Positive,0.7870628833770752,Strongly Positive
2019-12-29,213.0,,0.0,Neutral,0.3935314416885376,Positive
2019-12-26,215.0,2019-12-26,0.3885568231344224,Positive,0.5853225439786912,Positive
2019-12-25,213.0,,0.0,Neutral,0.1942784115672112,Slightly Positive
2019-12-24,217.0,,0.0,Neutral,0.0971392057836056,Slightly Positive
2019-12-23,218.0,,0.0,Neutral,0.0,Neutral
2019-12-22,216.0,,0.0,Neutral,0.0,Neutral
2019-12-19,214.0,,0.0,Neutral,0.0,Neutral
2019-12-18,217.0,,0.0,Neutral,0.0,Neutral
2019-12-17,216.0,,0.0,Neutral,0.0,Neutral
2019-12-16,217.0,,0.0,Neutral,0.0,Neutral
2019-12-15,222.0,,0.0,Neutral,0.0,Neutral
2019-12-12,218.0,,0.0,Neutral,0.0,Neutral
2019-12-11,218.0,,0.0,Neutral,0.0,Neutral
2019-12-10,219.0,,0.0,Neutral,0.0,Neutral
2019-12-09,219.0,,0.0,Neutral,0.0,Neutral
2019-12-08,216.0,,0.0,Neutral,0.0,Neutral
2019-12-05,215.0,,0.0,Neutral,0.0,Neutral
2019-12-04,215.0,,0.0,Neutral,0.0,Neutral
2019-12-03,215.0,2019-12-03,0.618488609790802,Strongly Positive,0.618488609790802,Strongly Positive
2019-12-02,213.0,2019-12-02,0.6570655703544617,Strongly Positive,0.9663098752498627,Strongly Positive
2019-12-01,212.0,,0.0,Neutral,0.48315493762493134,Positive
2019-11-28,211.0,,0.0,Neutral,0.16426639258861542,Slightly Positive
2019-11-27,217.0,,0.0,Neutral,0.0,Neutral
2019-11-26,215.0,,0.0,Neutral,0.0,Neutral
2019-11-25,215.0,,0.0,Neutral,0.0,Neutral
2019-11-24,213.0,2019-11-24,0.7399795055389404,Strongly Positive,0.7399795055389404,Strongly Positive
2019-11-21,217.0,,0.0,Neutral,0.3699897527694702,Positive
2019-11-20,217.0,,0.0,Neutral,0.1849948763847351,Slightly Positive
2019-11-19,216.0,2019-11-19,0.4210245609283447,Positive,0.4210245609283447,Positive
2019-11-18,218.0,,0.0,Neutral,0.21051228046417236,Positive
2019-11-17,221.0,,0.0,Neutral,0.10525614023208618,Slightly Positive
2019-11-14,225.0,,0.0,Neutral,0.0,Neutral
2019-11-13,222.0,,0.0,Neutral,0.0,Neutral
2019-11-12,222.0,,0.0,Neutral,0.0,Neutral
2019-11-11,227.0,,0.0,Neutral,0.0,Neutral
2019-11-10,225.0,2019-11-10,-0.0885843336582183,Slightly Negative,-0.0885843336582183,Slightly Negative
2019-11-07,227.0,,0.0,Neutral,-0.04429216682910915,Neutral
2019-11-06,227.0,,0.0,Neutral,-0.022146083414554575,Neutral
2019-11-05,226.0,,0.0,Neutral,0.0,Neutral
2019-11-04,226.0,2019-11-04,-0.9058239459991456,Strongly Negative,-0.9058239459991456,Strongly Negative
2019-11-03,225.0,,0.0,Neutral,-0.4529119729995728,Negative
2019-10-31,224.0,,0.0,Neutral,-0.2264559864997864,Negative
2019-10-24,227.0,,0.0,Neutral,0.0,Neutral
2019-10-23,229.0,,0.0,Neutral,0.0,Neutral
2019-10-22,227.0,,0.0,Neutral,0.0,Neutral
2019-10-21,226.0,2019-10-21,0.7867043614387512,Strongly Positive,0.7867043614387512,Strongly Positive
2019-10-20,226.0,,0.0,Neutral,0.3933521807193756,Positive
2019-10-17,227.0,,0.0,Neutral,0.1966760903596878,Slightly Positive
2019-10-16,227.0,,0.0,Neutral,0.0,Neutral
2019-10-15,233.0,,0.0,Neutral,0.0,Neutral
2019-10-14,233.0,,0.0,Neutral,0.0,Neutral
2019-10-10,240.0,,0.0,Neutral,0.0,Neutral
2019-10-03,236.0,2019-10-03,0.6210771203041077,Strongly Positive,0.6210771203041077,Strongly Positive
2019-10-02,260.0,,0.0,Neutral,0.31053856015205383,Positive
2019-10-01,259.0,2019-10-01,-0.3024523556232452,Negative,-0.14718307554721827,Slightly Negative
2019-09-30,255.0,,0.0,Neutral,-0.1512261778116226,Slightly Negative
2019-09-29,250.0,2019-09-29,0.8132269978523254,Strongly Positive,0.7376139089465141,Strongly Positive
2019-09-26,250.0,2019-09-26,0.5172597169876099,Positive,0.9238732159137726,Strongly Positive
2019-09-25,251.0,,0.0,Neutral,0.4619366079568863,Positive
2019-09-24,248.0,2019-09-24,-0.0042473077774047,Neutral,0.12506762146949776,Slightly Positive
2019-09-23,250.0,,0.0,Neutral,-0.00212365388870235,Neutral
2019-09-22,250.0,,0.0,Neutral,-0.001061826944351175,Neutral
2019-09-19,257.0,,0.0,Neutral,0.0,Neutral
2019-09-18,258.0,,0.0,Neutral,0.0,Neutral
2019-09-17,257.0,2019-09-17,0.4095453321933746,Positive,0.4095453321933746,Positive
2019-09-16,250.0,2019-09-16,0.4361126124858857,Positive,0.6408852785825729,Strongly Positive
2019-09-15,255.0,2019-09-15,0.6814584136009216,Strongly Positive,1.001901052892208,Strongly Positive
2019-09-12,255.0,,0.0,Neutral,0.4497573599219322,Positive
2019-09-11,255.0,2019-09-11,0.869890034198761,Strongly Positive,1.0402546375989914,Strongly Positive
2019-09-10,255.0,,0.0,Neutral,0.4349450170993805,Positive
2019-09-09,256.0,,0.0,Neutral,0.21747250854969025,Positive
2019-09-08,258.0,2019-09-08,0.7852203249931335,Strongly Positive,0.7852203249931335,Strongly Positive
2019-09-05,261.0,,0.0,Neutral,0.3926101624965668,Positive
2019-09-04,261.0,2019-09-04,0.4178094565868377,Positive,0.6141145378351212,Strongly Positive
2019-09-03,260.0,,0.0,Neutral,0.20890472829341886,Positive
2019-09-02,253.0,2019-09-02,0.521414041519165,Positive,0.6258664056658745,Strongly Positive
2019-09-01,252.0,,0.0,Neutral,0.2607070207595825,Positive
2019-08-29,253.0,,0.0,Neutral,0.13035351037979126,Slightly Positive
2019-08-28,254.0,,0.0,Neutral,0.0,Neutral
2019-08-27,257.0,2019-08-27,0.3579877018928528,Positive,0.3579877018928528,Positive
2019-08-26,256.0,2019-08-26,0.7882136106491089,Strongly Positive,0.9672074615955353,Strongly Positive
2019-08-25,258.0,,0.0,Neutral,0.48360373079776764,Positive
2019-08-22,258.0,,0.0,Neutral,0.19705340266227722,Slightly Positive
2019-08-21,256.0,,0.0,Neutral,0.0,Neutral
2019-08-20,258.0,,0.0,Neutral,0.0,Neutral
2019-08-19,260.0,2019-08-19,0.8192152976989746,Strongly Positive,0.8192152976989746,Strongly Positive
2019-08-18,258.0,,0.0,Neutral,0.4096076488494873,Positive
2019-08-15,256.0,,0.0,Neutral,0.20480382442474365,Positive
2019-08-14,257.0,2019-08-14,0.8356881737709045,Strongly Positive,0.8356881737709045,Strongly Positive
2019-08-13,261.0,2019-08-13,0.6991210579872131,Strongly Positive,1.1169651448726654,Strongly Positive
2019-08-12,260.0,,0.0,Neutral,0.5584825724363327,Positive
2019-08-11,260.0,,0.0,Neutral,0.17478026449680328,Slightly Positive
2019-08-08,264.0,,0.0,Neutral,0.0,Neutral
2019-08-07,262.0,2019-08-07,-0.4570404589176178,Negative,-0.4570404589176178,Negative
2019-08-06,260.0,,0.0,Neutral,-0.2285202294588089,Negative
2019-08-05,260.0,,0.0,Neutral,-0.11426011472940445,Slightly Negative
2019-08-04,264.0,,0.0,Neutral,0.0,Neutral
2019-08-01,265.0,,0.0,Neutral,0.0,Neutral
2019-07-31,268.0,2019-07-31,-0.4471966624259949,Negative,-0.4471966624259949,Negative
2019-07-30,268.0,,0.0,Neutral,-0.22359833121299744,Negative
2019-07-29,267.0,2019-07-29,0.5511285066604614,Positive,0.4393293410539627,Positive
2019-07-28,262.0,,0.0,Neutral,0.2755642533302307,Positive
2019-07-25,269.0,,0.0,Neutral,0.13778212666511536,Slightly Positive
2019-07-24,274.0,2019-07-24,0.8770189881324768,Strongly Positive,0.8770189881324768,Strongly Positive
2019-07-23,268.0,,0.0,Neutral,0.4385094940662384,Positive
2019-07-22,265.0,,0.0,Neutral,0.2192547470331192,Positive
2019-07-21,266.0,2019-07-21,0.1339715123176574,Slightly Positive,0.1339715123176574,Slightly Positive
2019-07-18,264.0,,0.0,Neutral,0.0669857561588287,Slightly Positive
2019-07-17,265.0,2019-07-17,0.8922961354255676,Strongly Positive,0.925789013504982,Strongly Positive
2019-07-16,255.0,,0.0,Neutral,0.4461480677127838,Positive
2019-07-15,256.0,,0.0,Neutral,0.2230740338563919,Positive
2019-07-14,255.0,,0.0,Neutral,0.0,Neutral
2019-07-11,257.0,,0.0,Neutral,0.0,Neutral
2019-07-10,257.0,2019-07-10,-0.4849487543106079,Negative,-0.4849487543106079,Negative
2019-07-09,258.0,,0.0,Neutral,-0.24247437715530396,Negative
2019-07-08,255.0,2019-07-08,0.8237234354019165,Strongly Positive,0.7024862468242645,Strongly Positive
2019-07-07,260.0,2019-07-07,0.8937943577766418,Strongly Positive,1.3056560754776,Strongly Positive
2019-07-04,263.0,2019-07-04,0.6093844771385193,Strongly Positive,1.2622125148773193,Strongly Positive
2019-07-03,265.0,,0.0,Neutral,0.5281408280134201,Positive
2019-07-02,263.0,2019-07-02,-0.2368516623973846,Negative,-0.08450554311275477,Slightly Negative
2019-07-01,259.0,2019-07-01,-0.4330974519252777,Negative,-0.55152328312397,Negative
2019-06-30,261.0,,0.0,Neutral,-0.275761641561985,Negative
2019-06-27,265.0,,0.0,Neutral,-0.10827436298131943,Slightly Negative
2019-06-26,266.0,,0.0,Neutral,0.0,Neutral
2019-06-25,266.0,,0.0,Neutral,0.0,Neutral
2019-06-24,266.0,,0.0,Neutral,0.0,Neutral
2019-06-23,269.0,,0.0,Neutral,0.0,Neutral
2019-06-20,265.0,,0.0,Neutral,0.0,Neutral
2019-06-19,264.0,,0.0,Neutral,0.0,Neutral
2019-06-18,264.0,,0.0,Neutral,0.0,Neutral
2019-06-17,264.0,2019-06-17,-0.6195419430732727,Strongly Negative,-0.6195419430732727,Strongly Negative
2019-06-16,263.0,2019-06-16,0.0492241531610489,Neutral,-0.26054681837558746,Negative
2019-06-13,264.0,,0.0,Neutral,-0.13027340918779373,Slightly Negative
2019-06-12,263.0,,0.0,Neutral,0.012306038290262226,Neutral
2019-06-11,263.0,,0.0,Neutral,0.0,Neutral
2019-06-10,264.0,,0.0,Neutral,0.0,Neutral
2019-06-06,268.0,,0.0,Neutral,0.0,Neutral
2019-06-04,268.0,,0.0,Neutral,0.0,Neutral
2019-06-03,270.0,,0.0,Neutral,0.0,Neutral
2019-06-02,271.0,,0.0,Neutral,0.0,Neutral
2019-05-30,277.0,,0.0,Neutral,0.0,Neutral
2019-05-29,274.0,2019-05-29,0.3382772803306579,Positive,0.3382772803306579,Positive
2019-05-28,272.0,,0.0,Neutral,0.16913864016532895,Slightly Positive
2019-05-27,271.0,,0.0,Neutral,0.08456932008266448,Slightly Positive
2019-05-26,271.0,,0.0,Neutral,0.0,Neutral
2019-05-23,271.0,,0.0,Neutral,0.0,Neutral
2019-05-22,275.0,2019-05-22,0.9192432165145874,Strongly Positive,0.9192432165145874,Strongly Positive
2019-05-21,276.0,,0.0,Neutral,0.4596216082572937,Positive
2019-05-20,276.0,,0.0,Neutral,0.22981080412864685,Positive
2019-05-19,279.0,,0.0,Neutral,0.0,Neutral
2019-05-16,280.0,2019-05-16,0.6019901037216187,Strongly Positive,0.6019901037216187,Strongly Positive
2019-05-15,280.0,,0.0,Neutral,0.3009950518608093,Positive
2019-05-14,277.0,2019-05-14,-0.1161871999502182,Slightly Negative,0.03431032598018646,Neutral
2019-05-13,277.0,,0.0,Neutral,-0.0580935999751091,Slightly Negative
2019-05-12,274.0,,0.0,Neutral,-0.02904679998755455,Neutral
2019-05-09,276.0,,0.0,Neutral,0.0,Neutral
2019-05-08,280.0,,0.0,Neutral,0.0,Neutral
2019-05-07,283.0,,0.0,Neutral,0.0,Neutral
2019-05-06,290.0,,0.0,Neutral,0.0,Neutral
2019-05-05,275.0,,0.0,Neutral,0.0,Neutral
2019-05-02,282.0,,0.0,Neutral,0.0,Neutral
2019-04-30,287.0,,0.0,Neutral,0.0,Neutral
2019-04-29,288.0,2019-04-29,0.6715145111083984,Strongly Positive,0.6715145111083984,Strongly Positive
2019-04-28,290.0,,0.0,Neutral,0.3357572555541992,Positive
2019-04-25,295.0,,0.0,Neutral,0.1678786277770996,Slightly Positive
2019-04-24,292.0,2019-04-24,-0.2091304957866668,Negative,-0.2091304957866668,Negative
2019-04-23,281.0,,0.0,Neutral,-0.1045652478933334,Slightly Negative
2019-04-22,277.0,2019-04-22,0.7112140357494354,Strongly Positive,0.6589314118027687,Strongly Positive
2019-04-21,288.0,2019-04-21,0.2224275916814804,Positive,0.5780346095561981,Positive
2019-04-18,270.0,,0.0,Neutral,0.28901730477809906,Positive
2019-04-17,267.0,,0.0,Neutral,0.0556068979203701,Slightly Positive
2019-04-16,267.0,2019-04-16,0.7619708776473999,Strongly Positive,0.7619708776473999,Strongly Positive
2019-04-15,263.0,,0.0,Neutral,0.38098543882369995,Positive
2019-04-11,264.0,2019-04-11,0.5554110407829285,Positive,0.7459037601947784,Strongly Positive
2019-04-10,264.0,2019-04-10,0.8950625061988831,Strongly Positive,1.1727680265903473,Strongly Positive
2019-04-09,258.0,2019-04-09,0.8805367946624756,Strongly Positive,1.4669208079576492,Strongly Positive
2019-04-08,261.0,,0.0,Neutral,0.6640340238809586,Strongly Positive
2019-04-07,261.0,,0.0,Neutral,0.2201341986656189,Positive
2019-04-04,249.0,,0.0,Neutral,0.0,Neutral
2019-04-03,250.0,2019-04-03,0.8603233098983765,Strongly Positive,0.8603233098983765,Strongly Positive
2019-04-02,247.0,,0.0,Neutral,0.43016165494918823,Positive
2019-04-01,243.0,2019-04-01,0.6460291147232056,Strongly Positive,0.8611099421977997,Strongly Positive
2019-03-31,242.0,,0.0,Neutral,0.3230145573616028,Positive
2019-03-28,241.0,,0.0,Neutral,0.1615072786808014,Slightly Positive
2019-03-27,242.0,,0.0,Neutral,0.0,Neutral
2019-03-26,243.0,2019-03-26,0.5928543210029602,Positive,0.5928543210029602,Positive
2019-03-25,243.0,,0.0,Neutral,0.2964271605014801,Positive
2019-03-24,243.0,,0.0,Neutral,0.14821358025074005,Slightly Positive
2019-03-21,244.0,,0.0,Neutral,0.0,Neutral
2019-03-19,246.0,2019-03-19,0.4687463641166687,Positive,0.4687463641166687,Positive
2019-03-18,248.0,,0.0,Neutral,0.23437318205833435,Positive
2019-03-17,251.0,,0.0,Neutral,0.11718659102916718,Slightly Positive
2019-03-14,252.0,,0.0,Neutral,0.0,Neutral
2019-03-13,248.0,,0.0,Neutral,0.0,Neutral
2019-03-12,254.0,,0.0,Neutral,0.0,Neutral
2019-03-11,251.0,2019-03-11,-0.5805007219314575,Negative,-0.5805007219314575,Negative
2019-03-10,246.0,,0.0,Neutral,-0.29025036096572876,Negative
2019-03-07,246.0,2019-03-07,0.8529539108276367,Strongly Positive,0.7078287303447723,Strongly Positive
2019-03-06,238.0,,0.0,Neutral,0.42647695541381836,Positive
2019-03-05,237.0,2019-03-05,-0.6652853488922119,Strongly Negative,-0.45204687118530273,Negative
2019-03-03,237.0,,0.0,Neutral,-0.33264267444610596,Negative
2019-02-27,239.0,,0.0,Neutral,-0.16632133722305298,Slightly Negative
2019-02-26,240.0,,0.0,Neutral,0.0,Neutral
2019-02-25,240.0,,0.0,Neutral,0.0,Neutral
2019-02-24,240.0,,0.0,Neutral,0.0,Neutral
2019-02-21,242.0,,0.0,Neutral,0.0,Neutral
2019-02-20,242.0,2019-02-20,-0.000268280506134,Neutral,-0.000268280506134,Neutral
2019-02-19,244.0,,0.0,Neutral,-0.000134140253067,Neutral
2019-02-18,241.0,2019-02-18,0.5097264647483826,Positive,0.5096593946218491,Positive
2019-02-17,240.0,,0.0,Neutral,0.2548632323741913,Positive
2019-02-14,234.0,,0.0,Neutral,0.12743161618709564,Slightly Positive
2019-02-13,236.0,,0.0,Neutral,0.0,Neutral
2019-02-12,238.0,,0.0,Neutral,0.0,Neutral
2019-02-11,240.0,,0.0,Neutral,0.0,Neutral
2019-02-10,242.0,,0.0,Neutral,0.0,Neutral
2019-02-07,245.0,,0.0,Neutral,0.0,Neutral
2019-02-06,247.0,,0.0,Neutral,0.0,Neutral
2019-02-05,247.0,,0.0,Neutral,0.0,Neutral
2019-02-04,247.0,2019-02-04,-0.7323634028434753,Strongly Negative,-0.7323634028434753,Strongly Negative
2019-02-03,249.0,2019-02-03,0.4023022949695587,Positive,0.036120593547821045,Neutral
2019-01-31,252.0,,0.0,Neutral,0.018060296773910522,Neutral
2019-01-30,254.0,2019-01-30,0.127448558807373,Slightly Positive,0.22802413254976267,Positive
2019-01-29,252.0,,0.0,Neutral,0.0637242794036865,Slightly Positive
2019-01-28,254.0,,0.0,Neutral,0.03186213970184325,Neutral
2019-01-27,252.0,,0.0,Neutral,0.0,Neutral
2019-01-24,256.0,2019-01-24,0.6918145418167114,Strongly Positive,0.6918145418167114,Strongly Positive
2019-01-23,256.0,,0.0,Neutral,0.3459072709083557,Positive
2019-01-22,256.0,,0.0,Neutral,0.17295363545417786,Slightly Positive
2019-01-21,259.0,2019-01-21,0.4966762065887451,Positive,0.4966762065887451,Positive
2019-01-20,265.0,2019-01-20,0.7727754712104797,Strongly Positive,1.0211135745048523,Strongly Positive
2019-01-17,264.0,,0.0,Neutral,0.5105567872524261,Positive
2019-01-16,265.0,,0.0,Neutral,0.19319386780261993,Slightly Positive
2019-01-15,270.0,2019-01-15,0.519601047039032,Positive,0.519601047039032,Positive
2019-01-14,274.0,2019-01-14,0.9134968519210817,Strongly Positive,1.1732973754405975,Strongly Positive
2019-01-13,329.0,,0.0,Neutral,0.5866486877202988,Positive
2019-01-10,332.0,,0.0,Neutral,0.2283742129802704,Positive
2019-01-09,332.0,2019-01-09,0.7550469636917114,Strongly Positive,0.7550469636917114,Strongly Positive
2019-01-08,332.0,2019-01-08,0.7743663191795349,Strongly Positive,1.1518898010253906,Strongly Positive
2019-01-07,332.0,2019-01-07,0.7200121879577637,Strongly Positive,1.295957088470459,Strongly Positive
2019-01-06,328.0,2019-01-06,0.5872798562049866,Positive,1.1408775299787521,Strongly Positive
2019-01-03,328.0,,0.0,Neutral,0.4736429750919342,Positive
2019-01-02,329.0,2019-01-02,-0.4312562644481659,Negative,-0.28443630039691925,Negative
2019-01-01,330.0,2019-01-01,0.5289696455001831,Positive,0.31334151327610016,Positive
2018-12-31,330.0,2018-12-31,0.8081836700439453,Strongly Positive,0.9648544266819954,Strongly Positive
2018-12-30,334.0,2018-12-30,0.8666418790817261,Strongly Positive,1.4029761254787445,Strongly Positive
2018-12-27,334.0,2018-12-27,0.8413619995117188,Strongly Positive,1.4767288565635681,Strongly Positive
2018-12-26,335.0,2018-12-26,0.5205397605895996,Positive,1.1578812301158905,Strongly Positive
2018-12-25,331.0,,0.0,Neutral,0.4706103801727295,Positive
2018-12-24,332.0,2018-12-24,0.912123441696167,Strongly Positive,1.042258381843567,Strongly Positive
2018-12-23,336.0,,0.0,Neutral,0.4560617208480835,Positive
2018-12-20,328.0,2018-12-20,-0.2122925519943237,Negative,0.015738308429718045,Neutral
2018-12-19,326.0,2018-12-19,-0.3084029853343963,Negative,-0.41454926133155817,Negative
2018-12-18,328.0,,0.0,Neutral,-0.20727463066577909,Negative
2018-12-17,331.0,,0.0,Neutral,-0.07710074633359908,Slightly Negative
2018-12-16,325.0,2018-12-16,0.7137515544891357,Strongly Positive,0.7137515544891357,Strongly Positive
2018-12-13,309.0,2018-12-13,-0.1332300901412964,Slightly Negative,0.22364568710327148,Positive
2018-12-12,306.0,,0.0,Neutral,0.11182284355163574,Slightly Positive
2018-12-11,308.0,2018-12-11,0.8785602450370789,Strongly Positive,0.8452527225017548,Strongly Positive
2018-12-10,309.0,2018-12-10,0.7846078276634216,Strongly Positive,1.223887950181961,Strongly Positive
2018-12-09,308.0,,0.0,Neutral,0.6119439750909805,Strongly Positive
2018-12-06,305.0,,0.0,Neutral,0.1961519569158554,Slightly Positive
2018-12-05,301.0,,0.0,Neutral,0.0,Neutral
2018-12-04,308.0,2018-12-04,0.033573567867279,Neutral,0.033573567867279,Neutral
2018-12-03,302.0,,0.0,Neutral,0.0167867839336395,Neutral
2018-12-02,302.0,2018-12-02,0.0572157725691795,Slightly Positive,0.06560916453599924,Slightly Positive
2018-11-29,304.0,2018-11-29,0.8101602792739868,Strongly Positive,0.8387681655585766,Strongly Positive
2018-11-28,307.0,,0.0,Neutral,0.4193840827792883,Positive
2018-11-27,308.0,,0.0,Neutral,0.2025400698184967,Positive
2018-11-26,306.0,,0.0,Neutral,0.0,Neutral
2018-11-25,307.0,,0.0,Neutral,0.0,Neutral
2018-11-22,310.0,,0.0,Neutral,0.0,Neutral
2018-11-21,312.0,,0.0,Neutral,0.0,Neutral
2018-11-20,310.0,,0.0,Neutral,0.0,Neutral
2018-11-19,312.0,2018-11-19,0.5714744180440903,Positive,0.5714744180440903,Positive
2018-11-18,315.0,,0.0,Neutral,0.28573720902204514,Positive
2018-11-15,315.0,,0.0,Neutral,0.14286860451102257,Slightly Positive
2018-11-14,320.0,,0.0,Neutral,0.0,Neutral
2018-11-13,316.0,2018-11-13,-0.1938473582267761,Slightly Negative,-0.1938473582267761,Slightly Negative
2018-11-12,312.0,,0.0,Neutral,-0.09692367911338805,Slightly Negative
2018-11-11,317.0,,0.0,Neutral,-0.048461839556694024,Neutral
2018-11-06,320.0,2018-11-06,-0.1830361932516098,Slightly Negative,-0.1830361932516098,Slightly Negative
2018-11-05,317.0,,0.0,Neutral,-0.0915180966258049,Slightly Negative
2018-11-04,314.0,,0.0,Neutral,-0.04575904831290245,Neutral
2018-11-01,317.0,,0.0,Neutral,0.0,Neutral
2018-10-31,317.0,,0.0,Neutral,0.0,Neutral
2018-10-30,320.0,,0.0,Neutral,0.0,Neutral
2018-10-29,317.0,,0.0,Neutral,0.0,Neutral
2018-10-28,320.0,,0.0,Neutral,0.0,Neutral
2018-10-25,328.0,,0.0,Neutral,0.0,Neutral
2018-10-24,330.0,,0.0,Neutral,0.0,Neutral
2018-10-23,329.0,,0.0,Neutral,0.0,Neutral
2018-10-22,333.0,,0.0,Neutral,0.0,Neutral
2018-10-21,328.0,,0.0,Neutral,0.0,Neutral
2018-10-15,327.0,2018-10-15,-0.192320704460144,Slightly Negative,-0.192320704460144,Slightly Negative
2018-10-14,329.0,,0.0,Neutral,-0.096160352230072,Slightly Negative
2018-10-11,326.0,,0.0,Neutral,-0.048080176115036,Neutral
2018-10-10,316.0,2018-10-10,-0.1620651185512542,Slightly Negative,-0.1620651185512542,Slightly Negative
2018-10-09,317.0,,0.0,Neutral,-0.0810325592756271,Slightly Negative
2018-10-08,317.0,,0.0,Neutral,-0.04051627963781355,Neutral
2018-10-07,314.0,,0.0,Neutral,0.0,Neutral
2018-10-04,315.0,,0.0,Neutral,0.0,Neutral
2018-10-03,317.0,,0.0,Neutral,0.0,Neutral
2018-10-02,323.0,,0.0,Neutral,0.0,Neutral
2018-10-01,321.0,,0.0,Neutral,0.0,Neutral
2018-09-30,332.0,,0.0,Neutral,0.0,Neutral
2018-09-27,332.0,,0.0,Neutral,0.0,Neutral
2018-09-26,337.0,,0.0,Neutral,0.0,Neutral
2018-09-25,339.0,,0.0,Neutral,0.0,Neutral
2018-09-23,325.0,2018-09-23,0.8959836959838867,Strongly Positive,0.8959836959838867,Strongly Positive
2018-09-20,319.0,,0.0,Neutral,0.44799184799194336,Positive
2018-09-18,322.0,2018-09-18,0.4713515937328338,Positive,0.6953475177288055,Strongly Positive
2018-09-17,325.0,,0.0,Neutral,0.2356757968664169,Positive
2018-09-16,330.0,2018-09-16,0.4487057030200958,Positive,0.5665436014533043,Positive
2018-09-13,320.0,,0.0,Neutral,0.2243528515100479,Positive
2018-09-12,311.0,,0.0,Neutral,0.11217642575502396,Slightly Positive
2018-09-11,306.0,,0.0,Neutral,0.0,Neutral
2018-09-10,301.0,,0.0,Neutral,0.0,Neutral
2018-09-09,303.0,,0.0,Neutral,0.0,Neutral
2018-09-06,310.0,,0.0,Neutral,0.0,Neutral
2018-09-05,310.0,,0.0,Neutral,0.0,Neutral
2018-09-04,302.0,,0.0,Neutral,0.0,Neutral
2018-09-03,302.0,,0.0,Neutral,0.0,Neutral
2018-09-02,297.0,2018-09-02,0.9213955402374268,Strongly Positive,0.9213955402374268,Strongly Positive
2018-08-30,289.0,,0.0,Neutral,0.4606977701187134,Positive
2018-08-29,289.0,,0.0,Neutral,0.2303488850593567,Positive
2018-08-28,290.0,2018-08-28,0.8678902387619019,Strongly Positive,0.8678902387619019,Strongly Positive
2018-08-26,290.0,2018-08-26,0.908364236354828,Strongly Positive,1.3423093557357788,Strongly Positive
2018-08-23,279.0,2018-08-23,0.9118733406066896,Strongly Positive,1.583028018474579,Strongly Positive
2018-08-22,275.0,2018-08-22,0.9089189767837524,Strongly Positive,1.5919467061758041,Strongly Positive
2018-08-21,274.0,,0.0,Neutral,0.6824278235435486,Strongly Positive
2018-08-20,273.0,,0.0,Neutral,0.2272297441959381,Positive
2018-08-19,274.0,2018-08-19,0.6557104587554932,Strongly Positive,0.6557104587554932,Strongly Positive
2018-08-16,273.0,2018-08-16,0.8950644135475159,Strongly Positive,1.2229196429252625,Strongly Positive
2018-08-15,271.0,2018-08-15,-0.1866932809352874,Slightly Negative,0.42476654052734386,Positive
2018-08-14,262.0,,0.0,Neutral,0.13041946291923529,Slightly Positive
2018-08-13,261.0,2018-08-13,0.5976293087005615,Positive,0.5509559884667397,Positive
2018-08-12,250.0,,0.0,Neutral,0.29881465435028076,Positive
2018-08-09,262.0,2018-08-09,0.9233427047729492,Strongly Positive,1.0727500319480896,Strongly Positive
2018-08-08,263.0,,0.0,Neutral,0.4616713523864746,Positive
2018-08-07,262.0,,0.0,Neutral,0.2308356761932373,Positive
2018-08-06,263.0,,0.0,Neutral,0.0,Neutral
2018-08-05,260.0,,0.0,Neutral,0.0,Neutral
2018-08-02,258.0,2018-08-02,-0.2557297945022583,Negative,-0.2557297945022583,Negative
2018-08-01,258.0,2018-08-01,0.7616575956344604,Strongly Positive,0.6337926983833313,Strongly Positive
2018-07-31,258.0,2018-07-31,0.8481963723897934,Strongly Positive,1.165092721581459,Strongly Positive
2018-07-30,260.0,,0.0,Neutral,0.6145125851035118,Strongly Positive
2018-07-29,258.0,,0.0,Neutral,0.21204909309744835,Positive
2018-07-26,260.0,2018-07-26,0.8805007934570312,Strongly Positive,0.8805007934570312,Strongly Positive
2018-07-25,261.0,2018-07-25,0.5625090003013611,Positive,1.0027593970298767,Strongly Positive
2018-07-24,264.0,2018-07-24,0.8712472915649414,Strongly Positive,1.3726269900798798,Strongly Positive
2018-07-23,258.0,,0.0,Neutral,0.576250895857811,Positive
2018-07-22,258.0,2018-07-22,0.5804762393236159,Positive,0.7982880622148513,Strongly Positive
2018-07-19,258.0,,0.0,Neutral,0.29023811966180796,Positive
2018-07-18,258.0,2018-07-18,-0.6905643939971924,Strongly Negative,-0.5454453341662884,Negative
2018-07-17,261.0,2018-07-17,0.8452868461608887,Strongly Positive,0.5000046491622925,Positive
2018-07-16,264.0,,0.0,Neutral,0.25000232458114624,Positive
2018-07-15,263.0,2018-07-15,-0.0455491840839386,Neutral,0.16577252745628357,Slightly Positive
2018-07-12,255.0,2018-07-12,-0.1427455693483352,Slightly Negative,-0.1655201613903045,Slightly Negative
2018-07-11,262.0,2018-07-11,0.1307443678379058,Slightly Positive,0.047984287142753546,Neutral
2018-07-10,264.0,,0.0,Neutral,0.029685791581869098,Neutral
2018-07-09,260.0,,0.0,Neutral,0.03268609195947645,Neutral
2018-07-08,266.0,2018-07-08,0.7769768834114075,Strongly Positive,0.7769768834114075,Strongly Positive
2018-07-05,261.0,,0.0,Neutral,0.38848844170570374,Positive
2018-07-04,254.0,2018-07-04,0.3696541786193847,Positive,0.5638983994722366,Positive
2018-07-03,257.0,,0.0,Neutral,0.18482708930969236,Slightly Positive
2018-07-02,251.0,,0.0,Neutral,0.09241354465484618,Slightly Positive
2018-07-01,259.0,,0.0,Neutral,0.0,Neutral
2018-06-28,256.0,,0.0,Neutral,0.0,Neutral
2018-06-27,260.0,2018-06-27,0.6418185830116272,Strongly Positive,0.6418185830116272,Strongly Positive
2018-06-26,256.0,,0.0,Neutral,0.3209092915058136,Positive
2018-06-25,261.0,,0.0,Neutral,0.1604546457529068,Slightly Positive
2018-06-24,270.0,,0.0,Neutral,0.0,Neutral
2018-06-21,310.0,,0.0,Neutral,0.0,Neutral
2018-06-20,311.0,,0.0,Neutral,0.0,Neutral
2018-06-19,310.0,,0.0,Neutral,0.0,Neutral
2018-06-18,317.0,,0.0,Neutral,0.0,Neutral
2018-06-17,312.0,2018-06-17,0.508649468421936,Positive,0.508649468421936,Positive
2018-06-14,315.0,,0.0,Neutral,0.254324734210968,Positive
2018-06-13,314.0,2018-06-13,-0.3404492735862732,Negative,-0.21328690648078918,Negative
2018-06-12,310.0,,0.0,Neutral,-0.1702246367931366,Slightly Negative
2018-06-11,310.0,,0.0,Neutral,-0.0851123183965683,Slightly Negative
2018-06-10,304.0,,0.0,Neutral,0.0,Neutral
2018-06-07,312.0,2018-06-07,0.787387490272522,Strongly Positive,0.787387490272522,Strongly Positive
2018-06-06,315.0,,0.0,Neutral,0.393693745136261,Positive
2018-06-04,316.0,2018-06-04,0.8630961179733276,Strongly Positive,1.0599429905414581,Strongly Positive
2018-06-03,311.0,2018-06-03,0.3452410101890564,Positive,0.7767890691757202,Strongly Positive
2018-05-31,321.0,,0.0,Neutral,0.3883945345878601,Positive
2018-05-30,328.0,2018-05-30,0.7039557695388794,Strongly Positive,0.7902660220861435,Strongly Positive
2018-05-29,325.0,,0.0,Neutral,0.3519778847694397,Positive
2018-05-28,330.0,,0.0,Neutral,0.17598894238471985,Slightly Positive
2018-05-27,325.0,,0.0,Neutral,0.0,Neutral
2018-05-24,325.0,,0.0,Neutral,0.0,Neutral
2018-05-23,325.0,,0.0,Neutral,0.0,Neutral
2018-05-22,326.0,2018-05-22,0.7939203977584839,Strongly Positive,0.7939203977584839,Strongly Positive
2018-05-21,330.0,,0.0,Neutral,0.39696019887924194,Positive
2018-05-20,333.0,,0.0,Neutral,0.19848009943962097,Slightly Positive
2018-05-17,331.0,,0.0,Neutral,0.0,Neutral
2018-05-16,328.0,,0.0,Neutral,0.0,Neutral
2018-05-15,334.0,,0.0,Neutral,0.0,Neutral
2018-05-14,331.0,2018-05-14,0.7037050724029541,Strongly Positive,0.7037050724029541,Strongly Positive
2018-05-10,335.0,,0.0,Neutral,0.35185253620147705,Positive
2018-05-09,334.0,,0.0,Neutral,0.17592626810073853,Slightly Positive
2018-05-08,335.0,2018-05-08,0.7442371547222137,Strongly Positive,0.7442371547222137,Strongly Positive
2018-05-07,332.0,,0.0,Neutral,0.3721185773611069,Positive
2018-05-06,335.0,,0.0,Neutral,0.18605928868055344,Slightly Positive
2018-05-03,339.0,,0.0,Neutral,0.0,Neutral
2018-05-02,340.0,,0.0,Neutral,0.0,Neutral
2018-04-29,335.0,,0.0,Neutral,0.0,Neutral
2018-04-26,342.0,2018-04-26,-0.1422680616378784,Slightly Negative,-0.1422680616378784,Slightly Negative
2018-04-25,349.0,,0.0,Neutral,-0.0711340308189392,Slightly Negative
2018-04-24,353.0,,0.0,Neutral,-0.0355670154094696,Neutral
2018-04-23,358.0,,0.0,Neutral,0.0,Neutral
2018-04-22,365.0,,0.0,Neutral,0.0,Neutral
2018-04-19,356.0,,0.0,Neutral,0.0,Neutral
2018-04-18,350.0,2018-04-18,0.7243727445602417,Strongly Positive,0.7243727445602417,Strongly Positive
2018-04-17,336.0,2018-04-17,-0.4689792692661285,Negative,-0.10679289698600763,Slightly Negative
2018-04-16,335.0,,0.0,Neutral,-0.05339644849300382,Slightly Negative
2018-04-15,331.0,2018-04-15,0.9221633076667786,Strongly Positive,0.8049184903502464,Strongly Positive
2018-04-12,334.0,2018-04-12,-0.6430073976516724,Strongly Negative,-0.18192574381828308,Slightly Negative
2018-04-11,334.0,,0.0,Neutral,-0.09096287190914154,Slightly Negative
2018-04-10,329.0,,0.0,Neutral,-0.1607518494129181,Slightly Negative
2018-04-09,335.0,,0.0,Neutral,0.0,Neutral
2018-04-08,339.0,2018-04-08,0.4547261595726013,Positive,0.4547261595726013,Positive
2018-04-05,325.0,,0.0,Neutral,0.22736307978630066,Positive
2018-04-04,321.0,2018-04-04,0.8857042789459229,Strongly Positive,0.9993858188390732,Strongly Positive
2018-04-03,316.0,2018-04-03,0.8998837769031525,Strongly Positive,1.342735916376114,Strongly Positive
2018-04-02,313.0,2018-04-02,0.6707487106323242,Strongly Positive,1.3421166688203812,Strongly Positive
2018-04-01,311.0,,0.0,Neutral,0.5603452995419502,Positive
2018-03-29,317.0,,0.0,Neutral,0.16768717765808105,Slightly Positive
2018-03-28,310.0,2018-03-28,0.6803320646286011,Strongly Positive,0.6803320646286011,Strongly Positive
2018-03-27,316.0,2018-03-27,-0.2121085226535797,Negative,0.12805750966072083,Slightly Positive
2018-03-26,310.0,,0.0,Neutral,0.06402875483036041,Slightly Positive
2018-03-22,340.0,2018-03-22,0.6458000540733337,Strongly Positive,0.5927729234099388,Positive
2018-03-21,344.0,,0.0,Neutral,0.32290002703666687,Positive
2018-03-20,355.0,,0.0,Neutral,0.16145001351833344,Slightly Positive
2018-03-19,355.0,,0.0,Neutral,0.0,Neutral
2018-03-18,361.0,2018-03-18,-0.5104734301567078,Negative,-0.5104734301567078,Negative
2018-03-15,363.0,,0.0,Neutral,-0.2552367150783539,Negative
2018-03-14,362.0,,0.0,Neutral,-0.12761835753917694,Slightly Negative
2018-03-13,362.0,,0.0,Neutral,0.0,Neutral
2018-03-12,358.0,,0.0,Neutral,0.0,Neutral
2018-03-11,357.0,,0.0,Neutral,0.0,Neutral
2018-03-07,370.0,2018-03-07,-0.3192073702812195,Negative,-0.3192073702812195,Negative
2018-03-06,358.0,,0.0,Neutral,-0.15960368514060974,Slightly Negative
2018-03-05,355.0,,0.0,Neutral,-0.07980184257030487,Slightly Negative
2018-03-04,360.0,,0.0,Neutral,0.0,Neutral
2018-02-28,366.0,2018-02-28,-0.4559577703475952,Negative,-0.4559577703475952,Negative
2018-02-27,370.0,2018-02-27,-0.5017960667610168,Negative,-0.7297749519348145,Strongly Negative
2018-02-26,370.0,,0.0,Neutral,-0.3648874759674072,Negative
2018-02-25,373.0,,0.0,Neutral,-0.1254490166902542,Slightly Negative
2018-02-22,375.0,,0.0,Neutral,0.0,Neutral
2018-02-21,370.0,,0.0,Neutral,0.0,Neutral
2018-02-20,378.0,,0.0,Neutral,0.0,Neutral
2018-02-18,387.0,2018-02-18,-0.7218689322471619,Strongly Negative,-0.7218689322471619,Strongly Negative
2018-02-15,391.0,2018-02-15,0.89710932970047,Strongly Positive,0.536174863576889,Positive
2018-02-14,376.0,,0.0,Neutral,0.2680874317884445,Positive
2018-02-12,375.0,2018-02-12,0.1932896673679351,Slightly Positive,0.41756699979305256,Positive
2018-02-11,376.0,,0.0,Neutral,0.09664483368396755,Slightly Positive
2018-02-08,380.0,,0.0,Neutral,0.048322416841983774,Neutral
2018-02-07,379.0,,0.0,Neutral,0.0,Neutral
2018-02-06,385.0,,0.0,Neutral,0.0,Neutral
2018-02-05,389.0,2018-02-05,0.8875495791435242,Strongly Positive,0.8875495791435242,Strongly Positive
2018-02-04,390.0,,0.0,Neutral,0.4437747895717621,Positive
2018-02-01,393.0,,0.0,Neutral,0.22188739478588104,Positive
2018-01-31,394.0,,0.0,Neutral,0.0,Neutral
2018-01-29,397.0,,0.0,Neutral,0.0,Neutral
2018-01-28,401.0,2018-01-28,0.9140734672546388,Strongly Positive,0.9140734672546388,Strongly Positive
2018-01-25,401.0,,0.0,Neutral,0.4570367336273194,Positive
2018-01-24,402.0,,0.0,Neutral,0.2285183668136597,Positive
2018-01-23,402.0,,0.0,Neutral,0.0,Neutral
2018-01-22,405.0,,0.0,Neutral,0.0,Neutral
2018-01-21,403.0,2018-01-21,0.326934814453125,Positive,0.326934814453125,Positive
2018-01-17,407.0,,0.0,Neutral,0.1634674072265625,Slightly Positive
2018-01-16,406.0,2018-01-16,0.912229597568512,Strongly Positive,0.9939633011817932,Strongly Positive
2018-01-14,410.0,,0.0,Neutral,0.456114798784256,Positive
2018-01-10,414.0,2018-01-10,-0.1146869361400604,Slightly Negative,0.1133704632520676,Slightly Positive
2018-01-09,409.0,,0.0,Neutral,-0.0573434680700302,Slightly Negative
2018-01-08,405.0,2018-01-08,0.5098813772201538,Positive,0.4812096431851387,Positive
2018-01-07,405.0,2018-01-07,0.9193395376205444,Strongly Positive,1.1742802262306213,Strongly Positive
2018-01-04,405.0,,0.0,Neutral,0.5871401131153107,Positive
2018-01-03,402.0,,0.0,Neutral,0.2298348844051361,Positive
2018-01-02,407.0,2018-01-02,0.907924234867096,Strongly Positive,0.907924234867096,Strongly Positive
2018-01-01,409.0,,0.0,Neutral,0.453962117433548,Positive
2017-12-31,401.0,,0.0,Neutral,0.226981058716774,Positive
2017-12-28,402.0,,0.0,Neutral,0.0,Neutral
2017-12-27,405.0,,0.0,Neutral,0.0,Neutral
2017-12-26,410.0,,0.0,Neutral,0.0,Neutral
2017-12-24,415.0,2017-12-24,0.5628668665885925,Positive,0.5628668665885925,Positive
2017-12-21,418.0,,0.0,Neutral,0.28143343329429626,Positive
2017-12-20,421.0,,0.0,Neutral,0.14071671664714813,Slightly Positive
2017-12-19,414.0,,0.0,Neutral,0.0,Neutral
2017-12-18,418.0,,0.0,Neutral,0.0,Neutral
2017-12-17,413.0,,0.0,Neutral,0.0,Neutral
2017-12-14,409.0,,0.0,Neutral,0.0,Neutral
2017-12-13,412.0,,0.0,Neutral,0.0,Neutral
2017-12-12,407.0,,0.0,Neutral,0.0,Neutral
2017-12-11,410.0,2017-12-11,0.5815926194190979,Positive,0.5815926194190979,Positive
2017-12-10,413.0,,0.0,Neutral,0.29079630970954895,Positive
2017-12-06,418.0,,0.0,Neutral,0.14539815485477448,Slightly Positive
2017-12-05,409.0,2017-12-05,0.1702946424484253,Slightly Positive,0.1702946424484253,Slightly Positive
2017-12-04,410.0,,0.0,Neutral,0.08514732122421265,Slightly Positive
2017-11-30,412.0,,0.0,Neutral,0.04257366061210632,Neutral
2017-11-29,416.0,,0.0,Neutral,0.0,Neutral
2017-11-28,409.0,2017-11-28,-0.5181993842124939,Negative,-0.5181993842124939,Negative
2017-11-27,409.0,,0.0,Neutral,-0.25909969210624695,Negative
2017-11-26,411.0,,0.0,Neutral,-0.12954984605312347,Slightly Negative
2017-11-23,408.0,2017-11-23,0.5980113744735718,Positive,0.5980113744735718,Positive
2017-11-22,406.0,,0.0,Neutral,0.2990056872367859,Positive
2017-11-21,403.0,,0.0,Neutral,0.14950284361839294,Slightly Positive
2017-11-20,404.0,,0.0,Neutral,0.0,Neutral
2017-11-19,402.0,,0.0,Neutral,0.0,Neutral
2017-11-16,404.0,,0.0,Neutral,0.0,Neutral
2017-11-15,413.0,,0.0,Neutral,0.0,Neutral
2017-11-14,419.0,2017-11-14,-0.7073986530303955,Strongly Negative,-0.7073986530303955,Strongly Negative
2017-11-13,414.0,,0.0,Neutral,-0.35369932651519775,Negative
2017-11-12,408.0,2017-11-12,0.9169417023658752,Strongly Positive,0.7400920391082764,Strongly Positive
2017-11-09,404.0,,0.0,Neutral,0.4584708511829376,Positive
2017-11-08,410.0,,0.0,Neutral,0.2292354255914688,Positive
2017-11-07,414.0,2017-11-07,0.3921329081058502,Positive,0.3921329081058502,Positive
2017-11-06,414.0,2017-11-06,0.2062046229839325,Positive,0.4022710770368576,Positive
2017-11-05,415.0,,0.0,Neutral,0.2011355385184288,Positive
2017-11-02,435.0,,0.0,Neutral,0.051551155745983124,Slightly Positive
2017-11-01,435.0,,0.0,Neutral,0.0,Neutral
2017-10-31,438.0,,0.0,Neutral,0.0,Neutral
2017-10-30,440.0,,0.0,Neutral,0.0,Neutral
2017-10-29,440.0,2017-10-29,-0.1552224159240722,Slightly Negative,-0.1552224159240722,Slightly Negative
2017-10-25,444.0,,0.0,Neutral,-0.0776112079620361,Slightly Negative
2017-10-24,449.0,2017-10-24,0.3031669482588768,Positive,0.26436134427785873,Positive
2017-10-23,449.0,,0.0,Neutral,0.1515834741294384,Slightly Positive
2017-10-22,447.0,,0.0,Neutral,0.0757917370647192,Slightly Positive
2017-10-18,450.0,,0.0,Neutral,0.0,Neutral
2017-10-17,443.0,,0.0,Neutral,0.0,Neutral
2017-10-16,445.0,2017-10-16,0.7397989630699158,Strongly Positive,0.7397989630699158,Strongly Positive
2017-10-15,432.0,,0.0,Neutral,0.3698994815349579,Positive
2017-10-12,424.0,,0.0,Neutral,0.18494974076747894,Slightly Positive
2017-10-11,424.0,,0.0,Neutral,0.0,Neutral
2017-10-10,425.0,,0.0,Neutral,0.0,Neutral
2017-10-09,425.0,,0.0,Neutral,0.0,Neutral
2017-10-08,426.0,,0.0,Neutral,0.0,Neutral
2017-10-04,434.0,,0.0,Neutral,0.0,Neutral
2017-10-03,434.0,,0.0,Neutral,0.0,Neutral
2017-09-26,434.0,,0.0,Neutral,0.0,Neutral
2017-09-25,439.0,2017-09-25,0.6380407959222794,Strongly Positive,0.6380407959222794,Strongly Positive
2017-09-24,435.0,,0.0,Neutral,0.3190203979611397,Positive
2017-09-20,438.0,,0.0,Neutral,0.15951019898056984,Slightly Positive
2017-09-18,443.0,,0.0,Neutral,0.0,Neutral
2017-09-17,440.0,,0.0,Neutral,0.0,Neutral
2017-09-14,433.0,,0.0,Neutral,0.0,Neutral
2017-09-13,419.0,,0.0,Neutral,0.0,Neutral
2017-09-12,420.0,2017-09-12,0.1277060508728027,Slightly Positive,0.1277060508728027,Slightly Positive
2017-09-11,420.0,,0.0,Neutral,0.06385302543640135,Slightly Positive
2017-09-10,420.0,,0.0,Neutral,0.03192651271820068,Neutral
2017-09-07,428.0,,0.0,Neutral,0.0,Neutral
2017-09-06,435.0,2017-09-06,0.8836968541145325,Strongly Positive,0.8836968541145325,Strongly Positive
2017-09-04,424.0,2017-09-04,0.0743787288665771,Slightly Positive,0.5162271559238434,Positive
2017-08-31,435.0,,0.0,Neutral,0.2581135779619217,Positive
2017-08-30,445.0,,0.0,Neutral,0.018594682216644277,Neutral
2017-08-28,453.0,,0.0,Neutral,0.0,Neutral
2017-08-27,458.0,2017-08-27,0.9203059077262878,Strongly Positive,0.9203059077262878,Strongly Positive
2017-08-24,462.0,,0.0,Neutral,0.4601529538631439,Positive
2017-08-23,460.0,,0.0,Neutral,0.23007647693157196,Positive
2017-08-22,467.0,,0.0,Neutral,0.0,Neutral
2017-08-21,462.0,2017-08-21,0.9056445956230164,Strongly Positive,0.9056445956230164,Strongly Positive
2017-08-20,465.0,,0.0,Neutral,0.4528222978115082,Positive
2017-08-17,478.0,2017-08-17,0.7896273136138916,Strongly Positive,1.0160384625196457,Strongly Positive
2017-08-16,477.0,,0.0,Neutral,0.3948136568069458,Positive
2017-08-15,475.0,,0.0,Neutral,0.1974068284034729,Slightly Positive
2017-08-13,481.0,,0.0,Neutral,0.0,Neutral
2017-08-10,476.0,2017-08-10,0.8426941633224487,Strongly Positive,0.8426941633224487,Strongly Positive
2017-08-09,480.0,,0.0,Neutral,0.42134708166122437,Positive
2017-08-07,488.0,,0.0,Neutral,0.21067354083061218,Positive
2017-08-06,486.0,,0.0,Neutral,0.0,Neutral
2017-08-03,485.0,,0.0,Neutral,0.0,Neutral
2017-08-02,485.0,,0.0,Neutral,0.0,Neutral
2017-08-01,484.0,,0.0,Neutral,0.0,Neutral
2017-07-31,487.0,2017-07-31,0.5858557224273682,Positive,0.5858557224273682,Positive
2017-07-30,494.0,,0.0,Neutral,0.2929278612136841,Positive
2017-07-27,484.0,,0.0,Neutral,0.14646393060684204,Slightly Positive
2017-07-26,458.0,,0.0,Neutral,0.0,Neutral
2017-07-25,459.0,,0.0,Neutral,0.0,Neutral
2017-07-24,461.0,,0.0,Neutral,0.0,Neutral
2017-07-23,464.0,,0.0,Neutral,0.0,Neutral
2017-07-20,472.0,2017-07-20,-0.3135278224945068,Negative,-0.3135278224945068,Negative
2017-07-19,470.0,,0.0,Neutral,-0.1567639112472534,Slightly Negative
2017-07-18,476.0,,0.0,Neutral,-0.0783819556236267,Slightly Negative
2017-07-17,470.0,2017-07-17,0.9291043877601624,Strongly Positive,0.9291043877601624,Strongly Positive
2017-07-16,462.0,,0.0,Neutral,0.4645521938800812,Positive
2017-07-13,462.0,,0.0,Neutral,0.2322760969400406,Positive
2017-07-12,462.0,,0.0,Neutral,0.0,Neutral
2017-07-11,462.0,,0.0,Neutral,0.0,Neutral
2017-07-10,461.0,,0.0,Neutral,0.0,Neutral
2017-07-09,458.0,,0.0,Neutral,0.0,Neutral
2017-07-06,463.0,2017-07-06,0.9184584617614746,Strongly Positive,0.9184584617614746,Strongly Positive
2017-07-05,450.0,2017-07-05,0.925973892211914,Strongly Positive,1.3852031230926514,Strongly Positive
2017-07-04,450.0,,0.0,Neutral,0.6926015615463257,Strongly Positive
2017-07-03,455.0,,0.0,Neutral,0.2314934730529785,Positive
2017-07-02,448.0,2017-07-02,0.8309491276741028,Strongly Positive,0.8309491276741028,Strongly Positive
2017-06-28,456.0,,0.0,Neutral,0.4154745638370514,Positive
2017-06-27,455.0,,0.0,Neutral,0.2077372819185257,Positive
2017-06-25,457.0,,0.0,Neutral,0.0,Neutral
2017-06-22,453.0,,0.0,Neutral,0.0,Neutral
2017-06-21,453.0,,0.0,Neutral,0.0,Neutral
2017-06-20,454.0,,0.0,Neutral,0.0,Neutral
2017-06-19,456.0,2017-06-19,0.2736774682998657,Positive,0.2736774682998657,Positive
2017-06-18,464.0,,0.0,Neutral,0.13683873414993286,Slightly Positive
2017-06-15,463.0,,0.0,Neutral,0.06841936707496643,Slightly Positive
2017-06-14,470.0,2017-06-14,0.7516312599182129,Strongly Positive,0.7516312599182129,Strongly Positive
2017-06-13,469.0,,0.0,Neutral,0.37581562995910645,Positive
2017-06-12,460.0,,0.0,Neutral,0.18790781497955322,Slightly Positive
2017-06-11,463.0,,0.0,Neutral,0.0,Neutral
2017-06-08,473.0,,0.0,Neutral,0.0,Neutral
2017-06-07,477.0,,0.0,Neutral,0.0,Neutral
2017-06-06,490.0,,0.0,Neutral,0.0,Neutral
2017-06-05,472.0,,0.0,Neutral,0.0,Neutral
2017-06-04,465.0,,0.0,Neutral,0.0,Neutral
2017-06-01,470.0,,0.0,Neutral,0.0,Neutral
2017-05-31,470.0,,0.0,Neutral,0.0,Neutral
2017-05-30,471.0,,0.0,Neutral,0.0,Neutral
2017-05-28,480.0,,0.0,Neutral,0.0,Neutral
2017-05-24,490.0,,0.0,Neutral,0.0,Neutral
2017-05-23,492.0,,0.0,Neutral,0.0,Neutral
2017-05-22,498.0,,0.0,Neutral,0.0,Neutral
2017-05-21,480.0,2017-05-21,0.543536901473999,Positive,0.543536901473999,Positive
2017-05-18,492.0,,0.0,Neutral,0.2717684507369995,Positive
2017-05-17,493.0,2017-05-17,0.9115880727767944,Strongly Positive,1.0474722981452942,Strongly Positive
2017-05-16,498.0,,0.0,Neutral,0.4557940363883972,Positive
2017-05-15,503.0,,0.0,Neutral,0.2278970181941986,Positive
2017-05-11,502.0,2017-05-11,0.6874037981033325,Strongly Positive,0.6874037981033325,Strongly Positive
2017-05-09,497.0,,0.0,Neutral,0.34370189905166626,Positive
2017-05-08,493.0,,0.0,Neutral,0.17185094952583313,Slightly Positive
2017-05-07,498.0,,0.0,Neutral,0.0,Neutral
2017-05-04,503.0,,0.0,Neutral,0.0,Neutral
2017-05-03,508.0,,0.0,Neutral,0.0,Neutral
2017-05-02,510.0,,0.0,Neutral,0.0,Neutral
2017-04-30,510.0,,0.0,Neutral,0.0,Neutral
2017-04-27,508.0,,0.0,Neutral,0.0,Neutral
2017-04-26,510.0,,0.0,Neutral,0.0,Neutral
2017-04-25,511.0,2017-04-25,0.7321624755859375,Strongly Positive,0.7321624755859375,Strongly Positive
2017-04-24,516.0,,0.0,Neutral,0.36608123779296875,Positive
2017-04-23,530.0,,0.0,Neutral,0.18304061889648438,Slightly Positive
2017-04-20,522.0,2017-04-20,-0.3623961433768272,Negative,-0.3623961433768272,Negative
2017-04-19,525.0,,0.0,Neutral,-0.1811980716884136,Slightly Negative
2017-04-18,505.0,,0.0,Neutral,-0.0905990358442068,Slightly Negative
2017-04-16,513.0,,0.0,Neutral,0.0,Neutral
2017-04-13,529.0,,0.0,Neutral,0.0,Neutral
2017-04-12,530.0,,0.0,Neutral,0.0,Neutral
2017-04-11,547.0,,0.0,Neutral,0.0,Neutral
2017-04-10,530.0,,0.0,Neutral,0.0,Neutral
2017-04-09,516.0,,0.0,Neutral,0.0,Neutral
2017-04-06,500.0,2017-04-06,0.5967186689376831,Positive,0.5967186689376831,Positive
2017-04-04,500.0,,0.0,Neutral,0.29835933446884155,Positive
2017-04-03,505.0,,0.0,Neutral,0.14917966723442078,Slightly Positive
2017-04-02,510.0,2017-04-02,0.903369665145874,Strongly Positive,0.903369665145874,Strongly Positive
2017-03-30,470.0,2017-03-30,-0.1716672480106353,Slightly Negative,0.28001758456230175,Positive
2017-03-29,474.0,,0.0,Neutral,0.14000879228115087,Slightly Positive
2017-03-28,490.0,,0.0,Neutral,-0.04291681200265882,Neutral
2017-03-26,465.0,,0.0,Neutral,0.0,Neutral
2017-03-23,450.0,,0.0,Neutral,0.0,Neutral
2017-03-22,440.0,2017-03-22,0.6236251592636108,Strongly Positive,0.6236251592636108,Strongly Positive
2017-03-21,445.0,,0.0,Neutral,0.3118125796318054,Positive
2017-03-20,434.0,,0.0,Neutral,0.1559062898159027,Slightly Positive
2017-03-19,415.0,,0.0,Neutral,0.0,Neutral
2017-03-16,411.0,,0.0,Neutral,0.0,Neutral
2017-03-15,409.0,,0.0,Neutral,0.0,Neutral
2017-03-14,409.0,,0.0,Neutral,0.0,Neutral
2017-03-13,417.0,,0.0,Neutral,0.0,Neutral
2017-03-09,415.0,,0.0,Neutral,0.0,Neutral
2017-03-07,416.0,2017-03-07,0.2491500675678253,Positive,0.2491500675678253,Positive
2017-03-06,423.0,,0.0,Neutral,0.12457503378391264,Slightly Positive
2017-03-05,418.0,,0.0,Neutral,0.06228751689195632,Slightly Positive
2017-03-02,417.0,2017-03-02,0.8856234550476074,Strongly Positive,0.8856234550476074,Strongly Positive
2017-03-01,415.0,2017-03-01,0.7320932149887085,Strongly Positive,1.1749049425125122,Strongly Positive
2017-02-28,409.0,,0.0,Neutral,0.5874524712562561,Positive
2017-02-26,412.0,,0.0,Neutral,0.18302330374717712,Slightly Positive
2017-02-23,529.0,2017-02-23,-0.5603695511817932,Negative,-0.5603695511817932,Negative
2017-02-22,531.0,,0.0,Neutral,-0.2801847755908966,Negative
2017-02-21,539.0,,0.0,Neutral,-0.1400923877954483,Slightly Negative
2017-02-20,546.0,,0.0,Neutral,0.0,Neutral
2017-02-19,548.0,,0.0,Neutral,0.0,Neutral
2017-02-16,548.0,,0.0,Neutral,0.0,Neutral
2017-02-15,531.0,2017-02-15,-0.5029162764549255,Negative,-0.5029162764549255,Negative
2017-02-14,519.0,,0.0,Neutral,-0.25145813822746277,Negative
2017-02-13,525.0,,0.0,Neutral,-0.12572906911373138,Slightly Negative
2017-02-12,508.0,,0.0,Neutral,0.0,Neutral
2017-02-09,526.0,,0.0,Neutral,0.0,Neutral
2017-02-08,541.0,,0.0,Neutral,0.0,Neutral
2017-02-07,548.0,2017-02-07,0.7273648977279663,Strongly Positive,0.7273648977279663,Strongly Positive
2017-02-06,550.0,,0.0,Neutral,0.36368244886398315,Positive
2017-02-05,558.0,,0.0,Neutral,0.18184122443199158,Slightly Positive
2017-02-02,570.0,,0.0,Neutral,0.0,Neutral
2017-02-01,573.0,,0.0,Neutral,0.0,Neutral
2017-01-31,545.0,,0.0,Neutral,0.0,Neutral
2017-01-30,540.0,,0.0,Neutral,0.0,Neutral
2017-01-26,570.0,,0.0,Neutral,0.0,Neutral
2017-01-25,585.0,,0.0,Neutral,0.0,Neutral
2017-01-24,596.0,,0.0,Neutral,0.0,Neutral
2017-01-23,603.0,,0.0,Neutral,0.0,Neutral
2017-01-22,606.0,,0.0,Neutral,0.0,Neutral
2017-01-19,609.0,2017-01-19,0.8906235098838806,Strongly Positive,0.8906235098838806,Strongly Positive
2017-01-18,611.0,2017-01-18,-0.7480860352516174,Strongly Negative,-0.3027742803096771,Negative
2017-01-17,610.0,,0.0,Neutral,-0.15138714015483856,Slightly Negative
2017-01-16,609.0,,0.0,Neutral,-0.18702150881290436,Slightly Negative
2017-01-15,612.0,2017-01-15,0.8086245059967041,Strongly Positive,0.8086245059967041,Strongly Positive
2017-01-12,614.0,,0.0,Neutral,0.40431225299835205,Positive
2017-01-11,619.0,,0.0,Neutral,0.20215612649917603,Positive
2017-01-10,621.0,,0.0,Neutral,0.0,Neutral
2017-01-09,616.0,,0.0,Neutral,0.0,Neutral
2017-01-08,613.0,,0.0,Neutral,0.0,Neutral
2017-01-05,612.0,,0.0,Neutral,0.0,Neutral
2017-01-04,614.0,,0.0,Neutral,0.0,Neutral
2017-01-03,612.0,,0.0,Neutral,0.0,Neutral
2017-01-02,625.0,,0.0,Neutral,0.0,Neutral
2017-01-01,625.0,2017-01-01,0.1828947961330413,Slightly Positive,0.1828947961330413,Slightly Positive
2016-12-29,615.0,,0.0,Neutral,0.09144739806652065,Slightly Positive
2016-12-28,600.0,2016-12-28,0.881725013256073,Strongly Positive,0.9274487122893333,Strongly Positive
2016-12-27,595.0,,0.0,Neutral,0.4408625066280365,Positive
2016-12-26,603.0,,0.0,Neutral,0.22043125331401825,Positive
2016-12-22,620.0,,0.0,Neutral,0.0,Neutral
2016-12-21,621.0,,0.0,Neutral,0.0,Neutral
2016-12-20,625.0,,0.0,Neutral,0.0,Neutral
2016-12-19,643.0,,0.0,Neutral,0.0,Neutral
2016-12-18,646.0,,0.0,Neutral,0.0,Neutral
2016-12-15,650.0,,0.0,Neutral,0.0,Neutral
2016-12-14,639.0,,0.0,Neutral,0.0,Neutral
2016-12-12,637.0,,0.0,Neutral,0.0,Neutral
2016-12-11,641.0,,0.0,Neutral,0.0,Neutral
2016-12-08,656.0,,0.0,Neutral,0.0,Neutral
2016-12-07,658.0,,0.0,Neutral,0.0,Neutral
2016-12-06,660.0,,0.0,Neutral,0.0,Neutral
2016-12-05,653.0,2016-12-05,0.7129253149032593,Strongly Positive,0.7129253149032593,Strongly Positive
2016-12-04,660.0,,0.0,Neutral,0.35646265745162964,Positive
2016-12-01,669.0,,0.0,Neutral,0.17823132872581482,Slightly Positive
2016-11-30,669.0,,0.0,Neutral,0.0,Neutral
2016-11-29,651.0,,0.0,Neutral,0.0,Neutral
2016-11-28,646.0,,0.0,Neutral,0.0,Neutral
2016-11-27,617.0,,0.0,Neutral,0.0,Neutral
2016-11-24,629.0,,0.0,Neutral,0.0,Neutral
2016-11-23,630.0,,0.0,Neutral,0.0,Neutral
2016-11-22,644.0,,0.0,Neutral,0.0,Neutral
2016-11-21,658.0,2016-11-21,0.8399505615234375,Strongly Positive,0.8399505615234375,Strongly Positive
2016-11-20,655.0,,0.0,Neutral,0.41997528076171875,Positive
2016-11-17,675.0,,0.0,Neutral,0.20998764038085938,Positive
2016-11-16,691.0,,0.0,Neutral,0.0,Neutral
2016-11-15,698.0,,0.0,Neutral,0.0,Neutral
2016-11-14,698.0,,0.0,Neutral,0.0,Neutral
2016-11-13,676.0,,0.0,Neutral,0.0,Neutral
2016-11-10,688.0,,0.0,Neutral,0.0,Neutral
2016-11-09,688.0,2016-11-09,-0.9314858317375184,Strongly Negative,-0.9314858317375184,Strongly Negative
2016-11-08,700.0,,0.0,Neutral,-0.4657429158687592,Negative
2016-11-07,706.0,,0.0,Neutral,-0.2328714579343796,Negative
2016-11-03,713.0,,0.0,Neutral,0.0,Neutral
2016-10-27,719.0,2016-10-27,0.7380070686340332,Strongly Positive,0.7380070686340332,Strongly Positive
2016-10-26,718.0,,0.0,Neutral,0.3690035343170166,Positive
2016-10-25,720.0,,0.0,Neutral,0.1845017671585083,Slightly Positive
2016-10-24,719.0,,0.0,Neutral,0.0,Neutral
2016-10-23,730.0,2016-10-23,-0.9054261445999146,Strongly Negative,-0.9054261445999146,Strongly Negative
2016-10-20,741.0,,0.0,Neutral,-0.4527130722999573,Negative
2016-10-19,738.0,,0.0,Neutral,-0.22635653614997864,Negative
2016-10-18,740.0,,0.0,Neutral,0.0,Neutral
2016-10-17,752.0,,0.0,Neutral,0.0,Neutral
2016-10-16,764.0,,0.0,Neutral,0.0,Neutral
2016-10-06,780.0,,0.0,Neutral,0.0,Neutral
2016-10-05,787.0,,0.0,Neutral,0.0,Neutral
2016-10-04,745.0,,0.0,Neutral,0.0,Neutral
2016-10-03,678.0,2016-10-03,0.1059269905090332,Slightly Positive,0.1059269905090332,Slightly Positive
2016-10-02,617.0,2016-10-02,0.8898768424987793,Strongly Positive,0.9428403377532959,Strongly Positive
2016-09-29,561.0,2016-09-29,0.9111406207084656,Strongly Positive,1.3825607895851135,Strongly Positive
2016-09-28,510.0,,0.0,Neutral,0.6780395209789276,Strongly Positive
2022-06-13,141.0,,0.0,Neutral,0.2277851551771164,Positive
2022-05-10,141.0,,0.0,Neutral,0.0,Neutral
2022-04-11,141.0,2022-04-11,0.8681013584136963,Strongly Positive,0.8681013584136963,Strongly Positive
2021-06-27,198.0,,0.0,Neutral,0.43405067920684814,Positive
2021-03-04,147.0,,0.0,Neutral,0.21702533960342407,Positive
2021-01-25,147.0,,0.0,Neutral,0.0,Neutral
2020-12-07,147.0,2020-12-07,0.6842315196990967,Strongly Positive,0.6842315196990967,Strongly Positive
2020-10-20,147.0,,0.0,Neutral,0.34211575984954834,Positive
2020-10-18,140.11,2020-10-18,0.8729951977729797,Strongly Positive,1.044053077697754,Strongly Positive
2020-10-15,141.0,2020-10-15,0.6376285552978516,Strongly Positive,1.0741261541843414,Strongly Positive
2020-03-05,147.0,2020-03-05,0.7326845228672028,Strongly Positive,1.2697475999593735,Strongly Positive
2020-02-18,160.25,,0.0,Neutral,0.5257494002580643,Positive
2019-12-29,137.0,,0.0,Neutral,0.1831711307168007,Slightly Positive
2019-10-02,160.0,,0.0,Neutral,0.0,Neutral
2019-09-29,147.0,2019-09-29,0.8132269978523254,Strongly Positive,0.8132269978523254,Strongly Positive
2019-09-26,150.0,2019-09-26,0.5172597169876099,Positive,0.9238732159137726,Strongly Positive
2019-09-25,150.0,,0.0,Neutral,0.4619366079568863,Positive
2019-08-19,150.0,2019-08-19,0.8192152976989746,Strongly Positive,0.9485302269458771,Strongly Positive
2019-04-01,150.0,2019-04-01,0.6460291147232056,Strongly Positive,1.0556367635726929,Strongly Positive
2019-02-13,150.0,,0.0,Neutral,0.5278183817863464,Positive
2018-06-27,212.0,2018-06-27,0.6418185830116272,Strongly Positive,0.8033258616924286,Strongly Positive
2018-04-09,212.0,,0.0,Neutral,0.3209092915058136,Positive
2018-03-29,212.0,,0.0,Neutral,0.1604546457529068,Slightly Positive
2018-02-20,211.0,,0.0,Neutral,0.0,Neutral
2017-11-12,270.0,2017-11-12,0.9169417023658752,Strongly Positive,0.9169417023658752,Strongly Positive
2017-09-06,270.0,2017-09-06,0.8836968541145325,Strongly Positive,1.34216770529747,Strongly Positive
2017-08-27,275.0,2017-08-27,0.9203059077262878,Strongly Positive,1.5913897603750229,Strongly Positive
2017-03-16,405.0,,0.0,Neutral,0.681077167391777,Strongly Positive
2016-10-19,401.0,,0.0,Neutral,0.23007647693157196,Positive
2015-12-02,200.0,,0.0,Neutral,0.0,Neutral
2015-12-01,211.0,2015-12-01,-0.5810050964355469,Negative,-0.5810050964355469,Negative
2015-11-30,225.0,,0.0,Neutral,-0.29050254821777344,Negative
2015-10-19,250.0,,0.0,Neutral,-0.14525127410888672,Slightly Negative
2015-09-08,260.0,,0.0,Neutral,0.0,Neutral
2015-07-22,260.0,2015-07-22,-0.7776907086372375,Strongly Negative,-0.7776907086372375,Strongly Negative
2013-10-03,481.0,,0.0,Neutral,-0.3888453543186188,Negative
2013-10-02,481.0,,0.0,Neutral,-0.1944226771593094,Slightly Negative
2013-06-26,509.0,,0.0,Neutral,0.0,Neutral
2013-05-22,550.0,,0.0,Neutral,0.0,Neutral
2013-04-25,560.0,,0.0,Neutral,0.0,Neutral
2011-11-28,223.0,,0.0,Neutral,0.0,Neutral
2011-09-07,560.0,,0.0,Neutral,0.0,Neutral
2026-03-03,356.0,,0.0,Neutral,0.0,Neutral
2026-03-01,346.8,,0.0,Neutral,0.0,Neutral
2026-02-26,345.0,,0.0,Neutral,0.0,Neutral
2026-02-25,346.0,2026-02-25,0.8774493336677551,Strongly Positive,0.8774493336677551,Strongly Positive
2026-02-24,342.9,,0.0,Neutral,0.43872466683387756,Positive
2026-02-23,338.9,,0.0,Neutral,0.21936233341693878,Positive
2026-02-22,336.0,,0.0,Neutral,0.0,Neutral
2026-02-17,346.2,,0.0,Neutral,0.0,Neutral
2026-02-16,359.0,,0.0,Neutral,0.0,Neutral
2026-02-12,365.2,2026-02-12,-0.2644221298396587,Negative,-0.2644221298396587,Negative
2026-02-11,368.0,2026-02-11,-0.4408624172210693,Negative,-0.5730734821408986,Negative
2026-02-10,358.0,2026-02-10,-0.5762443542480469,Negative,-0.8627810953184962,Strongly Negative
2026-02-09,363.9,,0.0,Neutral,-0.39833778142929077,Negative
2026-02-08,367.7,,0.0,Neutral,-0.14406108856201172,Slightly Negative
2026-02-05,379.5,,0.0,Neutral,0.0,Neutral
2026-02-04,383.0,,0.0,Neutral,0.0,Neutral
2026-02-03,378.0,,0.0,Neutral,0.0,Neutral
2026-02-02,363.0,,0.0,Neutral,0.0,Neutral
2026-02-01,365.0,,0.0,Neutral,0.0,Neutral
2026-01-29,371.0,,0.0,Neutral,0.0,Neutral
2026-01-28,369.5,2026-01-28,0.0113222198560833,Neutral,0.0113222198560833,Neutral
2026-01-27,362.1,,0.0,Neutral,0.00566110992804165,Neutral
2026-01-26,377.0,,0.0,Neutral,0.002830554964020825,Neutral
2026-01-25,375.0,,0.0,Neutral,0.0,Neutral
2026-01-22,342.0,,0.0,Neutral,0.0,Neutral
2026-01-21,331.0,,0.0,Neutral,0.0,Neutral
2026-01-20,331.7,,0.0,Neutral,0.0,Neutral
2026-01-18,325.0,,0.0,Neutral,0.0,Neutral
2026-01-14,323.2,2026-01-14,0.0140300989151,Neutral,0.0140300989151,Neutral
2026-01-13,321.0,,0.0,Neutral,0.00701504945755,Neutral
2026-01-12,317.0,,0.0,Neutral,0.003507524728775,Neutral
2026-01-08,318.5,,0.0,Neutral,0.0,Neutral
2026-01-07,319.6,,0.0,Neutral,0.0,Neutral
2026-01-06,320.8,,0.0,Neutral,0.0,Neutral
2026-01-05,318.0,2026-01-05,-0.8387445211410522,Strongly Negative,-0.8387445211410522,Strongly Negative
2026-01-04,313.7,,0.0,Neutral,-0.4193722605705261,Negative
2026-01-01,313.9,,0.0,Neutral,-0.20968613028526306,Negative
2025-12-31,318.0,,0.0,Neutral,0.0,Neutral
2025-12-29,318.8,,0.0,Neutral,0.0,Neutral
2025-12-28,321.0,,0.0,Neutral,0.0,Neutral
2025-12-24,318.0,,0.0,Neutral,0.0,Neutral
2025-12-23,314.0,,0.0,Neutral,0.0,Neutral
2025-12-22,312.0,,0.0,Neutral,0.0,Neutral
2025-12-21,313.1,,0.0,Neutral,0.0,Neutral
2025-12-18,316.1,,0.0,Neutral,0.0,Neutral
2025-12-17,322.9,,0.0,Neutral,0.0,Neutral
2025-12-16,325.0,,0.0,Neutral,0.0,Neutral
2025-12-15,318.0,2025-12-15,0.0156788323074579,Neutral,0.0156788323074579,Neutral
2025-12-14,315.0,,0.0,Neutral,0.00783941615372895,Neutral
2025-12-11,319.8,2025-12-11,0.4957837536931038,Positive,0.49970346176996827,Positive
2025-12-10,321.0,,0.0,Neutral,0.2478918768465519,Positive
2025-12-09,324.2,,0.0,Neutral,0.12394593842327595,Slightly Positive
2025-12-08,329.9,,0.0,Neutral,0.0,Neutral
2025-12-07,327.0,,0.0,Neutral,0.0,Neutral
2025-12-03,332.0,,0.0,Neutral,0.0,Neutral
2025-12-02,337.0,,0.0,Neutral,0.0,Neutral
2025-12-01,337.0,,0.0,Neutral,0.0,Neutral
2025-11-30,333.9,2025-11-30,-0.5521965622901917,Negative,-0.5521965622901917,Negative
2025-11-27,353.9,,0.0,Neutral,-0.2760982811450958,Negative
2025-11-26,359.0,,0.0,Neutral,-0.1380491405725479,Slightly Negative
2025-11-25,348.2,2025-11-25,0.6663917303085327,Strongly Positive,0.6663917303085327,Strongly Positive
2025-11-24,340.1,,0.0,Neutral,0.33319586515426636,Positive
2025-11-23,348.0,,0.0,Neutral,0.16659793257713318,Slightly Positive
2025-11-20,343.0,,0.0,Neutral,0.0,Neutral
2025-11-19,344.9,,0.0,Neutral,0.0,Neutral
2025-11-18,347.9,,0.0,Neutral,0.0,Neutral
2025-11-17,334.2,,0.0,Neutral,0.0,Neutral
2025-11-16,332.2,,0.0,Neutral,0.0,Neutral
2025-11-13,345.0,,0.0,Neutral,0.0,Neutral
2025-11-12,340.0,,0.0,Neutral,0.0,Neutral
2025-11-11,329.0,2025-11-11,-0.5206417441368103,Negative,-0.5206417441368103,Negative
2025-11-10,328.0,2025-11-10,0.1399208903312683,Slightly Positive,-0.12039998173713684,Slightly Negative
2025-11-09,328.0,,0.0,Neutral,-0.06019999086856842,Slightly Negative
2025-11-06,337.0,,0.0,Neutral,0.03498022258281708,Neutral
2025-11-05,331.9,2025-11-05,0.9275050759315492,Strongly Positive,0.9275050759315492,Strongly Positive
2025-11-04,334.0,,0.0,Neutral,0.4637525379657746,Positive
2025-11-03,339.9,,0.0,Neutral,0.2318762689828873,Positive
2025-11-02,332.5,2025-11-02,0.8304534256458282,Strongly Positive,0.8304534256458282,Strongly Positive
2025-10-30,322.0,,0.0,Neutral,0.4152267128229141,Positive
2025-10-29,317.0,,0.0,Neutral,0.20761335641145706,Positive
2025-10-28,320.0,,0.0,Neutral,0.0,Neutral
2025-10-26,300.0,,0.0,Neutral,0.0,Neutral
2025-10-19,306.0,2025-10-19,-0.7027487754821777,Strongly Negative,-0.7027487754821777,Strongly Negative
2025-10-16,306.0,,0.0,Neutral,-0.35137438774108887,Negative
2025-10-15,313.0,,0.0,Neutral,-0.17568719387054443,Slightly Negative
2025-10-14,319.7,,0.0,Neutral,0.0,Neutral
2025-10-13,317.9,,0.0,Neutral,0.0,Neutral
2025-10-12,312.0,,0.0,Neutral,0.0,Neutral
2025-10-09,325.0,,0.0,Neutral,0.0,Neutral
2025-10-08,316.0,,0.0,Neutral,0.0,Neutral
2025-10-07,326.5,,0.0,Neutral,0.0,Neutral
2025-09-28,337.0,,0.0,Neutral,0.0,Neutral
2025-09-25,324.0,,0.0,Neutral,0.0,Neutral
2025-09-24,327.0,,0.0,Neutral,0.0,Neutral
2025-09-23,333.0,,0.0,Neutral,0.0,Neutral
2025-09-21,320.56,,0.0,Neutral,0.0,Neutral
2025-09-18,298.0,2025-09-18,0.0988965034484863,Slightly Positive,0.0988965034484863,Slightly Positive
2025-09-08,315.7,,0.0,Neutral,0.04944825172424315,Neutral
2025-09-07,327.5,,0.0,Neutral,0.024724125862121575,Neutral
2025-09-04,330.66,,0.0,Neutral,0.0,Neutral
2025-09-03,334.0,,0.0,Neutral,0.0,Neutral
2025-09-02,343.26,,0.0,Neutral,0.0,Neutral
2025-09-01,349.24,,0.0,Neutral,0.0,Neutral
2025-08-31,351.56,2025-08-31,-0.8702601194381714,Strongly Negative,-0.8702601194381714,Strongly Negative
2025-08-28,357.29,2025-08-28,0.9314732551574708,Strongly Positive,0.4963431954383851,Positive
2025-08-27,364.08,2025-08-27,-0.8449028730392456,Strongly Negative,-0.5967312753200531,Negative
2025-08-26,356.33,,0.0,Neutral,-0.1895831227302551,Slightly Negative
2025-08-25,357.64,,0.0,Neutral,-0.2112257182598114,Negative
2025-08-24,355.57,,0.0,Neutral,0.0,Neutral
2025-08-21,363.91,,0.0,Neutral,0.0,Neutral
2025-08-20,368.75,,0.0,Neutral,0.0,Neutral
2025-08-19,367.81,,0.0,Neutral,0.0,Neutral
2025-08-18,370.59,,0.0,Neutral,0.0,Neutral
2025-08-17,367.05,2025-08-17,-0.0869648940861225,Slightly Negative,-0.0869648940861225,Slightly Negative
2025-08-14,377.82,,0.0,Neutral,-0.04348244704306125,Neutral
2025-08-13,378.32,,0.0,Neutral,-0.021741223521530625,Neutral
2025-08-12,370.98,,0.0,Neutral,0.0,Neutral
2025-08-11,381.72,,0.0,Neutral,0.0,Neutral
2025-08-07,391.41,,0.0,Neutral,0.0,Neutral
2025-08-06,356.54,,0.0,Neutral,0.0,Neutral
2025-08-05,362.53,,0.0,Neutral,0.0,Neutral
2025-08-04,374.73,,0.0,Neutral,0.0,Neutral
2025-08-03,377.17,,0.0,Neutral,0.0,Neutral
2025-07-31,389.39,,0.0,Neutral,0.0,Neutral
2025-07-30,398.31,,0.0,Neutral,0.0,Neutral
2025-07-29,397.15,,0.0,Neutral,0.0,Neutral
2025-07-28,403.13,,0.0,Neutral,0.0,Neutral
2025-07-27,405.64,,0.0,Neutral,0.0,Neutral
2025-07-24,412.68,,0.0,Neutral,0.0,Neutral
2025-07-23,413.87,,0.0,Neutral,0.0,Neutral
2025-07-22,405.63,,0.0,Neutral,0.0,Neutral
2025-07-21,404.61,,0.0,Neutral,0.0,Neutral
2025-07-20,413.07,,0.0,Neutral,0.0,Neutral
2025-07-17,420.95,2025-07-17,0.0606837570667266,Slightly Positive,0.0606837570667266,Slightly Positive
2025-07-16,418.13,,0.0,Neutral,0.0303418785333633,Neutral
2025-07-15,424.72,,0.0,Neutral,0.01517093926668165,Neutral
2025-07-14,416.7,2025-07-14,0.3165594339370727,Positive,0.3165594339370727,Positive
2025-07-13,425.32,,0.0,Neutral,0.15827971696853635,Slightly Positive
2025-07-10,443.5,,0.0,Neutral,0.07913985848426817,Slightly Positive
2025-07-09,452.2,2025-07-09,0.5959690809249878,Positive,0.5959690809249878,Positive
2025-07-08,425.76,,0.0,Neutral,0.2979845404624939,Positive
2025-07-07,425.87,,0.0,Neutral,0.14899227023124695,Slightly Positive
2025-07-06,434.75,,0.0,Neutral,0.0,Neutral
2025-07-03,445.87,,0.0,Neutral,0.0,Neutral
2025-07-02,459.52,,0.0,Neutral,0.0,Neutral
2025-07-01,447.18,,0.0,Neutral,0.0,Neutral
2025-06-30,412.48,,0.0,Neutral,0.0,Neutral
2025-06-29,417.75,2025-06-29,0.0124993920326232,Neutral,0.0124993920326232,Neutral
2025-06-26,401.88,,0.0,Neutral,0.0062496960163116,Neutral
2025-06-25,368.95,2025-06-25,-0.5497723817825317,Negative,-0.5466475337743759,Negative
2025-06-24,370.54,,0.0,Neutral,-0.27488619089126587,Negative
2025-06-23,382.42,,0.0,Neutral,-0.13744309544563293,Slightly Negative
2025-06-22,363.27,,0.0,Neutral,0.0,Neutral
2025-06-19,371.75,2025-06-19,0.9185822606086732,Strongly Positive,0.9185822606086732,Strongly Positive
2025-06-18,387.92,2025-06-18,0.134243756532669,Slightly Positive,0.5935348868370056,Positive
2025-06-17,366.7,,0.0,Neutral,0.2967674434185028,Positive
2025-06-16,374.79,,0.0,Neutral,0.03356093913316725,Neutral
2025-06-15,368.74,,0.0,Neutral,0.0,Neutral
2025-06-12,335.7,,0.0,Neutral,0.0,Neutral
2025-06-11,323.79,2025-06-11,-0.1211603879928588,Slightly Negative,-0.1211603879928588,Slightly Negative
2025-06-10,309.94,2025-06-10,-0.4339157342910766,Negative,-0.494495928287506,Negative
2025-06-09,309.85,2025-06-09,-0.3343536257743835,Negative,-0.5816015899181365,Negative
2025-06-08,316.47,,0.0,Neutral,-0.2756557464599609,Negative
2025-06-05,319.28,2025-06-05,-0.5912338495254517,Negative,-0.6748222559690475,Strongly Negative
2025-06-04,480.72,,0.0,Neutral,-0.29561692476272583,Negative
2025-06-03,492.48,2025-06-03,-0.2338424623012542,Negative,-0.3816509246826171,Negative
2025-06-02,510.42,2025-06-02,-0.5659517645835876,Negative,-0.6828729957342148,Strongly Negative
2025-05-28,518.95,,0.0,Neutral,-0.3414364978671074,Negative
2025-05-27,510.59,,0.0,Neutral,-0.1414879411458969,Slightly Negative
2025-05-26,509.5,2025-05-26,-0.7628889083862305,Strongly Negative,-0.7628889083862305,Strongly Negative
2025-05-25,512.44,,0.0,Neutral,-0.38144445419311523,Negative
2025-05-22,516.13,2025-05-22,-0.7128505706787109,Strongly Negative,-0.9035727977752686,Strongly Negative
2025-05-21,530.49,,0.0,Neutral,-0.35642528533935547,Negative
2025-05-20,539.77,2025-05-20,-0.6116074919700623,Strongly Negative,-0.78982013463974,Strongly Negative
2025-05-19,538.36,,0.0,Neutral,-0.30580374598503113,Negative
2025-05-18,532.96,,0.0,Neutral,-0.15290187299251556,Slightly Negative
2025-05-15,539.89,,0.0,Neutral,0.0,Neutral
2025-05-14,525.2,2025-05-14,-0.120438814163208,Slightly Negative,-0.120438814163208,Slightly Negative
2025-05-13,530.74,,0.0,Neutral,-0.060219407081604,Slightly Negative
2025-05-11,542.63,,0.0,Neutral,-0.030109703540802,Neutral
2025-05-08,540.93,,0.0,Neutral,0.0,Neutral
2025-05-07,541.66,,0.0,Neutral,0.0,Neutral
2025-05-06,546.45,,0.0,Neutral,0.0,Neutral
2025-05-05,551.81,,0.0,Neutral,0.0,Neutral
2025-05-04,565.25,,0.0,Neutral,0.0,Neutral
2025-04-30,575.87,,0.0,Neutral,0.0,Neutral
2025-04-29,562.37,,0.0,Neutral,0.0,Neutral
2025-04-28,562.4,,0.0,Neutral,0.0,Neutral
2025-04-27,577.81,,0.0,Neutral,0.0,Neutral
2025-04-24,575.95,,0.0,Neutral,0.0,Neutral
2025-04-23,554.87,,0.0,Neutral,0.0,Neutral
2025-04-22,561.68,2025-04-22,0.0065177381038665,Neutral,0.0065177381038665,Neutral
2025-04-21,560.37,2025-04-21,-0.1222520172595977,Slightly Negative,-0.11899314820766445,Slightly Negative
2025-04-20,556.74,2025-04-20,-0.9325382113456726,Strongly Negative,-0.9920347854495049,Strongly Negative
2025-04-17,556.9,,0.0,Neutral,-0.49683210998773575,Negative
2025-04-16,562.58,2025-04-16,-0.1533498167991638,Slightly Negative,-0.38648436963558197,Negative
2025-04-15,556.91,,0.0,Neutral,-0.0766749083995819,Slightly Negative
2025-04-13,534.96,2025-04-13,0.0838408172130584,Slightly Positive,0.045503363013267455,Neutral
2025-04-10,522.63,2025-04-10,0.1280533671379089,Slightly Positive,0.16997377574443812,Slightly Positive
2025-04-09,510.21,,0.0,Neutral,0.08498688787221906,Slightly Positive
2025-04-08,509.39,,0.0,Neutral,0.03201334178447723,Neutral
2025-04-07,505.45,,0.0,Neutral,0.0,Neutral
2025-04-03,512.66,,0.0,Neutral,0.0,Neutral
2025-04-02,511.28,,0.0,Neutral,0.0,Neutral
2025-04-01,507.78,,0.0,Neutral,0.0,Neutral
2025-03-30,517.5,2025-03-30,-0.4880945086479187,Negative,-0.4880945086479187,Negative
2025-03-27,514.49,,0.0,Neutral,-0.24404725432395935,Negative
2025-03-26,506.93,2025-03-26,-0.6513763070106506,Strongly Negative,-0.7733999341726303,Strongly Negative
2025-03-25,494.25,2025-03-25,0.2815593183040619,Positive,-0.04412883520126343,Neutral
2025-03-24,506.93,,0.0,Neutral,-0.022064417600631714,Neutral
2025-03-23,503.46,2025-03-23,-0.6444237232208252,Strongly Negative,-0.5740338936448097,Negative
2025-03-20,500.56,2025-03-20,-0.406167596578598,Negative,-0.7283794581890106,Strongly Negative
2025-03-19,507.9,,0.0,Neutral,-0.3641897290945053,Negative
2025-03-18,514.2,,0.0,Neutral,-0.1015418991446495,Slightly Negative
2025-03-17,513.3,2025-03-17,-0.0320629775524139,Neutral,-0.0320629775524139,Neutral
2025-03-16,520.0,,0.0,Neutral,-0.01603148877620695,Neutral
2025-03-12,527.0,,0.0,Neutral,-0.008015744388103475,Neutral
2025-03-11,530.0,,0.0,Neutral,0.0,Neutral
2025-03-10,540.0,2025-03-10,-0.7477757930755615,Strongly Negative,-0.7477757930755615,Strongly Negative
2025-03-09,544.0,,0.0,Neutral,-0.37388789653778076,Negative
2025-03-06,533.0,,0.0,Neutral,-0.18694394826889038,Slightly Negative
2025-03-05,524.9,,0.0,Neutral,0.0,Neutral
2025-03-04,511.1,,0.0,Neutral,0.0,Neutral
2025-03-03,484.0,,0.0,Neutral,0.0,Neutral
2025-03-02,491.0,,0.0,Neutral,0.0,Neutral
2025-02-27,486.0,,0.0,Neutral,0.0,Neutral
2025-02-25,468.1,,0.0,Neutral,0.0,Neutral
2025-02-24,469.5,2025-02-24,-0.3941380977630615,Negative,-0.3941380977630615,Negative
2025-02-23,468.0,,0.0,Neutral,-0.19706904888153076,Slightly Negative
2025-02-20,466.0,,0.0,Neutral,-0.09853452444076538,Slightly Negative
2025-02-18,474.8,,0.0,Neutral,0.0,Neutral
2025-02-17,478.5,,0.0,Neutral,0.0,Neutral
2025-02-16,484.0,,0.0,Neutral,0.0,Neutral
2025-02-13,489.0,2025-02-13,-0.6699524521827698,Strongly Negative,-0.6699524521827698,Strongly Negative
2025-02-12,498.8,2025-02-12,0.2080480456352233,Positive,-0.12692818045616158,Slightly Negative
2025-02-11,492.0,,0.0,Neutral,-0.06346409022808079,Slightly Negative
2025-02-10,479.0,,0.0,Neutral,0.052012011408805826,Slightly Positive
2025-02-09,479.0,,0.0,Neutral,0.0,Neutral
2025-02-06,490.0,,0.0,Neutral,0.0,Neutral
2025-02-05,504.9,,0.0,Neutral,0.0,Neutral
2025-02-04,506.0,,0.0,Neutral,0.0,Neutral
2025-02-03,487.0,,0.0,Neutral,0.0,Neutral
2025-02-02,459.0,,0.0,Neutral,0.0,Neutral
2025-01-28,461.3,,0.0,Neutral,0.0,Neutral
2025-01-27,457.0,,0.0,Neutral,0.0,Neutral
2025-01-26,465.0,,0.0,Neutral,0.0,Neutral
2025-01-23,445.0,2025-01-23,-0.2442322820425033,Negative,-0.2442322820425033,Negative
2025-01-22,446.0,,0.0,Neutral,-0.12211614102125165,Slightly Negative
2025-01-21,434.0,,0.0,Neutral,-0.061058070510625825,Slightly Negative
2025-01-20,444.5,2025-01-20,-0.0088043892756104,Neutral,-0.0088043892756104,Neutral
2025-01-19,448.9,,0.0,Neutral,-0.0044021946378052,Neutral
2025-01-16,433.0,,0.0,Neutral,-0.0022010973189026,Neutral
2025-01-15,418.9,,0.0,Neutral,0.0,Neutral
2025-01-13,414.0,,0.0,Neutral,0.0,Neutral
2025-01-12,417.0,,0.0,Neutral,0.0,Neutral
2025-01-09,419.0,,0.0,Neutral,0.0,Neutral
2025-01-08,417.0,,0.0,Neutral,0.0,Neutral
2025-01-07,414.9,,0.0,Neutral,0.0,Neutral
2025-01-06,415.9,,0.0,Neutral,0.0,Neutral
2025-01-05,405.1,,0.0,Neutral,0.0,Neutral
2025-01-02,405.0,2025-01-02,0.9056085348129272,Strongly Positive,0.9056085348129272,Strongly Positive
2025-01-01,393.0,,0.0,Neutral,0.4528042674064636,Positive
2024-12-31,386.0,,0.0,Neutral,0.2264021337032318,Positive
2024-12-29,390.3,,0.0,Neutral,0.0,Neutral
2024-12-26,405.5,,0.0,Neutral,0.0,Neutral
2024-12-24,411.0,,0.0,Neutral,0.0,Neutral
2024-12-23,406.0,,0.0,Neutral,0.0,Neutral
2024-12-22,404.9,,0.0,Neutral,0.0,Neutral
2024-12-19,406.4,,0.0,Neutral,0.0,Neutral
2024-12-18,416.0,,0.0,Neutral,0.0,Neutral
2024-12-17,415.0,,0.0,Neutral,0.0,Neutral
2024-12-16,411.0,2024-12-16,-0.1873531192541122,Slightly Negative,-0.1873531192541122,Slightly Negative
2024-12-12,429.0,2024-12-12,-0.7372568249702454,Strongly Negative,-0.8309333845973015,Strongly Negative
2024-12-11,439.8,,0.0,Neutral,-0.41546669229865074,Negative
2024-12-10,431.3,2024-12-10,0.0605501011013984,Slightly Positive,-0.12376410514116294,Slightly Negative
2024-12-09,439.0,2024-12-09,0.0543120503425598,Slightly Positive,0.08458710089325899,Slightly Positive
2024-12-08,429.0,,0.0,Neutral,0.042293550446629496,Neutral
2024-12-05,439.0,2024-12-05,-0.8622756004333496,Strongly Negative,-0.8486975878477097,Strongly Negative
2024-12-04,448.0,,0.0,Neutral,-0.4311378002166748,Negative
2024-12-03,457.0,,0.0,Neutral,-0.2155689001083374,Negative
2024-12-02,454.0,,0.0,Neutral,0.0,Neutral
2024-12-01,434.0,,0.0,Neutral,0.0,Neutral
2024-11-28,426.2,,0.0,Neutral,0.0,Neutral
2024-11-27,438.0,,0.0,Neutral,0.0,Neutral
2024-11-26,430.0,,0.0,Neutral,0.0,Neutral
2024-11-25,420.0,,0.0,Neutral,0.0,Neutral
2024-11-24,417.8,,0.0,Neutral,0.0,Neutral
2024-11-21,422.0,2024-11-21,0.3522944152355194,Positive,0.3522944152355194,Positive
2024-11-20,433.0,,0.0,Neutral,0.1761472076177597,Slightly Positive
2024-11-19,423.0,,0.0,Neutral,0.08807360380887985,Slightly Positive
2024-11-17,436.0,,0.0,Neutral,0.0,Neutral
2024-11-14,418.7,,0.0,Neutral,0.0,Neutral
2024-11-13,405.0,,0.0,Neutral,0.0,Neutral
2024-11-12,395.0,,0.0,Neutral,0.0,Neutral
2024-11-11,399.0,2024-11-11,0.9224844574928284,Strongly Positive,0.9224844574928284,Strongly Positive
2024-11-10,397.9,2024-11-10,0.0913766026496887,Slightly Positive,0.5526188313961029,Positive
2024-11-06,392.0,2024-11-06,0.6941941380500793,Strongly Positive,0.9705035537481308,Strongly Positive
2024-11-05,389.0,,0.0,Neutral,0.36994121968746185,Positive
2024-10-30,388.5,,0.0,Neutral,0.17354853451251984,Slightly Positive
2024-10-29,399.9,2024-10-29,-0.4482151567935943,Negative,-0.4482151567935943,Negative
2024-10-28,399.8,,0.0,Neutral,-0.22410757839679715,Negative
2024-10-27,394.0,,0.0,Neutral,-0.11205378919839858,Slightly Negative
2024-10-24,381.8,,0.0,Neutral,0.0,Neutral
2024-10-23,379.0,2024-10-23,-0.5182260870933533,Negative,-0.5182260870933533,Negative
2024-10-22,385.1,,0.0,Neutral,-0.25911304354667664,Negative
2024-10-21,368.0,,0.0,Neutral,-0.12955652177333832,Slightly Negative
2024-10-20,359.0,2024-10-20,-0.0460387840867042,Neutral,-0.0460387840867042,Neutral
2024-10-17,365.0,2024-10-17,-0.5775560140609741,Negative,-0.6005754061043262,Strongly Negative
2024-10-16,363.1,2024-10-16,0.3032940030097961,Positive,0.003006299957632977,Neutral
2024-10-15,356.7,,0.0,Neutral,0.007257997989654513,Neutral
2024-10-09,356.0,2024-10-09,0.9219281077384948,Strongly Positive,0.9977516084909438,Strongly Positive
2024-10-08,354.0,,0.0,Neutral,0.4609640538692474,Positive
2024-10-07,357.0,2024-10-07,0.9075050950050354,Strongly Positive,1.1379871219396591,Strongly Positive
2024-10-06,358.0,,0.0,Neutral,0.4537525475025177,Positive
2024-10-02,350.0,,0.0,Neutral,0.22687627375125885,Positive
2024-10-01,351.0,2024-10-01,0.9054638147354126,Strongly Positive,0.9054638147354126,Strongly Positive
2024-09-30,325.0,,0.0,Neutral,0.4527319073677063,Positive
2024-09-29,322.0,,0.0,Neutral,0.22636595368385315,Positive
2024-09-26,326.5,,0.0,Neutral,0.0,Neutral
2024-09-25,327.0,,0.0,Neutral,0.0,Neutral
2024-09-24,320.9,2024-09-24,0.9053268432617188,Strongly Positive,0.9053268432617188,Strongly Positive
2024-09-23,329.9,,0.0,Neutral,0.4526634216308594,Positive
2024-09-22,338.0,,0.0,Neutral,0.2263317108154297,Positive
2024-09-18,336.8,2024-09-18,0.0292224586009979,Neutral,0.0292224586009979,Neutral
2024-09-16,336.0,2024-09-16,0.0701217502355575,Slightly Positive,0.08473297953605645,Slightly Positive
2024-09-15,345.0,,0.0,Neutral,0.042366489768028225,Neutral
2024-09-12,351.0,2024-09-12,0.7334011197090149,Strongly Positive,0.7509315572679043,Strongly Positive
2024-09-11,338.0,,0.0,Neutral,0.36670055985450745,Positive
2024-09-10,343.0,,0.0,Neutral,0.18335027992725372,Slightly Positive
2024-09-09,342.0,,0.0,Neutral,0.0,Neutral
2024-09-08,350.0,2024-09-08,0.0105989575386047,Neutral,0.0105989575386047,Neutral
2024-09-05,356.0,,0.0,Neutral,0.00529947876930235,Neutral
2024-09-04,357.0,,0.0,Neutral,0.002649739384651175,Neutral
2024-09-03,370.0,2024-09-03,-0.2997061610221863,Negative,-0.2997061610221863,Negative
2024-09-02,375.2,,0.0,Neutral,-0.14985308051109314,Slightly Negative
2024-09-01,359.0,,0.0,Neutral,-0.07492654025554657,Slightly Negative
2024-08-29,366.2,,0.0,Neutral,0.0,Neutral
2024-08-28,360.0,,0.0,Neutral,0.0,Neutral
2024-08-27,352.0,,0.0,Neutral,0.0,Neutral
2024-08-25,380.0,,0.0,Neutral,0.0,Neutral
2024-08-22,388.0,,0.0,Neutral,0.0,Neutral
2024-08-21,388.1,,0.0,Neutral,0.0,Neutral
2024-08-18,395.0,,0.0,Neutral,0.0,Neutral
2024-08-15,412.0,,0.0,Neutral,0.0,Neutral
2024-08-14,392.0,,0.0,Neutral,0.0,Neutral
2024-08-13,386.0,,0.0,Neutral,0.0,Neutral
2024-08-12,390.0,,0.0,Neutral,0.0,Neutral
2024-08-11,393.0,2024-08-11,-0.6217007637023926,Strongly Negative,-0.6217007637023926,Strongly Negative
2024-08-08,385.0,,0.0,Neutral,-0.3108503818511963,Negative
2024-08-07,377.0,,0.0,Neutral,-0.15542519092559814,Slightly Negative
2024-08-06,369.0,2024-08-06,0.06113051623106,Slightly Positive,0.06113051623106,Slightly Positive
2024-08-05,397.0,2024-08-05,-0.0004892461001873,Neutral,0.0300760120153427,Neutral
2024-08-01,386.0,,0.0,Neutral,0.01503800600767135,Neutral
2024-07-31,397.0,,0.0,Neutral,-0.000122311525046825,Neutral
2024-07-30,397.1,,0.0,Neutral,0.0,Neutral
2024-07-29,361.0,,0.0,Neutral,0.0,Neutral
2024-07-28,358.6,,0.0,Neutral,0.0,Neutral
2024-07-25,363.0,,0.0,Neutral,0.0,Neutral
2024-07-24,354.0,,0.0,Neutral,0.0,Neutral
2024-07-23,349.9,,0.0,Neutral,0.0,Neutral
2024-07-22,333.0,,0.0,Neutral,0.0,Neutral
2024-07-21,335.9,2024-07-21,0.2961920797824859,Positive,0.2961920797824859,Positive
2024-07-18,344.7,,0.0,Neutral,0.14809603989124295,Slightly Positive
2024-07-17,343.1,,0.0,Neutral,0.07404801994562148,Slightly Positive
2024-07-16,325.6,,0.0,Neutral,0.0,Neutral
2024-07-15,296.0,2024-07-15,0.0531130880117416,Slightly Positive,0.0531130880117416,Slightly Positive
2024-07-14,304.0,2024-07-14,0.4453930258750915,Positive,0.4719495698809623,Positive
2024-07-11,299.0,,0.0,Neutral,0.23597478494048116,Positive
2024-07-10,300.0,2024-07-10,-0.0372032523155212,Neutral,0.07414500415325168,Slightly Positive
2024-07-09,293.0,,0.0,Neutral,-0.0186016261577606,Neutral
2024-07-08,295.0,,0.0,Neutral,-0.0093008130788803,Neutral
2024-07-07,298.9,2024-07-07,-0.6083687543869019,Strongly Negative,-0.6083687543869019,Strongly Negative
2024-07-04,296.9,2024-07-04,-0.7496742010116577,Strongly Negative,-1.0538585782051086,Strongly Negative
2024-07-03,300.0,,0.0,Neutral,-0.5269292891025543,Negative
2024-07-02,304.1,,0.0,Neutral,-0.18741855025291443,Slightly Negative
2024-07-01,302.5,,0.0,Neutral,0.0,Neutral
2024-06-30,302.2,2024-06-30,-0.5555654168128967,Negative,-0.5555654168128967,Negative
2024-06-27,307.9,,0.0,Neutral,-0.27778270840644836,Negative
2024-06-26,300.0,,0.0,Neutral,-0.13889135420322418,Slightly Negative
2024-06-25,304.4,,0.0,Neutral,0.0,Neutral
2024-06-24,298.0,,0.0,Neutral,0.0,Neutral
2024-06-23,303.0,,0.0,Neutral,0.0,Neutral
2024-06-20,309.5,2024-06-20,-0.7754740715026855,Strongly Negative,-0.7754740715026855,Strongly Negative
2024-06-19,308.0,2024-06-19,0.928455650806427,Strongly Positive,0.5407186150550842,Positive
2024-06-18,308.0,,0.0,Neutral,0.2703593075275421,Positive
2024-06-16,307.0,,0.0,Neutral,0.23211391270160675,Positive
2024-06-13,307.0,,0.0,Neutral,0.0,Neutral
2024-06-12,283.1,2024-06-12,-0.3344677183777093,Negative,-0.3344677183777093,Negative
2024-06-11,273.9,2024-06-11,-0.703773021697998,Strongly Negative,-0.8710068808868527,Strongly Negative
2024-06-10,249.0,2024-06-10,0.0591075792908668,Slightly Positive,-0.3763958611525595,Negative
2024-06-09,240.0,,0.0,Neutral,-0.1463894657790661,Slightly Negative
2024-06-06,235.0,,0.0,Neutral,0.0147768948227167,Neutral
2024-06-05,235.0,,0.0,Neutral,0.0,Neutral
2024-06-04,237.0,,0.0,Neutral,0.0,Neutral
2024-06-03,239.5,,0.0,Neutral,0.0,Neutral
2024-06-02,241.0,,0.0,Neutral,0.0,Neutral
2024-05-30,239.0,,0.0,Neutral,0.0,Neutral
2024-05-29,231.2,,0.0,Neutral,0.0,Neutral
2024-05-27,236.0,2024-05-27,-0.6427181959152222,Strongly Negative,-0.6427181959152222,Strongly Negative
2024-05-26,238.0,2024-05-26,-0.5461372137069702,Negative,-0.8674963116645813,Strongly Negative
2024-05-22,241.0,,0.0,Neutral,-0.43374815583229065,Negative
2024-05-21,242.0,2024-05-21,0.9287891387939452,Strongly Positive,0.7922548353672026,Strongly Positive
2024-05-20,235.0,2024-05-20,-0.7473208904266357,Strongly Negative,-0.28292632102966314,Negative
2024-05-19,236.0,,0.0,Neutral,-0.14146316051483157,Slightly Negative
2024-05-16,235.0,,0.0,Neutral,-0.18683022260665894,Slightly Negative
2024-05-15,231.9,,0.0,Neutral,0.0,Neutral
2024-05-14,235.5,,0.0,Neutral,0.0,Neutral
2024-05-13,226.0,2024-05-13,-0.0147014185786247,Neutral,-0.0147014185786247,Neutral
2024-05-12,219.0,,0.0,Neutral,-0.00735070928931235,Neutral
2024-05-09,220.0,,0.0,Neutral,-0.003675354644656175,Neutral
2024-05-08,215.3,,0.0,Neutral,0.0,Neutral
2024-05-07,222.2,,0.0,Neutral,0.0,Neutral
2024-05-06,224.9,,0.0,Neutral,0.0,Neutral
2024-05-05,225.8,,0.0,Neutral,0.0,Neutral
2024-05-02,231.5,,0.0,Neutral,0.0,Neutral
2024-04-30,236.0,,0.0,Neutral,0.0,Neutral
2024-04-29,230.0,2024-04-29,-0.2238787710666656,Negative,-0.2238787710666656,Negative
2024-04-28,232.5,,0.0,Neutral,-0.1119393855333328,Slightly Negative
2024-04-25,232.9,,0.0,Neutral,-0.0559696927666664,Slightly Negative
2024-04-24,233.0,,0.0,Neutral,0.0,Neutral
2024-04-22,234.0,2024-04-22,-0.397852748632431,Negative,-0.397852748632431,Negative
2024-04-21,239.8,2024-04-21,-0.6756387948989868,Strongly Negative,-0.8745651692152023,Strongly Negative
2024-04-18,231.0,,0.0,Neutral,-0.43728258460760117,Negative
2024-04-16,236.3,2024-04-16,0.4685211181640625,Positive,0.2996114194393158,Positive
2024-04-15,240.1,2024-04-15,-0.5954660177230835,Negative,-0.36120545864105225,Negative
2024-04-14,241.1,2024-04-14,-0.4558782577514648,Negative,-0.636480987071991,Strongly Negative
2024-04-10,239.0,2024-04-10,-0.0239664651453495,Neutral,-0.40077209845185274,Negative
2024-04-09,238.0,,0.0,Neutral,-0.12595279701054093,Slightly Negative
2024-04-07,238.0,2024-04-07,-0.6892299056053162,Strongly Negative,-0.6952215218916535,Strongly Negative
2024-04-04,236.8,2024-04-04,-0.323227971792221,Negative,-0.6678429245948792,Strongly Negative
2024-04-03,241.0,,0.0,Neutral,-0.3339214622974396,Negative
2024-04-02,242.5,2024-04-02,-0.4733312129974365,Negative,-0.5541382059454918,Negative
2024-04-01,243.0,,0.0,Neutral,-0.23666560649871826,Negative
2024-03-31,246.5,,0.0,Neutral,-0.11833280324935913,Slightly Negative
2024-03-28,244.0,,0.0,Neutral,0.0,Neutral
2024-03-27,237.9,,0.0,Neutral,0.0,Neutral
2024-03-26,243.1,2024-03-26,-0.2324217855930328,Negative,-0.2324217855930328,Negative
2024-03-25,239.9,,0.0,Neutral,-0.1162108927965164,Slightly Negative
2024-03-21,242.0,2024-03-21,-0.3527610003948211,Negative,-0.4108664467930793,Negative
2024-03-20,245.0,,0.0,Neutral,-0.17638050019741056,Slightly Negative
2024-03-19,246.1,,0.0,Neutral,-0.08819025009870528,Slightly Negative
2024-03-18,247.6,,0.0,Neutral,0.0,Neutral
2024-03-17,247.0,,0.0,Neutral,0.0,Neutral
2024-03-14,251.0,2024-03-14,-0.0184712968766689,Neutral,-0.0184712968766689,Neutral
2024-03-13,252.0,2024-03-13,-0.5365344434976578,Negative,-0.5457700919359922,Negative
2024-03-12,256.0,,0.0,Neutral,-0.2728850459679961,Negative
2024-03-10,252.8,,0.0,Neutral,-0.13413361087441444,Slightly Negative
2024-03-07,253.8,,0.0,Neutral,0.0,Neutral
2024-03-06,251.0,,0.0,Neutral,0.0,Neutral
2024-03-05,248.0,,0.0,Neutral,0.0,Neutral
2024-03-04,266.0,,0.0,Neutral,0.0,Neutral
2024-03-03,242.3,2024-03-03,0.659336507320404,Strongly Positive,0.659336507320404,Strongly Positive
2024-02-29,246.5,2024-02-29,0.5973718166351318,Positive,0.9270400702953339,Strongly Positive
2024-02-28,253.9,,0.0,Neutral,0.46352003514766693,Positive
2024-02-27,254.0,,0.0,Neutral,0.14934295415878296,Slightly Positive
2024-02-26,258.8,2024-02-26,-0.6391295790672302,Strongly Negative,-0.6391295790672302,Strongly Negative
2024-02-25,257.0,2024-02-25,-0.7076578140258789,Strongly Negative,-1.027222603559494,Strongly Negative
2024-02-22,253.1,,0.0,Neutral,-0.513611301779747,Negative
2024-02-21,260.9,,0.0,Neutral,-0.17691445350646973,Slightly Negative
2024-02-20,265.0,,0.0,Neutral,0.0,Neutral
2024-02-18,266.0,,0.0,Neutral,0.0,Neutral
2024-02-15,273.9,,0.0,Neutral,0.0,Neutral
2024-02-14,273.0,,0.0,Neutral,0.0,Neutral
2024-02-13,272.0,,0.0,Neutral,0.0,Neutral
2024-02-12,274.0,2024-02-12,0.0213358532637357,Neutral,0.0213358532637357,Neutral
2024-02-11,271.4,,0.0,Neutral,0.01066792663186785,Neutral
2024-02-08,273.0,,0.0,Neutral,0.005333963315933925,Neutral
2024-02-07,277.0,2024-02-07,0.9190106987953186,Strongly Positive,0.9190106987953186,Strongly Positive
2024-02-06,274.0,,0.0,Neutral,0.4595053493976593,Positive
2024-02-05,279.4,,0.0,Neutral,0.22975267469882965,Positive
2024-02-04,277.8,,0.0,Neutral,0.0,Neutral
2024-02-01,277.0,2024-02-01,0.9017196297645568,Strongly Positive,0.9017196297645568,Strongly Positive
2024-01-31,279.0,,0.0,Neutral,0.4508598148822784,Positive
2024-01-30,288.0,,0.0,Neutral,0.2254299074411392,Positive
2024-01-29,271.0,,0.0,Neutral,0.0,Neutral
2024-01-28,259.0,2024-01-28,-0.5602532029151917,Negative,-0.5602532029151917,Negative
2024-01-25,248.9,2024-01-25,0.9305034875869752,Strongly Positive,0.6503768861293794,Strongly Positive
2024-01-24,249.8,,0.0,Neutral,0.3251884430646897,Positive
2024-01-23,255.0,,0.0,Neutral,0.2326258718967438,Positive
2024-01-22,254.9,2024-01-22,0.0955185890197753,Slightly Positive,0.0955185890197753,Slightly Positive
2024-01-21,265.0,2024-01-21,-0.0024153357371688,Neutral,0.045343958772718844,Neutral
2024-01-18,265.0,2024-01-18,0.7747501134872437,Strongly Positive,0.7974220928736031,Strongly Positive
2024-01-17,251.0,,0.0,Neutral,0.38677122280932963,Positive
2024-01-16,270.0,2024-01-16,-0.0303513295948505,Neutral,0.16333619877696043,Slightly Positive
2024-01-14,255.9,2024-01-14,-0.0015759468078613,Neutral,-0.01675161160528655,Neutral
2024-01-11,245.5,,0.0,Neutral,-0.008375805802643275,Neutral
2024-01-10,239.0,,0.0,Neutral,-0.000393986701965325,Neutral
2024-01-09,239.7,,0.0,Neutral,0.0,Neutral
2024-01-08,250.0,2024-01-08,0.3354699239134788,Positive,0.3354699239134788,Positive
2024-01-07,234.2,,0.0,Neutral,0.1677349619567394,Slightly Positive
2024-01-04,230.9,,0.0,Neutral,0.0838674809783697,Slightly Positive
2024-01-03,222.9,,0.0,Neutral,0.0,Neutral
2024-01-02,216.2,,0.0,Neutral,0.0,Neutral
2024-01-01,226.0,,0.0,Neutral,0.0,Neutral
2023-12-28,229.5,,0.0,Neutral,0.0,Neutral
2023-12-27,234.0,,0.0,Neutral,0.0,Neutral
2023-12-24,235.0,,0.0,Neutral,0.0,Neutral
2023-12-21,244.7,,0.0,Neutral,0.0,Neutral
2023-12-20,249.0,,0.0,Neutral,0.0,Neutral
2023-12-19,256.0,2023-12-19,-0.0495426394045352,Neutral,-0.0495426394045352,Neutral
2023-12-18,260.0,,0.0,Neutral,-0.0247713197022676,Neutral
2023-12-17,242.0,2023-12-17,0.1858166120946406,Slightly Positive,0.1734309522435068,Slightly Positive
2023-12-14,227.0,2023-12-14,-0.3237503468990326,Negative,-0.23084204085171228,Negative
2023-12-13,234.0,,0.0,Neutral,-0.11542102042585614,Slightly Negative
2023-12-12,236.5,,0.0,Neutral,-0.08093758672475815,Slightly Negative
2023-12-11,226.0,2023-12-11,0.8129301071166992,Strongly Positive,0.8129301071166992,Strongly Positive
2023-12-10,228.0,2023-12-10,0.3414733707904815,Positive,0.7479384243488312,Strongly Positive
2023-12-07,214.0,2023-12-07,0.7270581126213074,Strongly Positive,1.101027324795723,Strongly Positive
2023-12-06,209.9,,0.0,Neutral,0.4488973990082741,Positive
2023-12-05,213.0,,0.0,Neutral,0.18176452815532684,Slightly Positive
2023-12-04,212.7,2023-12-04,0.9314891695976256,Strongly Positive,0.9314891695976256,Strongly Positive
2023-12-03,209.9,,0.0,Neutral,0.4657445847988128,Positive
2023-11-30,200.0,,0.0,Neutral,0.2328722923994064,Positive
2023-11-29,208.7,2023-11-29,0.5706247091293335,Positive,0.5706247091293335,Positive
2023-11-28,206.0,2023-11-28,0.2470296770334244,Positive,0.5323420315980911,Positive
2023-11-27,209.0,,0.0,Neutral,0.26617101579904556,Positive
2023-11-26,208.6,,0.0,Neutral,0.0617574192583561,Slightly Positive
2023-11-23,201.0,,0.0,Neutral,0.0,Neutral
2023-11-22,199.0,,0.0,Neutral,0.0,Neutral
2023-11-21,195.0,,0.0,Neutral,0.0,Neutral
2023-11-20,199.0,2023-11-20,-0.0071662440896034,Neutral,-0.0071662440896034,Neutral
2023-11-09,201.0,,0.0,Neutral,-0.0035831220448017,Neutral
2023-11-08,204.9,,0.0,Neutral,-0.00179156102240085,Neutral
2023-11-07,203.0,,0.0,Neutral,0.0,Neutral
2023-11-06,206.7,,0.0,Neutral,0.0,Neutral
2023-11-05,206.0,2023-11-05,0.7400195002555847,Strongly Positive,0.7400195002555847,Strongly Positive
2023-11-02,206.0,,0.0,Neutral,0.37000975012779236,Positive
2023-11-01,213.0,2023-11-01,0.0985844135284423,Slightly Positive,0.28358928859233845,Positive
2023-10-31,212.0,,0.0,Neutral,0.04929220676422115,Neutral
2023-10-30,215.0,,0.0,Neutral,0.024646103382110575,Neutral
2023-10-29,210.9,,0.0,Neutral,0.0,Neutral
2023-10-19,218.7,2023-10-19,0.8292142748832703,Strongly Positive,0.8292142748832703,Strongly Positive
2023-10-18,219.0,2023-10-18,0.2993601306031147,Positive,0.7139672680447499,Strongly Positive
2023-10-17,213.0,2023-10-17,0.3895330764353275,Positive,0.7465167104577024,Strongly Positive
2023-10-16,212.0,2023-10-16,0.8377037644386292,Strongly Positive,1.1073103353070717,Strongly Positive
2023-10-12,215.0,,0.0,Neutral,0.5162351513281465,Positive
2023-10-11,218.7,,0.0,Neutral,0.2094259411096573,Positive
2023-10-10,215.0,,0.0,Neutral,0.0,Neutral
2023-10-09,219.0,2023-10-09,0.9241541624069214,Strongly Positive,0.9241541624069214,Strongly Positive
2023-10-08,220.0,2023-10-08,0.9193177223205566,Strongly Positive,1.3813948035240173,Strongly Positive
2023-10-05,227.3,,0.0,Neutral,0.6906974017620087,Strongly Positive
2023-10-04,227.0,2023-10-04,0.141101211309433,Slightly Positive,0.37093064188957214,Positive
2023-10-03,228.9,,0.0,Neutral,0.0705506056547165,Slightly Positive
2023-10-02,234.0,2023-10-02,0.8697748184204102,Strongly Positive,0.9050501212477684,Strongly Positive
2023-10-01,230.0,2023-10-01,0.9149264097213744,Strongly Positive,1.3498138189315796,Strongly Positive
2023-09-27,239.9,,0.0,Neutral,0.6749069094657898,Strongly Positive
2023-09-26,244.0,2023-09-26,0.1121289655566215,Slightly Positive,0.34086056798696507,Positive
2023-09-25,233.9,2023-09-25,0.9218896627426147,Strongly Positive,0.9779541455209255,Strongly Positive
2023-09-24,239.0,2023-09-24,0.8438069820404053,Strongly Positive,1.332784054800868,Strongly Positive
2023-09-21,250.7,,0.0,Neutral,0.6523759067058563,Strongly Positive
2023-09-19,255.0,,0.0,Neutral,0.21095174551010132,Positive
2023-09-18,237.1,2023-09-18,0.8191651403903961,Strongly Positive,0.8191651403903961,Strongly Positive
2023-09-17,228.0,2023-09-17,0.2316693365573883,Positive,0.6412519067525864,Strongly Positive
2023-09-13,242.0,,0.0,Neutral,0.3206259533762932,Positive
2023-09-12,220.0,,0.0,Neutral,0.057917334139347076,Slightly Positive
2023-09-11,226.0,2023-09-11,-0.1270755678415298,Slightly Negative,-0.1270755678415298,Slightly Negative
2023-09-10,208.8,,0.0,Neutral,-0.0635377839207649,Slightly Negative
2023-09-07,203.8,,0.0,Neutral,-0.03176889196038245,Neutral
2023-09-05,208.0,,0.0,Neutral,0.0,Neutral
2023-09-04,209.8,,0.0,Neutral,0.0,Neutral
2023-09-03,203.0,,0.0,Neutral,0.0,Neutral
2023-08-30,210.5,,0.0,Neutral,0.0,Neutral
2023-08-29,211.9,,0.0,Neutral,0.0,Neutral
2023-08-28,214.0,,0.0,Neutral,0.0,Neutral
2023-08-27,211.9,,0.0,Neutral,0.0,Neutral
2023-08-24,214.0,,0.0,Neutral,0.0,Neutral
2023-08-23,218.0,,0.0,Neutral,0.0,Neutral
2023-08-22,212.0,,0.0,Neutral,0.0,Neutral
2023-08-21,207.0,,0.0,Neutral,0.0,Neutral
2023-08-20,213.0,2023-08-20,0.4706372022628784,Positive,0.4706372022628784,Positive
2023-08-17,217.5,,0.0,Neutral,0.2353186011314392,Positive
2023-08-16,218.0,,0.0,Neutral,0.1176593005657196,Slightly Positive
2023-08-15,221.5,2023-08-15,0.0367373526096344,Neutral,0.0367373526096344,Neutral
2023-08-14,226.0,,0.0,Neutral,0.0183686763048172,Neutral
2023-08-13,229.5,2023-08-13,0.3550106883049011,Positive,0.3641950264573097,Positive
2023-08-10,226.0,2023-08-10,0.6593401432037354,Strongly Positive,0.8368454873561859,Strongly Positive
2023-08-09,227.0,,0.0,Neutral,0.41842274367809296,Positive
2023-08-08,224.0,2023-08-08,0.0437265634536743,Neutral,0.20856159925460815,Positive
2023-08-07,230.0,2023-08-07,0.7810200452804565,Strongly Positive,0.8028833270072937,Strongly Positive
2023-08-06,230.8,2023-08-06,0.2109157014638185,Positive,0.6123573649674654,Strongly Positive
2023-08-03,238.0,,0.0,Neutral,0.3007128620520234,Positive
2023-08-02,241.0,2023-08-02,-0.4065877497196197,Negative,-0.35385882435366506,Negative
2023-08-01,240.9,,0.0,Neutral,-0.20329387485980985,Negative
2023-07-31,242.0,,0.0,Neutral,-0.10164693742990492,Slightly Negative
2023-07-30,242.0,,0.0,Neutral,0.0,Neutral
2023-07-27,251.0,,0.0,Neutral,0.0,Neutral
2023-07-26,262.0,,0.0,Neutral,0.0,Neutral
2023-07-25,254.9,,0.0,Neutral,0.0,Neutral
2023-07-24,254.0,2023-07-24,-0.4698981344699859,Negative,-0.4698981344699859,Negative
2023-07-23,259.0,,0.0,Neutral,-0.23494906723499295,Negative
2023-07-20,255.8,,0.0,Neutral,-0.11747453361749648,Slightly Negative
2023-07-19,248.0,,0.0,Neutral,0.0,Neutral
2023-07-18,250.0,,0.0,Neutral,0.0,Neutral
2023-07-17,249.1,,0.0,Neutral,0.0,Neutral
2023-07-16,249.0,2023-07-16,0.883343517780304,Strongly Positive,0.883343517780304,Strongly Positive
2023-07-13,245.0,,0.0,Neutral,0.441671758890152,Positive
2023-07-12,248.0,,0.0,Neutral,0.220835879445076,Positive
2023-07-11,233.6,2023-07-11,-0.3590094149112701,Negative,-0.3590094149112701,Negative
2023-07-10,238.0,,0.0,Neutral,-0.17950470745563504,Slightly Negative
2023-07-09,238.9,2023-07-09,0.5350947976112366,Positive,0.44534244388341904,Positive
2023-07-06,238.0,,0.0,Neutral,0.2675473988056183,Positive
2023-07-05,238.0,2023-07-05,0.4177348017692566,Positive,0.5515085011720657,Positive
2023-07-04,248.0,2023-07-04,-0.20897176861763,Negative,-0.00010436773300170898,Neutral
2023-07-03,248.5,2023-07-03,0.7068891525268555,Strongly Positive,0.7068369686603546,Strongly Positive
2023-07-02,252.0,,0.0,Neutral,0.30120163410902023,Positive
2023-06-28,263.0,,0.0,Neutral,0.17672228813171387,Slightly Positive
2023-06-27,262.9,,0.0,Neutral,0.0,Neutral
2023-06-26,262.0,,0.0,Neutral,0.0,Neutral
2023-06-25,261.0,,0.0,Neutral,0.0,Neutral
2023-06-22,257.0,2023-06-22,0.873332142829895,Strongly Positive,0.873332142829895,Strongly Positive
2023-06-21,257.0,,0.0,Neutral,0.4366660714149475,Positive
2023-06-20,267.8,,0.0,Neutral,0.21833303570747375,Positive
2023-06-19,280.0,,0.0,Neutral,0.0,Neutral
2023-06-18,273.0,,0.0,Neutral,0.0,Neutral
2023-06-15,272.0,2023-06-15,0.4683806300163269,Positive,0.4683806300163269,Positive
2023-06-14,271.0,2023-06-14,0.4930647611618042,Positive,0.7272550761699677,Strongly Positive
2023-06-13,276.0,2023-06-13,0.7564454078674316,Strongly Positive,1.1200729459524155,Strongly Positive
2023-06-12,269.0,2023-06-12,0.7213075160980225,Strongly Positive,1.2227964103221893,Strongly Positive
2023-06-11,256.1,,0.0,Neutral,0.5497651100158691,Positive
2023-06-08,249.0,2023-06-08,0.7539471387863159,Strongly Positive,0.9342740178108215,Strongly Positive
2023-06-07,249.9,2023-06-07,0.4957673549652099,Positive,0.8727409243583679,Strongly Positive
2023-06-06,248.0,2023-06-06,0.7798135876655579,Strongly Positive,1.2161840498447418,Strongly Positive
2023-06-05,237.0,,0.0,Neutral,0.5138486325740814,Positive
2023-06-04,247.0,,0.0,Neutral,0.19495339691638947,Slightly Positive
2023-06-01,238.9,2023-06-01,0.4650955200195312,Positive,0.4650955200195312,Positive
2023-05-31,236.0,2023-05-31,0.9306153655052184,Strongly Positive,1.163163125514984,Strongly Positive
2023-05-30,243.0,,0.0,Neutral,0.581581562757492,Positive
2023-05-28,249.0,,0.0,Neutral,0.2326538413763046,Positive
2023-05-24,248.9,2023-05-24,0.6379044055938721,Strongly Positive,0.6379044055938721,Strongly Positive
2023-05-23,247.0,,0.0,Neutral,0.31895220279693604,Positive
2023-05-22,240.0,,0.0,Neutral,0.15947610139846802,Slightly Positive
2023-05-21,241.0,2023-05-21,0.2752208411693573,Positive,0.2752208411693573,Positive
2023-05-18,238.0,2023-05-18,-0.428337037563324,Negative,-0.2907266169786453,Negative
2023-05-17,234.0,2023-05-17,-0.1411273777484893,Slightly Negative,-0.28649068623781193,Negative
2023-05-16,232.0,,0.0,Neutral,-0.17764794826507563,Slightly Negative
2023-05-15,232.7,,0.0,Neutral,-0.035281844437122324,Neutral
2023-05-14,230.0,,0.0,Neutral,0.0,Neutral
2023-05-11,234.0,,0.0,Neutral,0.0,Neutral
2023-05-10,233.3,2023-05-10,0.3141437768936157,Positive,0.3141437768936157,Positive
2023-05-09,238.0,2023-05-09,0.6824951767921448,Strongly Positive,0.8395670652389526,Strongly Positive
2023-05-08,233.0,,0.0,Neutral,0.4197835326194763,Positive
2023-05-07,238.0,2023-05-07,-0.1594992876052856,Slightly Negative,0.011124506592750605,Neutral
2023-05-04,246.0,,0.0,Neutral,-0.0797496438026428,Slightly Negative
2023-05-03,240.0,2023-05-03,-0.3371529579162597,Negative,-0.3770277798175811,Negative
2023-05-02,247.0,,0.0,Neutral,-0.16857647895812986,Slightly Negative
2023-04-30,246.4,2023-04-30,0.5406634211540222,Positive,0.4563751816749573,Positive
2023-04-27,248.0,2023-04-27,0.3818577229976654,Positive,0.6521894335746765,Strongly Positive
2023-04-26,250.0,,0.0,Neutral,0.32609471678733826,Positive
2023-04-25,253.0,,0.0,Neutral,0.09546443074941635,Slightly Positive
2023-04-24,249.0,,0.0,Neutral,0.0,Neutral
2023-04-23,248.1,,0.0,Neutral,0.0,Neutral
2023-04-20,252.0,2023-04-20,0.1440556347370147,Slightly Positive,0.1440556347370147,Slightly Positive
2023-04-19,255.0,,0.0,Neutral,0.07202781736850734,Slightly Positive
2023-04-18,257.0,,0.0,Neutral,0.03601390868425367,Neutral
2023-04-17,256.0,,0.0,Neutral,0.0,Neutral
2023-04-16,257.8,,0.0,Neutral,0.0,Neutral
2023-04-13,260.9,,0.0,Neutral,0.0,Neutral
2023-04-12,268.2,,0.0,Neutral,0.0,Neutral
2023-04-11,254.0,,0.0,Neutral,0.0,Neutral
2023-04-10,252.0,,0.0,Neutral,0.0,Neutral
2023-04-09,250.0,,0.0,Neutral,0.0,Neutral
2023-04-06,255.0,,0.0,Neutral,0.0,Neutral
2023-04-05,257.0,,0.0,Neutral,0.0,Neutral
2023-04-04,256.0,,0.0,Neutral,0.0,Neutral
2023-04-03,256.0,,0.0,Neutral,0.0,Neutral
2023-04-02,261.4,,0.0,Neutral,0.0,Neutral
2023-03-30,263.0,,0.0,Neutral,0.0,Neutral
2023-03-29,266.0,,0.0,Neutral,0.0,Neutral
2023-03-28,269.0,,0.0,Neutral,0.0,Neutral
2023-03-27,269.1,,0.0,Neutral,0.0,Neutral
2023-03-26,264.0,,0.0,Neutral,0.0,Neutral
2023-03-23,263.0,2023-03-23,0.052819263190031,Slightly Positive,0.052819263190031,Slightly Positive
2023-03-22,264.0,,0.0,Neutral,0.0264096315950155,Neutral
2023-03-20,271.0,,0.0,Neutral,0.01320481579750775,Neutral
2023-03-19,263.0,,0.0,Neutral,0.0,Neutral
2023-03-16,259.6,,0.0,Neutral,0.0,Neutral
2023-03-15,260.0,,0.0,Neutral,0.0,Neutral
2023-03-14,263.0,,0.0,Neutral,0.0,Neutral
2023-03-13,264.0,,0.0,Neutral,0.0,Neutral
2023-03-12,268.0,,0.0,Neutral,0.0,Neutral
2023-03-09,271.0,,0.0,Neutral,0.0,Neutral
2023-03-07,259.0,,0.0,Neutral,0.0,Neutral
2023-03-05,254.4,,0.0,Neutral,0.0,Neutral
2023-03-02,257.6,,0.0,Neutral,0.0,Neutral
2023-03-01,265.0,,0.0,Neutral,0.0,Neutral
2023-02-28,265.0,,0.0,Neutral,0.0,Neutral
2023-02-27,267.8,,0.0,Neutral,0.0,Neutral
2023-02-26,268.0,,0.0,Neutral,0.0,Neutral
2023-02-23,266.0,,0.0,Neutral,0.0,Neutral
2023-02-22,278.0,,0.0,Neutral,0.0,Neutral
2023-02-20,258.0,,0.0,Neutral,0.0,Neutral
2023-02-16,261.0,,0.0,Neutral,0.0,Neutral
2023-02-15,266.6,,0.0,Neutral,0.0,Neutral
2023-02-14,267.1,,0.0,Neutral,0.0,Neutral
2023-02-12,267.5,,0.0,Neutral,0.0,Neutral
2023-02-09,285.0,,0.0,Neutral,0.0,Neutral
2023-02-08,280.0,,0.0,Neutral,0.0,Neutral
2023-02-07,283.8,,0.0,Neutral,0.0,Neutral
2023-02-06,258.0,,0.0,Neutral,0.0,Neutral
2023-02-05,254.1,,0.0,Neutral,0.0,Neutral
2023-02-02,250.0,2023-02-02,-0.6716222763061523,Strongly Negative,-0.6716222763061523,Strongly Negative
2023-02-01,260.0,,0.0,Neutral,-0.33581113815307617,Negative
2023-01-31,259.0,,0.0,Neutral,-0.16790556907653809,Slightly Negative
2023-01-30,263.0,,0.0,Neutral,0.0,Neutral
2023-01-29,278.9,2023-01-29,-0.4091926515102386,Negative,-0.4091926515102386,Negative
2023-01-26,279.0,2023-01-26,0.9144240617752076,Strongly Positive,0.7098277360200883,Strongly Positive
2023-01-25,279.0,,0.0,Neutral,0.35491386801004415,Positive
2023-01-24,269.0,,0.0,Neutral,0.2286060154438019,Positive
2023-01-23,269.8,,0.0,Neutral,0.0,Neutral
2023-01-19,281.0,,0.0,Neutral,0.0,Neutral
2023-01-18,286.0,,0.0,Neutral,0.0,Neutral
2023-01-17,286.0,2023-01-17,-0.623460054397583,Strongly Negative,-0.623460054397583,Strongly Negative
2023-01-12,274.0,2023-01-12,0.5015150904655457,Positive,0.18978506326675415,Slightly Positive
2023-01-10,285.9,2023-01-10,-0.2437212616205215,Negative,-0.14882872998714441,Slightly Negative
2023-01-09,272.8,,0.0,Neutral,0.0035181418061256686,Neutral
2023-01-08,248.0,,0.0,Neutral,-0.06093031540513037,Slightly Negative
2023-01-05,241.1,,0.0,Neutral,0.0,Neutral
2023-01-04,238.0,,0.0,Neutral,0.0,Neutral
2023-01-03,225.6,,0.0,Neutral,0.0,Neutral
2023-01-02,228.0,2023-01-02,-0.3848305940628052,Negative,-0.3848305940628052,Negative
2023-01-01,227.0,,0.0,Neutral,-0.1924152970314026,Slightly Negative
2022-12-29,220.0,,0.0,Neutral,-0.0962076485157013,Slightly Negative
2022-12-28,210.0,,0.0,Neutral,0.0,Neutral
2022-12-27,216.8,,0.0,Neutral,0.0,Neutral
2022-12-26,202.0,,0.0,Neutral,0.0,Neutral
2022-12-22,192.0,,0.0,Neutral,0.0,Neutral
2022-12-21,192.1,2022-12-21,0.6173017024993896,Strongly Positive,0.6173017024993896,Strongly Positive
2022-12-20,194.9,,0.0,Neutral,0.3086508512496948,Positive
2022-12-19,194.9,,0.0,Neutral,0.1543254256248474,Slightly Positive
2022-12-18,193.0,,0.0,Neutral,0.0,Neutral
2022-12-15,197.6,,0.0,Neutral,0.0,Neutral
2022-12-14,201.0,,0.0,Neutral,0.0,Neutral
2022-12-13,200.0,2022-12-13,0.7148497700691223,Strongly Positive,0.7148497700691223,Strongly Positive
2022-12-12,203.9,,0.0,Neutral,0.35742488503456116,Positive
2022-12-11,198.9,,0.0,Neutral,0.17871244251728058,Slightly Positive
2022-12-07,203.9,,0.0,Neutral,0.0,Neutral
2022-12-06,205.0,,0.0,Neutral,0.0,Neutral
2022-12-05,209.8,,0.0,Neutral,0.0,Neutral
2022-12-04,214.0,,0.0,Neutral,0.0,Neutral
2022-12-01,214.0,,0.0,Neutral,0.0,Neutral
2022-11-30,216.2,,0.0,Neutral,0.0,Neutral
2022-11-29,211.9,,0.0,Neutral,0.0,Neutral
2022-11-28,212.0,2022-11-28,0.1627677381038665,Slightly Positive,0.1627677381038665,Slightly Positive
2022-11-27,216.0,,0.0,Neutral,0.08138386905193325,Slightly Positive
2022-11-24,213.9,,0.0,Neutral,0.040691934525966623,Neutral
2022-11-23,213.2,,0.0,Neutral,0.0,Neutral
2022-11-22,217.2,,0.0,Neutral,0.0,Neutral
2022-11-17,217.3,,0.0,Neutral,0.0,Neutral
2022-11-16,210.0,,0.0,Neutral,0.0,Neutral
2022-11-15,210.0,2022-11-15,0.7105873227119446,Strongly Positive,0.7105873227119446,Strongly Positive
2022-11-14,208.7,2022-11-14,-0.6556950807571411,Strongly Negative,-0.3004014194011688,Negative
2022-11-13,204.9,,0.0,Neutral,-0.1502007097005844,Slightly Negative
2022-11-10,205.0,2022-11-10,0.6085646748542786,Strongly Positive,0.4446409046649933,Positive
2022-11-09,209.0,,0.0,Neutral,0.3042823374271393,Positive
2022-11-08,215.0,,0.0,Neutral,0.15214116871356964,Slightly Positive
2022-11-07,218.7,,0.0,Neutral,0.0,Neutral
2022-11-06,223.5,,0.0,Neutral,0.0,Neutral
2022-11-03,217.0,,0.0,Neutral,0.0,Neutral
2022-11-02,216.5,,0.0,Neutral,0.0,Neutral
2022-11-01,215.0,,0.0,Neutral,0.0,Neutral
2022-10-31,208.0,2022-10-31,0.1629264950752258,Slightly Positive,0.1629264950752258,Slightly Positive
2022-10-23,204.0,2022-10-23,-0.0040155053138732,Neutral,0.07744774222373971,Slightly Positive
2022-10-20,204.0,,0.0,Neutral,0.038723871111869854,Neutral
2022-10-19,205.0,2022-10-19,0.903040885925293,Strongly Positive,0.9020370095968246,Strongly Positive
2022-10-17,212.0,2022-10-17,0.71620774269104,Strongly Positive,1.1677281856536865,Strongly Positive
2022-10-16,213.0,,0.0,Neutral,0.5838640928268433,Positive
2022-10-13,217.5,2022-10-13,0.5541855245828629,Positive,0.7332374602556229,Strongly Positive
2022-10-12,215.0,,0.0,Neutral,0.2770927622914314,Positive
2022-10-11,212.9,,0.0,Neutral,0.1385463811457157,Slightly Positive
2022-10-10,214.0,,0.0,Neutral,0.0,Neutral
2022-10-09,218.0,,0.0,Neutral,0.0,Neutral
2022-09-29,210.5,2022-09-29,0.9351661205291748,Strongly Positive,0.9351661205291748,Strongly Positive
2022-09-28,211.0,,0.0,Neutral,0.4675830602645874,Positive
2022-09-27,215.0,,0.0,Neutral,0.2337915301322937,Positive
2022-09-25,210.1,,0.0,Neutral,0.0,Neutral
2022-09-22,217.6,2022-09-22,0.9082857966423036,Strongly Positive,0.9082857966423036,Strongly Positive
2022-09-21,213.0,2022-09-21,0.534334659576416,Positive,0.9884775578975677,Strongly Positive
2022-09-20,213.0,,0.0,Neutral,0.4942387789487839,Positive
2022-09-18,232.0,,0.0,Neutral,0.133583664894104,Slightly Positive
2022-09-16,240.0,,0.0,Neutral,0.0,Neutral
2022-09-15,240.0,,0.0,Neutral,0.0,Neutral
2022-09-14,254.0,,0.0,Neutral,0.0,Neutral
2022-09-13,245.0,,0.0,Neutral,0.0,Neutral
2022-09-12,244.5,,0.0,Neutral,0.0,Neutral
2022-09-11,247.0,,0.0,Neutral,0.0,Neutral
2022-09-08,249.8,,0.0,Neutral,0.0,Neutral
2022-09-07,244.0,2022-09-07,0.006325364112854,Neutral,0.006325364112854,Neutral
2022-09-06,240.0,,0.0,Neutral,0.003162682056427,Neutral
2022-09-05,249.9,,0.0,Neutral,0.0015813410282135,Neutral
2022-09-04,250.0,,0.0,Neutral,0.0,Neutral
2022-09-02,250.0,,0.0,Neutral,0.0,Neutral
2022-09-01,254.0,2022-09-01,-0.2566113471984863,Negative,-0.2566113471984863,Negative
2022-08-31,251.1,,0.0,Neutral,-0.12830567359924314,Slightly Negative
2022-08-30,259.0,2022-08-30,0.0258980691432952,Neutral,-0.03825476765632636,Neutral
2022-08-29,265.0,,0.0,Neutral,0.0129490345716476,Neutral
2022-08-28,264.0,,0.0,Neutral,0.0064745172858238,Neutral
2022-08-26,277.0,,0.0,Neutral,0.0,Neutral
2022-08-25,278.5,,0.0,Neutral,0.0,Neutral
2022-08-24,283.0,2022-08-24,0.6355215311050415,Strongly Positive,0.6355215311050415,Strongly Positive
2022-08-23,281.0,2022-08-23,0.894823431968689,Strongly Positive,1.2125841975212097,Strongly Positive
2022-08-22,285.0,,0.0,Neutral,0.6062920987606049,Strongly Positive
2022-08-21,288.0,,0.0,Neutral,0.22370585799217224,Positive
2022-08-18,284.0,,0.0,Neutral,0.0,Neutral
2022-08-17,277.0,,0.0,Neutral,0.0,Neutral
2022-08-16,277.0,,0.0,Neutral,0.0,Neutral
2022-08-15,285.0,,0.0,Neutral,0.0,Neutral
2022-08-14,277.0,,0.0,Neutral,0.0,Neutral
2022-08-11,284.0,2022-08-11,-0.061613380908966,Slightly Negative,-0.061613380908966,Slightly Negative
2022-08-10,281.0,,0.0,Neutral,-0.030806690454483,Neutral
2022-08-09,282.9,,0.0,Neutral,-0.0154033452272415,Neutral
2022-08-08,294.9,,0.0,Neutral,0.0,Neutral
2022-08-07,297.0,2022-08-07,0.0195572879165411,Neutral,0.0195572879165411,Neutral
2022-08-05,297.5,2022-08-05,0.2184320390224456,Positive,0.22821068298071615,Positive
2022-08-04,300.1,,0.0,Neutral,0.11410534149035807,Slightly Positive
2022-08-03,308.0,2022-08-03,0.7975225448608398,Strongly Positive,0.8521305546164513,Strongly Positive
2022-08-02,302.0,,0.0,Neutral,0.3987612724304199,Positive
2022-08-01,305.9,2022-08-01,-0.2906584739685058,Negative,-0.09127783775329584,Slightly Negative
2022-07-31,307.0,2022-07-31,-0.3070221543312073,Negative,-0.4523513913154602,Negative
2022-07-29,303.0,2022-07-29,-0.1990431249141693,Slightly Negative,-0.4252188205718994,Negative
2022-07-28,304.1,,0.0,Neutral,-0.17627710103988647,Slightly Negative
2022-07-27,304.0,,0.0,Neutral,-0.04976078122854233,Neutral
2022-07-26,300.1,,0.0,Neutral,0.0,Neutral
2022-07-25,310.8,,0.0,Neutral,0.0,Neutral
2022-07-24,298.0,,0.0,Neutral,0.0,Neutral
2022-07-22,285.0,,0.0,Neutral,0.0,Neutral
2022-07-21,289.0,,0.0,Neutral,0.0,Neutral
2022-07-20,294.0,,0.0,Neutral,0.0,Neutral
2022-07-19,299.0,,0.0,Neutral,0.0,Neutral
2022-07-18,298.6,,0.0,Neutral,0.0,Neutral
2022-07-17,443.0,,0.0,Neutral,0.0,Neutral
2022-07-15,440.0,2022-07-15,-0.1234379112720489,Slightly Negative,-0.1234379112720489,Slightly Negative
2022-07-14,444.0,,0.0,Neutral,-0.06171895563602445,Slightly Negative
2022-07-13,442.0,2022-07-13,0.9082242250442504,Strongly Positive,0.8773647472262381,Strongly Positive
2022-07-12,423.9,,0.0,Neutral,0.4541121125221252,Positive
2022-07-11,412.0,,0.0,Neutral,0.2270560562610626,Positive
2022-07-08,441.0,,0.0,Neutral,0.0,Neutral
2022-07-07,452.0,,0.0,Neutral,0.0,Neutral
2022-07-06,456.0,,0.0,Neutral,0.0,Neutral
2022-07-05,455.3,,0.0,Neutral,0.0,Neutral
2022-07-04,459.0,2022-07-04,-0.2904195189476013,Negative,-0.2904195189476013,Negative
2022-07-03,458.0,,0.0,Neutral,-0.14520975947380066,Slightly Negative
2022-07-01,462.0,,0.0,Neutral,-0.07260487973690033,Slightly Negative
2022-06-30,477.0,2022-06-30,-0.2598440945148468,Negative,-0.2598440945148468,Negative
2022-06-29,490.0,,0.0,Neutral,-0.1299220472574234,Slightly Negative
2022-06-28,447.7,2022-06-28,0.4208382070064544,Positive,0.3558771833777427,Positive
2022-06-27,444.9,,0.0,Neutral,0.2104191035032272,Positive
2022-06-26,446.0,2022-06-26,-0.4419355690479278,Negative,-0.3367260172963142,Negative
2022-06-24,409.0,2022-06-24,0.5870148539543152,Positive,0.36604706943035126,Positive
2022-06-23,388.9,,0.0,Neutral,0.18302353471517563,Slightly Positive
2022-06-22,403.0,,0.0,Neutral,0.1467537134885788,Slightly Positive
2022-06-21,410.0,,0.0,Neutral,0.0,Neutral
2022-06-20,395.0,2022-06-20,0.5693178772926331,Positive,0.5693178772926331,Positive
2022-06-19,420.0,,0.0,Neutral,0.28465893864631653,Positive
2022-06-17,437.1,,0.0,Neutral,0.14232946932315826,Slightly Positive
2022-06-16,446.0,2022-06-16,0.8982492685317993,Strongly Positive,0.8982492685317993,Strongly Positive
2022-06-15,435.9,,0.0,Neutral,0.44912463426589966,Positive
2022-06-14,444.0,,0.0,Neutral,0.22456231713294983,Positive
2022-06-13,451.9,,0.0,Neutral,0.0,Neutral
2022-06-10,450.0,,0.0,Neutral,0.0,Neutral
2022-06-09,459.0,,0.0,Neutral,0.0,Neutral
2022-06-08,474.0,,0.0,Neutral,0.0,Neutral
2022-06-07,439.9,2022-06-07,0.2998286485671997,Positive,0.2998286485671997,Positive
2022-06-06,448.0,2022-06-06,0.0207726825028657,Neutral,0.17068700678646556,Slightly Positive
2022-06-03,445.0,,0.0,Neutral,0.08534350339323278,Slightly Positive
2022-06-02,460.4,2022-06-02,0.8461382985115051,Strongly Positive,0.8513314691372216,Strongly Positive
2022-06-01,464.9,2022-06-01,0.3814393877983093,Positive,0.8045085370540619,Strongly Positive
2022-05-31,463.0,,0.0,Neutral,0.40225426852703094,Positive
2022-05-30,465.0,,0.0,Neutral,0.09535984694957733,Slightly Positive
2022-05-27,477.0,,0.0,Neutral,0.0,Neutral
2022-05-26,476.5,,0.0,Neutral,0.0,Neutral
2022-05-25,482.5,,0.0,Neutral,0.0,Neutral
2022-05-24,474.0,2022-05-24,0.0325568914413452,Neutral,0.0325568914413452,Neutral
2022-05-23,462.5,,0.0,Neutral,0.0162784457206726,Neutral
2022-05-20,479.0,,0.0,Neutral,0.0081392228603363,Neutral
2022-05-19,482.0,,0.0,Neutral,0.0,Neutral
2022-05-18,495.0,2022-05-18,0.2235666513442993,Positive,0.2235666513442993,Positive
2022-05-17,468.0,,0.0,Neutral,0.11178332567214964,Slightly Positive
2022-05-12,507.0,,0.0,Neutral,0.05589166283607482,Slightly Positive
2022-05-11,492.4,,0.0,Neutral,0.0,Neutral
2022-05-10,447.7,,0.0,Neutral,0.0,Neutral
2022-05-09,407.0,,0.0,Neutral,0.0,Neutral
2022-05-08,402.0,,0.0,Neutral,0.0,Neutral
2022-05-05,393.0,,0.0,Neutral,0.0,Neutral
2022-05-04,399.0,,0.0,Neutral,0.0,Neutral
2022-05-02,382.0,,0.0,Neutral,0.0,Neutral
2022-04-28,398.0,,0.0,Neutral,0.0,Neutral
2022-04-27,410.0,,0.0,Neutral,0.0,Neutral
2022-04-26,407.0,2022-04-26,0.0814896821975708,Slightly Positive,0.0814896821975708,Slightly Positive
2022-04-25,413.0,,0.0,Neutral,0.0407448410987854,Neutral
2022-04-24,417.8,2022-04-24,0.4896917045116424,Positive,0.5100641250610352,Positive
2022-04-21,380.0,2022-04-21,0.435576420277357,Positive,0.6804222725331782,Strongly Positive
2022-04-20,385.0,2022-04-20,0.1363096833229065,Slightly Positive,0.4765208195894956,Positive
2022-04-19,399.1,2022-04-19,0.9145817756652832,Strongly Positive,1.0916307223960757,Strongly Positive
2022-04-18,404.0,2022-04-18,0.6108980178833008,Strongly Positive,1.102266326546669,Strongly Positive
2022-04-17,424.3,,0.0,Neutral,0.5340944528579712,Positive
2022-04-13,423.0,,0.0,Neutral,0.1527245044708252,Slightly Positive
2022-04-12,415.0,2022-04-12,0.5773056745529175,Positive,0.5773056745529175,Positive
2022-04-11,417.0,2022-04-11,0.8681013584136963,Strongly Positive,1.156754195690155,Strongly Positive
2022-04-07,427.0,,0.0,Neutral,0.5783770978450775,Positive
2022-04-06,426.0,2022-04-06,0.3428605794906616,Positive,0.5598859190940857,Positive
2022-04-05,439.0,2022-04-05,0.651929497718811,Strongly Positive,0.8233597874641418,Strongly Positive
2022-04-04,450.9,,0.0,Neutral,0.4116798937320709,Positive
2022-04-03,460.0,2022-04-03,-0.0272224247455596,Neutral,0.13575994968414315,Slightly Positive
2022-03-31,464.0,,0.0,Neutral,-0.0136112123727798,Neutral
2022-03-30,481.0,,0.0,Neutral,-0.0068056061863899,Neutral
2022-03-29,475.0,2022-03-29,0.8759951591491699,Strongly Positive,0.8759951591491699,Strongly Positive
2022-03-28,475.1,2022-03-28,0.6411234736442566,Strongly Positive,1.0791210532188416,Strongly Positive
2022-03-27,485.0,,0.0,Neutral,0.5395605266094208,Positive
2022-03-24,504.0,,0.0,Neutral,0.16028086841106415,Slightly Positive
2022-03-23,508.7,2022-03-23,-0.0178897380828857,Neutral,-0.0178897380828857,Neutral
2022-03-22,518.9,,0.0,Neutral,-0.00894486904144285,Neutral
2022-03-21,517.0,,0.0,Neutral,-0.004472434520721425,Neutral
2022-03-20,498.0,2022-03-20,0.8301899433135986,Strongly Positive,0.8301899433135986,Strongly Positive
2022-03-16,499.0,,0.0,Neutral,0.4150949716567993,Positive
2022-03-15,508.0,,0.0,Neutral,0.20754748582839966,Positive
2022-03-14,517.0,2022-03-14,0.5405178843066096,Positive,0.5405178843066096,Positive
2022-03-13,521.0,,0.0,Neutral,0.2702589421533048,Positive
2022-03-10,509.0,,0.0,Neutral,0.1351294710766524,Slightly Positive
2022-03-09,487.2,2022-03-09,-0.5977263450622559,Negative,-0.5977263450622559,Negative
2022-03-07,492.0,,0.0,Neutral,-0.29886317253112793,Negative
2022-03-06,512.0,,0.0,Neutral,-0.14943158626556396,Slightly Negative
2022-03-02,513.9,,0.0,Neutral,0.0,Neutral
2022-02-28,539.0,2022-02-28,0.4970417022705078,Positive,0.4970417022705078,Positive
2022-02-27,563.0,,0.0,Neutral,0.2485208511352539,Positive
2022-02-24,549.0,2022-02-24,0.5140209197998047,Positive,0.6382813453674316,Strongly Positive
2022-02-23,565.0,,0.0,Neutral,0.25701045989990234,Positive
2022-02-22,560.9,,0.0,Neutral,0.12850522994995117,Slightly Positive
2022-02-21,532.0,2022-02-21,0.5519900321960449,Positive,0.5519900321960449,Positive
2022-02-20,513.6,,0.0,Neutral,0.27599501609802246,Positive
2022-02-17,516.0,,0.0,Neutral,0.13799750804901123,Slightly Positive
2022-02-16,521.2,2022-02-16,0.5795700550079346,Positive,0.5795700550079346,Positive
2022-02-15,540.0,2022-02-15,-0.3125604093074798,Negative,-0.022775381803512518,Neutral
2022-02-14,516.0,2022-02-14,-0.5765681266784668,Negative,-0.5879558175802231,Negative
2022-02-13,505.0,2022-02-13,0.4978555937608083,Positive,0.13143142809470493,Slightly Positive
2022-02-10,529.0,,0.0,Neutral,0.10478576521078745,Slightly Positive
2022-02-09,536.5,,0.0,Neutral,0.12446389844020207,Slightly Positive
2022-02-08,543.0,2022-02-08,-0.0566993355751037,Slightly Negative,-0.0566993355751037,Slightly Negative
2022-02-07,547.3,2022-02-07,0.5250307619571686,Positive,0.49668109416961675,Positive
2022-02-06,538.0,,0.0,Neutral,0.24834054708480838,Positive
2022-02-03,555.0,2022-02-03,0.908535659313202,Strongly Positive,1.039793349802494,Strongly Positive
2022-02-01,565.0,,0.0,Neutral,0.454267829656601,Positive
2022-01-31,545.0,,0.0,Neutral,0.2271339148283005,Positive
2022-01-30,558.0,,0.0,Neutral,0.0,Neutral
2022-01-27,525.0,,0.0,Neutral,0.0,Neutral
2022-01-26,520.6,2022-01-26,0.4082410056143999,Positive,0.4082410056143999,Positive
2022-01-25,538.0,,0.0,Neutral,0.20412050280719995,Positive
2022-01-24,539.0,,0.0,Neutral,0.10206025140359998,Slightly Positive
2022-01-23,573.0,,0.0,Neutral,0.0,Neutral
2022-01-20,577.0,,0.0,Neutral,0.0,Neutral
2022-01-19,575.0,2022-01-19,0.3360106647014618,Positive,0.3360106647014618,Positive
2022-01-18,562.0,2022-01-18,0.3734949231147766,Positive,0.5415002554655075,Positive
2022-01-17,537.0,2022-01-17,0.4422468543052673,Positive,0.7129969820380211,Strongly Positive
2022-01-16,531.9,,0.0,Neutral,0.3144971579313278,Positive
2022-01-13,515.4,,0.0,Neutral,0.11056171357631682,Slightly Positive
2022-01-12,490.0,2022-01-12,-0.4808397889137268,Negative,-0.4808397889137268,Negative
2022-01-11,500.0,,0.0,Neutral,-0.2404198944568634,Negative
2022-01-10,492.0,2022-01-10,0.519367516040802,Positive,0.3991575688123703,Positive
2022-01-09,492.0,2022-01-09,0.7907711267471313,Strongly Positive,1.0504548847675323,Strongly Positive
2022-01-06,469.0,,0.0,Neutral,0.5252274423837662,Positive
2022-01-05,471.0,,0.0,Neutral,0.19769278168678284,Slightly Positive
2022-01-04,470.0,2022-01-04,0.65803462266922,Strongly Positive,0.65803462266922,Strongly Positive
2022-01-03,462.0,2022-01-03,0.0013054907321929,Neutral,0.33032280206680287,Positive
2022-01-02,458.0,,0.0,Neutral,0.16516140103340143,Slightly Positive
2021-12-29,462.0,,0.0,Neutral,0.000326372683048225,Neutral
2021-12-28,461.0,,0.0,Neutral,0.0,Neutral
2021-12-27,459.0,2021-12-27,0.1544867753982544,Slightly Positive,0.1544867753982544,Slightly Positive
2021-12-26,485.0,,0.0,Neutral,0.0772433876991272,Slightly Positive
2021-12-23,493.0,,0.0,Neutral,0.0386216938495636,Neutral
2021-12-22,451.0,,0.0,Neutral,0.0,Neutral
2021-12-21,410.0,2021-12-21,-0.6907034516334534,Strongly Negative,-0.6907034516334534,Strongly Negative
2021-12-20,402.0,,0.0,Neutral,-0.3453517258167267,Negative
2021-12-16,395.0,2021-12-16,0.7056154310703278,Strongly Positive,0.5329395681619644,Positive
2021-12-15,411.1,2021-12-15,-0.3610247150063515,Negative,-0.008216999471187647,Neutral
2021-12-14,404.8,2021-12-14,0.0240390766412019,Neutral,0.019930576905608066,Neutral
2021-12-13,368.0,,0.0,Neutral,-0.07823664043098694,Slightly Negative
2021-12-12,396.0,,0.0,Neutral,0.006009769160300475,Neutral
2021-12-09,421.0,2021-12-09,0.7948119044303894,Strongly Positive,0.7948119044303894,Strongly Positive
2021-12-08,421.0,,0.0,Neutral,0.3974059522151947,Positive
2021-12-07,444.0,,0.0,Neutral,0.19870297610759735,Slightly Positive
2021-12-06,464.0,2021-12-06,-0.0454929023981094,Neutral,-0.0454929023981094,Neutral
2021-12-05,450.0,2021-12-05,-0.3157088458538055,Negative,-0.3384552970528602,Negative
2021-12-02,473.0,,0.0,Neutral,-0.1692276485264301,Slightly Negative
2021-12-01,484.0,,0.0,Neutral,-0.07892721146345137,Slightly Negative
2021-11-30,480.0,2021-11-30,0.0353909358382225,Neutral,0.0353909358382225,Neutral
2021-11-29,476.0,,0.0,Neutral,0.01769546791911125,Neutral
2021-11-28,479.0,,0.0,Neutral,0.008847733959555624,Neutral
2021-11-25,503.0,2021-11-25,-0.1864838898181915,Slightly Negative,-0.1864838898181915,Slightly Negative
2021-11-24,500.0,2021-11-24,-0.2785083949565887,Negative,-0.37175033986568445,Negative
2021-11-23,498.0,2021-11-23,0.6356387138366699,Strongly Positive,0.44976354390382767,Positive
2021-11-22,514.0,2021-11-22,0.0131739825010299,Neutral,0.2613662406802177,Positive
2021-11-21,513.9,,0.0,Neutral,0.16549666970968244,Slightly Positive
2021-11-18,508.0,,0.0,Neutral,0.003293495625257475,Neutral
2021-11-17,518.5,2021-11-17,0.6861373782157898,Strongly Positive,0.6861373782157898,Strongly Positive
2021-11-16,506.0,2021-11-16,0.8141272664070129,Strongly Positive,1.1571959555149078,Strongly Positive
2021-11-15,489.0,2021-11-15,0.4076647162437439,Positive,0.9862626940011978,Strongly Positive
2021-11-14,461.0,2021-11-14,0.0491418664654096,Neutral,0.45650604118903476,Positive
2021-11-11,451.8,2021-11-11,0.2226513624191284,Positive,0.34913847471276915,Positive
2021-11-09,482.0,,0.0,Neutral,0.12361114782591659,Slightly Positive
2021-11-08,508.0,2021-11-08,0.4568291008472442,Positive,0.5124919414520263,Positive
2021-11-03,520.0,2021-11-03,0.2788993418216705,Positive,0.5073138922452926,Positive
2021-11-02,519.9,,0.0,Neutral,0.2536569461226463,Positive
2021-11-01,515.0,2021-11-01,0.1046939715743064,Slightly Positive,0.174418807029724,Slightly Positive
2021-10-31,530.0,,0.0,Neutral,0.0523469857871532,Slightly Positive
2021-10-28,494.0,,0.0,Neutral,0.0261734928935766,Neutral
2021-10-27,483.0,,0.0,Neutral,0.0,Neutral
2021-10-26,484.4,,0.0,Neutral,0.0,Neutral
2021-10-25,440.4,,0.0,Neutral,0.0,Neutral
2021-10-24,400.5,,0.0,Neutral,0.0,Neutral
2021-10-21,369.0,2021-10-21,0.8713273406028748,Strongly Positive,0.8713273406028748,Strongly Positive
2021-10-20,370.1,2021-10-20,0.6123760342597961,Strongly Positive,1.0480397045612335,Strongly Positive
2021-10-19,364.0,,0.0,Neutral,0.5240198522806168,Positive
2021-10-18,384.0,2021-10-18,0.8018708229064941,Strongly Positive,0.9549648314714432,Strongly Positive
2021-10-17,414.0,2021-10-17,0.9213525056838988,Strongly Positive,1.322287917137146,Strongly Positive
2021-10-11,404.0,2021-10-11,0.857159435749054,Strongly Positive,1.518303394317627,Strongly Positive
2021-10-10,415.0,,0.0,Neutral,0.6589178442955017,Strongly Positive
2021-10-06,425.1,2021-10-06,0.9232880473136902,Strongly Positive,1.1375779062509537,Strongly Positive
2021-10-05,418.0,2021-10-05,0.4259742498397827,Positive,0.8876182734966278,Strongly Positive
2021-10-04,400.0,2021-10-04,-0.1786015033721923,Slightly Negative,0.26520763337612163,Positive
2021-10-03,424.0,,0.0,Neutral,0.01719281077384953,Neutral
2021-09-30,444.0,,0.0,Neutral,-0.044650375843048075,Neutral
2021-09-29,470.0,2021-09-29,0.9257281422615052,Strongly Positive,0.9257281422615052,Strongly Positive
2021-09-28,450.8,2021-09-28,0.261738121509552,Positive,0.7246021926403046,Strongly Positive
2021-09-27,491.0,,0.0,Neutral,0.3623010963201523,Positive
2021-09-26,523.0,,0.0,Neutral,0.065434530377388,Slightly Positive
2021-09-23,541.0,2021-09-23,-0.5558741092681885,Negative,-0.5558741092681885,Negative
2021-09-22,561.0,,0.0,Neutral,-0.27793705463409424,Negative
2021-09-21,524.0,,0.0,Neutral,-0.13896852731704712,Slightly Negative
2021-09-20,520.1,,0.0,Neutral,0.0,Neutral
2021-09-16,573.0,2021-09-16,0.5890231132507324,Positive,0.5890231132507324,Positive
2021-09-15,610.0,,0.0,Neutral,0.2945115566253662,Positive
2021-09-14,623.0,,0.0,Neutral,0.1472557783126831,Slightly Positive
2021-09-13,636.5,,0.0,Neutral,0.0,Neutral
2021-09-12,640.0,2021-09-12,0.4431141316890716,Positive,0.4431141316890716,Positive
2021-09-09,589.0,,0.0,Neutral,0.2215570658445358,Positive
2021-09-08,563.0,,0.0,Neutral,0.1107785329222679,Slightly Positive
2021-09-07,572.0,,0.0,Neutral,0.0,Neutral
2021-09-06,576.4,,0.0,Neutral,0.0,Neutral
2021-09-05,524.0,,0.0,Neutral,0.0,Neutral
2021-09-02,575.0,,0.0,Neutral,0.0,Neutral
2021-09-01,604.0,,0.0,Neutral,0.0,Neutral
2021-08-31,617.0,,0.0,Neutral,0.0,Neutral
2021-08-29,634.9,,0.0,Neutral,0.0,Neutral
2021-08-26,670.0,,0.0,Neutral,0.0,Neutral
2021-08-25,630.0,,0.0,Neutral,0.0,Neutral
2021-08-24,645.0,,0.0,Neutral,0.0,Neutral
2021-08-19,696.0,2021-08-19,0.5259397625923157,Positive,0.5259397625923157,Positive
2021-08-18,750.0,,0.0,Neutral,0.26296988129615784,Positive
2021-08-17,694.0,,0.0,Neutral,0.13148494064807892,Slightly Positive
2021-08-16,664.1,2021-08-16,0.146904706954956,Slightly Positive,0.146904706954956,Slightly Positive
2021-08-15,655.0,,0.0,Neutral,0.073452353477478,Slightly Positive
2021-08-12,692.0,,0.0,Neutral,0.036726176738739,Neutral
2021-08-11,680.2,,0.0,Neutral,0.0,Neutral
2021-08-10,670.0,,0.0,Neutral,0.0,Neutral
2021-08-09,692.0,,0.0,Neutral,0.0,Neutral
2021-08-08,637.9,,0.0,Neutral,0.0,Neutral
2021-08-05,623.0,,0.0,Neutral,0.0,Neutral
2021-08-04,658.0,2021-08-04,-0.4183864593505859,Negative,-0.4183864593505859,Negative
2021-08-03,649.0,,0.0,Neutral,-0.20919322967529294,Negative
2021-08-02,644.0,,0.0,Neutral,-0.10459661483764647,Slightly Negative
2021-08-01,670.0,,0.0,Neutral,0.0,Neutral
2021-07-29,621.0,,0.0,Neutral,0.0,Neutral
2021-07-28,589.0,,0.0,Neutral,0.0,Neutral
2021-07-27,593.0,,0.0,Neutral,0.0,Neutral
2021-07-26,574.0,,0.0,Neutral,0.0,Neutral
2021-07-25,570.0,2021-07-25,-0.1586503386497497,Slightly Negative,-0.1586503386497497,Slightly Negative
2021-07-22,560.0,,0.0,Neutral,-0.07932516932487485,Slightly Negative
2021-07-20,585.0,,0.0,Neutral,-0.039662584662437425,Neutral
2021-07-19,543.0,,0.0,Neutral,0.0,Neutral
2021-07-18,547.0,,0.0,Neutral,0.0,Neutral
2021-07-15,531.0,2021-07-15,0.2684071958065033,Positive,0.2684071958065033,Positive
2021-07-14,537.0,,0.0,Neutral,0.13420359790325165,Slightly Positive
2021-07-13,520.0,,0.0,Neutral,0.06710179895162582,Slightly Positive
2021-07-12,524.0,,0.0,Neutral,0.0,Neutral
2021-07-11,538.0,2021-07-11,0.7197643518447876,Strongly Positive,0.7197643518447876,Strongly Positive
2021-07-08,509.0,,0.0,Neutral,0.3598821759223938,Positive
2021-07-07,490.0,2021-07-07,0.0943080335855484,Slightly Positive,0.2742491215467453,Positive
2021-07-06,503.0,,0.0,Neutral,0.0471540167927742,Neutral
2021-07-05,516.0,,0.0,Neutral,0.0235770083963871,Neutral
2021-07-04,532.0,,0.0,Neutral,0.0,Neutral
2021-07-01,539.0,,0.0,Neutral,0.0,Neutral
2021-06-30,541.0,2021-06-30,0.864063024520874,Strongly Positive,0.864063024520874,Strongly Positive
2021-06-29,513.0,,0.0,Neutral,0.432031512260437,Positive
2021-06-28,528.0,,0.0,Neutral,0.2160157561302185,Positive
2021-06-27,535.0,,0.0,Neutral,0.0,Neutral
2021-06-24,528.0,,0.0,Neutral,0.0,Neutral
2021-06-23,554.0,,0.0,Neutral,0.0,Neutral
2021-06-22,572.0,,0.0,Neutral,0.0,Neutral
2021-06-21,520.0,,0.0,Neutral,0.0,Neutral
2021-06-20,512.0,,0.0,Neutral,0.0,Neutral
2021-06-17,561.0,,0.0,Neutral,0.0,Neutral
2021-06-16,557.0,,0.0,Neutral,0.0,Neutral
2021-06-15,600.0,,0.0,Neutral,0.0,Neutral
2021-06-14,645.0,2021-06-14,0.6951586504777273,Strongly Positive,0.6951586504777273,Strongly Positive
2021-06-13,619.0,,0.0,Neutral,0.34757932523886365,Positive
2021-06-10,590.0,,0.0,Neutral,0.17378966261943182,Slightly Positive
2021-06-09,537.0,,0.0,Neutral,0.0,Neutral
2021-06-08,489.0,,0.0,Neutral,0.0,Neutral
2021-06-07,445.0,,0.0,Neutral,0.0,Neutral
2021-06-06,424.0,,0.0,Neutral,0.0,Neutral
2021-06-03,429.0,,0.0,Neutral,0.0,Neutral
2021-06-02,451.0,,0.0,Neutral,0.0,Neutral
2021-06-01,427.0,,0.0,Neutral,0.0,Neutral
2021-05-31,425.0,,0.0,Neutral,0.0,Neutral
2021-05-30,470.0,,0.0,Neutral,0.0,Neutral
2021-05-27,503.0,2021-05-27,0.2186865657567978,Positive,0.2186865657567978,Positive
2021-05-25,486.0,2021-05-25,0.655621349811554,Strongly Positive,0.7649646326899529,Strongly Positive
2021-05-24,442.0,,0.0,Neutral,0.3824823163449764,Positive
2021-05-23,402.0,,0.0,Neutral,0.1639053374528885,Slightly Positive
2021-05-20,366.0,,0.0,Neutral,0.0,Neutral
2021-05-19,357.0,,0.0,Neutral,0.0,Neutral
2021-05-18,373.0,,0.0,Neutral,0.0,Neutral
2021-05-17,356.0,,0.0,Neutral,0.0,Neutral
2021-05-16,324.0,2021-05-16,0.8713140487670898,Strongly Positive,0.8713140487670898,Strongly Positive
2021-05-13,295.0,,0.0,Neutral,0.4356570243835449,Positive
2021-05-12,283.0,,0.0,Neutral,0.21782851219177246,Positive
2021-05-11,269.0,,0.0,Neutral,0.0,Neutral
2021-05-10,275.0,,0.0,Neutral,0.0,Neutral
2021-05-09,265.0,,0.0,Neutral,0.0,Neutral
2021-05-06,279.0,,0.0,Neutral,0.0,Neutral
2021-05-05,271.0,,0.0,Neutral,0.0,Neutral
2021-05-04,247.0,,0.0,Neutral,0.0,Neutral
2021-05-03,243.0,,0.0,Neutral,0.0,Neutral
2021-05-02,242.0,2021-05-02,0.1060797721147537,Slightly Positive,0.1060797721147537,Slightly Positive
2021-04-29,240.0,2021-04-29,-0.3356136381626129,Negative,-0.28257375210523605,Negative
2021-04-28,232.0,2021-04-28,0.0036563519388437,Neutral,-0.13763052411377433,Slightly Negative
2021-04-27,235.0,,0.0,Neutral,-0.08207523357123138,Slightly Negative
2021-04-26,225.0,,0.0,Neutral,0.000914087984710925,Neutral
2021-04-25,234.0,,0.0,Neutral,0.0,Neutral
2021-04-22,243.0,,0.0,Neutral,0.0,Neutral
2021-04-21,241.0,2021-04-21,-0.5364495515823364,Negative,-0.5364495515823364,Negative
2021-04-20,241.0,2021-04-20,-0.8707112669944763,Strongly Negative,-1.1389360427856445,Strongly Negative
2021-04-19,241.0,,0.0,Neutral,-0.5694680213928223,Negative
2021-04-18,243.0,2021-04-18,-0.4178709387779236,Negative,-0.6355487555265427,Strongly Negative
2021-04-15,244.0,,0.0,Neutral,-0.2089354693889618,Negative
2021-04-13,248.0,2021-04-13,-0.5402607917785645,Negative,-0.6447285264730453,Strongly Negative
2021-04-12,242.0,,0.0,Neutral,-0.2701303958892822,Negative
2021-04-08,245.0,,0.0,Neutral,-0.1350651979446411,Slightly Negative
2021-04-07,246.0,,0.0,Neutral,0.0,Neutral
2021-04-06,249.0,,0.0,Neutral,0.0,Neutral
2021-04-05,241.0,2021-04-05,-0.4910283088684082,Negative,-0.4910283088684082,Negative
2021-04-04,246.0,,0.0,Neutral,-0.2455141544342041,Negative
2021-04-01,248.0,2021-04-01,0.1322474330663681,Slightly Positive,0.009490355849266052,Neutral
2021-03-31,249.0,,0.0,Neutral,0.06612371653318405,Slightly Positive
2021-03-30,246.0,,0.0,Neutral,0.033061858266592026,Neutral
2021-03-29,246.0,2021-03-29,0.849197268486023,Strongly Positive,0.849197268486023,Strongly Positive
2021-03-25,235.0,,0.0,Neutral,0.4245986342430115,Positive
2021-03-24,234.0,2021-03-24,-0.4105883538722992,Negative,-0.19828903675079346,Slightly Negative
2021-03-23,233.0,2021-03-23,0.8062120676040649,Strongly Positive,0.6009178906679153,Strongly Positive
2021-03-22,229.0,2021-03-22,-0.3435660600662231,Negative,-0.04310711473226542,Neutral
2021-03-21,230.0,,0.0,Neutral,0.02976998686790469,Neutral
2021-03-18,228.0,,0.0,Neutral,-0.08589151501655577,Slightly Negative
2021-03-17,231.0,,0.0,Neutral,0.0,Neutral
2021-03-16,231.0,,0.0,Neutral,0.0,Neutral
2021-03-15,227.0,,0.0,Neutral,0.0,Neutral
2021-03-14,232.0,2021-03-14,0.3672319650650024,Positive,0.3672319650650024,Positive
2021-03-10,236.0,,0.0,Neutral,0.1836159825325012,Slightly Positive
2021-03-09,235.0,,0.0,Neutral,0.0918079912662506,Slightly Positive
2021-03-07,230.0,2021-03-07,0.8898645639419556,Strongly Positive,0.8898645639419556,Strongly Positive
2021-03-04,234.0,,0.0,Neutral,0.4449322819709778,Positive
2021-03-03,217.0,,0.0,Neutral,0.2224661409854889,Positive
2021-03-02,231.0,2021-03-02,-0.438233733177185,Negative,-0.438233733177185,Negative
2021-03-01,236.0,,0.0,Neutral,-0.2191168665885925,Negative
2021-02-28,221.0,,0.0,Neutral,-0.10955843329429625,Slightly Negative
2021-02-25,235.0,,0.0,Neutral,0.0,Neutral
2021-02-24,239.0,2021-02-24,-0.4131810963153839,Negative,-0.4131810963153839,Negative
2021-02-23,241.0,,0.0,Neutral,-0.20659054815769196,Negative
2021-02-22,243.0,,0.0,Neutral,-0.10329527407884598,Slightly Negative
2021-02-21,246.0,2021-02-21,-0.5976194143295288,Negative,-0.5976194143295288,Negative
2021-02-18,243.0,,0.0,Neutral,-0.2988097071647644,Negative
2021-02-17,246.0,,0.0,Neutral,-0.1494048535823822,Slightly Negative
2021-02-16,255.0,,0.0,Neutral,0.0,Neutral
2021-02-15,270.0,,0.0,Neutral,0.0,Neutral
2021-02-14,258.0,,0.0,Neutral,0.0,Neutral
2021-02-11,243.0,,0.0,Neutral,0.0,Neutral
2021-02-10,245.0,2021-02-10,0.4726470112800598,Positive,0.4726470112800598,Positive
2021-02-09,245.0,2021-02-09,-0.5642222166061401,Negative,-0.32789871096611023,Negative
2021-02-08,254.0,2021-02-08,-0.4620852768421173,Negative,-0.6260346323251724,Strongly Negative
2021-02-07,263.0,,0.0,Neutral,-0.3720981925725937,Negative
2021-02-04,251.0,2021-02-04,-0.4566866755485534,Negative,-0.5722079947590828,Negative
2021-02-03,229.0,,0.0,Neutral,-0.2283433377742767,Negative
2021-02-02,228.0,,0.0,Neutral,-0.11417166888713835,Slightly Negative
2021-02-01,229.0,,0.0,Neutral,0.0,Neutral
2021-01-31,224.0,2021-01-31,0.0300732478499412,Neutral,0.0300732478499412,Neutral
2021-01-28,230.0,2021-01-28,0.7391324043273926,Strongly Positive,0.7541690282523632,Strongly Positive
2021-01-27,236.0,2021-01-27,0.9172951579093932,Strongly Positive,1.294379672035575,Strongly Positive
2021-01-26,237.0,2021-01-26,-0.5346378684043884,Negative,0.10879281163215632,Slightly Positive
2021-01-25,235.0,,0.0,Neutral,-0.037995144724845914,Neutral
2021-01-24,234.0,,0.0,Neutral,-0.1336594671010971,Slightly Negative
2021-01-21,232.0,2021-01-21,-0.8496271967887878,Strongly Negative,-0.8496271967887878,Strongly Negative
2021-01-20,240.0,,0.0,Neutral,-0.4248135983943939,Negative
2021-01-19,248.0,,0.0,Neutral,-0.21240679919719696,Negative
2021-01-18,238.0,,0.0,Neutral,0.0,Neutral
2021-01-17,217.0,2021-01-17,0.3041101396083832,Positive,0.3041101396083832,Positive
2021-01-13,199.0,2021-01-13,0.4864499568939209,Positive,0.6385050266981125,Strongly Positive
2021-01-12,183.0,,0.0,Neutral,0.31925251334905624,Positive
2021-01-11,183.0,2021-01-11,-0.3791023790836334,Negative,-0.2574898898601532,Negative
2021-01-10,184.0,2021-01-10,-0.4561843276023865,Negative,-0.6457355171442032,Strongly Negative
2021-01-07,184.0,2021-01-07,0.698971003293991,Strongly Positive,0.3761032447218894,Positive
2021-01-06,183.0,,0.0,Neutral,0.23543941974639887,Positive
2021-01-05,183.0,,0.0,Neutral,0.17474275082349774,Slightly Positive
2021-01-04,171.0,,0.0,Neutral,0.0,Neutral
2021-01-03,170.0,2021-01-03,-0.3271416127681732,Negative,-0.3271416127681732,Negative
2020-12-31,170.0,,0.0,Neutral,-0.1635708063840866,Slightly Negative
2020-12-30,180.0,2020-12-30,-0.4411584436893463,Negative,-0.5229438468813896,Negative
2020-12-29,176.0,,0.0,Neutral,-0.22057922184467316,Negative
2020-12-28,180.0,,0.0,Neutral,-0.11028961092233658,Slightly Negative
2020-12-27,183.0,,0.0,Neutral,0.0,Neutral
2020-12-24,186.0,2020-12-24,0.512558102607727,Positive,0.512558102607727,Positive
2020-12-23,188.0,,0.0,Neutral,0.2562790513038635,Positive
2020-12-22,193.0,,0.0,Neutral,0.12813952565193176,Slightly Positive
2020-12-21,193.0,2020-12-21,-0.5311627984046936,Negative,-0.5311627984046936,Negative
2020-12-20,185.0,,0.0,Neutral,-0.2655813992023468,Negative
2020-12-14,194.0,,0.0,Neutral,-0.1327906996011734,Slightly Negative
2020-12-13,196.0,,0.0,Neutral,0.0,Neutral
2020-12-10,193.0,,0.0,Neutral,0.0,Neutral
2020-12-09,197.0,2020-12-09,0.1103778183460235,Slightly Positive,0.1103778183460235,Slightly Positive
2020-12-08,194.0,,0.0,Neutral,0.05518890917301175,Slightly Positive
2020-12-07,198.0,2020-12-07,0.6842315196990967,Strongly Positive,0.7118259742856026,Strongly Positive
2020-12-06,187.0,,0.0,Neutral,0.34211575984954834,Positive
2020-12-03,202.0,,0.0,Neutral,0.17105787992477417,Slightly Positive
2020-12-02,206.0,,0.0,Neutral,0.0,Neutral
2020-12-01,205.0,,0.0,Neutral,0.0,Neutral
2020-11-30,213.0,,0.0,Neutral,0.0,Neutral
2020-11-29,201.0,,0.0,Neutral,0.0,Neutral
2020-11-26,203.0,,0.0,Neutral,0.0,Neutral
2020-11-25,207.0,2020-11-25,0.8829460740089417,Strongly Positive,0.8829460740089417,Strongly Positive
2020-11-24,210.0,,0.0,Neutral,0.4414730370044708,Positive
2020-11-23,207.0,,0.0,Neutral,0.2207365185022354,Positive
2020-11-22,207.0,,0.0,Neutral,0.0,Neutral
2020-11-19,212.0,,0.0,Neutral,0.0,Neutral
2020-11-18,208.0,2020-11-18,0.1508250832557678,Slightly Positive,0.1508250832557678,Slightly Positive
2020-11-12,213.0,,0.0,Neutral,0.0754125416278839,Slightly Positive
2020-11-11,218.0,,0.0,Neutral,0.03770627081394195,Neutral
2020-11-10,219.0,2020-11-10,0.0448877215385437,Neutral,0.0448877215385437,Neutral
2020-11-09,218.0,,0.0,Neutral,0.02244386076927185,Neutral
2020-11-08,216.0,,0.0,Neutral,0.011221930384635925,Neutral
2020-11-05,200.0,2020-11-05,0.9027197360992432,Strongly Positive,0.9027197360992432,Strongly Positive
2020-11-04,196.0,,0.0,Neutral,0.4513598680496216,Positive
2020-11-03,196.0,,0.0,Neutral,0.2256799340248108,Positive
2020-11-02,194.0,,0.0,Neutral,0.0,Neutral
2020-11-01,198.0,,0.0,Neutral,0.0,Neutral
2020-10-29,190.0,,0.0,Neutral,0.0,Neutral
2020-10-28,188.0,,0.0,Neutral,0.0,Neutral
2020-10-22,188.0,,0.0,Neutral,0.0,Neutral
2020-10-21,190.0,2020-10-21,0.8985637426376343,Strongly Positive,0.8985637426376343,Strongly Positive
2020-10-20,192.0,,0.0,Neutral,0.44928187131881714,Positive
2020-10-19,187.0,2020-10-19,0.906398057937622,Strongly Positive,1.1310389935970306,Strongly Positive
2020-10-18,172.0,2020-10-18,0.8729951977729797,Strongly Positive,1.3261942267417908,Strongly Positive
2020-10-15,178.0,2020-10-15,0.6376285552978516,Strongly Positive,1.300725668668747,Strongly Positive
2020-10-14,175.0,,0.0,Neutral,0.5370630770921707,Positive
2020-10-13,186.0,,0.0,Neutral,0.1594071388244629,Slightly Positive
2020-10-12,194.0,,0.0,Neutral,0.0,Neutral
2020-10-11,199.0,,0.0,Neutral,0.0,Neutral
2020-10-08,197.0,,0.0,Neutral,0.0,Neutral
2020-10-07,198.0,,0.0,Neutral,0.0,Neutral
2020-10-06,180.0,,0.0,Neutral,0.0,Neutral
2020-10-05,164.0,,0.0,Neutral,0.0,Neutral
2020-10-04,157.0,,0.0,Neutral,0.0,Neutral
2020-10-01,157.0,,0.0,Neutral,0.0,Neutral
2020-09-30,165.0,,0.0,Neutral,0.0,Neutral
2020-09-29,163.0,,0.0,Neutral,0.0,Neutral
2020-09-28,161.0,,0.0,Neutral,0.0,Neutral
2020-09-27,163.0,,0.0,Neutral,0.0,Neutral
2020-09-24,149.0,,0.0,Neutral,0.0,Neutral
2020-09-23,136.0,,0.0,Neutral,0.0,Neutral
2020-09-22,135.0,,0.0,Neutral,0.0,Neutral
2020-09-21,129.0,,0.0,Neutral,0.0,Neutral
2020-09-20,138.0,,0.0,Neutral,0.0,Neutral
2020-09-17,145.0,,0.0,Neutral,0.0,Neutral
2020-09-16,132.0,2020-09-16,0.859821081161499,Strongly Positive,0.859821081161499,Strongly Positive
2020-09-15,120.0,2020-09-15,0.88677579164505,Strongly Positive,1.3166863322257996,Strongly Positive
2020-09-14,117.0,,0.0,Neutral,0.6583431661128998,Strongly Positive
2020-09-13,107.0,,0.0,Neutral,0.2216939479112625,Positive
2020-09-10,103.0,,0.0,Neutral,0.0,Neutral
2020-09-09,105.0,,0.0,Neutral,0.0,Neutral
2020-09-08,105.0,,0.0,Neutral,0.0,Neutral
2020-09-07,107.0,,0.0,Neutral,0.0,Neutral
2020-09-06,109.0,,0.0,Neutral,0.0,Neutral
2020-09-03,110.0,,0.0,Neutral,0.0,Neutral
2020-09-02,106.0,,0.0,Neutral,0.0,Neutral
2020-08-31,97.0,,0.0,Neutral,0.0,Neutral
2020-08-30,89.0,,0.0,Neutral,0.0,Neutral
2020-08-27,88.0,,0.0,Neutral,0.0,Neutral
2020-08-26,85.0,2020-08-26,0.4787486214190721,Positive,0.4787486214190721,Positive
2020-08-25,85.0,,0.0,Neutral,0.23937431070953605,Positive
2020-08-24,86.0,,0.0,Neutral,0.11968715535476802,Slightly Positive
2020-08-23,87.0,,0.0,Neutral,0.0,Neutral
2020-08-20,86.0,2020-08-20,0.3619968295097351,Positive,0.3619968295097351,Positive
2020-08-19,86.0,,0.0,Neutral,0.18099841475486755,Slightly Positive
2020-08-18,88.0,,0.0,Neutral,0.09049920737743378,Slightly Positive
2020-08-17,84.0,,0.0,Neutral,0.0,Neutral
2020-08-16,85.0,2020-08-16,0.0681280344724655,Slightly Positive,0.0681280344724655,Slightly Positive
2020-08-13,85.0,2020-08-13,-0.0032728966325521,Neutral,0.030791120603680652,Neutral
2020-08-12,82.0,,0.0,Neutral,0.015395560301840326,Neutral
2020-08-11,85.0,,0.0,Neutral,-0.000818224158138025,Neutral
2020-08-10,86.0,,0.0,Neutral,0.0,Neutral
2020-08-09,84.0,,0.0,Neutral,0.0,Neutral
2020-08-06,85.0,,0.0,Neutral,0.0,Neutral
2020-08-05,87.0,,0.0,Neutral,0.0,Neutral
2020-08-03,86.0,,0.0,Neutral,0.0,Neutral
2020-08-02,84.0,,0.0,Neutral,0.0,Neutral
2020-07-30,84.0,,0.0,Neutral,0.0,Neutral
2020-07-29,79.0,2020-07-29,0.8600679636001587,Strongly Positive,0.8600679636001587,Strongly Positive
2020-07-28,80.0,,0.0,Neutral,0.43003398180007935,Positive
2020-07-27,81.0,,0.0,Neutral,0.21501699090003967,Positive
2020-07-26,83.0,,0.0,Neutral,0.0,Neutral
2020-07-23,83.0,,0.0,Neutral,0.0,Neutral
2020-07-22,83.0,2020-07-22,0.5365362167358398,Positive,0.5365362167358398,Positive
2020-07-21,85.0,,0.0,Neutral,0.2682681083679199,Positive
2020-07-20,83.0,,0.0,Neutral,0.13413405418395996,Slightly Positive
2020-07-16,84.0,,0.0,Neutral,0.0,Neutral
2020-07-15,84.0,,0.0,Neutral,0.0,Neutral
2020-07-13,85.0,,0.0,Neutral,0.0,Neutral
2020-07-12,86.0,,0.0,Neutral,0.0,Neutral
2020-07-09,85.0,2020-07-09,0.8973246514797211,Strongly Positive,0.8973246514797211,Strongly Positive
2020-07-08,84.0,,0.0,Neutral,0.44866232573986053,Positive
2020-07-07,81.0,,0.0,Neutral,0.22433116286993027,Positive
2020-07-06,82.0,,0.0,Neutral,0.0,Neutral
2020-07-05,82.0,2020-07-05,0.2238288819789886,Positive,0.2238288819789886,Positive
2020-07-01,84.0,2020-07-01,-0.564888060092926,Negative,-0.4529736191034317,Negative
2020-03-19,85.0,,0.0,Neutral,-0.22648680955171585,Negative
2020-03-18,82.0,,0.0,Neutral,-0.1412220150232315,Slightly Negative
2020-03-17,85.0,2020-03-17,0.8020090460777283,Strongly Positive,0.8020090460777283,Strongly Positive
2020-03-16,87.0,2020-03-16,0.6043878793716431,Strongly Positive,1.0053924024105072,Strongly Positive
2020-03-15,87.0,2020-03-15,0.8521060943603516,Strongly Positive,1.3548022955656052,Strongly Positive
2020-03-12,92.0,,0.0,Neutral,0.5771500170230865,Positive
2020-03-11,94.0,2020-03-11,0.6391243934631348,Strongly Positive,0.8521509170532227,Strongly Positive
2020-03-10,96.0,2020-03-10,-0.6497147083282471,Strongly Negative,-0.3301525115966797,Negative
2020-03-05,95.0,2020-03-05,0.7326845228672028,Strongly Positive,0.5676082670688629,Positive
2020-03-04,95.0,2020-03-04,-0.0493215024471282,Neutral,0.15459208190441143,Slightly Positive
2020-03-03,97.0,2020-03-03,0.9211212992668152,Strongly Positive,1.0796316787600517,Strongly Positive
2020-03-02,96.0,2020-03-02,0.7860763669013977,Strongly Positive,1.2343066409230232,Strongly Positive
2020-03-01,100.0,,0.0,Neutral,0.6233185082674026,Strongly Positive
2020-02-27,101.0,2020-02-27,0.4762963950634002,Positive,0.6728154867887497,Strongly Positive
2020-02-26,103.0,2020-02-26,-0.5152184963226318,Negative,-0.2770702987909317,Negative
2020-02-25,103.0,2020-02-25,0.9188093543052672,Strongly Positive,0.7802742049098014,Strongly Positive
2020-02-24,96.0,2020-02-24,0.0043060332536697,Neutral,0.33490608632564534,Positive
2020-02-23,94.0,2020-02-23,0.0224795639514923,Neutral,0.25433491915464396,Positive
2020-02-20,99.0,2020-02-20,0.7416114807128906,Strongly Positive,0.7539277710020542,Strongly Positive
2020-02-19,96.0,2020-02-19,0.5676307678222656,Positive,0.944056399166584,Strongly Positive
2020-02-18,97.0,,0.0,Neutral,0.46921825408935547,Positive
2020-02-17,100.0,2020-02-17,0.7569572925567627,Strongly Positive,0.8988649845123291,Strongly Positive
2020-02-16,96.0,2020-02-16,0.3593215346336365,Positive,0.7378001809120178,Strongly Positive
2020-02-13,95.0,2020-02-13,-0.1728152632713318,Slightly Negative,0.19608482718467712,Slightly Positive
2020-02-12,96.0,,0.0,Neutral,0.003422752022743225,Neutral
2020-02-11,99.0,2020-02-11,-0.6466630697250366,Strongly Negative,-0.6898668855428696,Strongly Negative
2020-02-10,96.0,,0.0,Neutral,-0.3233315348625183,Negative
2020-02-09,97.0,,0.0,Neutral,-0.16166576743125916,Slightly Negative
2020-02-06,98.0,,0.0,Neutral,0.0,Neutral
2020-02-05,96.0,2020-02-05,0.879252552986145,Strongly Positive,0.879252552986145,Strongly Positive
2020-02-04,99.0,,0.0,Neutral,0.4396262764930725,Positive
2020-02-03,99.0,,0.0,Neutral,0.21981313824653625,Positive
2020-02-02,93.0,,0.0,Neutral,0.0,Neutral
2020-01-30,94.0,,0.0,Neutral,0.0,Neutral
2020-01-29,92.0,,0.0,Neutral,0.0,Neutral
2020-01-28,92.0,2020-01-28,0.283295214176178,Positive,0.283295214176178,Positive
2020-01-27,89.0,,0.0,Neutral,0.141647607088089,Slightly Positive
2020-01-26,88.0,2020-01-26,0.8893269896507263,Strongly Positive,0.9601507931947708,Strongly Positive
2020-01-23,88.0,,0.0,Neutral,0.44466349482536316,Positive
2020-01-22,91.0,,0.0,Neutral,0.22233174741268158,Positive
2020-01-21,92.0,,0.0,Neutral,0.0,Neutral
2020-01-20,94.0,2020-01-20,-0.2280759774148464,Negative,-0.2280759774148464,Negative
2020-01-19,95.0,,0.0,Neutral,-0.1140379887074232,Slightly Negative
2020-01-16,91.0,,0.0,Neutral,-0.0570189943537116,Slightly Negative
2020-01-15,91.0,,0.0,Neutral,0.0,Neutral
2020-01-14,89.0,2020-01-14,0.5020753741264343,Positive,0.5020753741264343,Positive
2020-01-13,95.0,,0.0,Neutral,0.25103768706321716,Positive
2020-01-12,90.0,,0.0,Neutral,0.12551884353160858,Slightly Positive
2020-01-08,88.0,,0.0,Neutral,0.0,Neutral
2020-01-07,87.0,,0.0,Neutral,0.0,Neutral
2020-01-06,86.0,,0.0,Neutral,0.0,Neutral
2020-01-05,84.0,2020-01-05,0.5616716295480728,Positive,0.5616716295480728,Positive
2020-01-02,82.0,,0.0,Neutral,0.2808358147740364,Positive
2020-01-01,85.0,,0.0,Neutral,0.1404179073870182,Slightly Positive
2019-12-31,84.0,,0.0,Neutral,0.0,Neutral
2019-12-30,82.0,2019-12-30,0.7870628833770752,Strongly Positive,0.7870628833770752,Strongly Positive
2019-12-29,82.0,,0.0,Neutral,0.3935314416885376,Positive
2019-12-26,81.0,2019-12-26,0.3885568231344224,Positive,0.5853225439786912,Positive
2019-12-25,82.0,,0.0,Neutral,0.1942784115672112,Slightly Positive
2019-12-24,82.0,,0.0,Neutral,0.0971392057836056,Slightly Positive
2019-12-23,81.0,,0.0,Neutral,0.0,Neutral
2019-12-22,78.0,,0.0,Neutral,0.0,Neutral
2019-12-19,80.0,,0.0,Neutral,0.0,Neutral
2019-12-18,80.0,,0.0,Neutral,0.0,Neutral
2019-12-17,80.0,,0.0,Neutral,0.0,Neutral
2019-12-16,78.0,,0.0,Neutral,0.0,Neutral
2019-12-12,79.0,,0.0,Neutral,0.0,Neutral
2019-12-11,79.0,,0.0,Neutral,0.0,Neutral
2019-12-10,77.0,,0.0,Neutral,0.0,Neutral
2019-12-09,76.0,,0.0,Neutral,0.0,Neutral
2019-12-08,77.0,,0.0,Neutral,0.0,Neutral
2019-12-05,78.0,,0.0,Neutral,0.0,Neutral
2019-12-04,81.0,,0.0,Neutral,0.0,Neutral
2019-11-27,88.0,,0.0,Neutral,0.0,Neutral
2019-11-26,90.0,,0.0,Neutral,0.0,Neutral
2019-11-25,91.0,,0.0,Neutral,0.0,Neutral
2019-11-14,93.0,,0.0,Neutral,0.0,Neutral
2019-11-05,95.0,,0.0,Neutral,0.0,Neutral
2019-11-04,95.0,2019-11-04,-0.9058239459991456,Strongly Negative,-0.9058239459991456,Strongly Negative
2019-11-03,95.0,,0.0,Neutral,-0.4529119729995728,Negative
2019-10-31,91.0,,0.0,Neutral,-0.2264559864997864,Negative
2019-10-24,90.0,,0.0,Neutral,0.0,Neutral
2019-10-23,89.0,,0.0,Neutral,0.0,Neutral
2019-10-22,90.0,,0.0,Neutral,0.0,Neutral
2019-10-21,89.0,2019-10-21,0.7867043614387512,Strongly Positive,0.7867043614387512,Strongly Positive
2019-10-20,87.0,,0.0,Neutral,0.3933521807193756,Positive
2019-10-17,88.0,,0.0,Neutral,0.1966760903596878,Slightly Positive
2019-10-14,89.0,,0.0,Neutral,0.0,Neutral
2019-10-03,89.0,2019-10-03,0.6210771203041077,Strongly Positive,0.6210771203041077,Strongly Positive
2019-10-02,88.0,,0.0,Neutral,0.31053856015205383,Positive
2019-10-01,89.0,2019-10-01,-0.3024523556232452,Negative,-0.14718307554721827,Slightly Negative
2019-09-29,88.0,2019-09-29,0.8132269978523254,Strongly Positive,0.6620008200407028,Strongly Positive
2019-09-24,89.0,2019-09-24,-0.0042473077774047,Neutral,0.32675310224294674,Positive
2019-09-23,88.0,,0.0,Neutral,0.20118309557437902,Positive
2019-09-19,89.0,,0.0,Neutral,-0.001061826944351175,Neutral
2019-09-18,89.0,,0.0,Neutral,0.0,Neutral
2019-09-17,88.0,2019-09-17,0.4095453321933746,Positive,0.4095453321933746,Positive
2019-09-16,85.0,2019-09-16,0.4361126124858857,Positive,0.6408852785825729,Strongly Positive
2019-09-15,86.0,2019-09-15,0.6814584136009216,Strongly Positive,1.001901052892208,Strongly Positive
2019-09-12,89.0,,0.0,Neutral,0.4497573599219322,Positive
2019-09-11,88.0,2019-09-11,0.869890034198761,Strongly Positive,1.0402546375989914,Strongly Positive
2019-09-10,90.0,,0.0,Neutral,0.4349450170993805,Positive
2019-09-09,88.0,,0.0,Neutral,0.21747250854969025,Positive
2019-09-08,85.0,2019-09-08,0.7852203249931335,Strongly Positive,0.7852203249931335,Strongly Positive
2019-09-05,85.0,,0.0,Neutral,0.3926101624965668,Positive
2019-09-04,86.0,2019-09-04,0.4178094565868377,Positive,0.6141145378351212,Strongly Positive
2019-09-03,86.0,,0.0,Neutral,0.20890472829341886,Positive
2019-09-01,83.0,,0.0,Neutral,0.10445236414670943,Slightly Positive
2019-08-29,84.0,,0.0,Neutral,0.0,Neutral
2019-08-28,84.0,,0.0,Neutral,0.0,Neutral
2019-08-27,85.0,2019-08-27,0.3579877018928528,Positive,0.3579877018928528,Positive
2019-08-26,84.0,2019-08-26,0.7882136106491089,Strongly Positive,0.9672074615955353,Strongly Positive
2019-08-25,84.0,,0.0,Neutral,0.48360373079776764,Positive
2019-08-22,86.0,,0.0,Neutral,0.19705340266227722,Slightly Positive
2019-08-21,86.0,,0.0,Neutral,0.0,Neutral
2019-08-20,87.0,,0.0,Neutral,0.0,Neutral
2019-08-19,88.0,2019-08-19,0.8192152976989746,Strongly Positive,0.8192152976989746,Strongly Positive
2019-08-18,90.0,,0.0,Neutral,0.4096076488494873,Positive
2019-08-15,90.0,,0.0,Neutral,0.20480382442474365,Positive
2019-08-14,90.0,2019-08-14,0.8356881737709045,Strongly Positive,0.8356881737709045,Strongly Positive
2019-08-13,91.0,2019-08-13,0.6991210579872131,Strongly Positive,1.1169651448726654,Strongly Positive
2019-08-12,90.0,,0.0,Neutral,0.5584825724363327,Positive
2019-08-11,88.0,,0.0,Neutral,0.17478026449680328,Slightly Positive
2019-08-08,87.0,,0.0,Neutral,0.0,Neutral
2019-08-07,86.0,2019-08-07,-0.4570404589176178,Negative,-0.4570404589176178,Negative
2019-08-06,87.0,,0.0,Neutral,-0.2285202294588089,Negative
2019-08-05,88.0,,0.0,Neutral,-0.11426011472940445,Slightly Negative
2019-08-04,89.0,,0.0,Neutral,0.0,Neutral
2019-08-01,90.0,,0.0,Neutral,0.0,Neutral
2019-07-31,90.0,2019-07-31,-0.4471966624259949,Negative,-0.4471966624259949,Negative
2019-07-30,91.0,,0.0,Neutral,-0.22359833121299744,Negative
2019-07-29,90.0,2019-07-29,0.5511285066604614,Positive,0.4393293410539627,Positive
2019-07-28,91.0,,0.0,Neutral,0.2755642533302307,Positive
2019-07-25,91.0,,0.0,Neutral,0.13778212666511536,Slightly Positive
2019-07-24,95.0,2019-07-24,0.8770189881324768,Strongly Positive,0.8770189881324768,Strongly Positive
2019-07-23,92.0,,0.0,Neutral,0.4385094940662384,Positive
2019-07-17,94.0,2019-07-17,0.8922961354255676,Strongly Positive,1.1115508824586868,Strongly Positive
2019-07-16,90.0,,0.0,Neutral,0.4461480677127838,Positive
2019-07-15,88.0,,0.0,Neutral,0.2230740338563919,Positive
2019-07-14,89.0,,0.0,Neutral,0.0,Neutral
2019-07-11,90.0,,0.0,Neutral,0.0,Neutral
2019-07-10,90.0,2019-07-10,-0.4849487543106079,Negative,-0.4849487543106079,Negative
2019-07-09,90.0,,0.0,Neutral,-0.24247437715530396,Negative
2019-07-08,89.0,2019-07-08,0.8237234354019165,Strongly Positive,0.7024862468242645,Strongly Positive
2019-07-07,90.0,2019-07-07,0.8937943577766418,Strongly Positive,1.3056560754776,Strongly Positive
2019-07-04,91.0,2019-07-04,0.6093844771385193,Strongly Positive,1.2622125148773193,Strongly Positive
2019-07-03,93.0,,0.0,Neutral,0.5281408280134201,Positive
2019-07-02,92.0,2019-07-02,-0.2368516623973846,Negative,-0.08450554311275477,Slightly Negative
2019-07-01,92.0,2019-07-01,-0.4330974519252777,Negative,-0.55152328312397,Negative
2019-06-30,90.0,,0.0,Neutral,-0.275761641561985,Negative
2019-06-27,92.0,,0.0,Neutral,-0.10827436298131943,Slightly Negative
2019-06-26,91.0,,0.0,Neutral,0.0,Neutral
2019-06-25,91.0,,0.0,Neutral,0.0,Neutral
2019-06-24,92.0,,0.0,Neutral,0.0,Neutral
2019-06-23,91.0,,0.0,Neutral,0.0,Neutral
2019-06-20,91.0,,0.0,Neutral,0.0,Neutral
2019-06-19,92.0,,0.0,Neutral,0.0,Neutral
2019-06-18,92.0,,0.0,Neutral,0.0,Neutral
2019-06-17,93.0,2019-06-17,-0.6195419430732727,Strongly Negative,-0.6195419430732727,Strongly Negative
2019-06-16,92.0,2019-06-16,0.0492241531610489,Neutral,-0.26054681837558746,Negative
2019-06-13,96.0,,0.0,Neutral,-0.13027340918779373,Slightly Negative
2019-06-11,97.0,,0.0,Neutral,0.012306038290262226,Neutral
2019-06-10,96.0,,0.0,Neutral,0.0,Neutral
2019-06-06,97.0,,0.0,Neutral,0.0,Neutral
2019-06-04,96.0,,0.0,Neutral,0.0,Neutral
2019-06-03,94.0,,0.0,Neutral,0.0,Neutral
2019-06-02,96.0,,0.0,Neutral,0.0,Neutral
2019-05-30,99.0,,0.0,Neutral,0.0,Neutral
2019-05-29,98.0,2019-05-29,0.3382772803306579,Positive,0.3382772803306579,Positive
2019-05-28,100.0,,0.0,Neutral,0.16913864016532895,Slightly Positive
2019-05-27,100.0,,0.0,Neutral,0.08456932008266448,Slightly Positive
2019-05-26,98.0,,0.0,Neutral,0.0,Neutral
2019-05-23,97.0,,0.0,Neutral,0.0,Neutral
2019-05-22,102.0,2019-05-22,0.9192432165145874,Strongly Positive,0.9192432165145874,Strongly Positive
2019-05-21,96.0,,0.0,Neutral,0.4596216082572937,Positive
2019-05-19,98.0,,0.0,Neutral,0.22981080412864685,Positive
2019-05-16,91.0,2019-05-16,0.6019901037216187,Strongly Positive,0.6019901037216187,Strongly Positive
2019-05-15,92.0,,0.0,Neutral,0.3009950518608093,Positive
2019-05-14,93.0,2019-05-14,-0.1161871999502182,Slightly Negative,0.03431032598018646,Neutral
2019-05-13,94.0,,0.0,Neutral,-0.0580935999751091,Slightly Negative
2019-05-12,90.0,,0.0,Neutral,-0.02904679998755455,Neutral
2019-05-09,91.0,,0.0,Neutral,0.0,Neutral
2019-05-08,92.0,,0.0,Neutral,0.0,Neutral
2019-05-07,92.0,,0.0,Neutral,0.0,Neutral
2019-05-06,93.0,,0.0,Neutral,0.0,Neutral
2019-05-05,92.0,,0.0,Neutral,0.0,Neutral
2019-05-02,94.0,,0.0,Neutral,0.0,Neutral
2019-04-30,93.0,,0.0,Neutral,0.0,Neutral
2019-04-29,94.0,2019-04-29,0.6715145111083984,Strongly Positive,0.6715145111083984,Strongly Positive
2019-04-28,93.0,,0.0,Neutral,0.3357572555541992,Positive
2019-04-25,90.0,,0.0,Neutral,0.1678786277770996,Slightly Positive
2019-04-24,90.0,2019-04-24,-0.2091304957866668,Negative,-0.2091304957866668,Negative
2019-04-23,91.0,,0.0,Neutral,-0.1045652478933334,Slightly Negative
2019-04-22,92.0,2019-04-22,0.7112140357494354,Strongly Positive,0.6589314118027687,Strongly Positive
2019-04-21,92.0,2019-04-21,0.2224275916814804,Positive,0.5780346095561981,Positive
2019-04-18,93.0,,0.0,Neutral,0.28901730477809906,Positive
2019-04-17,95.0,,0.0,Neutral,0.0556068979203701,Slightly Positive
2019-04-16,96.0,2019-04-16,0.7619708776473999,Strongly Positive,0.7619708776473999,Strongly Positive
2019-04-15,95.0,,0.0,Neutral,0.38098543882369995,Positive
2019-04-11,95.0,2019-04-11,0.5554110407829285,Positive,0.7459037601947784,Strongly Positive
2019-04-10,94.0,2019-04-10,0.8950625061988831,Strongly Positive,1.1727680265903473,Strongly Positive
2019-04-09,95.0,2019-04-09,0.8805367946624756,Strongly Positive,1.4669208079576492,Strongly Positive
2019-04-08,98.0,,0.0,Neutral,0.6640340238809586,Strongly Positive
2019-04-07,95.0,,0.0,Neutral,0.2201341986656189,Positive
2019-04-04,98.0,,0.0,Neutral,0.0,Neutral
2019-04-03,98.0,2019-04-03,0.8603233098983765,Strongly Positive,0.8603233098983765,Strongly Positive
2019-04-02,97.0,,0.0,Neutral,0.43016165494918823,Positive
2019-04-01,95.0,2019-04-01,0.6460291147232056,Strongly Positive,0.8611099421977997,Strongly Positive
2019-03-31,96.0,,0.0,Neutral,0.3230145573616028,Positive
2019-03-28,97.0,,0.0,Neutral,0.1615072786808014,Slightly Positive
2019-03-27,98.0,,0.0,Neutral,0.0,Neutral
2019-03-26,97.0,2019-03-26,0.5928543210029602,Positive,0.5928543210029602,Positive
2019-03-25,95.0,,0.0,Neutral,0.2964271605014801,Positive
2019-03-24,93.0,,0.0,Neutral,0.14821358025074005,Slightly Positive
2019-03-21,93.0,,0.0,Neutral,0.0,Neutral
2019-03-19,95.0,2019-03-19,0.4687463641166687,Positive,0.4687463641166687,Positive
2019-03-18,96.0,,0.0,Neutral,0.23437318205833435,Positive
2019-03-17,98.0,,0.0,Neutral,0.11718659102916718,Slightly Positive
2019-03-14,96.0,,0.0,Neutral,0.0,Neutral
2019-03-13,98.0,,0.0,Neutral,0.0,Neutral
2019-03-12,95.0,,0.0,Neutral,0.0,Neutral
2019-03-11,93.0,2019-03-11,-0.5805007219314575,Negative,-0.5805007219314575,Negative
2019-03-10,96.0,,0.0,Neutral,-0.29025036096572876,Negative
2019-03-07,95.0,2019-03-07,0.8529539108276367,Strongly Positive,0.7078287303447723,Strongly Positive
2019-03-06,93.0,,0.0,Neutral,0.42647695541381836,Positive
2019-03-05,94.0,2019-03-05,-0.6652853488922119,Strongly Negative,-0.45204687118530273,Negative
2019-03-03,91.0,,0.0,Neutral,-0.33264267444610596,Negative
2019-02-27,93.0,,0.0,Neutral,-0.16632133722305298,Slightly Negative
2019-02-26,91.0,,0.0,Neutral,0.0,Neutral
2019-02-25,92.0,,0.0,Neutral,0.0,Neutral
2019-02-24,92.0,,0.0,Neutral,0.0,Neutral
2019-02-21,94.0,,0.0,Neutral,0.0,Neutral
2019-02-20,93.0,2019-02-20,-0.000268280506134,Neutral,-0.000268280506134,Neutral
2019-02-19,92.0,,0.0,Neutral,-0.000134140253067,Neutral
2019-02-18,93.0,2019-02-18,0.5097264647483826,Positive,0.5096593946218491,Positive
2019-02-17,95.0,,0.0,Neutral,0.2548632323741913,Positive
2019-02-14,94.0,,0.0,Neutral,0.12743161618709564,Slightly Positive
2019-02-13,95.0,,0.0,Neutral,0.0,Neutral
2019-02-12,96.0,,0.0,Neutral,0.0,Neutral
2019-02-11,97.0,,0.0,Neutral,0.0,Neutral
2019-02-10,100.0,,0.0,Neutral,0.0,Neutral
2019-02-07,101.0,,0.0,Neutral,0.0,Neutral
2019-02-06,103.0,,0.0,Neutral,0.0,Neutral
2019-02-05,100.0,,0.0,Neutral,0.0,Neutral
2019-02-04,104.0,2019-02-04,-0.7323634028434753,Strongly Negative,-0.7323634028434753,Strongly Negative
2019-02-03,101.0,2019-02-03,0.4023022949695587,Positive,0.036120593547821045,Neutral
2019-01-31,103.0,,0.0,Neutral,0.018060296773910522,Neutral
2019-01-30,103.0,2019-01-30,0.127448558807373,Slightly Positive,0.22802413254976267,Positive
2019-01-29,103.0,,0.0,Neutral,0.0637242794036865,Slightly Positive
2019-01-28,103.0,,0.0,Neutral,0.03186213970184325,Neutral
2019-01-27,103.0,,0.0,Neutral,0.0,Neutral
2019-01-24,107.0,2019-01-24,0.6918145418167114,Strongly Positive,0.6918145418167114,Strongly Positive
2019-01-23,105.0,,0.0,Neutral,0.3459072709083557,Positive
2019-01-22,108.0,,0.0,Neutral,0.17295363545417786,Slightly Positive
2019-01-21,110.0,2019-01-21,0.4966762065887451,Positive,0.4966762065887451,Positive
2019-01-20,108.0,2019-01-20,0.7727754712104797,Strongly Positive,1.0211135745048523,Strongly Positive
2019-01-17,108.0,,0.0,Neutral,0.5105567872524261,Positive
2019-01-16,106.0,,0.0,Neutral,0.19319386780261993,Slightly Positive
2019-01-15,104.0,2019-01-15,0.519601047039032,Positive,0.519601047039032,Positive
2019-01-14,102.0,2019-01-14,0.9134968519210817,Strongly Positive,1.1732973754405975,Strongly Positive
2019-01-13,104.0,,0.0,Neutral,0.5866486877202988,Positive
2019-01-10,103.0,,0.0,Neutral,0.2283742129802704,Positive
2019-01-09,103.0,2019-01-09,0.7550469636917114,Strongly Positive,0.7550469636917114,Strongly Positive
2019-01-08,105.0,2019-01-08,0.7743663191795349,Strongly Positive,1.1518898010253906,Strongly Positive
2019-01-07,104.0,2019-01-07,0.7200121879577637,Strongly Positive,1.295957088470459,Strongly Positive
2019-01-06,106.0,2019-01-06,0.5872798562049866,Positive,1.1408775299787521,Strongly Positive
2019-01-03,107.0,,0.0,Neutral,0.4736429750919342,Positive
2019-01-02,110.0,2019-01-02,-0.4312562644481659,Negative,-0.28443630039691925,Negative
2019-01-01,112.0,2019-01-01,0.5289696455001831,Positive,0.31334151327610016,Positive
2018-12-31,114.0,2018-12-31,0.8081836700439453,Strongly Positive,0.9648544266819954,Strongly Positive
2018-12-30,112.0,2018-12-30,0.8666418790817261,Strongly Positive,1.4029761254787445,Strongly Positive
2018-12-27,109.0,2018-12-27,0.8413619995117188,Strongly Positive,1.4767288565635681,Strongly Positive
2018-12-26,104.0,2018-12-26,0.5205397605895996,Positive,1.1578812301158905,Strongly Positive
2018-12-25,104.0,,0.0,Neutral,0.4706103801727295,Positive
2018-12-24,106.0,2018-12-24,0.912123441696167,Strongly Positive,1.042258381843567,Strongly Positive
2018-12-23,108.0,,0.0,Neutral,0.4560617208480835,Positive
2018-12-20,110.0,2018-12-20,-0.2122925519943237,Negative,0.015738308429718045,Neutral
2018-12-19,110.0,2018-12-19,-0.3084029853343963,Negative,-0.41454926133155817,Negative
2018-12-18,110.0,,0.0,Neutral,-0.20727463066577909,Negative
2018-12-17,114.0,,0.0,Neutral,-0.07710074633359908,Slightly Negative
2018-12-16,114.0,2018-12-16,0.7137515544891357,Strongly Positive,0.7137515544891357,Strongly Positive
2018-12-13,113.0,2018-12-13,-0.1332300901412964,Slightly Negative,0.22364568710327148,Positive
2018-12-12,114.0,,0.0,Neutral,0.11182284355163574,Slightly Positive
2018-12-11,116.0,2018-12-11,0.8785602450370789,Strongly Positive,0.8452527225017548,Strongly Positive
2018-12-10,116.0,2018-12-10,0.7846078276634216,Strongly Positive,1.223887950181961,Strongly Positive
2018-12-09,112.0,,0.0,Neutral,0.6119439750909805,Strongly Positive
2018-12-06,106.0,,0.0,Neutral,0.1961519569158554,Slightly Positive
2018-12-05,106.0,,0.0,Neutral,0.0,Neutral
2018-12-04,108.0,2018-12-04,0.033573567867279,Neutral,0.033573567867279,Neutral
2018-12-03,110.0,,0.0,Neutral,0.0167867839336395,Neutral
2018-12-02,109.0,2018-12-02,0.0572157725691795,Slightly Positive,0.06560916453599924,Slightly Positive
2018-11-29,116.0,2018-11-29,0.8101602792739868,Strongly Positive,0.8387681655585766,Strongly Positive
2018-11-28,118.0,,0.0,Neutral,0.4193840827792883,Positive
2018-11-27,118.0,,0.0,Neutral,0.2025400698184967,Positive
2018-11-26,120.0,,0.0,Neutral,0.0,Neutral
2018-11-25,120.0,,0.0,Neutral,0.0,Neutral
2018-11-22,119.0,,0.0,Neutral,0.0,Neutral
2018-11-14,121.0,,0.0,Neutral,0.0,Neutral
2018-11-06,125.0,2018-11-06,-0.1830361932516098,Slightly Negative,-0.1830361932516098,Slightly Negative
2018-11-05,124.0,,0.0,Neutral,-0.0915180966258049,Slightly Negative
2018-11-04,123.0,,0.0,Neutral,-0.04575904831290245,Neutral
2018-11-01,125.0,,0.0,Neutral,0.0,Neutral
2018-10-31,124.0,,0.0,Neutral,0.0,Neutral
2018-10-30,117.0,,0.0,Neutral,0.0,Neutral
2018-10-29,117.0,,0.0,Neutral,0.0,Neutral
2018-10-28,120.0,,0.0,Neutral,0.0,Neutral
2018-10-25,117.0,,0.0,Neutral,0.0,Neutral
2018-10-24,125.0,,0.0,Neutral,0.0,Neutral
2018-10-23,125.0,,0.0,Neutral,0.0,Neutral
2018-10-15,123.0,2018-10-15,-0.192320704460144,Slightly Negative,-0.192320704460144,Slightly Negative
2018-10-14,125.0,,0.0,Neutral,-0.096160352230072,Slightly Negative
2018-10-11,123.0,,0.0,Neutral,-0.048080176115036,Neutral
2018-10-10,120.0,2018-10-10,-0.1620651185512542,Slightly Negative,-0.1620651185512542,Slightly Negative
2018-10-09,122.0,,0.0,Neutral,-0.0810325592756271,Slightly Negative
2018-10-08,122.0,,0.0,Neutral,-0.04051627963781355,Neutral
2018-10-07,123.0,,0.0,Neutral,0.0,Neutral
2018-10-04,125.0,,0.0,Neutral,0.0,Neutral
2018-10-03,127.0,,0.0,Neutral,0.0,Neutral
2018-10-02,128.0,,0.0,Neutral,0.0,Neutral
2018-10-01,127.0,,0.0,Neutral,0.0,Neutral
2018-09-30,128.0,,0.0,Neutral,0.0,Neutral
2018-09-27,128.0,,0.0,Neutral,0.0,Neutral
2018-09-26,129.0,,0.0,Neutral,0.0,Neutral
2018-09-25,131.0,,0.0,Neutral,0.0,Neutral
2018-09-23,129.0,2018-09-23,0.8959836959838867,Strongly Positive,0.8959836959838867,Strongly Positive
2018-09-20,129.0,,0.0,Neutral,0.44799184799194336,Positive
2018-09-18,128.0,2018-09-18,0.4713515937328338,Positive,0.6953475177288055,Strongly Positive
2018-09-17,126.0,,0.0,Neutral,0.2356757968664169,Positive
2018-09-16,128.0,2018-09-16,0.4487057030200958,Positive,0.5665436014533043,Positive
2018-09-13,130.0,,0.0,Neutral,0.2243528515100479,Positive
2018-09-12,130.0,,0.0,Neutral,0.11217642575502396,Slightly Positive
2018-09-11,128.0,,0.0,Neutral,0.0,Neutral
2018-09-10,126.0,,0.0,Neutral,0.0,Neutral
2018-09-09,131.0,,0.0,Neutral,0.0,Neutral
2018-09-06,135.0,,0.0,Neutral,0.0,Neutral
2018-09-05,135.0,,0.0,Neutral,0.0,Neutral
2018-09-04,134.0,,0.0,Neutral,0.0,Neutral
2018-09-03,134.0,,0.0,Neutral,0.0,Neutral
2018-09-02,132.0,2018-09-02,0.9213955402374268,Strongly Positive,0.9213955402374268,Strongly Positive
2018-08-30,132.0,,0.0,Neutral,0.4606977701187134,Positive
2018-08-29,130.0,,0.0,Neutral,0.2303488850593567,Positive
2018-08-28,130.0,2018-08-28,0.8678902387619019,Strongly Positive,0.8678902387619019,Strongly Positive
2018-08-26,126.0,2018-08-26,0.908364236354828,Strongly Positive,1.3423093557357788,Strongly Positive
2018-08-23,131.0,2018-08-23,0.9118733406066896,Strongly Positive,1.583028018474579,Strongly Positive
2018-08-22,131.0,2018-08-22,0.9089189767837524,Strongly Positive,1.5919467061758041,Strongly Positive
2018-08-21,134.0,,0.0,Neutral,0.6824278235435486,Strongly Positive
2018-08-20,133.0,,0.0,Neutral,0.2272297441959381,Positive
2018-08-19,135.0,2018-08-19,0.6557104587554932,Strongly Positive,0.6557104587554932,Strongly Positive
2018-08-16,137.0,2018-08-16,0.8950644135475159,Strongly Positive,1.2229196429252625,Strongly Positive
2018-08-15,137.0,2018-08-15,-0.1866932809352874,Slightly Negative,0.42476654052734386,Positive
2018-08-14,135.0,,0.0,Neutral,0.13041946291923529,Slightly Positive
2018-08-13,138.0,2018-08-13,0.5976293087005615,Positive,0.5509559884667397,Positive
2018-08-08,140.0,,0.0,Neutral,0.29881465435028076,Positive
2018-08-07,140.0,,0.0,Neutral,0.14940732717514038,Slightly Positive
2018-08-06,136.0,,0.0,Neutral,0.0,Neutral
2018-08-05,137.0,,0.0,Neutral,0.0,Neutral
2018-08-02,138.0,2018-08-02,-0.2557297945022583,Negative,-0.2557297945022583,Negative
2018-08-01,140.0,2018-08-01,0.7616575956344604,Strongly Positive,0.6337926983833313,Strongly Positive
2018-07-31,141.0,2018-07-31,0.8481963723897934,Strongly Positive,1.165092721581459,Strongly Positive
2018-07-30,141.0,,0.0,Neutral,0.6145125851035118,Strongly Positive
2018-07-26,143.0,2018-07-26,0.8805007934570312,Strongly Positive,1.0925498865544796,Strongly Positive
2018-07-25,141.0,2018-07-25,0.5625090003013611,Positive,1.0027593970298767,Strongly Positive
2018-07-24,144.0,2018-07-24,0.8712472915649414,Strongly Positive,1.3726269900798798,Strongly Positive
2018-07-23,144.0,,0.0,Neutral,0.576250895857811,Positive
2018-07-22,142.0,2018-07-22,0.5804762393236159,Positive,0.7982880622148513,Strongly Positive
2018-07-19,144.0,,0.0,Neutral,0.29023811966180796,Positive
2018-07-18,148.0,2018-07-18,-0.6905643939971924,Strongly Negative,-0.5454453341662884,Negative
2018-07-17,147.0,2018-07-17,0.8452868461608887,Strongly Positive,0.5000046491622925,Positive
2018-07-15,150.0,2018-07-15,-0.0455491840839386,Neutral,0.20445314049720764,Positive
2018-07-12,150.0,2018-07-12,-0.1427455693483352,Slightly Negative,0.04580155014991766,Neutral
2018-07-11,151.0,2018-07-11,0.1307443678379058,Slightly Positive,0.047984287142753546,Neutral
2018-07-10,159.0,,0.0,Neutral,0.029685791581869098,Neutral
2018-07-09,148.0,,0.0,Neutral,0.03268609195947645,Neutral
2018-07-08,148.0,2018-07-08,0.7769768834114075,Strongly Positive,0.7769768834114075,Strongly Positive
2018-07-05,148.0,,0.0,Neutral,0.38848844170570374,Positive
2018-07-04,148.0,2018-07-04,0.3696541786193847,Positive,0.5638983994722366,Positive
2018-07-03,147.0,,0.0,Neutral,0.18482708930969236,Slightly Positive
2018-07-02,149.0,,0.0,Neutral,0.09241354465484618,Slightly Positive
2018-07-01,148.0,,0.0,Neutral,0.0,Neutral
2018-06-28,150.0,,0.0,Neutral,0.0,Neutral
2018-06-27,148.0,2018-06-27,0.6418185830116272,Strongly Positive,0.6418185830116272,Strongly Positive
2018-06-26,145.0,,0.0,Neutral,0.3209092915058136,Positive
2018-06-25,147.0,,0.0,Neutral,0.1604546457529068,Slightly Positive
2018-06-24,153.0,,0.0,Neutral,0.0,Neutral
2018-06-21,155.0,,0.0,Neutral,0.0,Neutral
2018-06-20,155.0,,0.0,Neutral,0.0,Neutral
2018-06-19,156.0,,0.0,Neutral,0.0,Neutral
2018-06-18,153.0,,0.0,Neutral,0.0,Neutral
2018-06-17,155.0,2018-06-17,0.508649468421936,Positive,0.508649468421936,Positive
2018-06-14,149.0,,0.0,Neutral,0.254324734210968,Positive
2018-06-13,150.0,2018-06-13,-0.3404492735862732,Negative,-0.21328690648078918,Negative
2018-06-12,148.0,,0.0,Neutral,-0.1702246367931366,Slightly Negative
2018-06-11,150.0,,0.0,Neutral,-0.0851123183965683,Slightly Negative
2018-06-10,152.0,,0.0,Neutral,0.0,Neutral
2018-06-07,155.0,2018-06-07,0.787387490272522,Strongly Positive,0.787387490272522,Strongly Positive
2018-06-06,157.0,,0.0,Neutral,0.393693745136261,Positive
2018-06-04,157.0,2018-06-04,0.8630961179733276,Strongly Positive,1.0599429905414581,Strongly Positive
2018-06-03,157.0,2018-06-03,0.3452410101890564,Positive,0.7767890691757202,Strongly Positive
2018-05-31,160.0,,0.0,Neutral,0.3883945345878601,Positive
2018-05-30,165.0,2018-05-30,0.7039557695388794,Strongly Positive,0.7902660220861435,Strongly Positive
2018-05-28,163.0,,0.0,Neutral,0.3519778847694397,Positive
2018-05-27,158.0,,0.0,Neutral,0.17598894238471985,Slightly Positive
2018-05-24,163.0,,0.0,Neutral,0.0,Neutral
2018-05-23,157.0,,0.0,Neutral,0.0,Neutral
2018-05-22,160.0,2018-05-22,0.7939203977584839,Strongly Positive,0.7939203977584839,Strongly Positive
2018-05-21,162.0,,0.0,Neutral,0.39696019887924194,Positive
2018-05-20,163.0,,0.0,Neutral,0.19848009943962097,Slightly Positive
2018-05-17,165.0,,0.0,Neutral,0.0,Neutral
2018-05-16,164.0,,0.0,Neutral,0.0,Neutral
2018-05-15,165.0,,0.0,Neutral,0.0,Neutral
2018-05-14,165.0,2018-05-14,0.7037050724029541,Strongly Positive,0.7037050724029541,Strongly Positive
2018-05-10,167.0,,0.0,Neutral,0.35185253620147705,Positive
2018-05-09,163.0,,0.0,Neutral,0.17592626810073853,Slightly Positive
2018-05-08,169.0,2018-05-08,0.7442371547222137,Strongly Positive,0.7442371547222137,Strongly Positive
2018-05-07,170.0,,0.0,Neutral,0.3721185773611069,Positive
2018-05-06,169.0,,0.0,Neutral,0.18605928868055344,Slightly Positive
2018-05-03,167.0,,0.0,Neutral,0.0,Neutral
2018-05-02,171.0,,0.0,Neutral,0.0,Neutral
2018-04-29,166.0,,0.0,Neutral,0.0,Neutral
2018-04-26,180.0,2018-04-26,-0.1422680616378784,Slightly Negative,-0.1422680616378784,Slightly Negative
2018-04-25,181.0,,0.0,Neutral,-0.0711340308189392,Slightly Negative
2018-04-24,185.0,,0.0,Neutral,-0.0355670154094696,Neutral
2018-04-23,187.0,,0.0,Neutral,0.0,Neutral
2018-04-22,196.0,,0.0,Neutral,0.0,Neutral
2018-04-19,193.0,,0.0,Neutral,0.0,Neutral
2018-04-18,187.0,2018-04-18,0.7243727445602417,Strongly Positive,0.7243727445602417,Strongly Positive
2018-04-16,178.0,,0.0,Neutral,0.36218637228012085,Positive
2018-04-15,177.0,2018-04-15,0.9221633076667786,Strongly Positive,1.103256493806839,Strongly Positive
2018-04-12,171.0,2018-04-12,-0.6430073976516724,Strongly Negative,-0.18192574381828308,Slightly Negative
2018-04-11,175.0,,0.0,Neutral,-0.09096287190914154,Slightly Negative
2018-04-10,179.0,,0.0,Neutral,-0.1607518494129181,Slightly Negative
2018-04-09,184.0,,0.0,Neutral,0.0,Neutral
2018-04-08,183.0,2018-04-08,0.4547261595726013,Positive,0.4547261595726013,Positive
2018-04-05,182.0,,0.0,Neutral,0.22736307978630066,Positive
2018-04-04,182.0,2018-04-04,0.8857042789459229,Strongly Positive,0.9993858188390732,Strongly Positive
2018-04-03,183.0,2018-04-03,0.8998837769031525,Strongly Positive,1.342735916376114,Strongly Positive
2018-04-02,194.0,2018-04-02,0.6707487106323242,Strongly Positive,1.3421166688203812,Strongly Positive
2018-04-01,191.0,,0.0,Neutral,0.5603452995419502,Positive
2018-03-29,194.0,,0.0,Neutral,0.16768717765808105,Slightly Positive
2018-03-28,191.0,2018-03-28,0.6803320646286011,Strongly Positive,0.6803320646286011,Strongly Positive
2018-03-27,184.0,2018-03-27,-0.2121085226535797,Negative,0.12805750966072083,Slightly Positive
2018-03-26,187.0,,0.0,Neutral,0.06402875483036041,Slightly Positive
2018-03-22,187.0,2018-03-22,0.6458000540733337,Strongly Positive,0.5927729234099388,Positive
2018-03-21,186.0,,0.0,Neutral,0.32290002703666687,Positive
2018-03-20,190.0,,0.0,Neutral,0.16145001351833344,Slightly Positive
2018-03-19,189.0,,0.0,Neutral,0.0,Neutral
2018-03-15,184.0,,0.0,Neutral,0.0,Neutral
2018-03-14,177.0,,0.0,Neutral,0.0,Neutral
2018-03-13,171.0,,0.0,Neutral,0.0,Neutral
2018-03-12,165.0,,0.0,Neutral,0.0,Neutral
2018-03-11,171.0,,0.0,Neutral,0.0,Neutral
2018-03-07,177.0,2018-03-07,-0.3192073702812195,Negative,-0.3192073702812195,Negative
2018-03-06,172.0,,0.0,Neutral,-0.15960368514060974,Slightly Negative
2018-03-04,178.0,,0.0,Neutral,-0.07980184257030487,Slightly Negative
2018-02-28,179.0,2018-02-28,-0.4559577703475952,Negative,-0.4559577703475952,Negative
2018-02-27,179.0,2018-02-27,-0.5017960667610168,Negative,-0.7297749519348145,Strongly Negative
2018-02-26,179.0,,0.0,Neutral,-0.3648874759674072,Negative
2018-02-25,182.0,,0.0,Neutral,-0.1254490166902542,Slightly Negative
2018-02-22,187.0,,0.0,Neutral,0.0,Neutral
2018-02-21,190.0,,0.0,Neutral,0.0,Neutral
2018-02-20,193.0,,0.0,Neutral,0.0,Neutral
2018-02-18,199.0,2018-02-18,-0.7218689322471619,Strongly Negative,-0.7218689322471619,Strongly Negative
2018-02-15,196.0,2018-02-15,0.89710932970047,Strongly Positive,0.536174863576889,Positive
2018-02-14,187.0,,0.0,Neutral,0.2680874317884445,Positive
2018-02-12,190.0,2018-02-12,0.1932896673679351,Slightly Positive,0.41756699979305256,Positive
2018-02-11,187.0,,0.0,Neutral,0.09664483368396755,Slightly Positive
2018-02-08,181.0,,0.0,Neutral,0.048322416841983774,Neutral
2018-02-07,182.0,,0.0,Neutral,0.0,Neutral
2018-02-06,181.0,,0.0,Neutral,0.0,Neutral
2018-02-05,181.0,2018-02-05,0.8875495791435242,Strongly Positive,0.8875495791435242,Strongly Positive
2018-02-04,184.0,,0.0,Neutral,0.4437747895717621,Positive
2018-02-01,183.0,,0.0,Neutral,0.22188739478588104,Positive
2018-01-31,186.0,,0.0,Neutral,0.0,Neutral
2018-01-29,185.0,,0.0,Neutral,0.0,Neutral
2018-01-28,189.0,2018-01-28,0.9140734672546388,Strongly Positive,0.9140734672546388,Strongly Positive
2018-01-25,188.0,,0.0,Neutral,0.4570367336273194,Positive
2018-01-24,190.0,,0.0,Neutral,0.2285183668136597,Positive
2018-01-23,190.0,,0.0,Neutral,0.0,Neutral
2018-01-22,188.0,,0.0,Neutral,0.0,Neutral
2018-01-21,188.0,2018-01-21,0.326934814453125,Positive,0.326934814453125,Positive
2018-01-17,190.0,,0.0,Neutral,0.1634674072265625,Slightly Positive
2018-01-16,188.0,2018-01-16,0.912229597568512,Strongly Positive,0.9939633011817932,Strongly Positive
2018-01-14,190.0,,0.0,Neutral,0.456114798784256,Positive
2018-01-10,191.0,2018-01-10,-0.1146869361400604,Slightly Negative,0.1133704632520676,Slightly Positive
2018-01-09,195.0,,0.0,Neutral,-0.0573434680700302,Slightly Negative
2018-01-08,194.0,2018-01-08,0.5098813772201538,Positive,0.4812096431851387,Positive
2018-01-07,193.0,2018-01-07,0.9193395376205444,Strongly Positive,1.1742802262306213,Strongly Positive
2018-01-04,195.0,,0.0,Neutral,0.5871401131153107,Positive
2018-01-03,198.0,,0.0,Neutral,0.2298348844051361,Positive
2018-01-02,195.0,2018-01-02,0.907924234867096,Strongly Positive,0.907924234867096,Strongly Positive
2018-01-01,194.0,,0.0,Neutral,0.453962117433548,Positive
2017-12-31,186.0,,0.0,Neutral,0.226981058716774,Positive
2017-12-28,199.0,,0.0,Neutral,0.0,Neutral
2017-12-27,199.0,,0.0,Neutral,0.0,Neutral
2017-12-26,202.0,,0.0,Neutral,0.0,Neutral
2017-12-24,206.0,2017-12-24,0.5628668665885925,Positive,0.5628668665885925,Positive
2017-12-21,197.0,,0.0,Neutral,0.28143343329429626,Positive
2017-12-20,201.0,,0.0,Neutral,0.14071671664714813,Slightly Positive
2017-12-19,200.0,,0.0,Neutral,0.0,Neutral
2017-12-18,202.0,,0.0,Neutral,0.0,Neutral
2017-12-17,202.0,,0.0,Neutral,0.0,Neutral
2017-12-14,201.0,,0.0,Neutral,0.0,Neutral
2017-12-13,205.0,,0.0,Neutral,0.0,Neutral
2017-12-12,202.0,,0.0,Neutral,0.0,Neutral
2017-12-11,209.0,2017-12-11,0.5815926194190979,Positive,0.5815926194190979,Positive
2017-12-10,202.0,,0.0,Neutral,0.29079630970954895,Positive
2017-12-06,201.0,,0.0,Neutral,0.14539815485477448,Slightly Positive
2017-12-05,201.0,2017-12-05,0.1702946424484253,Slightly Positive,0.1702946424484253,Slightly Positive
2017-12-04,200.0,,0.0,Neutral,0.08514732122421265,Slightly Positive
2017-11-30,208.0,,0.0,Neutral,0.04257366061210632,Neutral
2017-11-29,204.0,,0.0,Neutral,0.0,Neutral
2017-11-28,201.0,2017-11-28,-0.5181993842124939,Negative,-0.5181993842124939,Negative
2017-11-27,200.0,,0.0,Neutral,-0.25909969210624695,Negative
2017-11-26,197.0,,0.0,Neutral,-0.12954984605312347,Slightly Negative
2017-11-23,198.0,2017-11-23,0.5980113744735718,Positive,0.5980113744735718,Positive
2017-11-22,204.0,,0.0,Neutral,0.2990056872367859,Positive
2017-11-21,202.0,,0.0,Neutral,0.14950284361839294,Slightly Positive
2017-11-20,195.0,,0.0,Neutral,0.0,Neutral
2017-11-19,201.0,,0.0,Neutral,0.0,Neutral
2017-11-16,200.0,,0.0,Neutral,0.0,Neutral
2017-11-15,203.0,,0.0,Neutral,0.0,Neutral
2017-11-14,202.0,2017-11-14,-0.7073986530303955,Strongly Negative,-0.7073986530303955,Strongly Negative
2017-11-13,204.0,,0.0,Neutral,-0.35369932651519775,Negative
2017-11-12,204.0,2017-11-12,0.9169417023658752,Strongly Positive,0.7400920391082764,Strongly Positive
2017-11-09,197.0,,0.0,Neutral,0.4584708511829376,Positive
2017-11-08,203.0,,0.0,Neutral,0.2292354255914688,Positive
2017-11-07,205.0,2017-11-07,0.3921329081058502,Positive,0.3921329081058502,Positive
2017-11-06,208.0,2017-11-06,0.2062046229839325,Positive,0.4022710770368576,Positive
2017-11-05,205.0,,0.0,Neutral,0.2011355385184288,Positive
2017-11-02,206.0,,0.0,Neutral,0.051551155745983124,Slightly Positive
2017-11-01,207.0,,0.0,Neutral,0.0,Neutral
2017-10-31,207.0,,0.0,Neutral,0.0,Neutral
2017-10-30,211.0,,0.0,Neutral,0.0,Neutral
2017-10-29,210.0,2017-10-29,-0.1552224159240722,Slightly Negative,-0.1552224159240722,Slightly Negative
2017-10-25,218.0,,0.0,Neutral,-0.0776112079620361,Slightly Negative
2017-10-24,232.0,2017-10-24,0.3031669482588768,Positive,0.26436134427785873,Positive
2017-10-23,220.0,,0.0,Neutral,0.1515834741294384,Slightly Positive
2017-10-22,220.0,,0.0,Neutral,0.0757917370647192,Slightly Positive
2017-10-18,209.0,,0.0,Neutral,0.0,Neutral
2017-10-17,199.0,,0.0,Neutral,0.0,Neutral
2017-10-16,200.0,2017-10-16,0.7397989630699158,Strongly Positive,0.7397989630699158,Strongly Positive
2017-10-15,199.0,,0.0,Neutral,0.3698994815349579,Positive
2017-10-11,203.0,,0.0,Neutral,0.18494974076747894,Slightly Positive
2017-10-10,210.0,,0.0,Neutral,0.0,Neutral
2017-10-08,214.0,,0.0,Neutral,0.0,Neutral
2017-10-04,213.0,,0.0,Neutral,0.0,Neutral
2017-10-03,219.0,,0.0,Neutral,0.0,Neutral
2017-09-26,222.0,,0.0,Neutral,0.0,Neutral
2017-09-25,214.0,2017-09-25,0.6380407959222794,Strongly Positive,0.6380407959222794,Strongly Positive
2017-09-24,223.0,,0.0,Neutral,0.3190203979611397,Positive
2017-09-20,203.0,,0.0,Neutral,0.15951019898056984,Slightly Positive
2017-09-18,197.0,,0.0,Neutral,0.0,Neutral
2017-09-17,206.0,,0.0,Neutral,0.0,Neutral
2017-09-14,213.0,,0.0,Neutral,0.0,Neutral
2017-09-13,218.0,,0.0,Neutral,0.0,Neutral
2017-09-12,210.0,2017-09-12,0.1277060508728027,Slightly Positive,0.1277060508728027,Slightly Positive
2017-09-11,215.0,,0.0,Neutral,0.06385302543640135,Slightly Positive
2017-09-10,214.0,,0.0,Neutral,0.03192651271820068,Neutral
2017-09-07,216.0,,0.0,Neutral,0.0,Neutral
2017-09-06,226.0,2017-09-06,0.8836968541145325,Strongly Positive,0.8836968541145325,Strongly Positive
2017-09-04,226.0,2017-09-04,0.0743787288665771,Slightly Positive,0.5162271559238434,Positive
2017-08-31,236.0,,0.0,Neutral,0.2581135779619217,Positive
2017-08-30,238.0,,0.0,Neutral,0.018594682216644277,Neutral
2017-08-28,245.0,,0.0,Neutral,0.0,Neutral
2017-08-27,239.0,2017-08-27,0.9203059077262878,Strongly Positive,0.9203059077262878,Strongly Positive
2017-08-24,242.0,,0.0,Neutral,0.4601529538631439,Positive
2017-08-23,245.0,,0.0,Neutral,0.23007647693157196,Positive
2017-08-22,246.0,,0.0,Neutral,0.0,Neutral
2017-08-21,240.0,2017-08-21,0.9056445956230164,Strongly Positive,0.9056445956230164,Strongly Positive
2017-08-20,240.0,,0.0,Neutral,0.4528222978115082,Positive
2017-08-17,241.0,2017-08-17,0.7896273136138916,Strongly Positive,1.0160384625196457,Strongly Positive
2017-08-16,245.0,,0.0,Neutral,0.3948136568069458,Positive
2017-08-15,240.0,,0.0,Neutral,0.1974068284034729,Slightly Positive
2017-08-13,243.0,,0.0,Neutral,0.0,Neutral
2017-08-10,247.0,2017-08-10,0.8426941633224487,Strongly Positive,0.8426941633224487,Strongly Positive
2017-08-09,249.0,,0.0,Neutral,0.42134708166122437,Positive
2017-08-07,250.0,,0.0,Neutral,0.21067354083061218,Positive
2017-08-06,265.0,,0.0,Neutral,0.0,Neutral
2017-08-02,270.0,,0.0,Neutral,0.0,Neutral
2017-08-01,255.0,,0.0,Neutral,0.0,Neutral
2017-07-31,250.0,2017-07-31,0.5858557224273682,Positive,0.5858557224273682,Positive
2017-07-30,260.0,,0.0,Neutral,0.2929278612136841,Positive
2017-07-27,265.0,,0.0,Neutral,0.14646393060684204,Slightly Positive
2017-07-26,263.0,,0.0,Neutral,0.0,Neutral
2017-07-25,270.0,,0.0,Neutral,0.0,Neutral
2017-07-24,250.0,,0.0,Neutral,0.0,Neutral
2017-07-23,251.0,,0.0,Neutral,0.0,Neutral
2017-07-20,256.0,2017-07-20,-0.3135278224945068,Negative,-0.3135278224945068,Negative
2017-07-19,260.0,,0.0,Neutral,-0.1567639112472534,Slightly Negative
2017-07-18,260.0,,0.0,Neutral,-0.0783819556236267,Slightly Negative
2017-07-17,251.0,2017-07-17,0.9291043877601624,Strongly Positive,0.9291043877601624,Strongly Positive
2017-07-16,252.0,,0.0,Neutral,0.4645521938800812,Positive
2017-07-13,253.0,,0.0,Neutral,0.2322760969400406,Positive
2017-07-12,252.0,,0.0,Neutral,0.0,Neutral
2017-07-11,255.0,,0.0,Neutral,0.0,Neutral
2017-07-10,260.0,,0.0,Neutral,0.0,Neutral
2017-07-09,260.0,,0.0,Neutral,0.0,Neutral
2017-07-06,265.0,2017-07-06,0.9184584617614746,Strongly Positive,0.9184584617614746,Strongly Positive
2017-07-05,255.0,2017-07-05,0.925973892211914,Strongly Positive,1.3852031230926514,Strongly Positive
2017-07-04,260.0,,0.0,Neutral,0.6926015615463257,Strongly Positive
2017-07-03,262.0,,0.0,Neutral,0.2314934730529785,Positive
2017-07-02,265.0,2017-07-02,0.8309491276741028,Strongly Positive,0.8309491276741028,Strongly Positive
2017-06-28,261.0,,0.0,Neutral,0.4154745638370514,Positive
2017-06-27,261.0,,0.0,Neutral,0.2077372819185257,Positive
2017-06-25,263.0,,0.0,Neutral,0.0,Neutral
2017-06-22,273.0,,0.0,Neutral,0.0,Neutral
2017-06-21,271.0,,0.0,Neutral,0.0,Neutral
2017-06-20,270.0,,0.0,Neutral,0.0,Neutral
2017-06-19,270.0,2017-06-19,0.2736774682998657,Positive,0.2736774682998657,Positive
2017-06-18,274.0,,0.0,Neutral,0.13683873414993286,Slightly Positive
2017-06-15,279.0,,0.0,Neutral,0.06841936707496643,Slightly Positive
2017-06-14,272.0,2017-06-14,0.7516312599182129,Strongly Positive,0.7516312599182129,Strongly Positive
2017-06-13,275.0,,0.0,Neutral,0.37581562995910645,Positive
2017-06-12,285.0,,0.0,Neutral,0.18790781497955322,Slightly Positive
2017-06-11,295.0,,0.0,Neutral,0.0,Neutral
2017-06-08,290.0,,0.0,Neutral,0.0,Neutral
2017-06-07,296.0,,0.0,Neutral,0.0,Neutral
2017-06-06,285.0,,0.0,Neutral,0.0,Neutral
2017-06-05,276.0,,0.0,Neutral,0.0,Neutral
2017-06-04,276.0,,0.0,Neutral,0.0,Neutral
2017-06-01,280.0,,0.0,Neutral,0.0,Neutral
2017-05-31,280.0,,0.0,Neutral,0.0,Neutral
2017-05-30,280.0,,0.0,Neutral,0.0,Neutral
2017-05-28,285.0,,0.0,Neutral,0.0,Neutral
2017-05-24,290.0,,0.0,Neutral,0.0,Neutral
2017-05-23,308.0,,0.0,Neutral,0.0,Neutral
2017-05-22,310.0,,0.0,Neutral,0.0,Neutral
2017-05-21,310.0,2017-05-21,0.543536901473999,Positive,0.543536901473999,Positive
2017-05-18,294.0,,0.0,Neutral,0.2717684507369995,Positive
2017-05-17,285.0,2017-05-17,0.9115880727767944,Strongly Positive,1.0474722981452942,Strongly Positive
2017-05-16,293.0,,0.0,Neutral,0.4557940363883972,Positive
2017-05-15,297.0,,0.0,Neutral,0.2278970181941986,Positive
2017-05-11,295.0,2017-05-11,0.6874037981033325,Strongly Positive,0.6874037981033325,Strongly Positive
2017-05-09,276.0,,0.0,Neutral,0.34370189905166626,Positive
2017-05-08,276.0,,0.0,Neutral,0.17185094952583313,Slightly Positive
2017-05-07,278.0,,0.0,Neutral,0.0,Neutral
2017-05-04,280.0,,0.0,Neutral,0.0,Neutral
2017-05-03,275.0,,0.0,Neutral,0.0,Neutral
2017-05-02,270.0,,0.0,Neutral,0.0,Neutral
2017-04-30,275.0,,0.0,Neutral,0.0,Neutral
2017-04-27,280.0,,0.0,Neutral,0.0,Neutral
2017-04-26,290.0,,0.0,Neutral,0.0,Neutral
2017-04-25,290.0,2017-04-25,0.7321624755859375,Strongly Positive,0.7321624755859375,Strongly Positive
2017-04-24,280.0,,0.0,Neutral,0.36608123779296875,Positive
2017-04-23,280.0,,0.0,Neutral,0.18304061889648438,Slightly Positive
2017-04-20,280.0,2017-04-20,-0.3623961433768272,Negative,-0.3623961433768272,Negative
2017-04-19,275.0,,0.0,Neutral,-0.1811980716884136,Slightly Negative
2017-04-18,275.0,,0.0,Neutral,-0.0905990358442068,Slightly Negative
2017-04-16,290.0,,0.0,Neutral,0.0,Neutral
2017-04-13,294.0,,0.0,Neutral,0.0,Neutral
2017-04-12,306.0,,0.0,Neutral,0.0,Neutral
2017-04-11,315.0,,0.0,Neutral,0.0,Neutral
2017-04-10,318.0,,0.0,Neutral,0.0,Neutral
2017-04-09,298.0,,0.0,Neutral,0.0,Neutral
2017-04-04,298.0,,0.0,Neutral,0.0,Neutral
2017-03-30,313.0,2017-03-30,-0.1716672480106353,Slightly Negative,-0.1716672480106353,Slightly Negative
2017-03-29,317.0,,0.0,Neutral,-0.08583362400531765,Slightly Negative
2017-03-28,300.0,,0.0,Neutral,-0.04291681200265882,Neutral
2017-03-26,279.0,,0.0,Neutral,0.0,Neutral
2017-03-23,254.0,,0.0,Neutral,0.0,Neutral
2017-03-22,238.0,2017-03-22,0.6236251592636108,Strongly Positive,0.6236251592636108,Strongly Positive
2017-03-21,233.0,,0.0,Neutral,0.3118125796318054,Positive
2017-03-20,234.0,,0.0,Neutral,0.1559062898159027,Slightly Positive
2017-03-19,228.0,,0.0,Neutral,0.0,Neutral
2017-03-16,228.0,,0.0,Neutral,0.0,Neutral
2017-03-15,224.0,,0.0,Neutral,0.0,Neutral
2017-03-14,220.0,,0.0,Neutral,0.0,Neutral
2017-03-13,223.0,,0.0,Neutral,0.0,Neutral
2017-03-09,224.0,,0.0,Neutral,0.0,Neutral
2017-03-07,226.0,2017-03-07,0.2491500675678253,Positive,0.2491500675678253,Positive
2017-03-06,226.0,,0.0,Neutral,0.12457503378391264,Slightly Positive
2017-03-05,226.0,,0.0,Neutral,0.06228751689195632,Slightly Positive
2017-03-02,230.0,2017-03-02,0.8856234550476074,Strongly Positive,0.8856234550476074,Strongly Positive
2017-03-01,230.0,2017-03-01,0.7320932149887085,Strongly Positive,1.1749049425125122,Strongly Positive
2017-02-28,233.0,,0.0,Neutral,0.5874524712562561,Positive
2017-02-26,241.0,,0.0,Neutral,0.18302330374717712,Slightly Positive
2017-02-23,250.0,2017-02-23,-0.5603695511817932,Negative,-0.5603695511817932,Negative
2017-02-22,253.0,,0.0,Neutral,-0.2801847755908966,Negative
2017-02-21,250.0,,0.0,Neutral,-0.1400923877954483,Slightly Negative
2017-02-20,249.0,,0.0,Neutral,0.0,Neutral
2017-02-19,241.0,,0.0,Neutral,0.0,Neutral
2017-02-16,240.0,,0.0,Neutral,0.0,Neutral
2017-02-15,236.0,2017-02-15,-0.5029162764549255,Negative,-0.5029162764549255,Negative
2017-02-14,220.0,,0.0,Neutral,-0.25145813822746277,Negative
2017-02-13,230.0,,0.0,Neutral,-0.12572906911373138,Slightly Negative
2017-02-12,241.0,,0.0,Neutral,0.0,Neutral
2017-02-09,254.0,,0.0,Neutral,0.0,Neutral
2017-02-08,257.0,,0.0,Neutral,0.0,Neutral
2017-02-07,260.0,2017-02-07,0.7273648977279663,Strongly Positive,0.7273648977279663,Strongly Positive
2017-02-06,265.0,,0.0,Neutral,0.36368244886398315,Positive
2017-02-05,265.0,,0.0,Neutral,0.18184122443199158,Slightly Positive
2017-02-02,269.0,,0.0,Neutral,0.0,Neutral
2017-02-01,266.0,,0.0,Neutral,0.0,Neutral
2017-01-31,251.0,,0.0,Neutral,0.0,Neutral
2017-01-26,248.0,,0.0,Neutral,0.0,Neutral
2017-01-25,250.0,,0.0,Neutral,0.0,Neutral
2017-01-24,274.0,,0.0,Neutral,0.0,Neutral
2017-01-23,265.0,,0.0,Neutral,0.0,Neutral
2017-01-22,265.0,,0.0,Neutral,0.0,Neutral
2017-01-19,268.0,2017-01-19,0.8906235098838806,Strongly Positive,0.8906235098838806,Strongly Positive
2017-01-18,275.0,2017-01-18,-0.7480860352516174,Strongly Negative,-0.3027742803096771,Negative
2017-01-17,275.0,,0.0,Neutral,-0.15138714015483856,Slightly Negative
2017-01-16,275.0,,0.0,Neutral,-0.18702150881290436,Slightly Negative
2017-01-15,285.0,2017-01-15,0.8086245059967041,Strongly Positive,0.8086245059967041,Strongly Positive
2017-01-12,285.0,,0.0,Neutral,0.40431225299835205,Positive
2017-01-11,276.0,,0.0,Neutral,0.20215612649917603,Positive
2017-01-10,277.0,,0.0,Neutral,0.0,Neutral
2017-01-09,272.0,,0.0,Neutral,0.0,Neutral
2017-01-08,267.0,,0.0,Neutral,0.0,Neutral
2017-01-05,271.0,,0.0,Neutral,0.0,Neutral
2017-01-04,266.0,,0.0,Neutral,0.0,Neutral
2017-01-03,286.0,,0.0,Neutral,0.0,Neutral
2017-01-01,290.0,2017-01-01,0.1828947961330413,Slightly Positive,0.1828947961330413,Slightly Positive
2016-12-29,275.0,,0.0,Neutral,0.09144739806652065,Slightly Positive
2016-12-28,270.0,2016-12-28,0.881725013256073,Strongly Positive,0.9274487122893333,Strongly Positive
2016-12-27,275.0,,0.0,Neutral,0.4408625066280365,Positive
2016-12-26,275.0,,0.0,Neutral,0.22043125331401825,Positive
2016-12-22,277.0,,0.0,Neutral,0.0,Neutral
2016-12-21,270.0,,0.0,Neutral,0.0,Neutral
2016-12-20,280.0,,0.0,Neutral,0.0,Neutral
2016-12-19,280.0,,0.0,Neutral,0.0,Neutral
2016-12-18,275.0,,0.0,Neutral,0.0,Neutral
2016-12-15,270.0,,0.0,Neutral,0.0,Neutral
2016-12-14,267.0,,0.0,Neutral,0.0,Neutral
2016-12-12,267.0,,0.0,Neutral,0.0,Neutral
2016-12-11,282.0,,0.0,Neutral,0.0,Neutral
2016-12-08,294.0,,0.0,Neutral,0.0,Neutral
2016-12-07,304.0,,0.0,Neutral,0.0,Neutral
2016-12-06,297.0,,0.0,Neutral,0.0,Neutral
2016-12-05,314.0,2016-12-05,0.7129253149032593,Strongly Positive,0.7129253149032593,Strongly Positive
2016-12-04,308.0,,0.0,Neutral,0.35646265745162964,Positive
2016-12-01,314.0,,0.0,Neutral,0.17823132872581482,Slightly Positive
2016-11-30,320.0,,0.0,Neutral,0.0,Neutral
2016-11-29,306.0,,0.0,Neutral,0.0,Neutral
2016-11-28,301.0,,0.0,Neutral,0.0,Neutral
2016-11-27,317.0,,0.0,Neutral,0.0,Neutral
2016-11-24,335.0,,0.0,Neutral,0.0,Neutral
2016-11-22,341.0,,0.0,Neutral,0.0,Neutral
2016-11-21,354.0,2016-11-21,0.8399505615234375,Strongly Positive,0.8399505615234375,Strongly Positive
2016-11-17,348.0,,0.0,Neutral,0.41997528076171875,Positive
2016-11-16,360.0,,0.0,Neutral,0.20998764038085938,Positive
2016-11-15,365.0,,0.0,Neutral,0.0,Neutral
2016-11-14,375.0,,0.0,Neutral,0.0,Neutral
2016-11-13,378.0,,0.0,Neutral,0.0,Neutral
2016-11-09,380.0,2016-11-09,-0.9314858317375184,Strongly Negative,-0.9314858317375184,Strongly Negative
2016-11-08,385.0,,0.0,Neutral,-0.4657429158687592,Negative
2016-11-03,385.0,,0.0,Neutral,-0.2328714579343796,Negative
2016-10-27,385.0,2016-10-27,0.7380070686340332,Strongly Positive,0.7380070686340332,Strongly Positive
2016-10-26,388.0,,0.0,Neutral,0.3690035343170166,Positive
2016-10-25,391.0,,0.0,Neutral,0.1845017671585083,Slightly Positive
2016-10-23,398.0,2016-10-23,-0.9054261445999146,Strongly Negative,-0.9054261445999146,Strongly Negative
2016-10-20,399.0,,0.0,Neutral,-0.4527130722999573,Negative
2016-10-19,392.0,,0.0,Neutral,-0.22635653614997864,Negative
2016-10-18,392.0,,0.0,Neutral,0.0,Neutral
2016-10-16,400.0,,0.0,Neutral,0.0,Neutral
2016-10-06,402.0,,0.0,Neutral,0.0,Neutral
2016-10-05,395.0,,0.0,Neutral,0.0,Neutral
2016-10-04,398.0,,0.0,Neutral,0.0,Neutral
2016-10-03,398.0,2016-10-03,0.1059269905090332,Slightly Positive,0.1059269905090332,Slightly Positive
2016-10-02,394.0,2016-10-02,0.8898768424987793,Strongly Positive,0.9428403377532959,Strongly Positive
2016-09-29,397.0,2016-09-29,0.9111406207084656,Strongly Positive,1.3825607895851135,Strongly Positive
2016-09-28,403.0,,0.0,Neutral,0.6780395209789276,Strongly Positive
2016-09-27,410.0,,0.0,Neutral,0.2277851551771164,Positive
2016-09-26,417.0,,0.0,Neutral,0.0,Neutral
2016-09-25,420.0,,0.0,Neutral,0.0,Neutral
2016-09-22,430.0,2016-09-22,0.0431180894374847,Neutral,0.0431180894374847,Neutral
2016-09-21,430.0,2016-09-21,0.8862911760807037,Strongly Positive,0.9078502207994461,Strongly Positive
2016-09-20,435.0,2016-09-20,0.9242508411407472,Strongly Positive,1.3781759515404701,Strongly Positive
2016-09-18,430.0,2016-09-18,0.8751511573791504,Strongly Positive,1.5588493719696999,Strongly Positive
2016-09-14,420.0,,0.0,Neutral,0.668638288974762,Strongly Positive
2016-09-12,412.0,2016-09-12,0.902121365070343,Strongly Positive,1.1209091544151306,Strongly Positive
2016-09-11,415.0,2016-09-11,0.8642315864562988,Strongly Positive,1.3152922689914703,Strongly Positive
2016-09-08,412.0,,0.0,Neutral,0.6576461344957352,Strongly Positive
2016-09-07,410.0,,0.0,Neutral,0.2160578966140747,Positive
2016-09-06,405.0,,0.0,Neutral,0.0,Neutral
2016-09-05,410.0,,0.0,Neutral,0.0,Neutral
2016-09-04,410.0,,0.0,Neutral,0.0,Neutral
2016-09-03,410.0,,0.0,Neutral,0.0,Neutral
2016-09-01,406.0,2016-09-01,0.7710901498794556,Strongly Positive,0.7710901498794556,Strongly Positive
2016-08-31,403.0,,0.0,Neutral,0.3855450749397278,Positive
2016-08-30,440.0,2016-08-30,-0.0680882036685943,Slightly Negative,0.12468433380126959,Slightly Positive
2016-08-29,427.0,,0.0,Neutral,-0.03404410183429715,Neutral
2016-08-28,440.0,,0.0,Neutral,-0.017022050917148576,Neutral
2016-08-24,445.0,,0.0,Neutral,0.0,Neutral
2016-08-23,441.0,,0.0,Neutral,0.0,Neutral
2016-08-22,443.0,,0.0,Neutral,0.0,Neutral
2016-08-21,452.0,,0.0,Neutral,0.0,Neutral
2016-08-17,455.0,,0.0,Neutral,0.0,Neutral
2016-08-16,444.0,2016-08-16,0.0269997715950012,Neutral,0.0269997715950012,Neutral
2016-08-15,465.0,,0.0,Neutral,0.0134998857975006,Neutral
2016-08-14,475.0,,0.0,Neutral,0.0067499428987503,Neutral
2016-08-11,485.0,,0.0,Neutral,0.0,Neutral
2016-08-10,500.0,,0.0,Neutral,0.0,Neutral
2016-08-08,510.0,,0.0,Neutral,0.0,Neutral
2016-08-07,530.0,,0.0,Neutral,0.0,Neutral
2016-08-04,488.0,,0.0,Neutral,0.0,Neutral
2016-08-03,506.0,,0.0,Neutral,0.0,Neutral
2016-08-02,510.0,,0.0,Neutral,0.0,Neutral
2016-08-01,500.0,,0.0,Neutral,0.0,Neutral
2016-07-31,520.0,,0.0,Neutral,0.0,Neutral
2016-07-28,540.0,,0.0,Neutral,0.0,Neutral
2016-07-27,535.0,,0.0,Neutral,0.0,Neutral
2016-07-26,530.0,,0.0,Neutral,0.0,Neutral
2016-07-25,491.0,,0.0,Neutral,0.0,Neutral
2016-07-21,496.0,2016-07-21,-0.5415614247322083,Negative,-0.5415614247322083,Negative
2016-07-20,492.0,,0.0,Neutral,-0.2707807123661041,Negative
2016-07-19,500.0,2016-07-19,-0.5339106917381287,Negative,-0.6693010479211807,Strongly Negative
2016-07-18,499.0,,0.0,Neutral,-0.26695534586906433,Negative
2016-07-17,500.0,2016-07-17,0.8322827219963074,Strongly Positive,0.6988050490617752,Strongly Positive
2016-07-14,495.0,,0.0,Neutral,0.4161413609981537,Positive
2016-07-13,495.0,,0.0,Neutral,0.20807068049907684,Positive
2016-07-12,520.0,,0.0,Neutral,0.0,Neutral
2016-07-11,520.0,,0.0,Neutral,0.0,Neutral
2016-07-10,520.0,2016-07-10,0.8081753253936768,Strongly Positive,0.8081753253936768,Strongly Positive
2016-07-06,525.0,,0.0,Neutral,0.4040876626968384,Positive
2016-07-05,521.0,,0.0,Neutral,0.2020438313484192,Positive
2016-07-04,526.0,,0.0,Neutral,0.0,Neutral
2016-07-03,503.0,,0.0,Neutral,0.0,Neutral
2016-06-30,510.0,,0.0,Neutral,0.0,Neutral
2016-06-29,512.0,,0.0,Neutral,0.0,Neutral
2016-06-28,521.0,,0.0,Neutral,0.0,Neutral
2016-06-27,520.0,,0.0,Neutral,0.0,Neutral
2016-06-26,535.0,,0.0,Neutral,0.0,Neutral
2016-06-23,522.0,2016-06-23,0.581391453742981,Positive,0.581391453742981,Positive
2016-06-22,510.0,,0.0,Neutral,0.2906957268714905,Positive
2016-06-21,515.0,,0.0,Neutral,0.14534786343574524,Slightly Positive
2016-06-20,505.0,,0.0,Neutral,0.0,Neutral
2016-06-19,505.0,2016-06-19,0.8847450613975525,Strongly Positive,0.8847450613975525,Strongly Positive
2016-06-16,513.0,,0.0,Neutral,0.44237253069877625,Positive
2016-06-15,467.0,2016-06-15,0.6763022541999817,Strongly Positive,0.8974885195493698,Strongly Positive
2016-06-14,425.0,,0.0,Neutral,0.33815112709999084,Positive
2016-06-13,412.0,,0.0,Neutral,0.16907556354999542,Slightly Positive
2016-06-12,393.0,,0.0,Neutral,0.0,Neutral
2016-06-09,394.0,,0.0,Neutral,0.0,Neutral
2016-06-08,400.0,,0.0,Neutral,0.0,Neutral
2016-06-07,404.0,,0.0,Neutral,0.0,Neutral
2016-06-06,400.0,,0.0,Neutral,0.0,Neutral
2016-06-05,395.0,2016-06-05,0.9090322256088256,Strongly Positive,0.9090322256088256,Strongly Positive
2016-06-02,410.0,2016-06-02,0.8896958827972412,Strongly Positive,1.344211995601654,Strongly Positive
2016-06-01,412.0,,0.0,Neutral,0.672105997800827,Strongly Positive
2016-05-31,440.0,,0.0,Neutral,0.2224239706993103,Positive
2016-05-30,400.0,2016-05-30,0.9280319213867188,Strongly Positive,0.9280319213867188,Strongly Positive
2016-05-29,399.0,,0.0,Neutral,0.4640159606933594,Positive
2016-05-26,390.0,,0.0,Neutral,0.2320079803466797,Positive
2016-05-25,372.0,,0.0,Neutral,0.0,Neutral
2016-05-24,401.0,,0.0,Neutral,0.0,Neutral
2016-05-23,400.0,,0.0,Neutral,0.0,Neutral
2016-05-22,403.0,,0.0,Neutral,0.0,Neutral
2016-05-19,395.0,,0.0,Neutral,0.0,Neutral
2016-05-18,398.0,,0.0,Neutral,0.0,Neutral
2016-05-17,395.0,2016-05-17,0.9240453839302064,Strongly Positive,0.9240453839302064,Strongly Positive
2016-05-16,393.0,,0.0,Neutral,0.4620226919651032,Positive
2016-05-15,400.0,,0.0,Neutral,0.2310113459825516,Positive
2016-05-12,395.0,,0.0,Neutral,0.0,Neutral
2016-05-11,392.0,,0.0,Neutral,0.0,Neutral
2016-05-10,392.0,2016-05-10,0.8823189735412598,Strongly Positive,0.8823189735412598,Strongly Positive
2016-05-09,388.0,,0.0,Neutral,0.4411594867706299,Positive
2016-05-08,391.0,,0.0,Neutral,0.22057974338531494,Positive
2016-05-05,395.0,,0.0,Neutral,0.0,Neutral
2016-05-04,390.0,,0.0,Neutral,0.0,Neutral
2016-05-03,404.0,,0.0,Neutral,0.0,Neutral
2016-04-28,417.0,2016-04-28,-0.6809363961219788,Strongly Negative,-0.6809363961219788,Strongly Negative
2016-04-27,421.0,2016-04-27,0.1160554587841034,Slightly Positive,-0.224412739276886,Negative
2016-04-26,420.0,,0.0,Neutral,-0.112206369638443,Slightly Negative
2016-04-25,414.0,,0.0,Neutral,0.02901386469602585,Neutral
2016-04-24,395.0,,0.0,Neutral,0.0,Neutral
2016-04-21,395.0,,0.0,Neutral,0.0,Neutral
2016-04-20,401.0,2016-04-20,0.7522884607315063,Strongly Positive,0.7522884607315063,Strongly Positive
2016-04-19,418.0,2016-04-19,-0.926275670528412,Strongly Negative,-0.5501314401626588,Negative
2016-04-18,447.0,2016-04-18,0.0300204027444124,Neutral,-0.24504531733691698,Negative
2016-04-04,492.0,,0.0,Neutral,-0.21655871625989678,Negative
2016-04-03,502.0,,0.0,Neutral,0.0075051006861031,Neutral
2016-03-28,512.0,2016-03-28,0.5935075283050537,Positive,0.5935075283050537,Positive
2016-03-23,522.0,,0.0,Neutral,0.29675376415252686,Positive
2016-03-21,532.0,,0.0,Neutral,0.14837688207626343,Slightly Positive
2016-03-17,484.0,2016-03-17,0.7216230034828186,Strongly Positive,0.7216230034828186,Strongly Positive
2016-03-16,452.0,2016-03-16,-0.7536658644676208,Strongly Negative,-0.39285436272621155,Negative
2016-03-15,411.0,2016-03-15,0.789482593536377,Strongly Positive,0.5930554121732712,Positive
2016-03-13,374.0,,0.0,Neutral,0.20632483065128326,Positive
2016-03-10,353.0,,0.0,Neutral,0.19737064838409424,Slightly Positive
2016-03-06,361.0,,0.0,Neutral,0.0,Neutral
2016-03-03,350.0,2016-03-03,0.7107265591621399,Strongly Positive,0.7107265591621399,Strongly Positive
2016-03-01,352.0,,0.0,Neutral,0.35536327958106995,Positive
2016-02-29,351.0,2016-02-29,0.6740023493766785,Strongly Positive,0.8516839891672134,Strongly Positive
2016-02-28,345.0,,0.0,Neutral,0.33700117468833923,Positive
2016-02-25,345.0,2016-02-25,0.8789723515510559,Strongly Positive,1.0474729388952255,Strongly Positive
2016-02-24,345.0,,0.0,Neutral,0.43948617577552795,Positive
2016-02-23,345.0,,0.0,Neutral,0.21974308788776398,Positive
2016-02-22,350.0,,0.0,Neutral,0.0,Neutral
2016-02-21,347.0,,0.0,Neutral,0.0,Neutral
2016-02-18,347.0,,0.0,Neutral,0.0,Neutral
2016-02-16,340.0,,0.0,Neutral,0.0,Neutral
2016-02-15,345.0,,0.0,Neutral,0.0,Neutral
2016-02-14,345.0,2016-02-14,0.8966696262359619,Strongly Positive,0.8966696262359619,Strongly Positive
2016-02-11,352.0,,0.0,Neutral,0.44833481311798096,Positive
2016-02-08,336.0,,0.0,Neutral,0.22416740655899048,Positive
2016-02-07,315.0,,0.0,Neutral,0.0,Neutral
2016-02-04,316.0,,0.0,Neutral,0.0,Neutral
2016-02-01,314.0,,0.0,Neutral,0.0,Neutral
2016-01-28,320.0,,0.0,Neutral,0.0,Neutral
2016-01-27,312.0,,0.0,Neutral,0.0,Neutral
2016-01-26,324.0,,0.0,Neutral,0.0,Neutral
2016-01-25,330.0,,0.0,Neutral,0.0,Neutral
2016-01-24,308.0,,0.0,Neutral,0.0,Neutral
2016-01-14,280.0,,0.0,Neutral,0.0,Neutral
2016-01-13,290.0,,0.0,Neutral,0.0,Neutral
2016-01-12,275.0,,0.0,Neutral,0.0,Neutral
2016-01-11,273.0,2016-01-11,0.6818904876708984,Strongly Positive,0.6818904876708984,Strongly Positive
2016-01-10,282.0,,0.0,Neutral,0.3409452438354492,Positive
2016-01-07,283.0,,0.0,Neutral,0.1704726219177246,Slightly Positive
2016-01-06,280.0,,0.0,Neutral,0.0,Neutral
2016-01-05,277.0,,0.0,Neutral,0.0,Neutral
2016-01-04,276.0,,0.0,Neutral,0.0,Neutral
2016-01-03,267.0,,0.0,Neutral,0.0,Neutral
2015-12-31,271.0,,0.0,Neutral,0.0,Neutral
2015-12-29,273.0,,0.0,Neutral,0.0,Neutral
2015-12-28,273.0,,0.0,Neutral,0.0,Neutral
2015-12-27,265.0,,0.0,Neutral,0.0,Neutral
2015-12-24,272.0,,0.0,Neutral,0.0,Neutral
2015-12-23,269.0,,0.0,Neutral,0.0,Neutral
2015-12-22,274.0,,0.0,Neutral,0.0,Neutral
2015-12-21,281.0,,0.0,Neutral,0.0,Neutral
2015-12-20,285.0,,0.0,Neutral,0.0,Neutral
2015-12-17,289.0,,0.0,Neutral,0.0,Neutral
2015-12-16,299.0,,0.0,Neutral,0.0,Neutral
2015-12-15,307.0,,0.0,Neutral,0.0,Neutral
2015-12-14,306.0,,0.0,Neutral,0.0,Neutral
2015-12-13,305.0,,0.0,Neutral,0.0,Neutral
2015-12-10,317.0,,0.0,Neutral,0.0,Neutral
2015-12-09,314.0,,0.0,Neutral,0.0,Neutral
2015-12-08,315.0,,0.0,Neutral,0.0,Neutral
2015-12-07,322.0,2015-12-07,0.9273107945919036,Strongly Positive,0.9273107945919036,Strongly Positive
2015-12-06,325.0,,0.0,Neutral,0.4636553972959518,Positive
2015-12-03,325.0,2015-12-03,0.9220194220542908,Strongly Positive,1.1538471207022667,Strongly Positive
2015-12-02,338.0,,0.0,Neutral,0.4610097110271454,Positive
2015-12-01,333.0,2015-12-01,-0.5810050964355469,Negative,-0.3505002409219742,Negative
2015-11-30,325.0,,0.0,Neutral,-0.29050254821777344,Negative
2015-11-29,330.0,2015-11-29,0.923660397529602,Strongly Positive,0.7784091234207153,Strongly Positive
2015-11-26,330.0,,0.0,Neutral,0.461830198764801,Positive
2015-11-25,344.0,,0.0,Neutral,0.2309150993824005,Positive
2015-11-24,360.0,,0.0,Neutral,0.0,Neutral
2015-11-23,367.0,,0.0,Neutral,0.0,Neutral
2015-11-22,370.0,,0.0,Neutral,0.0,Neutral
2015-11-19,366.0,,0.0,Neutral,0.0,Neutral
2015-11-18,381.0,,0.0,Neutral,0.0,Neutral
2015-11-16,374.0,,0.0,Neutral,0.0,Neutral
2015-11-15,376.0,,0.0,Neutral,0.0,Neutral
2015-11-10,397.0,,0.0,Neutral,0.0,Neutral
2015-11-09,380.0,,0.0,Neutral,0.0,Neutral
2015-11-08,380.0,,0.0,Neutral,0.0,Neutral
2015-11-05,382.0,,0.0,Neutral,0.0,Neutral
2015-11-04,380.0,,0.0,Neutral,0.0,Neutral
2015-11-03,368.0,,0.0,Neutral,0.0,Neutral
2015-11-02,385.0,,0.0,Neutral,0.0,Neutral
2015-11-01,400.0,,0.0,Neutral,0.0,Neutral
2015-10-29,412.0,,0.0,Neutral,0.0,Neutral
2015-10-28,419.0,,0.0,Neutral,0.0,Neutral
2015-10-27,388.0,,0.0,Neutral,0.0,Neutral
2015-10-25,353.0,,0.0,Neutral,0.0,Neutral
2015-10-19,322.0,,0.0,Neutral,0.0,Neutral
2015-10-15,304.0,2015-10-15,0.906463861465454,Strongly Positive,0.906463861465454,Strongly Positive
2026-03-03,478.9,,0.0,Neutral,0.453231930732727,Positive
2026-03-01,470.9,,0.0,Neutral,0.2266159653663635,Positive
2026-02-26,462.1,,0.0,Neutral,0.0,Neutral
2026-02-25,459.2,2026-02-25,0.8774493336677551,Strongly Positive,0.8774493336677551,Strongly Positive
2026-02-24,462.0,,0.0,Neutral,0.43872466683387756,Positive
2026-02-23,457.0,,0.0,Neutral,0.21936233341693878,Positive
2026-02-22,458.0,,0.0,Neutral,0.0,Neutral
2026-02-17,465.0,,0.0,Neutral,0.0,Neutral
2026-02-16,473.9,,0.0,Neutral,0.0,Neutral
2026-02-12,470.0,2026-02-12,-0.2644221298396587,Negative,-0.2644221298396587,Negative
2026-02-11,467.9,2026-02-11,-0.4408624172210693,Negative,-0.5730734821408986,Negative
2026-02-10,471.9,2026-02-10,-0.5762443542480469,Negative,-0.8627810953184962,Strongly Negative
2026-02-09,476.9,,0.0,Neutral,-0.39833778142929077,Negative
2026-02-08,485.0,,0.0,Neutral,-0.14406108856201172,Slightly Negative
2026-02-05,482.3,,0.0,Neutral,0.0,Neutral
2026-02-04,477.6,,0.0,Neutral,0.0,Neutral
2026-02-03,479.0,,0.0,Neutral,0.0,Neutral
2026-02-02,485.0,,0.0,Neutral,0.0,Neutral
2026-02-01,485.0,,0.0,Neutral,0.0,Neutral
2026-01-29,484.0,,0.0,Neutral,0.0,Neutral
2026-01-28,490.1,2026-01-28,0.0113222198560833,Neutral,0.0113222198560833,Neutral
2026-01-27,487.0,,0.0,Neutral,0.00566110992804165,Neutral
2026-01-26,505.0,,0.0,Neutral,0.002830554964020825,Neutral
2026-01-25,513.0,,0.0,Neutral,0.0,Neutral
2026-01-22,497.2,,0.0,Neutral,0.0,Neutral
2026-01-21,484.0,,0.0,Neutral,0.0,Neutral
2026-01-20,485.5,,0.0,Neutral,0.0,Neutral
2026-01-18,492.0,,0.0,Neutral,0.0,Neutral
2026-01-14,470.0,2026-01-14,0.0140300989151,Neutral,0.0140300989151,Neutral
2026-01-13,464.9,,0.0,Neutral,0.00701504945755,Neutral
2026-01-12,468.9,,0.0,Neutral,0.003507524728775,Neutral
2026-01-08,465.0,,0.0,Neutral,0.0,Neutral
2026-01-07,467.0,,0.0,Neutral,0.0,Neutral
2026-01-06,470.5,,0.0,Neutral,0.0,Neutral
2026-01-05,457.0,2026-01-05,-0.8387445211410522,Strongly Negative,-0.8387445211410522,Strongly Negative
2026-01-04,452.0,,0.0,Neutral,-0.4193722605705261,Negative
2026-01-01,456.2,,0.0,Neutral,-0.20968613028526306,Negative
2025-12-31,462.0,,0.0,Neutral,0.0,Neutral
2025-12-29,456.2,,0.0,Neutral,0.0,Neutral
2025-12-28,461.0,,0.0,Neutral,0.0,Neutral
2025-12-24,448.0,,0.0,Neutral,0.0,Neutral
2025-12-23,454.8,,0.0,Neutral,0.0,Neutral
2025-12-22,454.0,,0.0,Neutral,0.0,Neutral
2025-12-21,455.5,,0.0,Neutral,0.0,Neutral
2025-12-18,460.2,,0.0,Neutral,0.0,Neutral
2025-12-17,468.3,,0.0,Neutral,0.0,Neutral
2025-12-16,461.0,,0.0,Neutral,0.0,Neutral
2025-12-15,464.8,2025-12-15,0.0156788323074579,Neutral,0.0156788323074579,Neutral
2025-12-14,455.0,,0.0,Neutral,0.00783941615372895,Neutral
2025-12-11,468.0,2025-12-11,0.4957837536931038,Positive,0.49970346176996827,Positive
2025-12-10,475.0,,0.0,Neutral,0.2478918768465519,Positive
2025-12-09,484.9,,0.0,Neutral,0.12394593842327595,Slightly Positive
2025-12-08,483.9,,0.0,Neutral,0.0,Neutral
2025-12-07,485.0,,0.0,Neutral,0.0,Neutral
2025-12-03,488.0,,0.0,Neutral,0.0,Neutral
2025-12-02,475.3,,0.0,Neutral,0.0,Neutral
2025-12-01,473.0,,0.0,Neutral,0.0,Neutral
2025-11-30,467.9,2025-11-30,-0.5521965622901917,Negative,-0.5521965622901917,Negative
2025-11-27,472.9,,0.0,Neutral,-0.2760982811450958,Negative
2025-11-26,476.0,,0.0,Neutral,-0.1380491405725479,Slightly Negative
2025-11-25,477.0,2025-11-25,0.6663917303085327,Strongly Positive,0.6663917303085327,Strongly Positive
2025-11-24,477.5,,0.0,Neutral,0.33319586515426636,Positive
2025-11-23,472.0,,0.0,Neutral,0.16659793257713318,Slightly Positive
2025-11-20,468.0,,0.0,Neutral,0.0,Neutral
2025-11-19,474.0,,0.0,Neutral,0.0,Neutral
2025-11-18,471.0,,0.0,Neutral,0.0,Neutral
2025-11-17,465.0,,0.0,Neutral,0.0,Neutral
2025-11-16,474.0,,0.0,Neutral,0.0,Neutral
2025-11-13,477.4,,0.0,Neutral,0.0,Neutral
2025-11-12,493.1,,0.0,Neutral,0.0,Neutral
2025-11-11,488.0,2025-11-11,-0.5206417441368103,Negative,-0.5206417441368103,Negative
2025-11-10,487.0,2025-11-10,0.1399208903312683,Slightly Positive,-0.12039998173713684,Slightly Negative
2025-11-09,494.1,,0.0,Neutral,-0.06019999086856842,Slightly Negative
2025-11-06,497.9,,0.0,Neutral,0.03498022258281708,Neutral
2025-11-05,470.1,2025-11-05,0.9275050759315492,Strongly Positive,0.9275050759315492,Strongly Positive
2025-11-04,455.1,,0.0,Neutral,0.4637525379657746,Positive
2025-11-03,467.0,,0.0,Neutral,0.2318762689828873,Positive
2025-11-02,471.5,2025-11-02,0.8304534256458282,Strongly Positive,0.8304534256458282,Strongly Positive
2025-10-30,451.0,,0.0,Neutral,0.4152267128229141,Positive
2025-10-29,443.5,,0.0,Neutral,0.20761335641145706,Positive
2025-10-28,446.7,,0.0,Neutral,0.0,Neutral
2025-10-26,433.0,,0.0,Neutral,0.0,Neutral
2025-10-19,435.0,2025-10-19,-0.7027487754821777,Strongly Negative,-0.7027487754821777,Strongly Negative
2025-10-16,430.1,,0.0,Neutral,-0.35137438774108887,Negative
2025-10-15,435.0,,0.0,Neutral,-0.17568719387054443,Slightly Negative
2025-10-14,439.9,,0.0,Neutral,0.0,Neutral
2025-10-13,444.1,,0.0,Neutral,0.0,Neutral
2025-10-12,438.2,,0.0,Neutral,0.0,Neutral
2025-10-09,455.0,,0.0,Neutral,0.0,Neutral
2025-10-08,444.0,,0.0,Neutral,0.0,Neutral
2025-10-07,459.8,,0.0,Neutral,0.0,Neutral
2025-09-28,471.0,,0.0,Neutral,0.0,Neutral
2025-09-25,467.0,,0.0,Neutral,0.0,Neutral
2025-09-24,465.0,,0.0,Neutral,0.0,Neutral
2025-09-23,472.0,,0.0,Neutral,0.0,Neutral
2025-09-21,456.39,,0.0,Neutral,0.0,Neutral
2025-09-18,419.8,2025-09-18,0.0988965034484863,Slightly Positive,0.0988965034484863,Slightly Positive
2025-09-08,465.09,,0.0,Neutral,0.04944825172424315,Neutral
2025-09-07,474.89,,0.0,Neutral,0.024724125862121575,Neutral
2025-09-04,470.99,,0.0,Neutral,0.0,Neutral
2025-09-03,470.12,,0.0,Neutral,0.0,Neutral
2025-09-02,475.31,,0.0,Neutral,0.0,Neutral
2025-09-01,479.24,,0.0,Neutral,0.0,Neutral
2025-08-31,480.81,2025-08-31,-0.8702601194381714,Strongly Negative,-0.8702601194381714,Strongly Negative
2025-08-28,492.55,2025-08-28,0.9314732551574708,Strongly Positive,0.4963431954383851,Positive
2025-08-27,503.54,2025-08-27,-0.8449028730392456,Strongly Negative,-0.5967312753200531,Negative
2025-08-26,496.0,,0.0,Neutral,-0.1895831227302551,Slightly Negative
2025-08-25,495.2,,0.0,Neutral,-0.2112257182598114,Negative
2025-08-24,492.79,,0.0,Neutral,0.0,Neutral
2025-08-21,499.32,,0.0,Neutral,0.0,Neutral
2025-08-20,498.98,,0.0,Neutral,0.0,Neutral
2025-08-19,500.86,,0.0,Neutral,0.0,Neutral
2025-08-18,504.66,,0.0,Neutral,0.0,Neutral
2025-08-17,505.23,2025-08-17,-0.0869648940861225,Slightly Negative,-0.0869648940861225,Slightly Negative
2025-08-14,510.28,,0.0,Neutral,-0.04348244704306125,Neutral
2025-08-13,511.22,,0.0,Neutral,-0.021741223521530625,Neutral
2025-08-12,504.52,,0.0,Neutral,0.0,Neutral
2025-08-11,519.21,,0.0,Neutral,0.0,Neutral
2025-08-07,525.44,,0.0,Neutral,0.0,Neutral
2025-08-06,522.45,,0.0,Neutral,0.0,Neutral
2025-08-05,518.87,,0.0,Neutral,0.0,Neutral
2025-08-04,531.52,,0.0,Neutral,0.0,Neutral
2025-08-03,533.46,,0.0,Neutral,0.0,Neutral
2025-07-31,540.74,,0.0,Neutral,0.0,Neutral
2025-07-30,539.0,,0.0,Neutral,0.0,Neutral
2025-07-29,560.92,,0.0,Neutral,0.0,Neutral
2025-07-28,562.8,,0.0,Neutral,0.0,Neutral
2025-07-27,546.31,,0.0,Neutral,0.0,Neutral
2025-07-24,566.84,,0.0,Neutral,0.0,Neutral
2025-07-23,557.81,,0.0,Neutral,0.0,Neutral
2025-07-22,526.38,,0.0,Neutral,0.0,Neutral
2025-07-21,519.66,,0.0,Neutral,0.0,Neutral
2025-07-20,516.1,,0.0,Neutral,0.0,Neutral
2025-07-17,528.9,2025-07-17,0.0606837570667266,Slightly Positive,0.0606837570667266,Slightly Positive
2025-07-16,512.03,,0.0,Neutral,0.0303418785333633,Neutral
2025-07-15,510.17,,0.0,Neutral,0.01517093926668165,Neutral
2025-07-14,502.74,2025-07-14,0.3165594339370727,Positive,0.3165594339370727,Positive
2025-07-13,507.21,,0.0,Neutral,0.15827971696853635,Slightly Positive
2025-07-10,498.78,,0.0,Neutral,0.07913985848426817,Slightly Positive
2025-07-09,494.08,2025-07-09,0.5959690809249878,Positive,0.5959690809249878,Positive
2025-07-08,490.93,,0.0,Neutral,0.2979845404624939,Positive
2025-07-07,490.43,,0.0,Neutral,0.14899227023124695,Slightly Positive
2025-07-06,511.09,,0.0,Neutral,0.0,Neutral
2025-07-03,503.76,,0.0,Neutral,0.0,Neutral
2025-07-02,480.6,,0.0,Neutral,0.0,Neutral
2025-07-01,470.35,,0.0,Neutral,0.0,Neutral
2025-06-30,467.79,,0.0,Neutral,0.0,Neutral
2025-06-29,468.61,2025-06-29,0.0124993920326232,Neutral,0.0124993920326232,Neutral
2025-06-26,466.21,,0.0,Neutral,0.0062496960163116,Neutral
2025-06-25,467.52,2025-06-25,-0.5497723817825317,Negative,-0.5466475337743759,Negative
2025-06-24,466.91,,0.0,Neutral,-0.27488619089126587,Negative
2025-06-23,467.59,,0.0,Neutral,-0.13744309544563293,Slightly Negative
2025-06-22,470.56,,0.0,Neutral,0.0,Neutral
2025-06-19,476.54,2025-06-19,0.9185822606086732,Strongly Positive,0.9185822606086732,Strongly Positive
2025-06-18,475.88,2025-06-18,0.134243756532669,Slightly Positive,0.5935348868370056,Positive
2025-06-17,479.6,,0.0,Neutral,0.2967674434185028,Positive
2025-06-16,485.36,,0.0,Neutral,0.03356093913316725,Neutral
2025-06-15,490.37,,0.0,Neutral,0.0,Neutral
2025-06-12,495.94,,0.0,Neutral,0.0,Neutral
2025-06-11,493.32,2025-06-11,-0.1211603879928588,Slightly Negative,-0.1211603879928588,Slightly Negative
2025-06-10,500.44,2025-06-10,-0.4339157342910766,Negative,-0.494495928287506,Negative
2025-06-09,474.52,2025-06-09,-0.3343536257743835,Negative,-0.5816015899181365,Negative
2025-06-08,470.26,,0.0,Neutral,-0.2756557464599609,Negative
2025-06-05,473.96,2025-06-05,-0.5912338495254517,Negative,-0.6748222559690475,Strongly Negative
2025-06-04,478.45,,0.0,Neutral,-0.29561692476272583,Negative
2025-06-03,484.09,2025-06-03,-0.2338424623012542,Negative,-0.3816509246826171,Negative
2025-06-02,488.65,2025-06-02,-0.5659517645835876,Negative,-0.6828729957342148,Strongly Negative
2025-05-28,485.09,,0.0,Neutral,-0.3414364978671074,Negative
2025-05-27,485.33,,0.0,Neutral,-0.1414879411458969,Slightly Negative
2025-05-26,487.66,2025-05-26,-0.7628889083862305,Strongly Negative,-0.7628889083862305,Strongly Negative
2025-05-25,489.44,,0.0,Neutral,-0.38144445419311523,Negative
2025-05-22,495.3,2025-05-22,-0.7128505706787109,Strongly Negative,-0.9035727977752686,Strongly Negative
2025-05-21,497.0,,0.0,Neutral,-0.35642528533935547,Negative
2025-05-20,496.44,2025-05-20,-0.6116074919700623,Strongly Negative,-0.78982013463974,Strongly Negative
2025-05-19,486.78,,0.0,Neutral,-0.30580374598503113,Negative
2025-05-18,479.31,,0.0,Neutral,-0.15290187299251556,Slightly Negative
2025-05-15,486.64,,0.0,Neutral,0.0,Neutral
2025-05-14,488.78,2025-05-14,-0.120438814163208,Slightly Negative,-0.120438814163208,Slightly Negative
2025-05-13,486.56,,0.0,Neutral,-0.060219407081604,Slightly Negative
2025-05-11,496.26,,0.0,Neutral,-0.030109703540802,Neutral
2025-05-08,514.3,,0.0,Neutral,0.0,Neutral
2025-05-07,502.25,,0.0,Neutral,0.0,Neutral
2025-05-06,467.55,,0.0,Neutral,0.0,Neutral
2025-05-05,471.99,,0.0,Neutral,0.0,Neutral
2025-05-04,479.48,,0.0,Neutral,0.0,Neutral
2025-04-30,486.05,,0.0,Neutral,0.0,Neutral
2025-04-29,493.03,,0.0,Neutral,0.0,Neutral
2025-04-28,502.74,,0.0,Neutral,0.0,Neutral
2025-04-27,502.57,,0.0,Neutral,0.0,Neutral
2025-04-24,507.78,,0.0,Neutral,0.0,Neutral
2025-04-23,513.02,,0.0,Neutral,0.0,Neutral
2025-04-22,530.87,2025-04-22,0.0065177381038665,Neutral,0.0065177381038665,Neutral
2025-04-21,542.68,2025-04-21,-0.1222520172595977,Slightly Negative,-0.11899314820766445,Slightly Negative
2025-04-20,546.21,2025-04-20,-0.9325382113456726,Strongly Negative,-0.9920347854495049,Strongly Negative
2025-04-17,557.93,,0.0,Neutral,-0.49683210998773575,Negative
2025-04-16,558.3,2025-04-16,-0.1533498167991638,Slightly Negative,-0.38648436963558197,Negative
2025-04-15,559.93,,0.0,Neutral,-0.0766749083995819,Slightly Negative
2025-04-13,545.54,2025-04-13,0.0838408172130584,Slightly Positive,0.045503363013267455,Neutral
2025-04-10,560.33,2025-04-10,0.1280533671379089,Slightly Positive,0.16997377574443812,Slightly Positive
2025-04-09,560.64,,0.0,Neutral,0.08498688787221906,Slightly Positive
2025-04-08,555.84,,0.0,Neutral,0.03201334178447723,Neutral
2025-04-07,556.95,,0.0,Neutral,0.0,Neutral
2025-04-03,567.59,,0.0,Neutral,0.0,Neutral
2025-04-02,574.55,,0.0,Neutral,0.0,Neutral
2025-04-01,558.76,,0.0,Neutral,0.0,Neutral
2025-03-30,567.22,2025-03-30,-0.4880945086479187,Negative,-0.4880945086479187,Negative
2025-03-27,557.19,,0.0,Neutral,-0.24404725432395935,Negative
2025-03-26,549.04,2025-03-26,-0.6513763070106506,Strongly Negative,-0.7733999341726303,Strongly Negative
2025-03-25,536.15,2025-03-25,0.2815593183040619,Positive,-0.04412883520126343,Neutral
2025-03-24,559.62,,0.0,Neutral,-0.022064417600631714,Neutral
2025-03-23,541.18,2025-03-23,-0.6444237232208252,Strongly Negative,-0.5740338936448097,Negative
2025-03-20,569.17,2025-03-20,-0.406167596578598,Negative,-0.7283794581890106,Strongly Negative
2025-03-19,579.9,,0.0,Neutral,-0.3641897290945053,Negative
2025-03-18,586.0,,0.0,Neutral,-0.1015418991446495,Slightly Negative
2025-03-17,593.0,2025-03-17,-0.0320629775524139,Neutral,-0.0320629775524139,Neutral
2025-03-16,590.0,,0.0,Neutral,-0.01603148877620695,Neutral
2025-03-12,600.0,,0.0,Neutral,-0.008015744388103475,Neutral
2025-03-11,601.0,,0.0,Neutral,0.0,Neutral
2025-03-10,610.1,2025-03-10,-0.7477757930755615,Strongly Negative,-0.7477757930755615,Strongly Negative
2025-03-09,618.0,,0.0,Neutral,-0.37388789653778076,Negative
2025-03-06,629.0,,0.0,Neutral,-0.18694394826889038,Slightly Negative
2025-03-05,633.9,,0.0,Neutral,0.0,Neutral
2025-03-04,638.0,,0.0,Neutral,0.0,Neutral
2025-03-03,652.7,,0.0,Neutral,0.0,Neutral
2025-03-02,658.0,,0.0,Neutral,0.0,Neutral
2025-02-27,637.8,,0.0,Neutral,0.0,Neutral
2025-02-25,640.0,,0.0,Neutral,0.0,Neutral
2025-02-24,637.0,2025-02-24,-0.3941380977630615,Negative,-0.3941380977630615,Negative
2025-02-23,645.0,,0.0,Neutral,-0.19706904888153076,Slightly Negative
2025-02-20,652.0,,0.0,Neutral,-0.09853452444076538,Slightly Negative
2025-02-18,654.0,,0.0,Neutral,0.0,Neutral
2025-02-17,668.0,,0.0,Neutral,0.0,Neutral
2025-02-16,694.8,,0.0,Neutral,0.0,Neutral
2025-02-13,669.0,2025-02-13,-0.6699524521827698,Strongly Negative,-0.6699524521827698,Strongly Negative
2025-02-12,652.9,2025-02-12,0.2080480456352233,Positive,-0.12692818045616158,Slightly Negative
2025-02-11,643.4,,0.0,Neutral,-0.06346409022808079,Slightly Negative
2025-02-10,642.0,,0.0,Neutral,0.052012011408805826,Slightly Positive
2025-02-09,658.8,,0.0,Neutral,0.0,Neutral
2025-02-06,647.1,,0.0,Neutral,0.0,Neutral
2025-02-05,638.0,,0.0,Neutral,0.0,Neutral
2025-02-04,599.0,,0.0,Neutral,0.0,Neutral
2025-02-03,608.1,,0.0,Neutral,0.0,Neutral
2025-02-02,618.0,,0.0,Neutral,0.0,Neutral
2025-01-28,614.8,,0.0,Neutral,0.0,Neutral
2025-01-27,587.0,,0.0,Neutral,0.0,Neutral
2025-01-26,573.0,,0.0,Neutral,0.0,Neutral
2025-01-23,600.0,2025-01-23,-0.2442322820425033,Negative,-0.2442322820425033,Negative
2025-01-22,620.0,,0.0,Neutral,-0.12211614102125165,Slightly Negative
2025-01-21,615.0,,0.0,Neutral,-0.061058070510625825,Slightly Negative
2025-01-20,620.9,2025-01-20,-0.0088043892756104,Neutral,-0.0088043892756104,Neutral
2025-01-19,628.9,,0.0,Neutral,-0.0044021946378052,Neutral
2025-01-16,604.0,,0.0,Neutral,-0.0022010973189026,Neutral
2025-01-15,629.0,,0.0,Neutral,0.0,Neutral
2025-01-13,637.0,,0.0,Neutral,0.0,Neutral
2025-01-12,656.6,,0.0,Neutral,0.0,Neutral
2025-01-09,682.0,,0.0,Neutral,0.0,Neutral
2025-01-08,710.0,,0.0,Neutral,0.0,Neutral
2025-01-07,678.0,,0.0,Neutral,0.0,Neutral
2025-01-06,662.0,,0.0,Neutral,0.0,Neutral
2025-01-05,645.0,,0.0,Neutral,0.0,Neutral
2025-01-02,652.1,2025-01-02,0.9056085348129272,Strongly Positive,0.9056085348129272,Strongly Positive
2025-01-01,634.0,,0.0,Neutral,0.4528042674064636,Positive
2024-12-31,605.0,,0.0,Neutral,0.2264021337032318,Positive
2024-12-29,638.9,,0.0,Neutral,0.0,Neutral
2024-12-26,688.0,,0.0,Neutral,0.0,Neutral
2024-12-24,722.0,,0.0,Neutral,0.0,Neutral
2024-12-23,704.0,,0.0,Neutral,0.0,Neutral
2024-12-22,701.0,,0.0,Neutral,0.0,Neutral
2024-12-19,705.3,,0.0,Neutral,0.0,Neutral
2024-12-18,730.0,,0.0,Neutral,0.0,Neutral
2024-12-17,730.0,,0.0,Neutral,0.0,Neutral
2024-12-16,750.2,2024-12-16,-0.1873531192541122,Slightly Negative,-0.1873531192541122,Slightly Negative
2024-12-12,776.0,2024-12-12,-0.7372568249702454,Strongly Negative,-0.8309333845973015,Strongly Negative
2024-12-11,779.1,,0.0,Neutral,-0.41546669229865074,Negative
2024-12-10,774.9,2024-12-10,0.0605501011013984,Slightly Positive,-0.12376410514116294,Slightly Negative
2024-12-09,784.9,2024-12-09,0.0543120503425598,Slightly Positive,0.08458710089325899,Slightly Positive
2024-12-08,757.1,,0.0,Neutral,0.042293550446629496,Neutral
2024-12-05,773.6,2024-12-05,-0.8622756004333496,Strongly Negative,-0.8486975878477097,Strongly Negative
2024-12-04,790.0,,0.0,Neutral,-0.4311378002166748,Negative
2024-12-03,809.0,,0.0,Neutral,-0.2155689001083374,Negative
2024-12-02,810.0,,0.0,Neutral,0.0,Neutral
2024-12-01,840.1,,0.0,Neutral,0.0,Neutral
2024-11-28,849.7,,0.0,Neutral,0.0,Neutral
2024-11-27,882.2,,0.0,Neutral,0.0,Neutral
2024-11-26,843.0,,0.0,Neutral,0.0,Neutral
2024-11-25,898.0,,0.0,Neutral,0.0,Neutral
2024-11-24,817.0,,0.0,Neutral,0.0,Neutral
2024-11-21,770.0,2024-11-21,0.3522944152355194,Positive,0.3522944152355194,Positive
2024-11-20,767.0,,0.0,Neutral,0.1761472076177597,Slightly Positive
2024-11-19,724.2,,0.0,Neutral,0.08807360380887985,Slightly Positive
2024-11-17,735.0,,0.0,Neutral,0.0,Neutral
2024-11-14,772.0,,0.0,Neutral,0.0,Neutral
2024-11-13,777.0,,0.0,Neutral,0.0,Neutral
2024-11-12,745.6,,0.0,Neutral,0.0,Neutral
2024-11-11,677.9,2024-11-11,0.9224844574928284,Strongly Positive,0.9224844574928284,Strongly Positive
2024-11-10,678.0,2024-11-10,0.0913766026496887,Slightly Positive,0.5526188313961029,Positive
2024-11-06,653.0,2024-11-06,0.6941941380500793,Strongly Positive,0.9705035537481308,Strongly Positive
2024-11-05,639.0,,0.0,Neutral,0.36994121968746185,Positive
2024-10-30,645.6,,0.0,Neutral,0.17354853451251984,Slightly Positive
2024-10-29,659.4,2024-10-29,-0.4482151567935943,Negative,-0.4482151567935943,Negative
2024-10-28,654.9,,0.0,Neutral,-0.22410757839679715,Negative
2024-10-27,614.5,,0.0,Neutral,-0.11205378919839858,Slightly Negative
2024-10-24,614.0,,0.0,Neutral,0.0,Neutral
2024-10-23,625.0,2024-10-23,-0.5182260870933533,Negative,-0.5182260870933533,Negative
2024-10-22,615.9,,0.0,Neutral,-0.25911304354667664,Negative
2024-10-21,587.0,,0.0,Neutral,-0.12955652177333832,Slightly Negative
2024-10-20,606.3,2024-10-20,-0.0460387840867042,Neutral,-0.0460387840867042,Neutral
2024-10-17,630.0,2024-10-17,-0.5775560140609741,Negative,-0.6005754061043262,Strongly Negative
2024-10-16,637.0,2024-10-16,0.3032940030097961,Positive,0.003006299957632977,Neutral
2024-10-15,630.0,,0.0,Neutral,0.007257997989654513,Neutral
2024-10-09,609.9,2024-10-09,0.9219281077384948,Strongly Positive,0.9977516084909438,Strongly Positive
2024-10-08,611.0,,0.0,Neutral,0.4609640538692474,Positive
2024-10-07,616.0,2024-10-07,0.9075050950050354,Strongly Positive,1.1379871219396591,Strongly Positive
2024-10-06,623.1,,0.0,Neutral,0.4537525475025177,Positive
2024-10-02,579.0,,0.0,Neutral,0.22687627375125885,Positive
2024-10-01,571.8,2024-10-01,0.9054638147354126,Strongly Positive,0.9054638147354126,Strongly Positive
2024-09-30,519.9,,0.0,Neutral,0.4527319073677063,Positive
2024-09-29,492.2,,0.0,Neutral,0.22636595368385315,Positive
2024-09-26,500.0,,0.0,Neutral,0.0,Neutral
2024-09-25,514.0,,0.0,Neutral,0.0,Neutral
2024-09-24,485.2,2024-09-24,0.9053268432617188,Strongly Positive,0.9053268432617188,Strongly Positive
2024-09-23,515.0,,0.0,Neutral,0.4526634216308594,Positive
2024-09-22,550.0,,0.0,Neutral,0.2263317108154297,Positive
2024-09-18,544.0,2024-09-18,0.0292224586009979,Neutral,0.0292224586009979,Neutral
2024-09-16,575.9,2024-09-16,0.0701217502355575,Slightly Positive,0.08473297953605645,Slightly Positive
2024-09-15,607.0,,0.0,Neutral,0.042366489768028225,Neutral
2024-09-12,627.0,2024-09-12,0.7334011197090149,Strongly Positive,0.7509315572679043,Strongly Positive
2024-09-11,600.3,,0.0,Neutral,0.36670055985450745,Positive
2024-09-10,605.0,,0.0,Neutral,0.18335027992725372,Slightly Positive
2024-09-09,613.0,,0.0,Neutral,0.0,Neutral
2024-09-08,626.1,2024-09-08,0.0105989575386047,Neutral,0.0105989575386047,Neutral
2024-09-05,635.0,,0.0,Neutral,0.00529947876930235,Neutral
2024-09-04,633.0,,0.0,Neutral,0.002649739384651175,Neutral
2024-09-03,674.0,2024-09-03,-0.2997061610221863,Negative,-0.2997061610221863,Negative
2024-09-02,676.5,,0.0,Neutral,-0.14985308051109314,Slightly Negative
2024-09-01,615.0,,0.0,Neutral,-0.07492654025554657,Slightly Negative
2024-08-29,642.0,,0.0,Neutral,0.0,Neutral
2024-08-28,660.0,,0.0,Neutral,0.0,Neutral
2024-08-27,664.0,,0.0,Neutral,0.0,Neutral
2024-08-25,694.0,,0.0,Neutral,0.0,Neutral
2024-08-22,723.0,,0.0,Neutral,0.0,Neutral
2024-08-21,699.0,,0.0,Neutral,0.0,Neutral
2024-08-18,656.0,,0.0,Neutral,0.0,Neutral
2024-08-15,679.0,,0.0,Neutral,0.0,Neutral
2024-08-14,690.4,,0.0,Neutral,0.0,Neutral
2024-08-13,636.0,,0.0,Neutral,0.0,Neutral
2024-08-12,618.0,,0.0,Neutral,0.0,Neutral
2024-08-11,589.0,2024-08-11,-0.6217007637023926,Strongly Negative,-0.6217007637023926,Strongly Negative
2024-08-08,578.0,,0.0,Neutral,-0.3108503818511963,Negative
2024-08-07,595.0,,0.0,Neutral,-0.15542519092559814,Slightly Negative
2024-08-06,548.0,2024-08-06,0.06113051623106,Slightly Positive,0.06113051623106,Slightly Positive
2024-08-05,608.0,2024-08-05,-0.0004892461001873,Neutral,0.0300760120153427,Neutral
2024-08-01,632.5,,0.0,Neutral,0.01503800600767135,Neutral
2024-07-31,613.0,,0.0,Neutral,-0.000122311525046825,Neutral
2024-07-30,560.0,,0.0,Neutral,0.0,Neutral
2024-07-29,529.0,,0.0,Neutral,0.0,Neutral
2024-07-28,533.0,,0.0,Neutral,0.0,Neutral
2024-07-25,535.0,,0.0,Neutral,0.0,Neutral
2024-07-24,532.0,,0.0,Neutral,0.0,Neutral
2024-07-23,533.3,,0.0,Neutral,0.0,Neutral
2024-07-22,525.0,,0.0,Neutral,0.0,Neutral
2024-07-21,526.0,2024-07-21,0.2961920797824859,Positive,0.2961920797824859,Positive
2024-07-18,529.0,,0.0,Neutral,0.14809603989124295,Slightly Positive
2024-07-17,540.0,,0.0,Neutral,0.07404801994562148,Slightly Positive
2024-07-16,512.3,,0.0,Neutral,0.0,Neutral
2024-07-15,500.0,2024-07-15,0.0531130880117416,Slightly Positive,0.0531130880117416,Slightly Positive
2024-07-14,503.0,2024-07-14,0.4453930258750915,Positive,0.4719495698809623,Positive
2024-07-11,508.0,,0.0,Neutral,0.23597478494048116,Positive
2024-07-10,507.0,2024-07-10,-0.0372032523155212,Neutral,0.07414500415325168,Slightly Positive
2024-07-09,502.0,,0.0,Neutral,-0.0186016261577606,Neutral
2024-07-08,500.0,,0.0,Neutral,-0.0093008130788803,Neutral
2024-07-07,494.1,2024-07-07,-0.6083687543869019,Strongly Negative,-0.6083687543869019,Strongly Negative
2024-07-04,503.4,2024-07-04,-0.7496742010116577,Strongly Negative,-1.0538585782051086,Strongly Negative
2024-07-03,515.0,,0.0,Neutral,-0.5269292891025543,Negative
2024-07-02,490.0,,0.0,Neutral,-0.18741855025291443,Slightly Negative
2024-07-01,473.0,,0.0,Neutral,0.0,Neutral
2024-06-30,470.0,2024-06-30,-0.5555654168128967,Negative,-0.5555654168128967,Negative
2024-06-27,466.0,,0.0,Neutral,-0.27778270840644836,Negative
2024-06-26,468.0,,0.0,Neutral,-0.13889135420322418,Slightly Negative
2024-06-25,475.0,,0.0,Neutral,0.0,Neutral
2024-06-24,490.9,,0.0,Neutral,0.0,Neutral
2024-06-23,474.0,,0.0,Neutral,0.0,Neutral
2024-06-20,453.0,2024-06-20,-0.7754740715026855,Strongly Negative,-0.7754740715026855,Strongly Negative
2024-06-19,460.0,2024-06-19,0.928455650806427,Strongly Positive,0.5407186150550842,Positive
2024-06-18,450.9,,0.0,Neutral,0.2703593075275421,Positive
2024-06-16,444.0,,0.0,Neutral,0.23211391270160675,Positive
2024-06-13,454.0,,0.0,Neutral,0.0,Neutral
2024-06-12,447.0,2024-06-12,-0.3344677183777093,Negative,-0.3344677183777093,Negative
2024-06-11,439.9,2024-06-11,-0.703773021697998,Strongly Negative,-0.8710068808868527,Strongly Negative
2024-06-10,422.5,2024-06-10,0.0591075792908668,Slightly Positive,-0.3763958611525595,Negative
2024-06-09,426.7,,0.0,Neutral,-0.1463894657790661,Slightly Negative
2024-06-06,434.0,,0.0,Neutral,0.0147768948227167,Neutral
2024-06-05,440.0,,0.0,Neutral,0.0,Neutral
2024-06-04,435.0,,0.0,Neutral,0.0,Neutral
2024-06-03,430.0,,0.0,Neutral,0.0,Neutral
2024-06-02,432.0,,0.0,Neutral,0.0,Neutral
2024-05-30,415.0,,0.0,Neutral,0.0,Neutral
2024-05-29,404.9,,0.0,Neutral,0.0,Neutral
2024-05-27,406.0,2024-05-27,-0.6427181959152222,Strongly Negative,-0.6427181959152222,Strongly Negative
2024-05-26,404.0,2024-05-26,-0.5461372137069702,Negative,-0.8674963116645813,Strongly Negative
2024-05-22,408.0,,0.0,Neutral,-0.43374815583229065,Negative
2024-05-21,418.8,2024-05-21,0.9287891387939452,Strongly Positive,0.7922548353672026,Strongly Positive
2024-05-20,399.9,2024-05-20,-0.7473208904266357,Strongly Negative,-0.28292632102966314,Negative
2024-05-19,392.0,,0.0,Neutral,-0.14146316051483157,Slightly Negative
2024-05-16,387.0,,0.0,Neutral,-0.18683022260665894,Slightly Negative
2024-05-15,391.0,,0.0,Neutral,0.0,Neutral
2024-05-14,394.0,,0.0,Neutral,0.0,Neutral
2024-05-13,391.0,2024-05-13,-0.0147014185786247,Neutral,-0.0147014185786247,Neutral
2024-05-12,392.0,,0.0,Neutral,-0.00735070928931235,Neutral
2024-05-09,403.0,,0.0,Neutral,-0.003675354644656175,Neutral
2024-05-08,400.0,,0.0,Neutral,0.0,Neutral
2024-05-07,381.9,,0.0,Neutral,0.0,Neutral
2024-05-06,384.9,,0.0,Neutral,0.0,Neutral
2024-05-05,380.0,,0.0,Neutral,0.0,Neutral
2024-05-02,380.1,,0.0,Neutral,0.0,Neutral
2024-04-30,394.0,,0.0,Neutral,0.0,Neutral
2024-04-29,408.0,2024-04-29,-0.2238787710666656,Negative,-0.2238787710666656,Negative
2024-04-28,394.0,,0.0,Neutral,-0.1119393855333328,Slightly Negative
2024-04-25,369.0,,0.0,Neutral,-0.0559696927666664,Slightly Negative
2024-04-24,347.0,,0.0,Neutral,0.0,Neutral
2024-04-22,343.0,2024-04-22,-0.397852748632431,Negative,-0.397852748632431,Negative
2024-04-21,353.9,2024-04-21,-0.6756387948989868,Strongly Negative,-0.8745651692152023,Strongly Negative
2024-04-18,350.0,,0.0,Neutral,-0.43728258460760117,Negative
2024-04-16,346.0,2024-04-16,0.4685211181640625,Positive,0.2996114194393158,Positive
2024-04-15,355.0,2024-04-15,-0.5954660177230835,Negative,-0.36120545864105225,Negative
2024-04-14,364.0,2024-04-14,-0.4558782577514648,Negative,-0.636480987071991,Strongly Negative
2024-04-10,354.0,2024-04-10,-0.0239664651453495,Neutral,-0.40077209845185274,Negative
2024-04-09,371.2,,0.0,Neutral,-0.12595279701054093,Slightly Negative
2024-04-07,360.0,2024-04-07,-0.6892299056053162,Strongly Negative,-0.6952215218916535,Strongly Negative
2024-04-04,335.0,2024-04-04,-0.323227971792221,Negative,-0.6678429245948792,Strongly Negative
2024-04-03,336.0,,0.0,Neutral,-0.3339214622974396,Negative
2024-04-02,337.0,2024-04-02,-0.4733312129974365,Negative,-0.5541382059454918,Negative
2024-04-01,336.0,,0.0,Neutral,-0.23666560649871826,Negative
2024-03-31,337.0,,0.0,Neutral,-0.11833280324935913,Slightly Negative
2024-03-28,341.9,,0.0,Neutral,0.0,Neutral
2024-03-27,342.0,,0.0,Neutral,0.0,Neutral
2024-03-26,350.0,2024-03-26,-0.2324217855930328,Negative,-0.2324217855930328,Negative
2024-03-25,353.5,,0.0,Neutral,-0.1162108927965164,Slightly Negative
2024-03-21,353.0,2024-03-21,-0.3527610003948211,Negative,-0.4108664467930793,Negative
2024-03-20,351.0,,0.0,Neutral,-0.17638050019741056,Slightly Negative
2024-03-19,359.0,,0.0,Neutral,-0.08819025009870528,Slightly Negative
2024-03-18,349.1,,0.0,Neutral,0.0,Neutral
2024-03-17,348.0,,0.0,Neutral,0.0,Neutral
2024-03-14,346.9,2024-03-14,-0.0184712968766689,Neutral,-0.0184712968766689,Neutral
2024-03-13,349.9,2024-03-13,-0.5365344434976578,Negative,-0.5457700919359922,Negative
2024-03-12,345.0,,0.0,Neutral,-0.2728850459679961,Negative
2024-03-10,343.8,,0.0,Neutral,-0.13413361087441444,Slightly Negative
2024-03-07,334.0,,0.0,Neutral,0.0,Neutral
2024-03-06,328.0,,0.0,Neutral,0.0,Neutral
2024-03-05,326.0,,0.0,Neutral,0.0,Neutral
2024-03-04,338.4,,0.0,Neutral,0.0,Neutral
2024-03-03,319.0,2024-03-03,0.659336507320404,Strongly Positive,0.659336507320404,Strongly Positive
2024-02-29,315.0,2024-02-29,0.5973718166351318,Positive,0.9270400702953339,Strongly Positive
2024-02-28,327.0,,0.0,Neutral,0.46352003514766693,Positive
2024-02-27,329.0,,0.0,Neutral,0.14934295415878296,Slightly Positive
2024-02-26,330.2,2024-02-26,-0.6391295790672302,Strongly Negative,-0.6391295790672302,Strongly Negative
2024-02-25,331.8,2024-02-25,-0.7076578140258789,Strongly Negative,-1.027222603559494,Strongly Negative
2024-02-22,333.0,,0.0,Neutral,-0.513611301779747,Negative
2024-02-21,337.0,,0.0,Neutral,-0.17691445350646973,Slightly Negative
2024-02-20,333.0,,0.0,Neutral,0.0,Neutral
2024-02-18,329.2,,0.0,Neutral,0.0,Neutral
2024-02-15,337.5,,0.0,Neutral,0.0,Neutral
2024-02-14,349.0,,0.0,Neutral,0.0,Neutral
2024-02-13,322.0,,0.0,Neutral,0.0,Neutral
2024-02-12,333.0,2024-02-12,0.0213358532637357,Neutral,0.0213358532637357,Neutral
2024-02-11,330.0,,0.0,Neutral,0.01066792663186785,Neutral
2024-02-08,332.9,,0.0,Neutral,0.005333963315933925,Neutral
2024-02-07,330.0,2024-02-07,0.9190106987953186,Strongly Positive,0.9190106987953186,Strongly Positive
2024-02-06,329.0,,0.0,Neutral,0.4595053493976593,Positive
2024-02-05,332.0,,0.0,Neutral,0.22975267469882965,Positive
2024-02-04,332.0,,0.0,Neutral,0.0,Neutral
2024-02-01,330.0,2024-02-01,0.9017196297645568,Strongly Positive,0.9017196297645568,Strongly Positive
2024-01-31,325.0,,0.0,Neutral,0.4508598148822784,Positive
2024-01-30,330.0,,0.0,Neutral,0.2254299074411392,Positive
2024-01-29,327.9,,0.0,Neutral,0.0,Neutral
2024-01-28,327.0,2024-01-28,-0.5602532029151917,Negative,-0.5602532029151917,Negative
2024-01-25,323.0,2024-01-25,0.9305034875869752,Strongly Positive,0.6503768861293794,Strongly Positive
2024-01-24,324.0,,0.0,Neutral,0.3251884430646897,Positive
2024-01-23,320.0,,0.0,Neutral,0.2326258718967438,Positive
2024-01-22,323.0,2024-01-22,0.0955185890197753,Slightly Positive,0.0955185890197753,Slightly Positive
2024-01-21,320.5,2024-01-21,-0.0024153357371688,Neutral,0.045343958772718844,Neutral
2024-01-18,330.4,2024-01-18,0.7747501134872437,Strongly Positive,0.7974220928736031,Strongly Positive
2024-01-17,334.9,,0.0,Neutral,0.38677122280932963,Positive
2024-01-16,350.0,2024-01-16,-0.0303513295948505,Neutral,0.16333619877696043,Slightly Positive
2024-01-14,336.5,2024-01-14,-0.0015759468078613,Neutral,-0.01675161160528655,Neutral
2024-01-11,330.0,,0.0,Neutral,-0.008375805802643275,Neutral
2024-01-10,334.0,,0.0,Neutral,-0.000393986701965325,Neutral
2024-01-09,336.0,,0.0,Neutral,0.0,Neutral
2024-01-08,320.0,2024-01-08,0.3354699239134788,Positive,0.3354699239134788,Positive
2024-01-07,309.6,,0.0,Neutral,0.1677349619567394,Slightly Positive
2024-01-04,315.5,,0.0,Neutral,0.0838674809783697,Slightly Positive
2024-01-03,318.0,,0.0,Neutral,0.0,Neutral
2024-01-02,314.5,,0.0,Neutral,0.0,Neutral
2024-01-01,319.0,,0.0,Neutral,0.0,Neutral
2023-12-28,321.0,,0.0,Neutral,0.0,Neutral
2023-12-27,318.1,,0.0,Neutral,0.0,Neutral
2023-12-24,320.0,,0.0,Neutral,0.0,Neutral
2023-12-21,328.0,,0.0,Neutral,0.0,Neutral
2023-12-20,341.0,,0.0,Neutral,0.0,Neutral
2023-12-19,339.0,2023-12-19,-0.0495426394045352,Neutral,-0.0495426394045352,Neutral
2023-12-18,339.0,,0.0,Neutral,-0.0247713197022676,Neutral
2023-12-17,338.0,2023-12-17,0.1858166120946406,Slightly Positive,0.1734309522435068,Slightly Positive
2023-12-14,325.0,2023-12-14,-0.3237503468990326,Negative,-0.23084204085171228,Negative
2023-12-13,323.0,,0.0,Neutral,-0.11542102042585614,Slightly Negative
2023-12-12,322.0,,0.0,Neutral,-0.08093758672475815,Slightly Negative
2023-12-11,312.0,2023-12-11,0.8129301071166992,Strongly Positive,0.8129301071166992,Strongly Positive
2023-12-10,315.0,2023-12-10,0.3414733707904815,Positive,0.7479384243488312,Strongly Positive
2023-12-07,291.5,2023-12-07,0.7270581126213074,Strongly Positive,1.101027324795723,Strongly Positive
2023-12-06,289.0,,0.0,Neutral,0.4488973990082741,Positive
2023-12-05,287.0,,0.0,Neutral,0.18176452815532684,Slightly Positive
2023-12-04,291.3,2023-12-04,0.9314891695976256,Strongly Positive,0.9314891695976256,Strongly Positive
2023-12-03,287.1,,0.0,Neutral,0.4657445847988128,Positive
2023-11-30,294.0,,0.0,Neutral,0.2328722923994064,Positive
2023-11-29,295.0,2023-11-29,0.5706247091293335,Positive,0.5706247091293335,Positive
2023-11-28,302.5,2023-11-28,0.2470296770334244,Positive,0.5323420315980911,Positive
2023-11-27,298.1,,0.0,Neutral,0.26617101579904556,Positive
2023-11-26,302.5,,0.0,Neutral,0.0617574192583561,Slightly Positive
2023-11-23,290.0,,0.0,Neutral,0.0,Neutral
2023-11-22,289.5,,0.0,Neutral,0.0,Neutral
2023-11-21,284.0,,0.0,Neutral,0.0,Neutral
2023-11-20,294.0,2023-11-20,-0.0071662440896034,Neutral,-0.0071662440896034,Neutral
2023-11-09,294.0,,0.0,Neutral,-0.0035831220448017,Neutral
2023-11-08,299.6,,0.0,Neutral,-0.00179156102240085,Neutral
2023-11-07,295.0,,0.0,Neutral,0.0,Neutral
2023-11-06,294.1,,0.0,Neutral,0.0,Neutral
2023-11-05,295.0,2023-11-05,0.7400195002555847,Strongly Positive,0.7400195002555847,Strongly Positive
2023-11-02,291.0,,0.0,Neutral,0.37000975012779236,Positive
2023-11-01,292.0,2023-11-01,0.0985844135284423,Slightly Positive,0.28358928859233845,Positive
2023-10-31,292.5,,0.0,Neutral,0.04929220676422115,Neutral
2023-10-30,296.5,,0.0,Neutral,0.024646103382110575,Neutral
2023-10-29,295.9,,0.0,Neutral,0.0,Neutral
2023-10-19,299.0,2023-10-19,0.8292142748832703,Strongly Positive,0.8292142748832703,Strongly Positive
2023-10-18,304.8,2023-10-18,0.2993601306031147,Positive,0.7139672680447499,Strongly Positive
2023-10-17,299.8,2023-10-17,0.3895330764353275,Positive,0.7465167104577024,Strongly Positive
2023-10-16,295.3,2023-10-16,0.8377037644386292,Strongly Positive,1.1073103353070717,Strongly Positive
2023-10-12,300.0,,0.0,Neutral,0.5162351513281465,Positive
2023-10-11,303.1,,0.0,Neutral,0.2094259411096573,Positive
2023-10-10,300.3,,0.0,Neutral,0.0,Neutral
2023-10-09,304.0,2023-10-09,0.9241541624069214,Strongly Positive,0.9241541624069214,Strongly Positive
2023-10-08,304.2,2023-10-08,0.9193177223205566,Strongly Positive,1.3813948035240173,Strongly Positive
2023-10-05,310.0,,0.0,Neutral,0.6906974017620087,Strongly Positive
2023-10-04,310.0,2023-10-04,0.141101211309433,Slightly Positive,0.37093064188957214,Positive
2023-10-03,308.2,,0.0,Neutral,0.0705506056547165,Slightly Positive
2023-10-02,311.0,2023-10-02,0.8697748184204102,Strongly Positive,0.9050501212477684,Strongly Positive
2023-10-01,309.0,2023-10-01,0.9149264097213744,Strongly Positive,1.3498138189315796,Strongly Positive
2023-09-27,315.0,,0.0,Neutral,0.6749069094657898,Strongly Positive
2023-09-26,320.0,2023-09-26,0.1121289655566215,Slightly Positive,0.34086056798696507,Positive
2023-09-25,315.0,2023-09-25,0.9218896627426147,Strongly Positive,0.9779541455209255,Strongly Positive
2023-09-24,314.8,2023-09-24,0.8438069820404053,Strongly Positive,1.332784054800868,Strongly Positive
2023-09-21,321.0,,0.0,Neutral,0.6523759067058563,Strongly Positive
2023-09-19,311.0,,0.0,Neutral,0.21095174551010132,Positive
2023-09-18,305.9,2023-09-18,0.8191651403903961,Strongly Positive,0.8191651403903961,Strongly Positive
2023-09-17,300.0,2023-09-17,0.2316693365573883,Positive,0.6412519067525864,Strongly Positive
2023-09-13,311.9,,0.0,Neutral,0.3206259533762932,Positive
2023-09-12,301.0,,0.0,Neutral,0.057917334139347076,Slightly Positive
2023-09-11,308.0,2023-09-11,-0.1270755678415298,Slightly Negative,-0.1270755678415298,Slightly Negative
2023-09-10,303.8,,0.0,Neutral,-0.0635377839207649,Slightly Negative
2023-09-07,295.0,,0.0,Neutral,-0.03176889196038245,Neutral
2023-09-05,299.0,,0.0,Neutral,0.0,Neutral
2023-09-04,297.5,,0.0,Neutral,0.0,Neutral
2023-09-03,303.0,,0.0,Neutral,0.0,Neutral
2023-08-30,307.0,,0.0,Neutral,0.0,Neutral
2023-08-29,308.0,,0.0,Neutral,0.0,Neutral
2023-08-28,309.0,,0.0,Neutral,0.0,Neutral
2023-08-27,310.0,,0.0,Neutral,0.0,Neutral
2023-08-24,311.7,,0.0,Neutral,0.0,Neutral
2023-08-23,323.9,,0.0,Neutral,0.0,Neutral
2023-08-22,315.0,,0.0,Neutral,0.0,Neutral
2023-08-21,306.0,,0.0,Neutral,0.0,Neutral
2023-08-20,313.0,2023-08-20,0.4706372022628784,Positive,0.4706372022628784,Positive
2023-08-17,315.0,,0.0,Neutral,0.2353186011314392,Positive
2023-08-16,312.0,,0.0,Neutral,0.1176593005657196,Slightly Positive
2023-08-15,314.0,2023-08-15,0.0367373526096344,Neutral,0.0367373526096344,Neutral
2023-08-14,323.0,,0.0,Neutral,0.0183686763048172,Neutral
2023-08-13,324.0,2023-08-13,0.3550106883049011,Positive,0.3641950264573097,Positive
2023-08-10,317.7,2023-08-10,0.6593401432037354,Strongly Positive,0.8368454873561859,Strongly Positive
2023-08-09,325.0,,0.0,Neutral,0.41842274367809296,Positive
2023-08-08,314.0,2023-08-08,0.0437265634536743,Neutral,0.20856159925460815,Positive
2023-08-07,316.0,2023-08-07,0.7810200452804565,Strongly Positive,0.8028833270072937,Strongly Positive
2023-08-06,311.0,2023-08-06,0.2109157014638185,Positive,0.6123573649674654,Strongly Positive
2023-08-03,334.0,,0.0,Neutral,0.3007128620520234,Positive
2023-08-02,335.0,2023-08-02,-0.4065877497196197,Negative,-0.35385882435366506,Negative
2023-08-01,335.0,,0.0,Neutral,-0.20329387485980985,Negative
2023-07-31,339.0,,0.0,Neutral,-0.10164693742990492,Slightly Negative
2023-07-30,331.0,,0.0,Neutral,0.0,Neutral
2023-07-27,335.0,,0.0,Neutral,0.0,Neutral
2023-07-26,345.0,,0.0,Neutral,0.0,Neutral
2023-07-25,347.0,,0.0,Neutral,0.0,Neutral
2023-07-24,353.9,2023-07-24,-0.4698981344699859,Negative,-0.4698981344699859,Negative
2023-07-23,363.9,,0.0,Neutral,-0.23494906723499295,Negative
2023-07-20,357.0,,0.0,Neutral,-0.11747453361749648,Slightly Negative
2023-07-19,358.7,,0.0,Neutral,0.0,Neutral
2023-07-18,363.0,,0.0,Neutral,0.0,Neutral
2023-07-17,366.0,,0.0,Neutral,0.0,Neutral
2023-07-16,353.0,2023-07-16,0.883343517780304,Strongly Positive,0.883343517780304,Strongly Positive
2023-07-13,353.9,,0.0,Neutral,0.441671758890152,Positive
2023-07-12,362.0,,0.0,Neutral,0.220835879445076,Positive
2023-07-11,365.0,2023-07-11,-0.3590094149112701,Negative,-0.3590094149112701,Negative
2023-07-10,351.8,,0.0,Neutral,-0.17950470745563504,Slightly Negative
2023-07-09,340.1,2023-07-09,0.5350947976112366,Positive,0.44534244388341904,Positive
2023-07-06,334.0,,0.0,Neutral,0.2675473988056183,Positive
2023-07-05,330.3,2023-07-05,0.4177348017692566,Positive,0.5515085011720657,Positive
2023-07-04,347.0,2023-07-04,-0.20897176861763,Negative,-0.00010436773300170898,Neutral
2023-07-03,333.0,2023-07-03,0.7068891525268555,Strongly Positive,0.7068369686603546,Strongly Positive
2023-07-02,333.9,,0.0,Neutral,0.30120163410902023,Positive
2023-06-28,344.0,,0.0,Neutral,0.17672228813171387,Slightly Positive
2023-06-27,356.0,,0.0,Neutral,0.0,Neutral
2023-06-26,349.0,,0.0,Neutral,0.0,Neutral
2023-06-25,341.7,,0.0,Neutral,0.0,Neutral
2023-06-22,322.0,2023-06-22,0.873332142829895,Strongly Positive,0.873332142829895,Strongly Positive
2023-06-21,326.0,,0.0,Neutral,0.4366660714149475,Positive
2023-06-20,333.0,,0.0,Neutral,0.21833303570747375,Positive
2023-06-19,343.0,,0.0,Neutral,0.0,Neutral
2023-06-18,325.0,,0.0,Neutral,0.0,Neutral
2023-06-15,318.0,2023-06-15,0.4683806300163269,Positive,0.4683806300163269,Positive
2023-06-14,319.0,2023-06-14,0.4930647611618042,Positive,0.7272550761699677,Strongly Positive
2023-06-13,321.0,2023-06-13,0.7564454078674316,Strongly Positive,1.1200729459524155,Strongly Positive
2023-06-12,316.0,2023-06-12,0.7213075160980225,Strongly Positive,1.2227964103221893,Strongly Positive
2023-06-11,323.6,,0.0,Neutral,0.5497651100158691,Positive
2023-06-08,306.0,2023-06-08,0.7539471387863159,Strongly Positive,0.9342740178108215,Strongly Positive
2023-06-07,309.0,2023-06-07,0.4957673549652099,Positive,0.8727409243583679,Strongly Positive
2023-06-06,303.8,2023-06-06,0.7798135876655579,Strongly Positive,1.2161840498447418,Strongly Positive
2023-06-05,301.0,,0.0,Neutral,0.5138486325740814,Positive
2023-06-04,300.0,,0.0,Neutral,0.19495339691638947,Slightly Positive
2023-06-01,293.0,2023-06-01,0.4650955200195312,Positive,0.4650955200195312,Positive
2023-05-31,294.0,2023-05-31,0.9306153655052184,Strongly Positive,1.163163125514984,Strongly Positive
2023-05-30,296.0,,0.0,Neutral,0.581581562757492,Positive
2023-05-28,303.0,,0.0,Neutral,0.2326538413763046,Positive
2023-05-24,313.0,2023-05-24,0.6379044055938721,Strongly Positive,0.6379044055938721,Strongly Positive
2023-05-23,317.4,,0.0,Neutral,0.31895220279693604,Positive
2023-05-22,307.0,,0.0,Neutral,0.15947610139846802,Slightly Positive
2023-05-21,312.1,2023-05-21,0.2752208411693573,Positive,0.2752208411693573,Positive
2023-05-18,310.0,2023-05-18,-0.428337037563324,Negative,-0.2907266169786453,Negative
2023-05-17,300.3,2023-05-17,-0.1411273777484893,Slightly Negative,-0.28649068623781193,Negative
2023-05-16,293.0,,0.0,Neutral,-0.17764794826507563,Slightly Negative
2023-05-15,296.0,,0.0,Neutral,-0.035281844437122324,Neutral
2023-05-14,294.0,,0.0,Neutral,0.0,Neutral
2023-05-11,293.0,,0.0,Neutral,0.0,Neutral
2023-05-10,301.0,2023-05-10,0.3141437768936157,Positive,0.3141437768936157,Positive
2023-05-09,302.0,2023-05-09,0.6824951767921448,Strongly Positive,0.8395670652389526,Strongly Positive
2023-05-08,295.1,,0.0,Neutral,0.4197835326194763,Positive
2023-05-07,300.1,2023-05-07,-0.1594992876052856,Slightly Negative,0.011124506592750605,Neutral
2023-05-04,306.8,,0.0,Neutral,-0.0797496438026428,Slightly Negative
2023-05-03,302.0,2023-05-03,-0.3371529579162597,Negative,-0.3770277798175811,Negative
2023-05-02,303.0,,0.0,Neutral,-0.16857647895812986,Slightly Negative
2023-04-30,303.2,2023-04-30,0.5406634211540222,Positive,0.4563751816749573,Positive
2023-04-27,308.0,2023-04-27,0.3818577229976654,Positive,0.6521894335746765,Strongly Positive
2023-04-26,310.0,,0.0,Neutral,0.32609471678733826,Positive
2023-04-25,313.0,,0.0,Neutral,0.09546443074941635,Slightly Positive
2023-04-24,308.0,,0.0,Neutral,0.0,Neutral
2023-04-23,309.1,,0.0,Neutral,0.0,Neutral
2023-04-20,314.0,2023-04-20,0.1440556347370147,Slightly Positive,0.1440556347370147,Slightly Positive
2023-04-19,317.5,,0.0,Neutral,0.07202781736850734,Slightly Positive
2023-04-18,315.0,,0.0,Neutral,0.03601390868425367,Neutral
2023-04-17,316.1,,0.0,Neutral,0.0,Neutral
2023-04-16,319.3,,0.0,Neutral,0.0,Neutral
2023-04-13,323.0,,0.0,Neutral,0.0,Neutral
2023-04-12,328.0,,0.0,Neutral,0.0,Neutral
2023-04-11,313.0,,0.0,Neutral,0.0,Neutral
2023-04-10,309.0,,0.0,Neutral,0.0,Neutral
2023-04-09,309.5,,0.0,Neutral,0.0,Neutral
2023-04-06,309.0,,0.0,Neutral,0.0,Neutral
2023-04-05,318.0,,0.0,Neutral,0.0,Neutral
2023-04-04,316.5,,0.0,Neutral,0.0,Neutral
2023-04-03,316.0,,0.0,Neutral,0.0,Neutral
2023-04-02,318.2,,0.0,Neutral,0.0,Neutral
2023-03-30,318.0,,0.0,Neutral,0.0,Neutral
2023-03-29,323.1,,0.0,Neutral,0.0,Neutral
2023-03-28,326.0,,0.0,Neutral,0.0,Neutral
2023-03-27,333.0,,0.0,Neutral,0.0,Neutral
2023-03-26,318.0,,0.0,Neutral,0.0,Neutral
2023-03-23,324.0,2023-03-23,0.052819263190031,Slightly Positive,0.052819263190031,Slightly Positive
2023-03-22,327.0,,0.0,Neutral,0.0264096315950155,Neutral
2023-03-20,332.0,,0.0,Neutral,0.01320481579750775,Neutral
2023-03-19,326.0,,0.0,Neutral,0.0,Neutral
2023-03-16,326.2,,0.0,Neutral,0.0,Neutral
2023-03-15,325.4,,0.0,Neutral,0.0,Neutral
2023-03-14,326.1,,0.0,Neutral,0.0,Neutral
2023-03-13,324.0,,0.0,Neutral,0.0,Neutral
2023-03-12,330.0,,0.0,Neutral,0.0,Neutral
2023-03-09,340.0,,0.0,Neutral,0.0,Neutral
2023-03-07,322.0,,0.0,Neutral,0.0,Neutral
2023-03-05,319.5,,0.0,Neutral,0.0,Neutral
2023-03-02,323.0,,0.0,Neutral,0.0,Neutral
2023-03-01,329.0,,0.0,Neutral,0.0,Neutral
2023-02-28,333.0,,0.0,Neutral,0.0,Neutral
2023-02-27,332.1,,0.0,Neutral,0.0,Neutral
2023-02-26,338.0,,0.0,Neutral,0.0,Neutral
2023-02-23,334.0,,0.0,Neutral,0.0,Neutral
2023-02-22,342.0,,0.0,Neutral,0.0,Neutral
2023-02-20,333.0,,0.0,Neutral,0.0,Neutral
2023-02-16,337.0,,0.0,Neutral,0.0,Neutral
2023-02-15,340.0,,0.0,Neutral,0.0,Neutral
2023-02-14,338.0,,0.0,Neutral,0.0,Neutral
2023-02-12,341.0,,0.0,Neutral,0.0,Neutral
2023-02-09,361.0,,0.0,Neutral,0.0,Neutral
2023-02-08,356.5,,0.0,Neutral,0.0,Neutral
2023-02-07,365.0,,0.0,Neutral,0.0,Neutral
2023-02-06,338.9,,0.0,Neutral,0.0,Neutral
2023-02-05,339.0,,0.0,Neutral,0.0,Neutral
2023-02-02,340.0,2023-02-02,-0.6716222763061523,Strongly Negative,-0.6716222763061523,Strongly Negative
2023-02-01,344.0,,0.0,Neutral,-0.33581113815307617,Negative
2023-01-31,339.0,,0.0,Neutral,-0.16790556907653809,Slightly Negative
2023-01-30,345.0,,0.0,Neutral,0.0,Neutral
2023-01-29,358.0,2023-01-29,-0.4091926515102386,Negative,-0.4091926515102386,Negative
2023-01-26,363.9,2023-01-26,0.9144240617752076,Strongly Positive,0.7098277360200883,Strongly Positive
2023-01-25,370.0,,0.0,Neutral,0.35491386801004415,Positive
2023-01-24,370.0,,0.0,Neutral,0.2286060154438019,Positive
2023-01-23,354.0,,0.0,Neutral,0.0,Neutral
2023-01-19,364.0,,0.0,Neutral,0.0,Neutral
2023-01-18,368.9,,0.0,Neutral,0.0,Neutral
2023-01-17,365.0,2023-01-17,-0.623460054397583,Strongly Negative,-0.623460054397583,Strongly Negative
2023-01-12,355.0,2023-01-12,0.5015150904655457,Positive,0.18978506326675415,Slightly Positive
2023-01-10,377.5,2023-01-10,-0.2437212616205215,Negative,-0.14882872998714441,Slightly Negative
2023-01-09,392.5,,0.0,Neutral,0.0035181418061256686,Neutral
2023-01-08,378.0,,0.0,Neutral,-0.06093031540513037,Slightly Negative
2023-01-05,370.0,,0.0,Neutral,0.0,Neutral
2023-01-04,357.0,,0.0,Neutral,0.0,Neutral
2023-01-03,348.0,,0.0,Neutral,0.0,Neutral
2023-01-02,357.0,2023-01-02,-0.3848305940628052,Negative,-0.3848305940628052,Negative
2023-01-01,351.0,,0.0,Neutral,-0.1924152970314026,Slightly Negative
2022-12-29,341.0,,0.0,Neutral,-0.0962076485157013,Slightly Negative
2022-12-28,329.0,,0.0,Neutral,0.0,Neutral
2022-12-27,330.0,,0.0,Neutral,0.0,Neutral
2022-12-26,313.0,,0.0,Neutral,0.0,Neutral
2022-12-22,294.0,,0.0,Neutral,0.0,Neutral
2022-12-21,293.1,2022-12-21,0.6173017024993896,Strongly Positive,0.6173017024993896,Strongly Positive
2022-12-20,298.0,,0.0,Neutral,0.3086508512496948,Positive
2022-12-19,301.0,,0.0,Neutral,0.1543254256248474,Slightly Positive
2022-12-18,295.1,,0.0,Neutral,0.0,Neutral
2022-12-15,301.0,,0.0,Neutral,0.0,Neutral
2022-12-14,306.0,,0.0,Neutral,0.0,Neutral
2022-12-13,311.0,2022-12-13,0.7148497700691223,Strongly Positive,0.7148497700691223,Strongly Positive
2022-12-12,310.0,,0.0,Neutral,0.35742488503456116,Positive
2022-12-11,305.0,,0.0,Neutral,0.17871244251728058,Slightly Positive
2022-12-07,309.0,,0.0,Neutral,0.0,Neutral
2022-12-06,310.5,,0.0,Neutral,0.0,Neutral
2022-12-05,310.0,,0.0,Neutral,0.0,Neutral
2022-12-04,322.0,,0.0,Neutral,0.0,Neutral
2022-12-01,318.5,,0.0,Neutral,0.0,Neutral
2022-11-30,319.0,,0.0,Neutral,0.0,Neutral
2022-11-29,320.0,,0.0,Neutral,0.0,Neutral
2022-11-28,320.0,2022-11-28,0.1627677381038665,Slightly Positive,0.1627677381038665,Slightly Positive
2022-11-27,322.1,,0.0,Neutral,0.08138386905193325,Slightly Positive
2022-11-24,319.0,,0.0,Neutral,0.040691934525966623,Neutral
2022-11-23,319.0,,0.0,Neutral,0.0,Neutral
2022-11-22,321.0,,0.0,Neutral,0.0,Neutral
2022-11-17,322.1,,0.0,Neutral,0.0,Neutral
2022-11-16,316.5,,0.0,Neutral,0.0,Neutral
2022-11-15,311.0,2022-11-15,0.7105873227119446,Strongly Positive,0.7105873227119446,Strongly Positive
2022-11-14,318.9,2022-11-14,-0.6556950807571411,Strongly Negative,-0.3004014194011688,Negative
2022-11-13,303.0,,0.0,Neutral,-0.1502007097005844,Slightly Negative
2022-11-10,308.0,2022-11-10,0.6085646748542786,Strongly Positive,0.4446409046649933,Positive
2022-11-09,314.0,,0.0,Neutral,0.3042823374271393,Positive
2022-11-08,337.0,,0.0,Neutral,0.15214116871356964,Slightly Positive
2022-11-07,335.0,,0.0,Neutral,0.0,Neutral
2022-11-06,331.0,,0.0,Neutral,0.0,Neutral
2022-11-03,322.1,,0.0,Neutral,0.0,Neutral
2022-11-02,324.9,,0.0,Neutral,0.0,Neutral
2022-11-01,317.0,,0.0,Neutral,0.0,Neutral
2022-10-31,303.9,2022-10-31,0.1629264950752258,Slightly Positive,0.1629264950752258,Slightly Positive
2022-10-23,308.0,2022-10-23,-0.0040155053138732,Neutral,0.07744774222373971,Slightly Positive
2022-10-20,318.1,,0.0,Neutral,0.038723871111869854,Neutral
2022-10-19,321.0,2022-10-19,0.903040885925293,Strongly Positive,0.9020370095968246,Strongly Positive
2022-10-17,326.0,2022-10-17,0.71620774269104,Strongly Positive,1.1677281856536865,Strongly Positive
2022-10-16,322.0,,0.0,Neutral,0.5838640928268433,Positive
2022-10-13,323.6,2022-10-13,0.5541855245828629,Positive,0.7332374602556229,Strongly Positive
2022-10-12,322.0,,0.0,Neutral,0.2770927622914314,Positive
2022-10-11,318.6,,0.0,Neutral,0.1385463811457157,Slightly Positive
2022-10-10,325.0,,0.0,Neutral,0.0,Neutral
2022-10-09,336.0,,0.0,Neutral,0.0,Neutral
2022-09-29,327.0,2022-09-29,0.9351661205291748,Strongly Positive,0.9351661205291748,Strongly Positive
2022-09-28,318.0,,0.0,Neutral,0.4675830602645874,Positive
2022-09-27,318.0,,0.0,Neutral,0.2337915301322937,Positive
2022-09-25,330.0,,0.0,Neutral,0.0,Neutral
2022-09-22,336.5,2022-09-22,0.9082857966423036,Strongly Positive,0.9082857966423036,Strongly Positive
2022-09-21,343.2,2022-09-21,0.534334659576416,Positive,0.9884775578975677,Strongly Positive
2022-09-20,334.0,,0.0,Neutral,0.4942387789487839,Positive
2022-09-18,346.0,,0.0,Neutral,0.133583664894104,Slightly Positive
2022-09-16,357.0,,0.0,Neutral,0.0,Neutral
2022-09-15,361.0,,0.0,Neutral,0.0,Neutral
2022-09-14,383.0,,0.0,Neutral,0.0,Neutral
2022-09-13,360.0,,0.0,Neutral,0.0,Neutral
2022-09-12,356.0,,0.0,Neutral,0.0,Neutral
2022-09-11,356.0,,0.0,Neutral,0.0,Neutral
2022-09-08,364.0,,0.0,Neutral,0.0,Neutral
2022-09-07,358.0,2022-09-07,0.006325364112854,Neutral,0.006325364112854,Neutral
2022-09-06,363.1,,0.0,Neutral,0.003162682056427,Neutral
2022-09-05,373.0,,0.0,Neutral,0.0015813410282135,Neutral
2022-09-04,371.0,,0.0,Neutral,0.0,Neutral
2022-09-02,370.0,,0.0,Neutral,0.0,Neutral
2022-09-01,370.0,2022-09-01,-0.2566113471984863,Negative,-0.2566113471984863,Negative
2022-08-31,369.9,,0.0,Neutral,-0.12830567359924314,Slightly Negative
2022-08-30,375.0,2022-08-30,0.0258980691432952,Neutral,-0.03825476765632636,Neutral
2022-08-29,377.4,,0.0,Neutral,0.0129490345716476,Neutral
2022-08-28,373.0,,0.0,Neutral,0.0064745172858238,Neutral
2022-08-26,385.1,,0.0,Neutral,0.0,Neutral
2022-08-25,392.0,,0.0,Neutral,0.0,Neutral
2022-08-24,398.1,2022-08-24,0.6355215311050415,Strongly Positive,0.6355215311050415,Strongly Positive
2022-08-23,400.0,2022-08-23,0.894823431968689,Strongly Positive,1.2125841975212097,Strongly Positive
2022-08-22,398.0,,0.0,Neutral,0.6062920987606049,Strongly Positive
2022-08-21,405.0,,0.0,Neutral,0.22370585799217224,Positive
2022-08-18,406.5,,0.0,Neutral,0.0,Neutral
2022-08-17,395.0,,0.0,Neutral,0.0,Neutral
2022-08-16,395.0,,0.0,Neutral,0.0,Neutral
2022-08-15,408.0,,0.0,Neutral,0.0,Neutral
2022-08-14,386.0,,0.0,Neutral,0.0,Neutral
2022-08-11,391.0,2022-08-11,-0.061613380908966,Slightly Negative,-0.061613380908966,Slightly Negative
2022-08-10,396.0,,0.0,Neutral,-0.030806690454483,Neutral
2022-08-09,387.0,,0.0,Neutral,-0.0154033452272415,Neutral
2022-08-08,409.9,,0.0,Neutral,0.0,Neutral
2022-08-07,422.0,2022-08-07,0.0195572879165411,Neutral,0.0195572879165411,Neutral
2022-08-05,418.0,2022-08-05,0.2184320390224456,Positive,0.22821068298071615,Positive
2022-08-04,430.0,,0.0,Neutral,0.11410534149035807,Slightly Positive
2022-08-03,446.0,2022-08-03,0.7975225448608398,Strongly Positive,0.8521305546164513,Strongly Positive
2022-08-02,438.0,,0.0,Neutral,0.3987612724304199,Positive
2022-08-01,435.0,2022-08-01,-0.2906584739685058,Negative,-0.09127783775329584,Slightly Negative
2022-07-31,441.0,2022-07-31,-0.3070221543312073,Negative,-0.4523513913154602,Negative
2022-07-29,449.0,2022-07-29,-0.1990431249141693,Slightly Negative,-0.4252188205718994,Negative
2022-07-28,448.0,,0.0,Neutral,-0.17627710103988647,Slightly Negative
2022-07-27,426.1,,0.0,Neutral,-0.04976078122854233,Neutral
2022-07-26,411.0,,0.0,Neutral,0.0,Neutral
2022-07-25,427.1,,0.0,Neutral,0.0,Neutral
2022-07-24,407.0,,0.0,Neutral,0.0,Neutral
2022-07-22,372.5,,0.0,Neutral,0.0,Neutral
2022-07-21,381.0,,0.0,Neutral,0.0,Neutral
2022-07-20,387.1,,0.0,Neutral,0.0,Neutral
2022-07-19,385.0,,0.0,Neutral,0.0,Neutral
2022-07-18,375.5,,0.0,Neutral,0.0,Neutral
2022-07-17,371.1,,0.0,Neutral,0.0,Neutral
2022-07-15,377.5,2022-07-15,-0.1234379112720489,Slightly Negative,-0.1234379112720489,Slightly Negative
2022-07-14,378.0,,0.0,Neutral,-0.06171895563602445,Slightly Negative
2022-07-13,374.0,2022-07-13,0.9082242250442504,Strongly Positive,0.8773647472262381,Strongly Positive
2022-07-12,345.0,,0.0,Neutral,0.4541121125221252,Positive
2022-07-11,344.0,,0.0,Neutral,0.2270560562610626,Positive
2022-07-08,362.0,,0.0,Neutral,0.0,Neutral
2022-07-07,380.0,,0.0,Neutral,0.0,Neutral
2022-07-06,380.0,,0.0,Neutral,0.0,Neutral
2022-07-05,370.9,,0.0,Neutral,0.0,Neutral
2022-07-04,380.0,2022-07-04,-0.2904195189476013,Negative,-0.2904195189476013,Negative
2022-07-03,383.5,,0.0,Neutral,-0.14520975947380066,Slightly Negative
2022-07-01,370.0,,0.0,Neutral,-0.07260487973690033,Slightly Negative
2022-06-30,359.0,2022-06-30,-0.2598440945148468,Negative,-0.2598440945148468,Negative
2022-06-29,338.3,,0.0,Neutral,-0.1299220472574234,Slightly Negative
2022-06-28,328.0,2022-06-28,0.4208382070064544,Positive,0.3558771833777427,Positive
2022-06-27,335.0,,0.0,Neutral,0.2104191035032272,Positive
2022-06-26,339.8,2022-06-26,-0.4419355690479278,Negative,-0.3367260172963142,Negative
2022-06-24,315.0,2022-06-24,0.5870148539543152,Positive,0.36604706943035126,Positive
2022-06-23,312.0,,0.0,Neutral,0.18302353471517563,Slightly Positive
2022-06-22,332.6,,0.0,Neutral,0.1467537134885788,Slightly Positive
2022-06-21,344.8,,0.0,Neutral,0.0,Neutral
2022-06-20,333.0,2022-06-20,0.5693178772926331,Positive,0.5693178772926331,Positive
2022-06-19,338.0,,0.0,Neutral,0.28465893864631653,Positive
2022-06-17,352.0,,0.0,Neutral,0.14232946932315826,Slightly Positive
2022-06-16,358.0,2022-06-16,0.8982492685317993,Strongly Positive,0.8982492685317993,Strongly Positive
2022-06-15,355.0,,0.0,Neutral,0.44912463426589966,Positive
2022-06-14,362.0,,0.0,Neutral,0.22456231713294983,Positive
2022-06-13,371.3,,0.0,Neutral,0.0,Neutral
2022-06-10,374.0,,0.0,Neutral,0.0,Neutral
2022-06-09,382.2,,0.0,Neutral,0.0,Neutral
2022-06-08,386.0,,0.0,Neutral,0.0,Neutral
2022-06-07,377.0,2022-06-07,0.2998286485671997,Positive,0.2998286485671997,Positive
2022-06-06,382.1,2022-06-06,0.0207726825028657,Neutral,0.17068700678646556,Slightly Positive
2022-06-03,382.1,,0.0,Neutral,0.08534350339323278,Slightly Positive
2022-06-02,387.0,2022-06-02,0.8461382985115051,Strongly Positive,0.8513314691372216,Strongly Positive
2022-06-01,388.0,2022-06-01,0.3814393877983093,Positive,0.8045085370540619,Strongly Positive
2022-05-31,380.2,,0.0,Neutral,0.40225426852703094,Positive
2022-05-30,385.0,,0.0,Neutral,0.09535984694957733,Slightly Positive
2022-05-27,392.1,,0.0,Neutral,0.0,Neutral
2022-05-26,398.8,,0.0,Neutral,0.0,Neutral
2022-05-25,398.0,,0.0,Neutral,0.0,Neutral
2022-05-24,394.0,2022-05-24,0.0325568914413452,Neutral,0.0325568914413452,Neutral
2022-05-23,386.5,,0.0,Neutral,0.0162784457206726,Neutral
2022-05-20,394.0,,0.0,Neutral,0.0081392228603363,Neutral
2022-05-19,400.0,,0.0,Neutral,0.0,Neutral
2022-05-18,411.0,2022-05-18,0.2235666513442993,Positive,0.2235666513442993,Positive
2022-05-17,405.0,,0.0,Neutral,0.11178332567214964,Slightly Positive
2022-05-12,429.8,,0.0,Neutral,0.05589166283607482,Slightly Positive
2022-05-11,435.0,,0.0,Neutral,0.0,Neutral
2022-05-10,418.0,,0.0,Neutral,0.0,Neutral
2022-05-09,400.0,,0.0,Neutral,0.0,Neutral
2022-05-08,404.0,,0.0,Neutral,0.0,Neutral
2022-05-05,389.0,,0.0,Neutral,0.0,Neutral
2022-05-04,394.0,,0.0,Neutral,0.0,Neutral
2022-05-02,397.0,,0.0,Neutral,0.0,Neutral
2022-04-28,410.0,,0.0,Neutral,0.0,Neutral
2022-04-27,420.0,,0.0,Neutral,0.0,Neutral
2022-04-26,415.0,2022-04-26,0.0814896821975708,Slightly Positive,0.0814896821975708,Slightly Positive
2022-04-25,416.0,,0.0,Neutral,0.0407448410987854,Neutral
2022-04-24,408.1,2022-04-24,0.4896917045116424,Positive,0.5100641250610352,Positive
2022-04-21,371.0,2022-04-21,0.435576420277357,Positive,0.6804222725331782,Strongly Positive
2022-04-20,380.0,2022-04-20,0.1363096833229065,Slightly Positive,0.4765208195894956,Positive
2022-04-19,387.0,2022-04-19,0.9145817756652832,Strongly Positive,1.0916307223960757,Strongly Positive
2022-04-18,387.0,2022-04-18,0.6108980178833008,Strongly Positive,1.102266326546669,Strongly Positive
2022-04-17,396.0,,0.0,Neutral,0.5340944528579712,Positive
2022-04-13,405.0,,0.0,Neutral,0.1527245044708252,Slightly Positive
2022-04-12,402.0,2022-04-12,0.5773056745529175,Positive,0.5773056745529175,Positive
2022-04-11,410.0,2022-04-11,0.8681013584136963,Strongly Positive,1.156754195690155,Strongly Positive
2022-04-07,411.0,,0.0,Neutral,0.5783770978450775,Positive
2022-04-06,403.0,2022-04-06,0.3428605794906616,Positive,0.5598859190940857,Positive
2022-04-05,411.0,2022-04-05,0.651929497718811,Strongly Positive,0.8233597874641418,Strongly Positive
2022-04-04,420.0,,0.0,Neutral,0.4116798937320709,Positive
2022-04-03,423.0,2022-04-03,-0.0272224247455596,Neutral,0.13575994968414315,Slightly Positive
2022-03-31,429.0,,0.0,Neutral,-0.0136112123727798,Neutral
2022-03-30,436.8,,0.0,Neutral,-0.0068056061863899,Neutral
2022-03-29,422.9,2022-03-29,0.8759951591491699,Strongly Positive,0.8759951591491699,Strongly Positive
2022-03-28,423.0,2022-03-28,0.6411234736442566,Strongly Positive,1.0791210532188416,Strongly Positive
2022-03-27,433.0,,0.0,Neutral,0.5395605266094208,Positive
2022-03-24,447.0,,0.0,Neutral,0.16028086841106415,Slightly Positive
2022-03-23,454.0,2022-03-23,-0.0178897380828857,Neutral,-0.0178897380828857,Neutral
2022-03-22,465.0,,0.0,Neutral,-0.00894486904144285,Neutral
2022-03-21,468.0,,0.0,Neutral,-0.004472434520721425,Neutral
2022-03-20,454.0,2022-03-20,0.8301899433135986,Strongly Positive,0.8301899433135986,Strongly Positive
2022-03-16,461.0,,0.0,Neutral,0.4150949716567993,Positive
2022-03-15,470.0,,0.0,Neutral,0.20754748582839966,Positive
2022-03-14,475.0,2022-03-14,0.5405178843066096,Positive,0.5405178843066096,Positive
2022-03-13,475.0,,0.0,Neutral,0.2702589421533048,Positive
2022-03-10,447.0,,0.0,Neutral,0.1351294710766524,Slightly Positive
2022-03-09,423.0,2022-03-09,-0.5977263450622559,Negative,-0.5977263450622559,Negative
2022-03-07,435.0,,0.0,Neutral,-0.29886317253112793,Negative
2022-03-06,436.1,,0.0,Neutral,-0.14943158626556396,Slightly Negative
2022-03-02,441.0,,0.0,Neutral,0.0,Neutral
2022-02-28,450.0,2022-02-28,0.4970417022705078,Positive,0.4970417022705078,Positive
2022-02-27,455.1,,0.0,Neutral,0.2485208511352539,Positive
2022-02-24,461.0,2022-02-24,0.5140209197998047,Positive,0.6382813453674316,Strongly Positive
2022-02-23,476.0,,0.0,Neutral,0.25701045989990234,Positive
2022-02-22,483.0,,0.0,Neutral,0.12850522994995117,Slightly Positive
2022-02-21,469.0,2022-02-21,0.5519900321960449,Positive,0.5519900321960449,Positive
2022-02-20,465.3,,0.0,Neutral,0.27599501609802246,Positive
2022-02-17,475.0,,0.0,Neutral,0.13799750804901123,Slightly Positive
2022-02-16,482.0,2022-02-16,0.5795700550079346,Positive,0.5795700550079346,Positive
2022-02-15,490.0,2022-02-15,-0.3125604093074798,Negative,-0.022775381803512518,Neutral
2022-02-14,474.0,2022-02-14,-0.5765681266784668,Negative,-0.5879558175802231,Negative
2022-02-13,473.0,2022-02-13,0.4978555937608083,Positive,0.13143142809470493,Slightly Positive
2022-02-10,495.0,,0.0,Neutral,0.10478576521078745,Slightly Positive
2022-02-09,499.1,,0.0,Neutral,0.12446389844020207,Slightly Positive
2022-02-08,506.0,2022-02-08,-0.0566993355751037,Slightly Negative,-0.0566993355751037,Slightly Negative
2022-02-07,511.0,2022-02-07,0.5250307619571686,Positive,0.49668109416961675,Positive
2022-02-06,508.0,,0.0,Neutral,0.24834054708480838,Positive
2022-02-03,516.1,2022-02-03,0.908535659313202,Strongly Positive,1.039793349802494,Strongly Positive
2022-02-01,520.6,,0.0,Neutral,0.454267829656601,Positive
2022-01-31,517.0,,0.0,Neutral,0.2271339148283005,Positive
2022-01-30,526.8,,0.0,Neutral,0.0,Neutral
2022-01-27,496.0,,0.0,Neutral,0.0,Neutral
2022-01-26,494.0,2022-01-26,0.4082410056143999,Positive,0.4082410056143999,Positive
2022-01-25,509.0,,0.0,Neutral,0.20412050280719995,Positive
2022-01-24,514.0,,0.0,Neutral,0.10206025140359998,Slightly Positive
2022-01-23,539.0,,0.0,Neutral,0.0,Neutral
2022-01-20,563.0,,0.0,Neutral,0.0,Neutral
2022-01-19,554.0,2022-01-19,0.3360106647014618,Positive,0.3360106647014618,Positive
2022-01-18,560.0,2022-01-18,0.3734949231147766,Positive,0.5415002554655075,Positive
2022-01-17,555.0,2022-01-17,0.4422468543052673,Positive,0.7129969820380211,Strongly Positive
2022-01-16,530.0,,0.0,Neutral,0.3144971579313278,Positive
2022-01-13,520.0,,0.0,Neutral,0.11056171357631682,Slightly Positive
2022-01-12,504.0,2022-01-12,-0.4808397889137268,Negative,-0.4808397889137268,Negative
2022-01-11,525.0,,0.0,Neutral,-0.2404198944568634,Negative
2022-01-10,508.0,2022-01-10,0.519367516040802,Positive,0.3991575688123703,Positive
2022-01-09,495.0,2022-01-09,0.7907711267471313,Strongly Positive,1.0504548847675323,Strongly Positive
2022-01-06,474.0,,0.0,Neutral,0.5252274423837662,Positive
2022-01-05,460.0,,0.0,Neutral,0.19769278168678284,Slightly Positive
2022-01-04,456.0,2022-01-04,0.65803462266922,Strongly Positive,0.65803462266922,Strongly Positive
2022-01-03,442.0,2022-01-03,0.0013054907321929,Neutral,0.33032280206680287,Positive
2022-01-02,438.1,,0.0,Neutral,0.16516140103340143,Slightly Positive
2021-12-29,440.0,,0.0,Neutral,0.000326372683048225,Neutral
2021-12-28,447.0,,0.0,Neutral,0.0,Neutral
2021-12-27,433.0,2021-12-27,0.1544867753982544,Slightly Positive,0.1544867753982544,Slightly Positive
2021-12-26,460.1,,0.0,Neutral,0.0772433876991272,Slightly Positive
2021-12-23,470.0,,0.0,Neutral,0.0386216938495636,Neutral
2021-12-22,472.0,,0.0,Neutral,0.0,Neutral
2021-12-21,442.0,2021-12-21,-0.6907034516334534,Strongly Negative,-0.6907034516334534,Strongly Negative
2021-12-20,435.0,,0.0,Neutral,-0.3453517258167267,Negative
2021-12-16,444.0,2021-12-16,0.7056154310703278,Strongly Positive,0.5329395681619644,Positive
2021-12-15,457.0,2021-12-15,-0.3610247150063515,Negative,-0.008216999471187647,Neutral
2021-12-14,429.0,2021-12-14,0.0240390766412019,Neutral,0.019930576905608066,Neutral
2021-12-13,390.0,,0.0,Neutral,-0.07823664043098694,Slightly Negative
2021-12-12,419.0,,0.0,Neutral,0.006009769160300475,Neutral
2021-12-09,448.0,2021-12-09,0.7948119044303894,Strongly Positive,0.7948119044303894,Strongly Positive
2021-12-08,448.5,,0.0,Neutral,0.3974059522151947,Positive
2021-12-07,470.0,,0.0,Neutral,0.19870297610759735,Slightly Positive
2021-12-06,489.0,2021-12-06,-0.0454929023981094,Neutral,-0.0454929023981094,Neutral
2021-12-05,474.0,2021-12-05,-0.3157088458538055,Negative,-0.3384552970528602,Negative
2021-12-02,498.0,,0.0,Neutral,-0.1692276485264301,Slightly Negative
2021-12-01,515.0,,0.0,Neutral,-0.07892721146345137,Slightly Negative
2021-11-30,516.0,2021-11-30,0.0353909358382225,Neutral,0.0353909358382225,Neutral
2021-11-29,509.0,,0.0,Neutral,0.01769546791911125,Neutral
2021-11-28,506.0,,0.0,Neutral,0.008847733959555624,Neutral
2021-11-25,523.1,2021-11-25,-0.1864838898181915,Slightly Negative,-0.1864838898181915,Slightly Negative
2021-11-24,530.0,2021-11-24,-0.2785083949565887,Negative,-0.37175033986568445,Negative
2021-11-23,521.0,2021-11-23,0.6356387138366699,Strongly Positive,0.44976354390382767,Positive
2021-11-22,538.0,2021-11-22,0.0131739825010299,Neutral,0.2613662406802177,Positive
2021-11-21,538.0,,0.0,Neutral,0.16549666970968244,Slightly Positive
2021-11-18,538.0,,0.0,Neutral,0.003293495625257475,Neutral
2021-11-17,552.0,2021-11-17,0.6861373782157898,Strongly Positive,0.6861373782157898,Strongly Positive
2021-11-16,555.0,2021-11-16,0.8141272664070129,Strongly Positive,1.1571959555149078,Strongly Positive
2021-11-15,541.0,2021-11-15,0.4076647162437439,Positive,0.9862626940011978,Strongly Positive
2021-11-14,523.0,2021-11-14,0.0491418664654096,Neutral,0.45650604118903476,Positive
2021-11-11,516.0,2021-11-11,0.2226513624191284,Positive,0.34913847471276915,Positive
2021-11-09,540.0,,0.0,Neutral,0.12361114782591659,Slightly Positive
2021-11-08,567.0,2021-11-08,0.4568291008472442,Positive,0.5124919414520263,Positive
2021-11-03,564.0,2021-11-03,0.2788993418216705,Positive,0.5073138922452926,Positive
2021-11-02,573.0,,0.0,Neutral,0.2536569461226463,Positive
2021-11-01,559.0,2021-11-01,0.1046939715743064,Slightly Positive,0.174418807029724,Slightly Positive
2021-10-31,573.0,,0.0,Neutral,0.0523469857871532,Slightly Positive
2021-10-28,586.0,,0.0,Neutral,0.0261734928935766,Neutral
2021-10-27,580.0,,0.0,Neutral,0.0,Neutral
2021-10-26,533.7,,0.0,Neutral,0.0,Neutral
2021-10-25,485.2,,0.0,Neutral,0.0,Neutral
2021-10-24,441.1,,0.0,Neutral,0.0,Neutral
2021-10-21,401.0,2021-10-21,0.8713273406028748,Strongly Positive,0.8713273406028748,Strongly Positive
2021-10-20,412.0,2021-10-20,0.6123760342597961,Strongly Positive,1.0480397045612335,Strongly Positive
2021-10-19,387.0,,0.0,Neutral,0.5240198522806168,Positive
2021-10-18,410.0,2021-10-18,0.8018708229064941,Strongly Positive,0.9549648314714432,Strongly Positive
2021-10-17,429.0,2021-10-17,0.9213525056838988,Strongly Positive,1.322287917137146,Strongly Positive
2021-10-11,428.0,2021-10-11,0.857159435749054,Strongly Positive,1.518303394317627,Strongly Positive
2021-10-10,432.2,,0.0,Neutral,0.6589178442955017,Strongly Positive
2021-10-06,437.8,2021-10-06,0.9232880473136902,Strongly Positive,1.1375779062509537,Strongly Positive
2021-10-05,398.0,2021-10-05,0.4259742498397827,Positive,0.8876182734966278,Strongly Positive
2021-10-04,380.0,2021-10-04,-0.1786015033721923,Slightly Negative,0.26520763337612163,Positive
2021-10-03,393.0,,0.0,Neutral,0.01719281077384953,Neutral
2021-09-30,415.0,,0.0,Neutral,-0.044650375843048075,Neutral
2021-09-29,428.0,2021-09-29,0.9257281422615052,Strongly Positive,0.9257281422615052,Strongly Positive
2021-09-28,409.0,2021-09-28,0.261738121509552,Positive,0.7246021926403046,Strongly Positive
2021-09-27,435.0,,0.0,Neutral,0.3623010963201523,Positive
2021-09-26,462.0,,0.0,Neutral,0.065434530377388,Slightly Positive
2021-09-23,500.0,2021-09-23,-0.5558741092681885,Negative,-0.5558741092681885,Negative
2021-09-22,499.4,,0.0,Neutral,-0.27793705463409424,Negative
2021-09-21,454.0,,0.0,Neutral,-0.13896852731704712,Slightly Negative
2021-09-20,458.0,,0.0,Neutral,0.0,Neutral
2021-09-16,508.0,2021-09-16,0.5890231132507324,Positive,0.5890231132507324,Positive
2021-09-15,527.0,,0.0,Neutral,0.2945115566253662,Positive
2021-09-14,542.5,,0.0,Neutral,0.1472557783126831,Slightly Positive
2021-09-13,558.0,,0.0,Neutral,0.0,Neutral
2021-09-12,550.0,2021-09-12,0.4431141316890716,Positive,0.4431141316890716,Positive
2021-09-09,520.0,,0.0,Neutral,0.2215570658445358,Positive
2021-09-08,525.0,,0.0,Neutral,0.1107785329222679,Slightly Positive
2021-09-07,549.0,,0.0,Neutral,0.0,Neutral
2021-09-06,539.6,,0.0,Neutral,0.0,Neutral
2021-09-05,490.6,,0.0,Neutral,0.0,Neutral
2021-09-02,545.1,,0.0,Neutral,0.0,Neutral
2021-09-01,577.0,,0.0,Neutral,0.0,Neutral
2021-08-31,600.0,,0.0,Neutral,0.0,Neutral
2021-08-29,615.5,,0.0,Neutral,0.0,Neutral
2021-08-26,588.0,,0.0,Neutral,0.0,Neutral
2021-08-25,549.0,,0.0,Neutral,0.0,Neutral
2021-08-24,567.0,,0.0,Neutral,0.0,Neutral
2021-08-19,576.0,2021-08-19,0.5259397625923157,Positive,0.5259397625923157,Positive
2021-08-18,599.0,,0.0,Neutral,0.26296988129615784,Positive
2021-08-17,569.0,,0.0,Neutral,0.13148494064807892,Slightly Positive
2021-08-16,544.0,2021-08-16,0.146904706954956,Slightly Positive,0.146904706954956,Slightly Positive
2021-08-15,544.0,,0.0,Neutral,0.073452353477478,Slightly Positive
2021-08-12,565.1,,0.0,Neutral,0.036726176738739,Neutral
2021-08-11,560.3,,0.0,Neutral,0.0,Neutral
2021-08-10,578.6,,0.0,Neutral,0.0,Neutral
2021-08-09,526.0,,0.0,Neutral,0.0,Neutral
2021-08-08,488.0,,0.0,Neutral,0.0,Neutral
2021-08-05,484.0,,0.0,Neutral,0.0,Neutral
2021-08-04,491.0,2021-08-04,-0.4183864593505859,Negative,-0.4183864593505859,Negative
2021-08-03,467.0,,0.0,Neutral,-0.20919322967529294,Negative
2021-08-02,467.0,,0.0,Neutral,-0.10459661483764647,Slightly Negative
2021-08-01,466.1,,0.0,Neutral,0.0,Neutral
2021-07-29,475.0,,0.0,Neutral,0.0,Neutral
2021-07-28,485.0,,0.0,Neutral,0.0,Neutral
2021-07-27,455.0,,0.0,Neutral,0.0,Neutral
2021-07-26,431.0,,0.0,Neutral,0.0,Neutral
2021-07-25,418.0,2021-07-25,-0.1586503386497497,Slightly Negative,-0.1586503386497497,Slightly Negative
2021-07-22,411.0,,0.0,Neutral,-0.07932516932487485,Slightly Negative
2021-07-20,414.9,,0.0,Neutral,-0.039662584662437425,Neutral
2021-07-19,420.0,,0.0,Neutral,0.0,Neutral
2021-07-18,424.0,,0.0,Neutral,0.0,Neutral
2021-07-15,426.0,2021-07-15,0.2684071958065033,Positive,0.2684071958065033,Positive
2021-07-14,430.0,,0.0,Neutral,0.13420359790325165,Slightly Positive
2021-07-13,418.0,,0.0,Neutral,0.06710179895162582,Slightly Positive
2021-07-12,400.0,,0.0,Neutral,0.0,Neutral
2021-07-11,402.0,2021-07-11,0.7197643518447876,Strongly Positive,0.7197643518447876,Strongly Positive
2021-07-08,366.0,,0.0,Neutral,0.3598821759223938,Positive
2021-07-07,358.0,2021-07-07,0.0943080335855484,Slightly Positive,0.2742491215467453,Positive
2021-07-06,366.0,,0.0,Neutral,0.0471540167927742,Neutral
2021-07-05,372.0,,0.0,Neutral,0.0235770083963871,Neutral
2021-07-04,385.0,,0.0,Neutral,0.0,Neutral
2021-07-01,390.0,,0.0,Neutral,0.0,Neutral
2021-06-30,359.0,2021-06-30,0.864063024520874,Strongly Positive,0.864063024520874,Strongly Positive
2021-06-29,333.0,,0.0,Neutral,0.432031512260437,Positive
2021-06-28,362.0,,0.0,Neutral,0.2160157561302185,Positive
2021-06-27,383.0,,0.0,Neutral,0.0,Neutral
2021-06-24,390.0,,0.0,Neutral,0.0,Neutral
2021-06-23,398.0,,0.0,Neutral,0.0,Neutral
2021-06-22,414.0,,0.0,Neutral,0.0,Neutral
2021-06-21,377.0,,0.0,Neutral,0.0,Neutral
2021-06-20,408.0,,0.0,Neutral,0.0,Neutral
2021-06-17,424.0,,0.0,Neutral,0.0,Neutral
2021-06-16,406.0,,0.0,Neutral,0.0,Neutral
2021-06-15,450.0,,0.0,Neutral,0.0,Neutral
2021-06-14,473.0,2021-06-14,0.6951586504777273,Strongly Positive,0.6951586504777273,Strongly Positive
2021-06-13,435.0,,0.0,Neutral,0.34757932523886365,Positive
2021-06-10,396.0,,0.0,Neutral,0.17378966261943182,Slightly Positive
2021-06-09,390.0,,0.0,Neutral,0.0,Neutral
2021-06-08,393.0,,0.0,Neutral,0.0,Neutral
2021-06-07,358.0,,0.0,Neutral,0.0,Neutral
2021-06-06,332.0,,0.0,Neutral,0.0,Neutral
2021-06-03,347.0,,0.0,Neutral,0.0,Neutral
2021-06-02,329.0,,0.0,Neutral,0.0,Neutral
2021-06-01,303.0,,0.0,Neutral,0.0,Neutral
2021-05-31,309.0,,0.0,Neutral,0.0,Neutral
2021-05-30,310.0,,0.0,Neutral,0.0,Neutral
2021-05-27,297.0,2021-05-27,0.2186865657567978,Positive,0.2186865657567978,Positive
2021-05-25,287.0,2021-05-25,0.655621349811554,Strongly Positive,0.7649646326899529,Strongly Positive
2021-05-24,293.0,,0.0,Neutral,0.3824823163449764,Positive
2021-05-23,290.0,,0.0,Neutral,0.1639053374528885,Slightly Positive
2021-05-20,264.0,,0.0,Neutral,0.0,Neutral
2021-05-19,254.0,,0.0,Neutral,0.0,Neutral
2021-05-18,242.0,,0.0,Neutral,0.0,Neutral
2021-05-17,220.0,,0.0,Neutral,0.0,Neutral
2021-05-16,220.0,2021-05-16,0.8713140487670898,Strongly Positive,0.8713140487670898,Strongly Positive
2021-05-13,206.0,,0.0,Neutral,0.4356570243835449,Positive
2021-05-12,188.0,,0.0,Neutral,0.21782851219177246,Positive
2021-05-11,179.0,,0.0,Neutral,0.0,Neutral
2021-05-10,180.0,,0.0,Neutral,0.0,Neutral
2021-05-09,179.0,,0.0,Neutral,0.0,Neutral
2021-05-06,180.0,,0.0,Neutral,0.0,Neutral
2021-05-05,177.0,,0.0,Neutral,0.0,Neutral
2021-05-04,177.0,,0.0,Neutral,0.0,Neutral
2021-05-03,177.0,,0.0,Neutral,0.0,Neutral
2021-05-02,181.0,2021-05-02,0.1060797721147537,Slightly Positive,0.1060797721147537,Slightly Positive
2021-04-29,178.0,2021-04-29,-0.3356136381626129,Negative,-0.28257375210523605,Negative
2021-04-28,175.0,2021-04-28,0.0036563519388437,Neutral,-0.13763052411377433,Slightly Negative
2021-04-27,180.0,,0.0,Neutral,-0.08207523357123138,Slightly Negative
2021-04-26,171.0,,0.0,Neutral,0.000914087984710925,Neutral
2021-04-25,181.0,,0.0,Neutral,0.0,Neutral
2021-04-22,184.0,,0.0,Neutral,0.0,Neutral
2021-04-21,176.0,2021-04-21,-0.5364495515823364,Negative,-0.5364495515823364,Negative
2021-04-20,177.0,2021-04-20,-0.8707112669944763,Strongly Negative,-1.1389360427856445,Strongly Negative
2021-04-19,180.0,,0.0,Neutral,-0.5694680213928223,Negative
2021-04-18,186.0,2021-04-18,-0.4178709387779236,Negative,-0.6355487555265427,Strongly Negative
2021-04-15,187.0,,0.0,Neutral,-0.2089354693889618,Negative
2021-04-13,170.0,2021-04-13,-0.5402607917785645,Negative,-0.6447285264730453,Strongly Negative
2021-04-12,171.0,,0.0,Neutral,-0.2701303958892822,Negative
2021-04-08,171.0,,0.0,Neutral,-0.1350651979446411,Slightly Negative
2021-04-07,167.0,,0.0,Neutral,0.0,Neutral
2021-04-06,164.0,,0.0,Neutral,0.0,Neutral
2021-04-05,160.0,2021-04-05,-0.4910283088684082,Negative,-0.4910283088684082,Negative
2021-04-04,162.0,,0.0,Neutral,-0.2455141544342041,Negative
2021-04-01,162.0,2021-04-01,0.1322474330663681,Slightly Positive,0.009490355849266052,Neutral
2021-03-31,162.0,,0.0,Neutral,0.06612371653318405,Slightly Positive
2021-03-30,162.0,,0.0,Neutral,0.033061858266592026,Neutral
2021-03-29,162.0,2021-03-29,0.849197268486023,Strongly Positive,0.849197268486023,Strongly Positive
2021-03-25,159.0,,0.0,Neutral,0.4245986342430115,Positive
2021-03-24,161.0,2021-03-24,-0.4105883538722992,Negative,-0.19828903675079346,Slightly Negative
2021-03-23,161.0,2021-03-23,0.8062120676040649,Strongly Positive,0.6009178906679153,Strongly Positive
2021-03-22,159.0,2021-03-22,-0.3435660600662231,Negative,-0.04310711473226542,Neutral
2021-03-21,162.0,,0.0,Neutral,0.02976998686790469,Neutral
2021-03-18,162.0,,0.0,Neutral,-0.08589151501655577,Slightly Negative
2021-03-17,163.0,,0.0,Neutral,0.0,Neutral
2021-03-16,160.0,,0.0,Neutral,0.0,Neutral
2021-03-15,157.0,,0.0,Neutral,0.0,Neutral
2021-03-14,157.0,2021-03-14,0.3672319650650024,Positive,0.3672319650650024,Positive
2021-03-10,161.0,,0.0,Neutral,0.1836159825325012,Slightly Positive
2021-03-09,160.0,,0.0,Neutral,0.0918079912662506,Slightly Positive
2021-03-07,161.0,2021-03-07,0.8898645639419556,Strongly Positive,0.8898645639419556,Strongly Positive
2021-03-04,163.0,,0.0,Neutral,0.4449322819709778,Positive
2021-03-03,160.0,,0.0,Neutral,0.2224661409854889,Positive
2021-03-02,161.0,2021-03-02,-0.438233733177185,Negative,-0.438233733177185,Negative
2021-03-01,165.0,,0.0,Neutral,-0.2191168665885925,Negative
2021-02-28,161.0,,0.0,Neutral,-0.10955843329429625,Slightly Negative
2021-02-25,167.0,,0.0,Neutral,0.0,Neutral
2021-02-24,169.0,2021-02-24,-0.4131810963153839,Negative,-0.4131810963153839,Negative
2021-02-23,167.0,,0.0,Neutral,-0.20659054815769196,Negative
2021-02-22,173.0,,0.0,Neutral,-0.10329527407884598,Slightly Negative
2021-02-21,172.0,2021-02-21,-0.5976194143295288,Negative,-0.5976194143295288,Negative
2021-02-18,178.0,,0.0,Neutral,-0.2988097071647644,Negative
2021-02-17,162.0,,0.0,Neutral,-0.1494048535823822,Slightly Negative
2021-02-16,163.0,,0.0,Neutral,0.0,Neutral
2021-02-15,161.0,,0.0,Neutral,0.0,Neutral
2021-02-14,159.0,,0.0,Neutral,0.0,Neutral
2021-02-11,162.0,,0.0,Neutral,0.0,Neutral
2021-02-10,162.0,2021-02-10,0.4726470112800598,Positive,0.4726470112800598,Positive
2021-02-09,163.0,2021-02-09,-0.5642222166061401,Negative,-0.32789871096611023,Negative
2021-02-08,162.0,2021-02-08,-0.4620852768421173,Negative,-0.6260346323251724,Strongly Negative
2021-02-07,165.0,,0.0,Neutral,-0.3720981925725937,Negative
2021-02-04,161.0,2021-02-04,-0.4566866755485534,Negative,-0.5722079947590828,Negative
2021-02-03,164.0,,0.0,Neutral,-0.2283433377742767,Negative
2021-02-02,166.0,,0.0,Neutral,-0.11417166888713835,Slightly Negative
2021-02-01,170.0,,0.0,Neutral,0.0,Neutral
2021-01-31,155.0,2021-01-31,0.0300732478499412,Neutral,0.0300732478499412,Neutral
2021-01-28,163.0,2021-01-28,0.7391324043273926,Strongly Positive,0.7541690282523632,Strongly Positive
2021-01-27,167.0,2021-01-27,0.9172951579093932,Strongly Positive,1.294379672035575,Strongly Positive
2021-01-26,170.0,2021-01-26,-0.5346378684043884,Negative,0.10879281163215632,Slightly Positive
2021-01-25,173.0,,0.0,Neutral,-0.037995144724845914,Neutral
2021-01-24,180.0,,0.0,Neutral,-0.1336594671010971,Slightly Negative
2021-01-21,185.0,2021-01-21,-0.8496271967887878,Strongly Negative,-0.8496271967887878,Strongly Negative
2021-01-20,177.0,,0.0,Neutral,-0.4248135983943939,Negative
2021-01-19,161.0,,0.0,Neutral,-0.21240679919719696,Negative
2021-01-18,155.0,,0.0,Neutral,0.0,Neutral
2021-01-17,152.0,2021-01-17,0.3041101396083832,Positive,0.3041101396083832,Positive
2021-01-13,147.0,2021-01-13,0.4864499568939209,Positive,0.6385050266981125,Strongly Positive
2021-01-12,143.0,,0.0,Neutral,0.31925251334905624,Positive
2021-01-11,138.0,2021-01-11,-0.3791023790836334,Negative,-0.2574898898601532,Negative
2021-01-10,140.0,2021-01-10,-0.4561843276023865,Negative,-0.6457355171442032,Strongly Negative
2021-01-07,140.0,2021-01-07,0.698971003293991,Strongly Positive,0.3761032447218894,Positive
2021-01-06,140.0,,0.0,Neutral,0.23543941974639887,Positive
2021-01-05,138.0,,0.0,Neutral,0.17474275082349774,Slightly Positive
2021-01-04,140.0,,0.0,Neutral,0.0,Neutral
2021-01-03,139.0,2021-01-03,-0.3271416127681732,Negative,-0.3271416127681732,Negative
2020-12-31,135.0,,0.0,Neutral,-0.1635708063840866,Slightly Negative
2020-12-30,132.0,2020-12-30,-0.4411584436893463,Negative,-0.5229438468813896,Negative
2020-12-29,128.0,,0.0,Neutral,-0.22057922184467316,Negative
2020-12-28,128.0,,0.0,Neutral,-0.11028961092233658,Slightly Negative
2020-12-27,128.0,,0.0,Neutral,0.0,Neutral
2020-12-24,128.0,2020-12-24,0.512558102607727,Positive,0.512558102607727,Positive
2020-12-23,130.0,,0.0,Neutral,0.2562790513038635,Positive
2020-12-22,132.0,,0.0,Neutral,0.12813952565193176,Slightly Positive
2020-12-21,130.0,2020-12-21,-0.5311627984046936,Negative,-0.5311627984046936,Negative
2020-12-20,134.0,,0.0,Neutral,-0.2655813992023468,Negative
2020-12-17,128.0,2020-12-17,0.6602139472961426,Strongly Positive,0.5274232476949692,Positive
2020-12-16,131.0,2020-12-16,0.6675947904586792,Strongly Positive,0.9977017641067505,Strongly Positive
2020-12-15,131.0,,0.0,Neutral,0.49885088205337524,Positive
2020-12-14,131.0,,0.0,Neutral,0.1668986976146698,Slightly Positive
2020-12-13,130.0,,0.0,Neutral,0.0,Neutral
2020-12-10,130.0,,0.0,Neutral,0.0,Neutral
2020-12-09,132.0,2020-12-09,0.1103778183460235,Slightly Positive,0.1103778183460235,Slightly Positive
2020-12-08,132.0,,0.0,Neutral,0.05518890917301175,Slightly Positive
2020-12-07,136.0,2020-12-07,0.6842315196990967,Strongly Positive,0.7118259742856026,Strongly Positive
2020-12-06,135.0,,0.0,Neutral,0.34211575984954834,Positive
2020-12-03,138.0,,0.0,Neutral,0.17105787992477417,Slightly Positive
2020-12-02,140.0,,0.0,Neutral,0.0,Neutral
2020-12-01,140.0,,0.0,Neutral,0.0,Neutral
2020-11-30,142.0,,0.0,Neutral,0.0,Neutral
2020-11-29,140.0,,0.0,Neutral,0.0,Neutral
2020-11-26,138.0,,0.0,Neutral,0.0,Neutral
2020-11-25,141.0,2020-11-25,0.8829460740089417,Strongly Positive,0.8829460740089417,Strongly Positive
2020-11-24,140.0,,0.0,Neutral,0.4414730370044708,Positive
2020-11-23,141.0,,0.0,Neutral,0.2207365185022354,Positive
2020-11-22,142.0,,0.0,Neutral,0.0,Neutral
2020-11-19,142.0,,0.0,Neutral,0.0,Neutral
2020-11-18,142.0,2020-11-18,0.1508250832557678,Slightly Positive,0.1508250832557678,Slightly Positive
2020-11-12,144.0,,0.0,Neutral,0.0754125416278839,Slightly Positive
2020-11-11,142.0,,0.0,Neutral,0.03770627081394195,Neutral
2020-11-10,144.0,2020-11-10,0.0448877215385437,Neutral,0.0448877215385437,Neutral
2020-11-09,146.0,,0.0,Neutral,0.02244386076927185,Neutral
2020-11-08,146.0,,0.0,Neutral,0.011221930384635925,Neutral
2020-11-05,144.0,2020-11-05,0.9027197360992432,Strongly Positive,0.9027197360992432,Strongly Positive
2020-11-04,147.0,,0.0,Neutral,0.4513598680496216,Positive
2020-11-03,144.0,,0.0,Neutral,0.2256799340248108,Positive
2020-11-02,141.0,,0.0,Neutral,0.0,Neutral
2020-11-01,143.0,,0.0,Neutral,0.0,Neutral
2020-10-29,146.0,,0.0,Neutral,0.0,Neutral
2020-10-28,147.0,,0.0,Neutral,0.0,Neutral
2020-10-22,146.0,,0.0,Neutral,0.0,Neutral
2020-10-21,142.0,2020-10-21,0.8985637426376343,Strongly Positive,0.8985637426376343,Strongly Positive
2020-10-20,146.0,,0.0,Neutral,0.44928187131881714,Positive
2020-10-19,141.0,2020-10-19,0.906398057937622,Strongly Positive,1.1310389935970306,Strongly Positive
2020-10-18,138.0,2020-10-18,0.8729951977729797,Strongly Positive,1.3261942267417908,Strongly Positive
2020-10-15,141.0,2020-10-15,0.6376285552978516,Strongly Positive,1.300725668668747,Strongly Positive
2020-10-14,143.0,,0.0,Neutral,0.5370630770921707,Positive
2020-10-13,142.0,,0.0,Neutral,0.1594071388244629,Slightly Positive
2020-10-12,147.0,,0.0,Neutral,0.0,Neutral
2020-10-11,154.0,,0.0,Neutral,0.0,Neutral
2020-10-08,150.0,,0.0,Neutral,0.0,Neutral
2020-10-07,138.0,,0.0,Neutral,0.0,Neutral
2020-10-06,133.0,,0.0,Neutral,0.0,Neutral
2020-10-05,133.0,,0.0,Neutral,0.0,Neutral
2020-10-04,130.0,,0.0,Neutral,0.0,Neutral
2020-10-01,136.0,,0.0,Neutral,0.0,Neutral
2020-09-30,135.0,,0.0,Neutral,0.0,Neutral
2020-09-29,136.0,,0.0,Neutral,0.0,Neutral
2020-09-28,135.0,,0.0,Neutral,0.0,Neutral
2020-09-27,133.0,,0.0,Neutral,0.0,Neutral
2020-09-24,121.0,,0.0,Neutral,0.0,Neutral
2020-09-23,121.0,,0.0,Neutral,0.0,Neutral
2020-09-22,118.0,,0.0,Neutral,0.0,Neutral
2020-09-21,122.0,,0.0,Neutral,0.0,Neutral
2020-09-20,126.0,,0.0,Neutral,0.0,Neutral
2020-09-17,116.0,,0.0,Neutral,0.0,Neutral
2020-09-16,106.0,2020-09-16,0.859821081161499,Strongly Positive,0.859821081161499,Strongly Positive
2020-09-15,108.0,2020-09-15,0.88677579164505,Strongly Positive,1.3166863322257996,Strongly Positive
2020-09-14,105.0,,0.0,Neutral,0.6583431661128998,Strongly Positive
2020-09-13,104.0,,0.0,Neutral,0.2216939479112625,Positive
2020-09-10,107.0,,0.0,Neutral,0.0,Neutral
2020-09-09,106.0,,0.0,Neutral,0.0,Neutral
2020-09-08,105.0,,0.0,Neutral,0.0,Neutral
2020-09-07,107.0,,0.0,Neutral,0.0,Neutral
2020-09-06,106.0,,0.0,Neutral,0.0,Neutral
2020-09-03,104.0,,0.0,Neutral,0.0,Neutral
2020-09-02,105.0,,0.0,Neutral,0.0,Neutral
2020-08-31,104.0,,0.0,Neutral,0.0,Neutral
2020-08-30,99.0,,0.0,Neutral,0.0,Neutral
2020-08-27,102.0,,0.0,Neutral,0.0,Neutral
2020-08-26,104.0,2020-08-26,0.4787486214190721,Positive,0.4787486214190721,Positive
2020-08-25,101.0,,0.0,Neutral,0.23937431070953605,Positive
2020-08-24,101.0,,0.0,Neutral,0.11968715535476802,Slightly Positive
2020-08-23,102.0,,0.0,Neutral,0.0,Neutral
2020-08-20,102.0,2020-08-20,0.3619968295097351,Positive,0.3619968295097351,Positive
2020-08-19,99.0,,0.0,Neutral,0.18099841475486755,Slightly Positive
2020-08-18,99.0,,0.0,Neutral,0.09049920737743378,Slightly Positive
2020-08-17,102.0,,0.0,Neutral,0.0,Neutral
2020-08-16,100.0,2020-08-16,0.0681280344724655,Slightly Positive,0.0681280344724655,Slightly Positive
2020-08-13,101.0,2020-08-13,-0.0032728966325521,Neutral,0.030791120603680652,Neutral
2020-08-12,103.0,,0.0,Neutral,0.015395560301840326,Neutral
2020-08-11,103.0,,0.0,Neutral,-0.000818224158138025,Neutral
2020-08-10,98.0,,0.0,Neutral,0.0,Neutral
2020-08-09,102.0,,0.0,Neutral,0.0,Neutral
2020-08-06,99.0,,0.0,Neutral,0.0,Neutral
2020-08-05,94.0,,0.0,Neutral,0.0,Neutral
2020-08-03,99.0,,0.0,Neutral,0.0,Neutral
2020-08-02,98.0,,0.0,Neutral,0.0,Neutral
2020-07-30,101.0,,0.0,Neutral,0.0,Neutral
2020-07-29,101.0,2020-07-29,0.8600679636001587,Strongly Positive,0.8600679636001587,Strongly Positive
2020-07-28,103.0,,0.0,Neutral,0.43003398180007935,Positive
2020-07-27,104.0,,0.0,Neutral,0.21501699090003967,Positive
2020-07-26,100.0,,0.0,Neutral,0.0,Neutral
2020-07-23,107.0,,0.0,Neutral,0.0,Neutral
2020-07-22,100.0,2020-07-22,0.5365362167358398,Positive,0.5365362167358398,Positive
2020-07-21,99.0,,0.0,Neutral,0.2682681083679199,Positive
2020-07-20,102.0,,0.0,Neutral,0.13413405418395996,Slightly Positive
2020-07-19,105.0,,0.0,Neutral,0.0,Neutral
2020-07-16,101.0,,0.0,Neutral,0.0,Neutral
2020-07-15,96.0,,0.0,Neutral,0.0,Neutral
2020-07-14,88.0,,0.0,Neutral,0.0,Neutral
2020-07-13,89.0,,0.0,Neutral,0.0,Neutral
2020-07-12,90.0,,0.0,Neutral,0.0,Neutral
2020-07-09,88.0,2020-07-09,0.8973246514797211,Strongly Positive,0.8973246514797211,Strongly Positive
2020-07-08,89.0,,0.0,Neutral,0.44866232573986053,Positive
2020-07-07,87.0,,0.0,Neutral,0.22433116286993027,Positive
2020-07-06,86.0,,0.0,Neutral,0.0,Neutral
2020-07-05,88.0,2020-07-05,0.2238288819789886,Positive,0.2238288819789886,Positive
2020-07-02,86.0,,0.0,Neutral,0.1119144409894943,Slightly Positive
2020-07-01,87.0,2020-07-01,-0.564888060092926,Negative,-0.5089308395981789,Negative
2020-06-30,86.0,2020-06-30,0.916642129421234,Strongly Positive,0.634198099374771,Strongly Positive
2020-06-29,88.0,,0.0,Neutral,0.3170990496873855,Positive
2020-05-13,91.0,,0.0,Neutral,0.2291605323553085,Positive
2020-05-12,93.0,,0.0,Neutral,0.0,Neutral
2020-03-22,95.0,2020-03-22,0.5310344099998474,Positive,0.5310344099998474,Positive
2020-03-19,96.0,,0.0,Neutral,0.2655172049999237,Positive
2020-03-18,96.0,,0.0,Neutral,0.13275860249996185,Slightly Positive
2020-03-17,96.0,2020-03-17,0.8020090460777283,Strongly Positive,0.8020090460777283,Strongly Positive
2020-03-16,97.0,2020-03-16,0.6043878793716431,Strongly Positive,1.0053924024105072,Strongly Positive
2020-03-15,100.0,2020-03-15,0.8521060943603516,Strongly Positive,1.3548022955656052,Strongly Positive
2020-03-12,101.0,,0.0,Neutral,0.5771500170230865,Positive
2020-03-11,103.0,2020-03-11,0.6391243934631348,Strongly Positive,0.8521509170532227,Strongly Positive
2020-03-10,100.0,2020-03-10,-0.6497147083282471,Strongly Negative,-0.3301525115966797,Negative
2020-03-05,104.0,2020-03-05,0.7326845228672028,Strongly Positive,0.5676082670688629,Positive
2020-03-04,104.0,2020-03-04,-0.0493215024471282,Neutral,0.15459208190441143,Slightly Positive
2020-03-03,105.0,2020-03-03,0.9211212992668152,Strongly Positive,1.0796316787600517,Strongly Positive
2020-03-02,106.0,2020-03-02,0.7860763669013977,Strongly Positive,1.2343066409230232,Strongly Positive
2020-03-01,109.0,,0.0,Neutral,0.6233185082674026,Strongly Positive
2020-02-27,110.0,2020-02-27,0.4762963950634002,Positive,0.6728154867887497,Strongly Positive
2020-02-26,112.0,2020-02-26,-0.5152184963226318,Negative,-0.2770702987909317,Negative
2020-02-25,110.0,2020-02-25,0.9188093543052672,Strongly Positive,0.7802742049098014,Strongly Positive
2020-02-24,108.0,2020-02-24,0.0043060332536697,Neutral,0.33490608632564534,Positive
2020-02-23,109.0,2020-02-23,0.0224795639514923,Neutral,0.25433491915464396,Positive
2020-02-20,109.0,2020-02-20,0.7416114807128906,Strongly Positive,0.7539277710020542,Strongly Positive
2020-02-19,110.0,2020-02-19,0.5676307678222656,Positive,0.944056399166584,Strongly Positive
2020-02-18,109.0,,0.0,Neutral,0.46921825408935547,Positive
2020-02-17,109.0,2020-02-17,0.7569572925567627,Strongly Positive,0.8988649845123291,Strongly Positive
2020-02-16,105.0,2020-02-16,0.3593215346336365,Positive,0.7378001809120178,Strongly Positive
2020-02-13,104.0,2020-02-13,-0.1728152632713318,Slightly Negative,0.19608482718467712,Slightly Positive
2020-02-12,105.0,,0.0,Neutral,0.003422752022743225,Neutral
2020-02-11,105.0,2020-02-11,-0.6466630697250366,Strongly Negative,-0.6898668855428696,Strongly Negative
2020-02-10,100.0,,0.0,Neutral,-0.3233315348625183,Negative
2020-02-09,100.0,,0.0,Neutral,-0.16166576743125916,Slightly Negative
2020-02-06,104.0,,0.0,Neutral,0.0,Neutral
2020-02-05,100.0,2020-02-05,0.879252552986145,Strongly Positive,0.879252552986145,Strongly Positive
2020-02-04,99.0,,0.0,Neutral,0.4396262764930725,Positive
2020-02-03,101.0,,0.0,Neutral,0.21981313824653625,Positive
2020-02-02,100.0,,0.0,Neutral,0.0,Neutral
2020-01-30,98.0,,0.0,Neutral,0.0,Neutral
2020-01-29,96.0,,0.0,Neutral,0.0,Neutral
2020-01-28,99.0,2020-01-28,0.283295214176178,Positive,0.283295214176178,Positive
2020-01-27,98.0,,0.0,Neutral,0.141647607088089,Slightly Positive
2020-01-26,97.0,2020-01-26,0.8893269896507263,Strongly Positive,0.9601507931947708,Strongly Positive
2020-01-23,100.0,,0.0,Neutral,0.44466349482536316,Positive
2020-01-22,102.0,,0.0,Neutral,0.22233174741268158,Positive
2020-01-21,107.0,,0.0,Neutral,0.0,Neutral
2020-01-20,102.0,2020-01-20,-0.2280759774148464,Negative,-0.2280759774148464,Negative
2020-01-19,107.0,,0.0,Neutral,-0.1140379887074232,Slightly Negative
2020-01-16,98.0,,0.0,Neutral,-0.0570189943537116,Slightly Negative
2020-01-15,99.0,,0.0,Neutral,0.0,Neutral
2020-01-14,98.0,2020-01-14,0.5020753741264343,Positive,0.5020753741264343,Positive
2020-01-13,97.0,,0.0,Neutral,0.25103768706321716,Positive
2020-01-12,91.0,,0.0,Neutral,0.12551884353160858,Slightly Positive
2020-01-09,90.0,,0.0,Neutral,0.0,Neutral
2020-01-08,85.0,,0.0,Neutral,0.0,Neutral
2020-01-07,86.0,,0.0,Neutral,0.0,Neutral
2020-01-06,86.0,,0.0,Neutral,0.0,Neutral
2020-01-05,84.0,2020-01-05,0.5616716295480728,Positive,0.5616716295480728,Positive
2020-01-02,85.0,,0.0,Neutral,0.2808358147740364,Positive
2020-01-01,85.0,,0.0,Neutral,0.1404179073870182,Slightly Positive
2019-12-31,86.0,,0.0,Neutral,0.0,Neutral
2019-12-30,87.0,2019-12-30,0.7870628833770752,Strongly Positive,0.7870628833770752,Strongly Positive
2019-12-25,88.0,,0.0,Neutral,0.3935314416885376,Positive
2019-12-24,89.0,,0.0,Neutral,0.1967657208442688,Slightly Positive
2019-12-23,85.0,,0.0,Neutral,0.0,Neutral
2019-12-22,84.0,,0.0,Neutral,0.0,Neutral
2019-12-19,84.0,,0.0,Neutral,0.0,Neutral
2019-12-18,84.0,,0.0,Neutral,0.0,Neutral
2019-12-17,88.0,,0.0,Neutral,0.0,Neutral
2019-12-16,86.0,,0.0,Neutral,0.0,Neutral
2019-12-15,84.0,,0.0,Neutral,0.0,Neutral
2019-12-12,87.0,,0.0,Neutral,0.0,Neutral
2019-12-11,86.0,,0.0,Neutral,0.0,Neutral
2019-12-10,87.0,,0.0,Neutral,0.0,Neutral
2019-12-09,87.0,,0.0,Neutral,0.0,Neutral
2019-12-08,87.0,,0.0,Neutral,0.0,Neutral
2019-12-05,88.0,,0.0,Neutral,0.0,Neutral
2019-12-04,85.0,,0.0,Neutral,0.0,Neutral
2019-12-03,85.0,2019-12-03,0.618488609790802,Strongly Positive,0.618488609790802,Strongly Positive
2019-12-02,87.0,2019-12-02,0.6570655703544617,Strongly Positive,0.9663098752498627,Strongly Positive
2019-12-01,89.0,,0.0,Neutral,0.48315493762493134,Positive
2019-11-27,87.0,,0.0,Neutral,0.16426639258861542,Slightly Positive
2019-11-26,86.0,,0.0,Neutral,0.0,Neutral
2019-11-25,87.0,,0.0,Neutral,0.0,Neutral
2019-11-24,87.0,2019-11-24,0.7399795055389404,Strongly Positive,0.7399795055389404,Strongly Positive
2019-11-21,87.0,,0.0,Neutral,0.3699897527694702,Positive
2019-11-20,90.0,,0.0,Neutral,0.1849948763847351,Slightly Positive
2019-11-19,91.0,2019-11-19,0.4210245609283447,Positive,0.4210245609283447,Positive
2019-11-17,92.0,,0.0,Neutral,0.21051228046417236,Positive
2019-11-12,92.0,,0.0,Neutral,0.10525614023208618,Slightly Positive
2019-11-11,94.0,,0.0,Neutral,0.0,Neutral
2019-11-06,92.0,,0.0,Neutral,0.0,Neutral
2019-11-04,92.0,2019-11-04,-0.9058239459991456,Strongly Negative,-0.9058239459991456,Strongly Negative
2019-11-03,90.0,,0.0,Neutral,-0.4529119729995728,Negative
2019-10-31,90.0,,0.0,Neutral,-0.2264559864997864,Negative
2019-10-24,94.0,,0.0,Neutral,0.0,Neutral
2019-10-23,91.0,,0.0,Neutral,0.0,Neutral
2019-10-22,91.0,,0.0,Neutral,0.0,Neutral
2019-10-21,90.0,2019-10-21,0.7867043614387512,Strongly Positive,0.7867043614387512,Strongly Positive
2019-10-20,93.0,,0.0,Neutral,0.3933521807193756,Positive
2019-10-17,94.0,,0.0,Neutral,0.1966760903596878,Slightly Positive
2019-10-16,90.0,,0.0,Neutral,0.0,Neutral
2019-10-15,90.0,,0.0,Neutral,0.0,Neutral
2019-10-10,87.0,,0.0,Neutral,0.0,Neutral
2019-10-03,87.0,2019-10-03,0.6210771203041077,Strongly Positive,0.6210771203041077,Strongly Positive
2019-10-02,90.0,,0.0,Neutral,0.31053856015205383,Positive
2019-10-01,91.0,2019-10-01,-0.3024523556232452,Negative,-0.14718307554721827,Slightly Negative
2019-09-30,88.0,,0.0,Neutral,-0.1512261778116226,Slightly Negative
2019-09-29,88.0,2019-09-29,0.8132269978523254,Strongly Positive,0.7376139089465141,Strongly Positive
2019-09-26,87.0,2019-09-26,0.5172597169876099,Positive,0.9238732159137726,Strongly Positive
2019-09-25,89.0,,0.0,Neutral,0.4619366079568863,Positive
2019-09-24,89.0,2019-09-24,-0.0042473077774047,Neutral,0.12506762146949776,Slightly Positive
2019-09-23,91.0,,0.0,Neutral,-0.00212365388870235,Neutral
2019-09-22,92.0,,0.0,Neutral,-0.001061826944351175,Neutral
2019-09-19,89.0,,0.0,Neutral,0.0,Neutral
2019-09-18,88.0,,0.0,Neutral,0.0,Neutral
2019-09-17,88.0,2019-09-17,0.4095453321933746,Positive,0.4095453321933746,Positive
2019-09-16,88.0,2019-09-16,0.4361126124858857,Positive,0.6408852785825729,Strongly Positive
2019-09-15,90.0,2019-09-15,0.6814584136009216,Strongly Positive,1.001901052892208,Strongly Positive
2019-09-12,90.0,,0.0,Neutral,0.4497573599219322,Positive
2019-09-11,92.0,2019-09-11,0.869890034198761,Strongly Positive,1.0402546375989914,Strongly Positive
2019-09-10,91.0,,0.0,Neutral,0.4349450170993805,Positive
2019-09-09,92.0,,0.0,Neutral,0.21747250854969025,Positive
2019-09-05,93.0,,0.0,Neutral,0.0,Neutral
2019-09-04,92.0,2019-09-04,0.4178094565868377,Positive,0.4178094565868377,Positive
2019-09-03,90.0,,0.0,Neutral,0.20890472829341886,Positive
2019-09-02,91.0,2019-09-02,0.521414041519165,Positive,0.6258664056658745,Strongly Positive
2019-09-01,93.0,,0.0,Neutral,0.2607070207595825,Positive
2019-08-29,95.0,,0.0,Neutral,0.13035351037979126,Slightly Positive
2019-08-28,94.0,,0.0,Neutral,0.0,Neutral
2019-08-27,96.0,2019-08-27,0.3579877018928528,Positive,0.3579877018928528,Positive
2019-08-26,92.0,2019-08-26,0.7882136106491089,Strongly Positive,0.9672074615955353,Strongly Positive
2019-08-25,93.0,,0.0,Neutral,0.48360373079776764,Positive
2019-08-22,94.0,,0.0,Neutral,0.19705340266227722,Slightly Positive
2019-08-21,95.0,,0.0,Neutral,0.0,Neutral
2019-08-20,94.0,,0.0,Neutral,0.0,Neutral
2019-08-19,97.0,2019-08-19,0.8192152976989746,Strongly Positive,0.8192152976989746,Strongly Positive
2019-08-18,98.0,,0.0,Neutral,0.4096076488494873,Positive
2019-08-15,99.0,,0.0,Neutral,0.20480382442474365,Positive
2019-08-14,96.0,2019-08-14,0.8356881737709045,Strongly Positive,0.8356881737709045,Strongly Positive
2019-08-13,98.0,2019-08-13,0.6991210579872131,Strongly Positive,1.1169651448726654,Strongly Positive
2019-08-12,99.0,,0.0,Neutral,0.5584825724363327,Positive
2019-08-11,101.0,,0.0,Neutral,0.17478026449680328,Slightly Positive
2019-08-08,100.0,,0.0,Neutral,0.0,Neutral
2019-08-07,100.0,2019-08-07,-0.4570404589176178,Negative,-0.4570404589176178,Negative
2019-08-06,97.0,,0.0,Neutral,-0.2285202294588089,Negative
2019-08-05,100.0,,0.0,Neutral,-0.11426011472940445,Slightly Negative
2019-08-04,100.0,,0.0,Neutral,0.0,Neutral
2019-08-01,101.0,,0.0,Neutral,0.0,Neutral
2019-07-31,100.0,2019-07-31,-0.4471966624259949,Negative,-0.4471966624259949,Negative
2019-07-30,100.0,,0.0,Neutral,-0.22359833121299744,Negative
2019-07-29,102.0,2019-07-29,0.5511285066604614,Positive,0.4393293410539627,Positive
2019-07-28,100.0,,0.0,Neutral,0.2755642533302307,Positive
2019-07-25,100.0,,0.0,Neutral,0.13778212666511536,Slightly Positive
2019-07-24,101.0,2019-07-24,0.8770189881324768,Strongly Positive,0.8770189881324768,Strongly Positive
2019-07-23,104.0,,0.0,Neutral,0.4385094940662384,Positive
2019-07-22,102.0,,0.0,Neutral,0.2192547470331192,Positive
2019-07-21,100.0,2019-07-21,0.1339715123176574,Slightly Positive,0.1339715123176574,Slightly Positive
2019-07-18,102.0,,0.0,Neutral,0.0669857561588287,Slightly Positive
2019-07-17,102.0,2019-07-17,0.8922961354255676,Strongly Positive,0.925789013504982,Strongly Positive
2019-07-15,101.0,,0.0,Neutral,0.4461480677127838,Positive
2019-07-14,100.0,,0.0,Neutral,0.2230740338563919,Positive
2019-07-11,100.0,,0.0,Neutral,0.0,Neutral
2019-07-10,102.0,2019-07-10,-0.4849487543106079,Negative,-0.4849487543106079,Negative
2019-07-09,103.0,,0.0,Neutral,-0.24247437715530396,Negative
2019-07-08,100.0,2019-07-08,0.8237234354019165,Strongly Positive,0.7024862468242645,Strongly Positive
2019-07-07,105.0,2019-07-07,0.8937943577766418,Strongly Positive,1.3056560754776,Strongly Positive
2019-07-04,101.0,2019-07-04,0.6093844771385193,Strongly Positive,1.2622125148773193,Strongly Positive
2019-07-03,105.0,,0.0,Neutral,0.5281408280134201,Positive
2019-07-02,100.0,2019-07-02,-0.2368516623973846,Negative,-0.08450554311275477,Slightly Negative
2019-07-01,101.0,2019-07-01,-0.4330974519252777,Negative,-0.55152328312397,Negative
2019-06-30,103.0,,0.0,Neutral,-0.275761641561985,Negative
2019-06-27,105.0,,0.0,Neutral,-0.10827436298131943,Slightly Negative
2019-06-26,102.0,,0.0,Neutral,0.0,Neutral
2019-06-25,104.0,,0.0,Neutral,0.0,Neutral
2019-06-24,103.0,,0.0,Neutral,0.0,Neutral
2019-06-23,103.0,,0.0,Neutral,0.0,Neutral
2019-06-20,105.0,,0.0,Neutral,0.0,Neutral
2019-06-19,105.0,,0.0,Neutral,0.0,Neutral
2019-06-18,105.0,,0.0,Neutral,0.0,Neutral
2019-06-17,104.0,2019-06-17,-0.6195419430732727,Strongly Negative,-0.6195419430732727,Strongly Negative
2019-06-16,103.0,2019-06-16,0.0492241531610489,Neutral,-0.26054681837558746,Negative
2019-06-13,107.0,,0.0,Neutral,-0.13027340918779373,Slightly Negative
2019-06-12,106.0,,0.0,Neutral,0.012306038290262226,Neutral
2019-06-11,107.0,,0.0,Neutral,0.0,Neutral
2019-06-10,105.0,,0.0,Neutral,0.0,Neutral
2019-06-06,110.0,,0.0,Neutral,0.0,Neutral
2019-06-04,104.0,,0.0,Neutral,0.0,Neutral
2019-06-03,101.0,,0.0,Neutral,0.0,Neutral
2019-06-02,105.0,,0.0,Neutral,0.0,Neutral
2019-05-30,103.0,,0.0,Neutral,0.0,Neutral
2019-05-29,108.0,2019-05-29,0.3382772803306579,Positive,0.3382772803306579,Positive
2019-05-28,103.0,,0.0,Neutral,0.16913864016532895,Slightly Positive
2019-05-27,104.0,,0.0,Neutral,0.08456932008266448,Slightly Positive
2019-05-26,104.0,,0.0,Neutral,0.0,Neutral
2019-05-23,105.0,,0.0,Neutral,0.0,Neutral
2019-05-22,106.0,2019-05-22,0.9192432165145874,Strongly Positive,0.9192432165145874,Strongly Positive
2019-05-21,105.0,,0.0,Neutral,0.4596216082572937,Positive
2019-05-20,106.0,,0.0,Neutral,0.22981080412864685,Positive
2019-05-19,97.0,,0.0,Neutral,0.0,Neutral
2019-05-16,98.0,2019-05-16,0.6019901037216187,Strongly Positive,0.6019901037216187,Strongly Positive
2019-05-15,99.0,,0.0,Neutral,0.3009950518608093,Positive
2019-05-14,96.0,2019-05-14,-0.1161871999502182,Slightly Negative,0.03431032598018646,Neutral
2019-05-13,95.0,,0.0,Neutral,-0.0580935999751091,Slightly Negative
2019-05-12,96.0,,0.0,Neutral,-0.02904679998755455,Neutral
2019-05-06,97.0,,0.0,Neutral,0.0,Neutral
2019-05-05,97.0,,0.0,Neutral,0.0,Neutral
2019-05-02,96.0,,0.0,Neutral,0.0,Neutral
2019-04-30,96.0,,0.0,Neutral,0.0,Neutral
2019-04-29,95.0,2019-04-29,0.6715145111083984,Strongly Positive,0.6715145111083984,Strongly Positive
2019-04-28,93.0,,0.0,Neutral,0.3357572555541992,Positive
2019-04-25,91.0,,0.0,Neutral,0.1678786277770996,Slightly Positive
2019-04-24,92.0,2019-04-24,-0.2091304957866668,Negative,-0.2091304957866668,Negative
2019-04-21,92.0,2019-04-21,0.2224275916814804,Positive,0.11786234378814701,Slightly Positive
2019-04-16,96.0,2019-04-16,0.7619708776473999,Strongly Positive,0.8209020495414734,Strongly Positive
2019-04-01,97.0,2019-04-01,0.6460291147232056,Strongly Positive,1.0826214514672756,Strongly Positive
2019-03-28,95.0,,0.0,Neutral,0.5135072767734528,Positive
2019-03-27,96.0,,0.0,Neutral,0.1615072786808014,Slightly Positive
2019-03-26,95.0,2019-03-26,0.5928543210029602,Positive,0.5928543210029602,Positive
2019-03-25,95.0,,0.0,Neutral,0.2964271605014801,Positive
2019-03-21,94.0,,0.0,Neutral,0.14821358025074005,Slightly Positive
2019-03-19,94.0,2019-03-19,0.4687463641166687,Positive,0.4687463641166687,Positive
2019-03-18,94.0,,0.0,Neutral,0.23437318205833435,Positive
2019-03-17,91.0,,0.0,Neutral,0.11718659102916718,Slightly Positive
2019-03-14,93.0,,0.0,Neutral,0.0,Neutral
2019-03-12,95.0,,0.0,Neutral,0.0,Neutral
2019-03-07,96.0,2019-03-07,0.8529539108276367,Strongly Positive,0.8529539108276367,Strongly Positive
2019-03-06,96.0,,0.0,Neutral,0.42647695541381836,Positive
2019-03-05,97.0,2019-03-05,-0.6652853488922119,Strongly Negative,-0.45204687118530273,Negative
2019-02-24,97.0,,0.0,Neutral,-0.33264267444610596,Negative
2019-02-11,99.0,,0.0,Neutral,-0.16632133722305298,Slightly Negative
2019-02-07,99.0,,0.0,Neutral,0.0,Neutral
2019-02-05,99.0,,0.0,Neutral,0.0,Neutral
2019-01-22,102.0,,0.0,Neutral,0.0,Neutral
2019-01-21,104.0,2019-01-21,0.4966762065887451,Positive,0.4966762065887451,Positive
2019-01-20,102.0,2019-01-20,0.7727754712104797,Strongly Positive,1.0211135745048523,Strongly Positive
2019-01-14,84.0,2019-01-14,0.9134968519210817,Strongly Positive,1.4240536391735077,Strongly Positive
2019-01-06,80.0,2019-01-06,0.5872798562049866,Positive,1.2372221499681473,Strongly Positive
2019-01-03,80.0,,0.0,Neutral,0.5220141410827637,Positive
2018-12-11,100.0,2018-12-11,0.8785602450370789,Strongly Positive,1.0253802090883255,Strongly Positive
2018-10-31,100.0,,0.0,Neutral,0.43928012251853943,Positive
2018-10-28,99.0,,0.0,Neutral,0.21964006125926971,Positive
2018-10-25,97.0,,0.0,Neutral,0.0,Neutral
2018-10-24,98.0,,0.0,Neutral,0.0,Neutral
2018-10-23,98.0,,0.0,Neutral,0.0,Neutral
2018-10-22,99.0,,0.0,Neutral,0.0,Neutral
2018-10-14,98.0,,0.0,Neutral,0.0,Neutral
2018-10-11,100.0,,0.0,Neutral,0.0,Neutral
2018-10-10,100.0,2018-10-10,-0.1620651185512542,Slightly Negative,-0.1620651185512542,Slightly Negative
2018-10-07,100.0,,0.0,Neutral,-0.0810325592756271,Slightly Negative
2018-10-04,100.0,,0.0,Neutral,-0.04051627963781355,Neutral
2018-10-02,99.0,,0.0,Neutral,0.0,Neutral
2018-10-01,100.0,,0.0,Neutral,0.0,Neutral
2018-09-30,102.0,,0.0,Neutral,0.0,Neutral
2018-09-27,99.0,,0.0,Neutral,0.0,Neutral
2018-09-26,100.0,,0.0,Neutral,0.0,Neutral
2018-09-25,99.0,,0.0,Neutral,0.0,Neutral
2018-09-23,100.0,2018-09-23,0.8959836959838867,Strongly Positive,0.8959836959838867,Strongly Positive
2018-09-20,100.0,,0.0,Neutral,0.44799184799194336,Positive
2018-09-17,102.0,,0.0,Neutral,0.22399592399597168,Positive
2018-09-16,100.0,2018-09-16,0.4487057030200958,Positive,0.4487057030200958,Positive
2018-09-13,100.0,,0.0,Neutral,0.2243528515100479,Positive
2018-09-12,100.0,,0.0,Neutral,0.11217642575502396,Slightly Positive
2018-09-11,99.0,,0.0,Neutral,0.0,Neutral
2018-09-10,101.0,,0.0,Neutral,0.0,Neutral
2018-09-09,101.0,,0.0,Neutral,0.0,Neutral
2018-09-06,102.0,,0.0,Neutral,0.0,Neutral
2018-09-05,106.0,,0.0,Neutral,0.0,Neutral
2018-09-04,100.0,,0.0,Neutral,0.0,Neutral
2018-09-03,102.0,,0.0,Neutral,0.0,Neutral
2018-09-02,99.0,2018-09-02,0.9213955402374268,Strongly Positive,0.9213955402374268,Strongly Positive
2018-08-30,98.0,,0.0,Neutral,0.4606977701187134,Positive
2018-08-28,100.0,2018-08-28,0.8678902387619019,Strongly Positive,1.0982391238212585,Strongly Positive
2018-08-26,100.0,2018-08-26,0.908364236354828,Strongly Positive,1.3423093557357788,Strongly Positive
2018-08-23,98.0,2018-08-23,0.9118733406066896,Strongly Positive,1.583028018474579,Strongly Positive
2018-08-22,98.0,2018-08-22,0.9089189767837524,Strongly Positive,1.5919467061758041,Strongly Positive
2018-08-21,100.0,,0.0,Neutral,0.6824278235435486,Strongly Positive
2018-08-20,100.0,,0.0,Neutral,0.2272297441959381,Positive
2018-08-19,102.0,2018-08-19,0.6557104587554932,Strongly Positive,0.6557104587554932,Strongly Positive
2018-08-15,106.0,2018-08-15,-0.1866932809352874,Slightly Negative,0.1411619484424592,Slightly Positive
2018-08-14,106.0,,0.0,Neutral,0.0705809742212296,Slightly Positive
2018-08-13,106.0,2018-08-13,0.5976293087005615,Positive,0.5509559884667397,Positive
2018-08-12,100.0,,0.0,Neutral,0.29881465435028076,Positive
2018-08-09,100.0,2018-08-09,0.9233427047729492,Strongly Positive,1.0727500319480896,Strongly Positive
2018-08-07,102.0,,0.0,Neutral,0.4616713523864746,Positive
2018-08-06,103.0,,0.0,Neutral,0.2308356761932373,Positive
2018-08-02,102.0,2018-08-02,-0.2557297945022583,Negative,-0.2557297945022583,Negative
2018-07-31,98.0,2018-07-31,0.8481963723897934,Strongly Positive,0.7203314751386642,Strongly Positive
2018-07-30,100.0,,0.0,Neutral,0.3601657375693321,Positive
2018-07-29,101.0,,0.0,Neutral,0.21204909309744835,Positive
2018-07-26,100.0,2018-07-26,0.8805007934570312,Strongly Positive,0.8805007934570312,Strongly Positive
2018-07-25,104.0,2018-07-25,0.5625090003013611,Positive,1.0027593970298767,Strongly Positive
2018-07-24,108.0,2018-07-24,0.8712472915649414,Strongly Positive,1.3726269900798798,Strongly Positive
2018-07-23,120.0,,0.0,Neutral,0.576250895857811,Positive
2018-07-15,120.0,2018-07-15,-0.0455491840839386,Neutral,0.17226263880729675,Slightly Positive
2018-07-09,120.0,,0.0,Neutral,-0.0227745920419693,Neutral
2018-06-20,122.0,,0.0,Neutral,-0.01138729602098465,Neutral
2018-06-19,124.0,,0.0,Neutral,0.0,Neutral
2018-05-31,126.0,,0.0,Neutral,0.0,Neutral
2018-05-30,126.0,2018-05-30,0.7039557695388794,Strongly Positive,0.7039557695388794,Strongly Positive
2018-05-28,128.0,,0.0,Neutral,0.3519778847694397,Positive
2018-05-24,128.0,,0.0,Neutral,0.17598894238471985,Slightly Positive
2018-05-17,126.0,,0.0,Neutral,0.0,Neutral
2018-04-24,127.0,,0.0,Neutral,0.0,Neutral
2018-04-23,127.0,,0.0,Neutral,0.0,Neutral
2018-04-22,129.0,,0.0,Neutral,0.0,Neutral
2018-04-19,125.0,,0.0,Neutral,0.0,Neutral
2018-04-18,127.0,2018-04-18,0.7243727445602417,Strongly Positive,0.7243727445602417,Strongly Positive
2018-04-17,125.0,2018-04-17,-0.4689792692661285,Negative,-0.10679289698600763,Slightly Negative
2018-04-16,121.0,,0.0,Neutral,-0.05339644849300382,Slightly Negative
2018-04-15,120.0,2018-04-15,0.9221633076667786,Strongly Positive,0.8049184903502464,Strongly Positive
2018-04-12,120.0,2018-04-12,-0.6430073976516724,Strongly Negative,-0.18192574381828308,Slightly Negative
2018-04-11,118.0,,0.0,Neutral,-0.09096287190914154,Slightly Negative
2018-04-10,118.0,,0.0,Neutral,-0.1607518494129181,Slightly Negative
2018-04-09,120.0,,0.0,Neutral,0.0,Neutral
2018-04-08,116.0,2018-04-08,0.4547261595726013,Positive,0.4547261595726013,Positive
2018-04-05,116.0,,0.0,Neutral,0.22736307978630066,Positive
2018-04-01,118.0,,0.0,Neutral,0.11368153989315033,Slightly Positive
2018-03-21,119.0,,0.0,Neutral,0.0,Neutral
2018-03-20,123.0,,0.0,Neutral,0.0,Neutral
2018-03-19,125.0,,0.0,Neutral,0.0,Neutral
2018-03-18,126.0,2018-03-18,-0.5104734301567078,Negative,-0.5104734301567078,Negative
2018-03-15,122.0,,0.0,Neutral,-0.2552367150783539,Negative
2018-03-13,124.0,,0.0,Neutral,-0.12761835753917694,Slightly Negative
2018-03-12,124.0,,0.0,Neutral,0.0,Neutral
2018-03-11,123.0,,0.0,Neutral,0.0,Neutral
2018-03-07,121.0,2018-03-07,-0.3192073702812195,Negative,-0.3192073702812195,Negative
2018-03-06,117.0,,0.0,Neutral,-0.15960368514060974,Slightly Negative
2018-03-05,119.0,,0.0,Neutral,-0.07980184257030487,Slightly Negative
2018-03-04,121.0,,0.0,Neutral,0.0,Neutral
2018-02-28,121.0,2018-02-28,-0.4559577703475952,Negative,-0.4559577703475952,Negative
2018-02-27,123.0,2018-02-27,-0.5017960667610168,Negative,-0.7297749519348145,Strongly Negative
2018-02-26,123.0,,0.0,Neutral,-0.3648874759674072,Negative
2018-02-20,121.0,,0.0,Neutral,-0.1254490166902542,Slightly Negative
2018-02-18,121.0,2018-02-18,-0.7218689322471619,Strongly Negative,-0.7218689322471619,Strongly Negative
2018-02-15,123.0,2018-02-15,0.89710932970047,Strongly Positive,0.536174863576889,Positive
2018-02-12,121.0,2018-02-12,0.1932896673679351,Slightly Positive,0.4613770991563796,Positive
2018-02-11,123.0,,0.0,Neutral,0.320922166109085,Positive
2018-02-06,125.0,,0.0,Neutral,0.048322416841983774,Neutral
2018-02-04,129.0,,0.0,Neutral,0.0,Neutral
2018-01-28,129.0,2018-01-28,0.9140734672546388,Strongly Positive,0.9140734672546388,Strongly Positive
2018-01-25,129.0,,0.0,Neutral,0.4570367336273194,Positive
2018-01-24,127.0,,0.0,Neutral,0.2285183668136597,Positive
2018-01-23,129.0,,0.0,Neutral,0.0,Neutral
2018-01-22,133.0,,0.0,Neutral,0.0,Neutral
2018-01-09,139.0,,0.0,Neutral,0.0,Neutral
2018-01-07,131.0,2018-01-07,0.9193395376205444,Strongly Positive,0.9193395376205444,Strongly Positive
2018-01-04,131.0,,0.0,Neutral,0.4596697688102722,Positive
2018-01-03,127.0,,0.0,Neutral,0.2298348844051361,Positive
2018-01-02,128.0,2018-01-02,0.907924234867096,Strongly Positive,0.907924234867096,Strongly Positive
2017-12-31,128.0,,0.0,Neutral,0.453962117433548,Positive
2017-12-26,130.0,,0.0,Neutral,0.226981058716774,Positive
2017-12-24,134.0,2017-12-24,0.5628668665885925,Positive,0.5628668665885925,Positive
2017-12-21,138.0,,0.0,Neutral,0.28143343329429626,Positive
2017-12-18,142.0,,0.0,Neutral,0.14071671664714813,Slightly Positive
2017-12-17,140.0,,0.0,Neutral,0.0,Neutral
2017-12-14,139.0,,0.0,Neutral,0.0,Neutral
2017-12-13,132.0,,0.0,Neutral,0.0,Neutral
2017-12-10,133.0,,0.0,Neutral,0.0,Neutral
2017-12-06,135.0,,0.0,Neutral,0.0,Neutral
2017-12-05,133.0,2017-12-05,0.1702946424484253,Slightly Positive,0.1702946424484253,Slightly Positive
2017-12-04,134.0,,0.0,Neutral,0.08514732122421265,Slightly Positive
2017-11-30,136.0,,0.0,Neutral,0.04257366061210632,Neutral
2017-11-29,136.0,,0.0,Neutral,0.0,Neutral
2017-11-28,134.0,2017-11-28,-0.5181993842124939,Negative,-0.5181993842124939,Negative
2017-11-27,132.0,,0.0,Neutral,-0.25909969210624695,Negative
2017-11-23,132.0,2017-11-23,0.5980113744735718,Positive,0.4684615284204483,Positive
2017-11-22,133.0,,0.0,Neutral,0.2990056872367859,Positive
2017-11-21,133.0,,0.0,Neutral,0.14950284361839294,Slightly Positive
2017-11-20,131.0,,0.0,Neutral,0.0,Neutral
2017-11-19,135.0,,0.0,Neutral,0.0,Neutral
2017-11-15,136.0,,0.0,Neutral,0.0,Neutral
2017-11-13,136.0,,0.0,Neutral,0.0,Neutral
2017-11-12,136.0,2017-11-12,0.9169417023658752,Strongly Positive,0.9169417023658752,Strongly Positive
2017-11-08,128.0,,0.0,Neutral,0.4584708511829376,Positive
2017-11-07,132.0,2017-11-07,0.3921329081058502,Positive,0.621368333697319,Strongly Positive
2017-11-06,130.0,2017-11-06,0.2062046229839325,Positive,0.4022710770368576,Positive
2017-11-05,131.0,,0.0,Neutral,0.2011355385184288,Positive
2017-11-01,137.0,,0.0,Neutral,0.051551155745983124,Slightly Positive
2017-10-31,141.0,,0.0,Neutral,0.0,Neutral
2017-10-30,139.0,,0.0,Neutral,0.0,Neutral
2017-10-29,139.0,2017-10-29,-0.1552224159240722,Slightly Negative,-0.1552224159240722,Slightly Negative
2017-10-25,145.0,,0.0,Neutral,-0.0776112079620361,Slightly Negative
2017-10-24,148.0,2017-10-24,0.3031669482588768,Positive,0.26436134427785873,Positive
2017-10-23,149.0,,0.0,Neutral,0.1515834741294384,Slightly Positive
2017-10-18,152.0,,0.0,Neutral,0.0757917370647192,Slightly Positive
2017-10-17,167.0,,0.0,Neutral,0.0,Neutral
2017-10-16,152.0,2017-10-16,0.7397989630699158,Strongly Positive,0.7397989630699158,Strongly Positive
2017-10-15,139.0,,0.0,Neutral,0.3698994815349579,Positive
2017-10-12,127.0,,0.0,Neutral,0.18494974076747894,Slightly Positive
2017-10-11,122.0,,0.0,Neutral,0.0,Neutral
2017-10-09,127.0,,0.0,Neutral,0.0,Neutral
2017-10-08,133.0,,0.0,Neutral,0.0,Neutral
2017-10-04,134.0,,0.0,Neutral,0.0,Neutral
2017-10-03,138.0,,0.0,Neutral,0.0,Neutral
2017-09-26,138.0,,0.0,Neutral,0.0,Neutral
2017-09-25,135.0,2017-09-25,0.6380407959222794,Strongly Positive,0.6380407959222794,Strongly Positive
2017-09-24,137.0,,0.0,Neutral,0.3190203979611397,Positive
2017-09-20,134.0,,0.0,Neutral,0.15951019898056984,Slightly Positive
2017-09-18,130.0,,0.0,Neutral,0.0,Neutral
2017-09-17,126.0,,0.0,Neutral,0.0,Neutral
2017-09-14,123.0,,0.0,Neutral,0.0,Neutral
2017-09-13,118.0,,0.0,Neutral,0.0,Neutral
2017-09-12,115.0,2017-09-12,0.1277060508728027,Slightly Positive,0.1277060508728027,Slightly Positive
2017-09-11,119.0,,0.0,Neutral,0.06385302543640135,Slightly Positive
2017-09-10,125.0,,0.0,Neutral,0.03192651271820068,Neutral
2017-09-07,136.0,,0.0,Neutral,0.0,Neutral
2017-09-06,138.0,2017-09-06,0.8836968541145325,Strongly Positive,0.8836968541145325,Strongly Positive
2017-09-04,140.0,2017-09-04,0.0743787288665771,Slightly Positive,0.5162271559238434,Positive
2017-08-31,140.0,,0.0,Neutral,0.2581135779619217,Positive
2017-08-30,134.0,,0.0,Neutral,0.018594682216644277,Neutral
2017-08-28,135.0,,0.0,Neutral,0.0,Neutral
2017-08-27,149.0,2017-08-27,0.9203059077262878,Strongly Positive,0.9203059077262878,Strongly Positive
2017-08-24,165.0,,0.0,Neutral,0.4601529538631439,Positive
2017-08-20,183.0,,0.0,Neutral,0.23007647693157196,Positive
2017-08-13,189.0,,0.0,Neutral,0.0,Neutral
2017-08-10,190.0,2017-08-10,0.8426941633224487,Strongly Positive,0.8426941633224487,Strongly Positive
2017-08-09,309.0,,0.0,Neutral,0.42134708166122437,Positive
2017-08-07,339.0,,0.0,Neutral,0.21067354083061218,Positive
2017-08-06,345.0,,0.0,Neutral,0.0,Neutral
2017-08-03,380.0,,0.0,Neutral,0.0,Neutral
2017-08-02,422.0,,0.0,Neutral,0.0,Neutral
2012-09-12,430.0,,0.0,Neutral,0.0,Neutral
2012-09-06,430.0,,0.0,Neutral,0.0,Neutral
2012-05-31,418.0,,0.0,Neutral,0.0,Neutral
2012-05-14,426.0,,0.0,Neutral,0.0,Neutral
2012-05-10,418.0,,0.0,Neutral,0.0,Neutral
2012-05-09,410.0,,0.0,Neutral,0.0,Neutral
2012-04-19,402.0,,0.0,Neutral,0.0,Neutral
2012-04-18,374.0,,0.0,Neutral,0.0,Neutral
2012-04-17,355.0,,0.0,Neutral,0.0,Neutral
2012-04-15,343.0,,0.0,Neutral,0.0,Neutral
2012-03-26,337.0,,0.0,Neutral,0.0,Neutral
2012-03-21,331.0,,0.0,Neutral,0.0,Neutral
2012-03-20,319.0,,0.0,Neutral,0.0,Neutral
2012-03-19,309.0,,0.0,Neutral,0.0,Neutral
2012-03-18,298.0,,0.0,Neutral,0.0,Neutral
2012-03-14,294.0,,0.0,Neutral,0.0,Neutral
2012-02-29,432.0,,0.0,Neutral,0.0,Neutral
2012-02-09,424.0,,0.0,Neutral,0.0,Neutral
2012-02-08,448.0,,0.0,Neutral,0.0,Neutral
2012-01-18,475.0,,0.0,Neutral,0.0,Neutral
2012-01-02,503.0,,0.0,Neutral,0.0,Neutral
2011-10-19,485.0,,0.0,Neutral,0.0,Neutral
2011-09-22,483.0,2011-09-22,0.9205016493797302,Strongly Positive,0.9205016493797302,Strongly Positive
2011-07-25,474.0,,0.0,Neutral,0.4602508246898651,Positive
2011-07-20,465.0,,0.0,Neutral,0.23012541234493256,Positive
2011-07-19,459.0,,0.0,Neutral,0.0,Neutral
2011-07-11,450.0,,0.0,Neutral,0.0,Neutral
2011-06-30,430.0,,0.0,Neutral,0.0,Neutral
2011-06-29,415.0,,0.0,Neutral,0.0,Neutral
2011-06-26,400.0,,0.0,Neutral,0.0,Neutral
2011-05-31,386.0,,0.0,Neutral,0.0,Neutral
2011-05-30,379.0,,0.0,Neutral,0.0,Neutral
2011-05-25,358.0,,0.0,Neutral,0.0,Neutral
2011-05-19,339.0,,0.0,Neutral,0.0,Neutral
2011-05-12,352.0,,0.0,Neutral,0.0,Neutral
2011-05-11,340.0,,0.0,Neutral,0.0,Neutral
2011-05-10,334.0,,0.0,Neutral,0.0,Neutral
2011-05-09,316.0,,0.0,Neutral,0.0,Neutral
2011-05-08,304.0,,0.0,Neutral,0.0,Neutral
2011-05-05,299.0,,0.0,Neutral,0.0,Neutral
2025-08-11,273.8,,0.0,Neutral,0.0,Neutral
2025-08-07,279.3,,0.0,Neutral,0.0,Neutral
2025-06-02,324.0,2025-06-02,-0.5659517645835876,Negative,-0.5659517645835876,Negative
2025-05-18,324.0,,0.0,Neutral,-0.2829758822917938,Negative
2025-05-15,330.0,,0.0,Neutral,-0.1414879411458969,Slightly Negative
2025-04-24,336.2,,0.0,Neutral,0.0,Neutral
2025-03-12,350.0,,0.0,Neutral,0.0,Neutral
2025-03-04,350.0,,0.0,Neutral,0.0,Neutral
2023-06-27,188.0,,0.0,Neutral,0.0,Neutral
2023-03-23,183.0,2023-03-23,0.052819263190031,Slightly Positive,0.052819263190031,Slightly Positive
2022-06-01,270.0,2022-06-01,0.3814393877983093,Positive,0.40784901939332485,Positive
2022-04-19,270.0,2022-04-19,0.9145817756652832,Strongly Positive,1.1185062853619456,Strongly Positive
2022-02-13,275.0,2022-02-13,0.4978555937608083,Positive,1.0505063285430272,Strongly Positive
2021-10-28,267.0,,0.0,Neutral,0.4775732407967249,Positive
2021-08-19,254.0,2021-08-19,0.5259397625923157,Positive,0.6504036610325178,Strongly Positive
2021-08-05,259.0,,0.0,Neutral,0.26296988129615784,Positive
2021-08-04,264.0,2021-08-04,-0.4183864593505859,Negative,-0.28690151870250696,Negative
2021-08-03,269.0,,0.0,Neutral,-0.20919322967529294,Negative
2021-02-25,100.0,,0.0,Neutral,-0.10459661483764647,Slightly Negative
2021-01-26,101.0,2021-01-26,-0.5346378684043884,Negative,-0.5346378684043884,Negative
2021-01-20,100.0,,0.0,Neutral,-0.2673189342021942,Negative
2020-10-21,100.0,2020-10-21,0.8985637426376343,Strongly Positive,0.7649042755365372,Strongly Positive
2020-07-20,100.0,,0.0,Neutral,0.44928187131881714,Positive
2020-07-19,100.0,,0.0,Neutral,0.22464093565940857,Positive
2019-12-16,100.0,,0.0,Neutral,0.0,Neutral
2019-11-11,100.0,,0.0,Neutral,0.0,Neutral
2018-06-12,103.0,,0.0,Neutral,0.0,Neutral
2017-11-23,102.0,2017-11-23,0.5980113744735718,Positive,0.5980113744735718,Positive
2019-05-14,199.0,2019-05-14,-0.1161871999502182,Slightly Negative,0.1828184872865677,Slightly Positive
2019-05-13,184.0,,0.0,Neutral,0.09140924364328384,Slightly Positive
2019-05-12,172.0,,0.0,Neutral,-0.02904679998755455,Neutral
2019-05-09,175.0,,0.0,Neutral,0.0,Neutral
2019-05-08,171.0,,0.0,Neutral,0.0,Neutral
2019-05-07,173.0,,0.0,Neutral,0.0,Neutral
2019-05-06,168.0,,0.0,Neutral,0.0,Neutral
2019-05-05,170.0,,0.0,Neutral,0.0,Neutral
2019-05-02,172.0,,0.0,Neutral,0.0,Neutral
2019-04-30,169.0,,0.0,Neutral,0.0,Neutral
2019-04-29,173.0,2019-04-29,0.6715145111083984,Strongly Positive,0.6715145111083984,Strongly Positive
2019-04-28,173.0,,0.0,Neutral,0.3357572555541992,Positive
2019-04-25,171.0,,0.0,Neutral,0.1678786277770996,Slightly Positive
2019-04-24,169.0,2019-04-24,-0.2091304957866668,Negative,-0.2091304957866668,Negative
2019-04-23,164.0,,0.0,Neutral,-0.1045652478933334,Slightly Negative
2019-04-22,171.0,2019-04-22,0.7112140357494354,Strongly Positive,0.6589314118027687,Strongly Positive
2019-04-21,173.0,2019-04-21,0.2224275916814804,Positive,0.5780346095561981,Positive
2019-04-18,171.0,,0.0,Neutral,0.28901730477809906,Positive
2019-04-17,169.0,,0.0,Neutral,0.0556068979203701,Slightly Positive
2019-04-16,170.0,2019-04-16,0.7619708776473999,Strongly Positive,0.7619708776473999,Strongly Positive
2019-04-15,168.0,,0.0,Neutral,0.38098543882369995,Positive
2019-04-11,166.0,2019-04-11,0.5554110407829285,Positive,0.7459037601947784,Strongly Positive
2019-04-10,172.0,2019-04-10,0.8950625061988831,Strongly Positive,1.1727680265903473,Strongly Positive
2019-04-09,173.0,2019-04-09,0.8805367946624756,Strongly Positive,1.4669208079576492,Strongly Positive
2019-04-08,173.0,,0.0,Neutral,0.6640340238809586,Strongly Positive
2019-04-07,173.0,,0.0,Neutral,0.2201341986656189,Positive
2019-04-04,165.0,,0.0,Neutral,0.0,Neutral
2019-04-03,157.0,2019-04-03,0.8603233098983765,Strongly Positive,0.8603233098983765,Strongly Positive
2019-04-02,163.0,,0.0,Neutral,0.43016165494918823,Positive
2019-04-01,149.0,2019-04-01,0.6460291147232056,Strongly Positive,0.8611099421977997,Strongly Positive
2019-03-31,150.0,,0.0,Neutral,0.3230145573616028,Positive
2019-03-28,146.0,,0.0,Neutral,0.1615072786808014,Slightly Positive
2019-03-27,148.0,,0.0,Neutral,0.0,Neutral
2019-03-26,144.0,2019-03-26,0.5928543210029602,Positive,0.5928543210029602,Positive
2019-03-25,140.0,,0.0,Neutral,0.2964271605014801,Positive
2019-03-24,142.0,,0.0,Neutral,0.14821358025074005,Slightly Positive
2019-03-21,142.0,,0.0,Neutral,0.0,Neutral
2019-03-19,137.0,2019-03-19,0.4687463641166687,Positive,0.4687463641166687,Positive
2019-03-18,140.0,,0.0,Neutral,0.23437318205833435,Positive
2019-03-17,144.0,,0.0,Neutral,0.11718659102916718,Slightly Positive
2019-03-14,144.0,,0.0,Neutral,0.0,Neutral
2019-03-13,140.0,,0.0,Neutral,0.0,Neutral
2019-03-12,143.0,,0.0,Neutral,0.0,Neutral
2019-03-11,145.0,2019-03-11,-0.5805007219314575,Negative,-0.5805007219314575,Negative
2019-03-10,145.0,,0.0,Neutral,-0.29025036096572876,Negative
2019-03-07,147.0,2019-03-07,0.8529539108276367,Strongly Positive,0.7078287303447723,Strongly Positive
2019-03-06,148.0,,0.0,Neutral,0.42647695541381836,Positive
2019-03-05,150.0,2019-03-05,-0.6652853488922119,Strongly Negative,-0.45204687118530273,Negative
2019-03-03,145.0,,0.0,Neutral,-0.33264267444610596,Negative
2019-02-27,137.0,,0.0,Neutral,-0.16632133722305298,Slightly Negative
2019-02-24,126.0,,0.0,Neutral,0.0,Neutral
2019-02-21,135.0,,0.0,Neutral,0.0,Neutral
2019-02-20,137.0,2019-02-20,-0.000268280506134,Neutral,-0.000268280506134,Neutral
2019-02-19,137.0,,0.0,Neutral,-0.000134140253067,Neutral
2019-02-14,139.0,,0.0,Neutral,-6.70701265335e-05,Neutral
2019-02-13,140.0,,0.0,Neutral,0.0,Neutral
2019-02-12,142.0,,0.0,Neutral,0.0,Neutral
2019-02-11,142.0,,0.0,Neutral,0.0,Neutral
2019-02-10,142.0,,0.0,Neutral,0.0,Neutral
2019-02-07,140.0,,0.0,Neutral,0.0,Neutral
2019-02-06,140.0,,0.0,Neutral,0.0,Neutral
2019-02-04,142.0,2019-02-04,-0.7323634028434753,Strongly Negative,-0.7323634028434753,Strongly Negative
2019-02-03,144.0,2019-02-03,0.4023022949695587,Positive,0.036120593547821045,Neutral
2019-01-31,146.0,,0.0,Neutral,0.018060296773910522,Neutral
2019-01-30,147.0,2019-01-30,0.127448558807373,Slightly Positive,0.22802413254976267,Positive
2019-01-29,144.0,,0.0,Neutral,0.0637242794036865,Slightly Positive
2019-01-28,144.0,,0.0,Neutral,0.03186213970184325,Neutral
2019-01-27,142.0,,0.0,Neutral,0.0,Neutral
2019-01-24,145.0,2019-01-24,0.6918145418167114,Strongly Positive,0.6918145418167114,Strongly Positive
2019-01-23,144.0,,0.0,Neutral,0.3459072709083557,Positive
2019-01-22,142.0,,0.0,Neutral,0.17295363545417786,Slightly Positive
2019-01-21,140.0,2019-01-21,0.4966762065887451,Positive,0.4966762065887451,Positive
2019-01-17,138.0,,0.0,Neutral,0.24833810329437256,Positive
2019-01-16,137.0,,0.0,Neutral,0.12416905164718628,Slightly Positive
2019-01-15,137.0,2019-01-15,0.519601047039032,Positive,0.519601047039032,Positive
2019-01-14,136.0,2019-01-14,0.9134968519210817,Strongly Positive,1.1732973754405975,Strongly Positive
2019-01-13,132.0,,0.0,Neutral,0.5866486877202988,Positive
2019-01-10,140.0,,0.0,Neutral,0.2283742129802704,Positive
2019-01-09,142.0,2019-01-09,0.7550469636917114,Strongly Positive,0.7550469636917114,Strongly Positive
2019-01-08,134.0,2019-01-08,0.7743663191795349,Strongly Positive,1.1518898010253906,Strongly Positive
2019-01-07,135.0,2019-01-07,0.7200121879577637,Strongly Positive,1.295957088470459,Strongly Positive
2019-01-06,134.0,2019-01-06,0.5872798562049866,Positive,1.1408775299787521,Strongly Positive
2019-01-03,145.0,,0.0,Neutral,0.4736429750919342,Positive
2019-01-02,141.0,2019-01-02,-0.4312562644481659,Negative,-0.28443630039691925,Negative
2019-01-01,139.0,2019-01-01,0.5289696455001831,Positive,0.31334151327610016,Positive
2018-12-31,135.0,2018-12-31,0.8081836700439453,Strongly Positive,0.9648544266819954,Strongly Positive
2018-12-30,135.0,2018-12-30,0.8666418790817261,Strongly Positive,1.4029761254787445,Strongly Positive
2018-12-27,137.0,2018-12-27,0.8413619995117188,Strongly Positive,1.4767288565635681,Strongly Positive
2018-12-26,140.0,2018-12-26,0.5205397605895996,Positive,1.1578812301158905,Strongly Positive
2018-12-25,136.0,,0.0,Neutral,0.4706103801727295,Positive
2018-12-24,138.0,2018-12-24,0.912123441696167,Strongly Positive,1.042258381843567,Strongly Positive
2018-12-23,142.0,,0.0,Neutral,0.4560617208480835,Positive
2018-12-20,136.0,2018-12-20,-0.2122925519943237,Negative,0.015738308429718045,Neutral
2018-12-19,137.0,2018-12-19,-0.3084029853343963,Negative,-0.41454926133155817,Negative
2018-12-18,134.0,,0.0,Neutral,-0.20727463066577909,Negative
2018-12-17,138.0,,0.0,Neutral,-0.07710074633359908,Slightly Negative
2018-12-16,132.0,2018-12-16,0.7137515544891357,Strongly Positive,0.7137515544891357,Strongly Positive
2018-12-13,126.0,2018-12-13,-0.1332300901412964,Slightly Negative,0.22364568710327148,Positive
2018-12-12,124.0,,0.0,Neutral,0.11182284355163574,Slightly Positive
2018-12-11,125.0,2018-12-11,0.8785602450370789,Strongly Positive,0.8452527225017548,Strongly Positive
2018-12-10,129.0,2018-12-10,0.7846078276634216,Strongly Positive,1.223887950181961,Strongly Positive
2018-12-09,127.0,,0.0,Neutral,0.6119439750909805,Strongly Positive
2018-12-06,127.0,,0.0,Neutral,0.1961519569158554,Slightly Positive
2018-12-05,129.0,,0.0,Neutral,0.0,Neutral
2018-12-04,131.0,2018-12-04,0.033573567867279,Neutral,0.033573567867279,Neutral
2018-11-29,132.0,2018-11-29,0.8101602792739868,Strongly Positive,0.8269470632076263,Strongly Positive
2018-11-28,131.0,,0.0,Neutral,0.41347353160381317,Positive
2018-11-26,133.0,,0.0,Neutral,0.2025400698184967,Positive
2018-11-22,137.0,,0.0,Neutral,0.0,Neutral
2018-11-21,138.0,,0.0,Neutral,0.0,Neutral
2018-11-20,140.0,,0.0,Neutral,0.0,Neutral
2018-11-19,142.0,2018-11-19,0.5714744180440903,Positive,0.5714744180440903,Positive
2018-11-15,144.0,,0.0,Neutral,0.28573720902204514,Positive
2018-11-14,146.0,,0.0,Neutral,0.14286860451102257,Slightly Positive
2018-11-13,146.0,2018-11-13,-0.1938473582267761,Slightly Negative,-0.1938473582267761,Slightly Negative
2018-11-01,144.0,,0.0,Neutral,-0.09692367911338805,Slightly Negative
2018-10-31,142.0,,0.0,Neutral,-0.048461839556694024,Neutral
2018-10-30,146.0,,0.0,Neutral,0.0,Neutral
2018-10-29,146.0,,0.0,Neutral,0.0,Neutral
2018-10-28,148.0,,0.0,Neutral,0.0,Neutral
2018-10-25,148.0,,0.0,Neutral,0.0,Neutral
2018-10-24,151.0,,0.0,Neutral,0.0,Neutral
2018-10-23,152.0,,0.0,Neutral,0.0,Neutral
2018-10-22,155.0,,0.0,Neutral,0.0,Neutral
2018-10-21,153.0,,0.0,Neutral,0.0,Neutral
2018-10-14,144.0,,0.0,Neutral,0.0,Neutral
2018-10-11,142.0,,0.0,Neutral,0.0,Neutral
2018-10-10,140.0,2018-10-10,-0.1620651185512542,Slightly Negative,-0.1620651185512542,Slightly Negative
2018-10-09,145.0,,0.0,Neutral,-0.0810325592756271,Slightly Negative
2018-10-08,141.0,,0.0,Neutral,-0.04051627963781355,Neutral
2018-10-07,140.0,,0.0,Neutral,0.0,Neutral
2018-10-04,157.0,,0.0,Neutral,0.0,Neutral
2018-10-03,157.0,,0.0,Neutral,0.0,Neutral
2018-10-02,155.0,,0.0,Neutral,0.0,Neutral
2018-10-01,171.0,,0.0,Neutral,0.0,Neutral
2018-09-27,188.0,,0.0,Neutral,0.0,Neutral
2018-09-26,189.0,,0.0,Neutral,0.0,Neutral
2018-09-25,179.0,,0.0,Neutral,0.0,Neutral
2018-09-23,163.0,2018-09-23,0.8959836959838867,Strongly Positive,0.8959836959838867,Strongly Positive
2018-09-20,161.0,,0.0,Neutral,0.44799184799194336,Positive
2018-09-18,165.0,2018-09-18,0.4713515937328338,Positive,0.6953475177288055,Strongly Positive
2018-09-17,151.0,,0.0,Neutral,0.2356757968664169,Positive
2018-09-16,138.0,2018-09-16,0.4487057030200958,Positive,0.5665436014533043,Positive
2018-09-13,126.0,,0.0,Neutral,0.2243528515100479,Positive
2018-09-12,132.0,,0.0,Neutral,0.11217642575502396,Slightly Positive
2018-09-11,128.0,,0.0,Neutral,0.0,Neutral
2018-09-10,126.0,,0.0,Neutral,0.0,Neutral
2018-09-09,126.0,,0.0,Neutral,0.0,Neutral
2018-09-06,133.0,,0.0,Neutral,0.0,Neutral
2018-09-05,132.0,,0.0,Neutral,0.0,Neutral
2018-09-04,128.0,,0.0,Neutral,0.0,Neutral
2018-09-03,127.0,,0.0,Neutral,0.0,Neutral
2018-09-02,126.0,2018-09-02,0.9213955402374268,Strongly Positive,0.9213955402374268,Strongly Positive
2018-08-30,120.0,,0.0,Neutral,0.4606977701187134,Positive
2018-08-29,123.0,,0.0,Neutral,0.2303488850593567,Positive
2018-08-28,124.0,2018-08-28,0.8678902387619019,Strongly Positive,0.8678902387619019,Strongly Positive
2018-08-26,122.0,2018-08-26,0.908364236354828,Strongly Positive,1.3423093557357788,Strongly Positive
2018-08-23,124.0,2018-08-23,0.9118733406066896,Strongly Positive,1.583028018474579,Strongly Positive
2018-08-22,126.0,2018-08-22,0.9089189767837524,Strongly Positive,1.5919467061758041,Strongly Positive
2018-08-21,128.0,,0.0,Neutral,0.6824278235435486,Strongly Positive
2018-08-16,132.0,2018-08-16,0.8950644135475159,Strongly Positive,1.122294157743454,Strongly Positive
2018-08-15,136.0,2018-08-15,-0.1866932809352874,Slightly Negative,0.26083892583847057,Positive
2018-08-07,136.0,,0.0,Neutral,0.13041946291923529,Slightly Positive
2018-08-06,125.0,,0.0,Neutral,-0.04667332023382185,Neutral
2018-08-05,127.0,,0.0,Neutral,0.0,Neutral
2018-08-02,125.0,2018-08-02,-0.2557297945022583,Negative,-0.2557297945022583,Negative
2018-08-01,126.0,2018-08-01,0.7616575956344604,Strongly Positive,0.6337926983833313,Strongly Positive
2018-07-31,128.0,2018-07-31,0.8481963723897934,Strongly Positive,1.165092721581459,Strongly Positive
2018-07-30,131.0,,0.0,Neutral,0.6145125851035118,Strongly Positive
2018-07-29,133.0,,0.0,Neutral,0.21204909309744835,Positive
2018-07-26,135.0,2018-07-26,0.8805007934570312,Strongly Positive,0.8805007934570312,Strongly Positive
2018-07-25,137.0,2018-07-25,0.5625090003013611,Positive,1.0027593970298767,Strongly Positive
2018-07-24,137.0,2018-07-24,0.8712472915649414,Strongly Positive,1.3726269900798798,Strongly Positive
2018-07-23,125.0,,0.0,Neutral,0.576250895857811,Positive
2018-07-22,126.0,2018-07-22,0.5804762393236159,Positive,0.7982880622148513,Strongly Positive
2018-07-19,127.0,,0.0,Neutral,0.29023811966180796,Positive
2018-07-16,134.0,,0.0,Neutral,0.14511905983090398,Slightly Positive
2018-07-15,136.0,2018-07-15,-0.0455491840839386,Neutral,-0.0455491840839386,Neutral
2018-07-08,138.0,2018-07-08,0.7769768834114075,Strongly Positive,0.7542022913694382,Strongly Positive
2018-07-05,134.0,,0.0,Neutral,0.3771011456847191,Positive
2018-07-04,126.0,2018-07-04,0.3696541786193847,Positive,0.5638983994722366,Positive
2018-07-03,127.0,,0.0,Neutral,0.18482708930969236,Slightly Positive
2018-07-02,125.0,,0.0,Neutral,0.09241354465484618,Slightly Positive
2018-07-01,125.0,,0.0,Neutral,0.0,Neutral
2018-06-27,127.0,2018-06-27,0.6418185830116272,Strongly Positive,0.6418185830116272,Strongly Positive
2018-06-25,127.0,,0.0,Neutral,0.3209092915058136,Positive
2018-06-24,130.0,,0.0,Neutral,0.1604546457529068,Slightly Positive
2018-06-21,128.0,,0.0,Neutral,0.0,Neutral
2018-06-19,130.0,,0.0,Neutral,0.0,Neutral
2018-06-17,132.0,2018-06-17,0.508649468421936,Positive,0.508649468421936,Positive
2018-06-13,136.0,2018-06-13,-0.3404492735862732,Negative,-0.08612453937530518,Slightly Negative
2018-06-12,138.0,,0.0,Neutral,-0.04306226968765259,Neutral
2018-06-07,136.0,2018-06-07,0.787387490272522,Strongly Positive,0.7022751718759537,Strongly Positive
2018-06-03,138.0,2018-06-03,0.3452410101890564,Positive,0.7389347553253174,Strongly Positive
2018-05-30,140.0,2018-05-30,0.7039557695388794,Strongly Positive,1.073423147201538,Strongly Positive
2018-05-29,142.0,,0.0,Neutral,0.4382881373167038,Positive
2018-05-28,142.0,,0.0,Neutral,0.17598894238471985,Slightly Positive
2018-05-27,141.0,,0.0,Neutral,0.0,Neutral
2018-05-24,141.0,,0.0,Neutral,0.0,Neutral
2018-05-23,139.0,,0.0,Neutral,0.0,Neutral
2018-05-20,140.0,,0.0,Neutral,0.0,Neutral
2018-05-17,142.0,,0.0,Neutral,0.0,Neutral
2018-05-16,146.0,,0.0,Neutral,0.0,Neutral
2018-05-15,147.0,,0.0,Neutral,0.0,Neutral
2018-05-14,145.0,2018-05-14,0.7037050724029541,Strongly Positive,0.7037050724029541,Strongly Positive
2018-05-10,153.0,,0.0,Neutral,0.35185253620147705,Positive
2018-05-09,150.0,,0.0,Neutral,0.17592626810073853,Slightly Positive
2018-05-08,153.0,2018-05-08,0.7442371547222137,Strongly Positive,0.7442371547222137,Strongly Positive
2018-05-07,153.0,,0.0,Neutral,0.3721185773611069,Positive
2018-05-06,159.0,,0.0,Neutral,0.18605928868055344,Slightly Positive
2018-05-03,156.0,,0.0,Neutral,0.0,Neutral
2018-04-26,156.0,2018-04-26,-0.1422680616378784,Slightly Negative,-0.1422680616378784,Slightly Negative
2018-04-25,162.0,,0.0,Neutral,-0.0711340308189392,Slightly Negative
2018-04-24,165.0,,0.0,Neutral,-0.0355670154094696,Neutral
2018-04-23,168.0,,0.0,Neutral,0.0,Neutral
2018-04-22,156.0,,0.0,Neutral,0.0,Neutral
2018-04-19,148.0,,0.0,Neutral,0.0,Neutral
2018-04-18,149.0,2018-04-18,0.7243727445602417,Strongly Positive,0.7243727445602417,Strongly Positive
2018-04-17,146.0,2018-04-17,-0.4689792692661285,Negative,-0.10679289698600763,Slightly Negative
2018-04-16,144.0,,0.0,Neutral,-0.05339644849300382,Slightly Negative
2018-04-08,144.0,2018-04-08,0.4547261595726013,Positive,0.3374813422560692,Positive
2018-04-05,142.0,,0.0,Neutral,0.22736307978630066,Positive
2018-04-04,138.0,2018-04-04,0.8857042789459229,Strongly Positive,0.9993858188390732,Strongly Positive
2018-04-03,135.0,2018-04-03,0.8998837769031525,Strongly Positive,1.342735916376114,Strongly Positive
2018-04-02,136.0,2018-04-02,0.6707487106323242,Strongly Positive,1.3421166688203812,Strongly Positive
2018-03-29,142.0,,0.0,Neutral,0.5603452995419502,Positive
2018-03-27,142.0,2018-03-27,-0.2121085226535797,Negative,-0.04442134499549866,Neutral
2018-03-26,140.0,,0.0,Neutral,-0.10605426132678986,Slightly Negative
2018-03-22,151.0,2018-03-22,0.6458000540733337,Strongly Positive,0.5927729234099388,Positive
2018-03-18,154.0,2018-03-18,-0.5104734301567078,Negative,-0.1875734031200409,Slightly Negative
2018-03-12,157.0,,0.0,Neutral,-0.09378670156002045,Slightly Negative
2018-03-07,158.0,2018-03-07,-0.3192073702812195,Negative,-0.4468257278203964,Negative
2018-02-28,165.0,2018-02-28,-0.4559577703475952,Negative,-0.615561455488205,Strongly Negative
2018-02-26,164.0,,0.0,Neutral,-0.3077807277441025,Negative
2018-02-25,164.0,,0.0,Neutral,-0.1139894425868988,Slightly Negative
2018-02-21,162.0,,0.0,Neutral,0.0,Neutral
2018-02-20,165.0,,0.0,Neutral,0.0,Neutral
2018-02-18,162.0,2018-02-18,-0.7218689322471619,Strongly Negative,-0.7218689322471619,Strongly Negative
2018-02-15,157.0,2018-02-15,0.89710932970047,Strongly Positive,0.536174863576889,Positive
2018-02-14,157.0,,0.0,Neutral,0.2680874317884445,Positive
2018-02-11,154.0,,0.0,Neutral,0.2242773324251175,Positive
2018-02-08,151.0,,0.0,Neutral,0.0,Neutral
2018-02-07,153.0,,0.0,Neutral,0.0,Neutral
2018-02-06,150.0,,0.0,Neutral,0.0,Neutral
2018-02-05,153.0,2018-02-05,0.8875495791435242,Strongly Positive,0.8875495791435242,Strongly Positive
2018-02-04,155.0,,0.0,Neutral,0.4437747895717621,Positive
2018-02-01,156.0,,0.0,Neutral,0.22188739478588104,Positive
2018-01-31,156.0,,0.0,Neutral,0.0,Neutral
2018-01-28,159.0,2018-01-28,0.9140734672546388,Strongly Positive,0.9140734672546388,Strongly Positive
2018-01-25,156.0,,0.0,Neutral,0.4570367336273194,Positive
2018-01-24,155.0,,0.0,Neutral,0.2285183668136597,Positive
2018-01-23,154.0,,0.0,Neutral,0.0,Neutral
2018-01-22,156.0,,0.0,Neutral,0.0,Neutral
2018-01-21,159.0,2018-01-21,0.326934814453125,Positive,0.326934814453125,Positive
2018-01-16,165.0,2018-01-16,0.912229597568512,Strongly Positive,1.0756970047950745,Strongly Positive
2018-01-09,168.0,,0.0,Neutral,0.5378485023975372,Positive
2018-01-08,166.0,2018-01-08,0.5098813772201538,Positive,0.7379387766122818,Strongly Positive
2018-01-07,165.0,2018-01-07,0.9193395376205444,Strongly Positive,1.1742802262306213,Strongly Positive
2018-01-04,162.0,,0.0,Neutral,0.5871401131153107,Positive
2018-01-03,161.0,,0.0,Neutral,0.2298348844051361,Positive
2018-01-02,164.0,2018-01-02,0.907924234867096,Strongly Positive,0.907924234867096,Strongly Positive
2018-01-01,164.0,,0.0,Neutral,0.453962117433548,Positive
2017-12-28,165.0,,0.0,Neutral,0.226981058716774,Positive
2017-12-27,162.0,,0.0,Neutral,0.0,Neutral
2017-12-26,161.0,,0.0,Neutral,0.0,Neutral
2017-12-20,170.0,,0.0,Neutral,0.0,Neutral
2017-12-19,173.0,,0.0,Neutral,0.0,Neutral
2017-12-18,173.0,,0.0,Neutral,0.0,Neutral
2017-12-17,173.0,,0.0,Neutral,0.0,Neutral
2017-12-14,176.0,,0.0,Neutral,0.0,Neutral
2017-12-13,173.0,,0.0,Neutral,0.0,Neutral
2017-12-12,174.0,,0.0,Neutral,0.0,Neutral
2017-12-11,175.0,2017-12-11,0.5815926194190979,Positive,0.5815926194190979,Positive
2017-12-10,172.0,,0.0,Neutral,0.29079630970954895,Positive
2017-12-06,172.0,,0.0,Neutral,0.14539815485477448,Slightly Positive
2017-12-05,169.0,2017-12-05,0.1702946424484253,Slightly Positive,0.1702946424484253,Slightly Positive
2017-12-04,173.0,,0.0,Neutral,0.08514732122421265,Slightly Positive
2017-11-30,178.0,,0.0,Neutral,0.04257366061210632,Neutral
2017-11-29,180.0,,0.0,Neutral,0.0,Neutral
2017-11-28,175.0,2017-11-28,-0.5181993842124939,Negative,-0.5181993842124939,Negative
2017-11-27,174.0,,0.0,Neutral,-0.25909969210624695,Negative
2017-11-26,179.0,,0.0,Neutral,-0.12954984605312347,Slightly Negative
2017-11-23,178.0,2017-11-23,0.5980113744735718,Positive,0.5980113744735718,Positive
2017-11-22,175.0,,0.0,Neutral,0.2990056872367859,Positive
2017-11-21,178.0,,0.0,Neutral,0.14950284361839294,Slightly Positive
2017-11-20,175.0,,0.0,Neutral,0.0,Neutral
2017-11-19,175.0,,0.0,Neutral,0.0,Neutral
2017-11-16,177.0,,0.0,Neutral,0.0,Neutral
2017-11-15,183.0,,0.0,Neutral,0.0,Neutral
2017-11-14,189.0,2017-11-14,-0.7073986530303955,Strongly Negative,-0.7073986530303955,Strongly Negative
2017-11-13,177.0,,0.0,Neutral,-0.35369932651519775,Negative
2017-11-12,171.0,2017-11-12,0.9169417023658752,Strongly Positive,0.7400920391082764,Strongly Positive
2017-11-09,169.0,,0.0,Neutral,0.4584708511829376,Positive
2017-11-08,178.0,,0.0,Neutral,0.2292354255914688,Positive
2017-11-07,184.0,2017-11-07,0.3921329081058502,Positive,0.3921329081058502,Positive
2017-11-06,184.0,2017-11-06,0.2062046229839325,Positive,0.4022710770368576,Positive
2017-11-05,191.0,,0.0,Neutral,0.2011355385184288,Positive
2017-11-02,185.0,,0.0,Neutral,0.051551155745983124,Slightly Positive
2017-11-01,178.0,,0.0,Neutral,0.0,Neutral
2017-10-31,266.0,,0.0,Neutral,0.0,Neutral
2017-10-30,275.0,,0.0,Neutral,0.0,Neutral
2017-10-29,280.0,2017-10-29,-0.1552224159240722,Slightly Negative,-0.1552224159240722,Slightly Negative
2017-10-25,280.0,,0.0,Neutral,-0.0776112079620361,Slightly Negative
2017-10-24,276.0,2017-10-24,0.3031669482588768,Positive,0.26436134427785873,Positive
2017-10-23,282.0,,0.0,Neutral,0.1515834741294384,Slightly Positive
2017-10-22,279.0,,0.0,Neutral,0.0757917370647192,Slightly Positive
2017-10-18,279.0,,0.0,Neutral,0.0,Neutral
2017-10-17,270.0,,0.0,Neutral,0.0,Neutral
2017-10-16,270.0,2017-10-16,0.7397989630699158,Strongly Positive,0.7397989630699158,Strongly Positive
2017-10-15,260.0,,0.0,Neutral,0.3698994815349579,Positive
2017-10-12,260.0,,0.0,Neutral,0.18494974076747894,Slightly Positive
2017-10-10,258.0,,0.0,Neutral,0.0,Neutral
2017-10-09,265.0,,0.0,Neutral,0.0,Neutral
2017-10-08,270.0,,0.0,Neutral,0.0,Neutral
2017-10-04,275.0,,0.0,Neutral,0.0,Neutral
2017-10-03,275.0,,0.0,Neutral,0.0,Neutral
2017-09-26,272.0,,0.0,Neutral,0.0,Neutral
2017-09-25,271.0,2017-09-25,0.6380407959222794,Strongly Positive,0.6380407959222794,Strongly Positive
2017-09-24,271.0,,0.0,Neutral,0.3190203979611397,Positive
2017-09-20,270.0,,0.0,Neutral,0.15951019898056984,Slightly Positive
2017-09-18,265.0,,0.0,Neutral,0.0,Neutral
2017-09-17,263.0,,0.0,Neutral,0.0,Neutral
2017-09-14,264.0,,0.0,Neutral,0.0,Neutral
2017-09-13,256.0,,0.0,Neutral,0.0,Neutral
2017-09-12,263.0,2017-09-12,0.1277060508728027,Slightly Positive,0.1277060508728027,Slightly Positive
2017-09-11,265.0,,0.0,Neutral,0.06385302543640135,Slightly Positive
2017-09-10,261.0,,0.0,Neutral,0.03192651271820068,Neutral
2017-09-07,256.0,,0.0,Neutral,0.0,Neutral
2017-09-06,257.0,2017-09-06,0.8836968541145325,Strongly Positive,0.8836968541145325,Strongly Positive
2017-09-04,260.0,2017-09-04,0.0743787288665771,Slightly Positive,0.5162271559238434,Positive
2017-08-31,263.0,,0.0,Neutral,0.2581135779619217,Positive
2017-08-28,280.0,,0.0,Neutral,0.018594682216644277,Neutral
2017-08-27,275.0,2017-08-27,0.9203059077262878,Strongly Positive,0.9203059077262878,Strongly Positive
2017-08-23,280.0,,0.0,Neutral,0.4601529538631439,Positive
2017-08-22,281.0,,0.0,Neutral,0.23007647693157196,Positive
2017-08-20,280.0,,0.0,Neutral,0.0,Neutral
2017-08-17,280.0,2017-08-17,0.7896273136138916,Strongly Positive,0.7896273136138916,Strongly Positive
2017-08-16,286.0,,0.0,Neutral,0.3948136568069458,Positive
2017-08-15,279.0,,0.0,Neutral,0.1974068284034729,Slightly Positive
2017-08-13,281.0,,0.0,Neutral,0.0,Neutral
2017-08-10,286.0,2017-08-10,0.8426941633224487,Strongly Positive,0.8426941633224487,Strongly Positive
2017-08-09,289.0,,0.0,Neutral,0.42134708166122437,Positive
2017-08-07,285.0,,0.0,Neutral,0.21067354083061218,Positive
2017-08-06,295.0,,0.0,Neutral,0.0,Neutral
2017-08-03,299.0,,0.0,Neutral,0.0,Neutral
2017-08-02,299.0,,0.0,Neutral,0.0,Neutral
2017-08-01,296.0,,0.0,Neutral,0.0,Neutral
2017-07-31,300.0,2017-07-31,0.5858557224273682,Positive,0.5858557224273682,Positive
2017-07-30,297.0,,0.0,Neutral,0.2929278612136841,Positive
2017-07-27,302.0,,0.0,Neutral,0.14646393060684204,Slightly Positive
2017-07-26,300.0,,0.0,Neutral,0.0,Neutral
2017-07-25,299.0,,0.0,Neutral,0.0,Neutral
2017-07-24,301.0,,0.0,Neutral,0.0,Neutral
2017-07-23,295.0,,0.0,Neutral,0.0,Neutral
2017-07-20,304.0,2017-07-20,-0.3135278224945068,Negative,-0.3135278224945068,Negative
2017-07-19,310.0,,0.0,Neutral,-0.1567639112472534,Slightly Negative
2017-07-18,305.0,,0.0,Neutral,-0.0783819556236267,Slightly Negative
2017-07-17,303.0,2017-07-17,0.9291043877601624,Strongly Positive,0.9291043877601624,Strongly Positive
2017-07-16,297.0,,0.0,Neutral,0.4645521938800812,Positive
2017-07-11,292.0,,0.0,Neutral,0.2322760969400406,Positive
2017-07-10,287.0,,0.0,Neutral,0.0,Neutral
2017-07-06,295.0,2017-07-06,0.9184584617614746,Strongly Positive,0.9184584617614746,Strongly Positive
2017-07-05,287.0,2017-07-05,0.925973892211914,Strongly Positive,1.3852031230926514,Strongly Positive
2017-07-04,292.0,,0.0,Neutral,0.6926015615463257,Strongly Positive
2017-07-03,292.0,,0.0,Neutral,0.2314934730529785,Positive
2017-07-02,297.0,2017-07-02,0.8309491276741028,Strongly Positive,0.8309491276741028,Strongly Positive
2017-06-27,303.0,,0.0,Neutral,0.4154745638370514,Positive
2017-06-25,303.0,,0.0,Neutral,0.2077372819185257,Positive
2017-06-22,292.0,,0.0,Neutral,0.0,Neutral
2017-06-21,293.0,,0.0,Neutral,0.0,Neutral
2017-06-20,298.0,,0.0,Neutral,0.0,Neutral
2017-06-19,304.0,2017-06-19,0.2736774682998657,Positive,0.2736774682998657,Positive
2017-06-18,304.0,,0.0,Neutral,0.13683873414993286,Slightly Positive
2017-06-15,308.0,,0.0,Neutral,0.06841936707496643,Slightly Positive
2017-06-14,302.0,2017-06-14,0.7516312599182129,Strongly Positive,0.7516312599182129,Strongly Positive
2017-06-13,308.0,,0.0,Neutral,0.37581562995910645,Positive
2017-06-12,302.0,,0.0,Neutral,0.18790781497955322,Slightly Positive
2017-06-11,301.0,,0.0,Neutral,0.0,Neutral
2017-06-08,313.0,,0.0,Neutral,0.0,Neutral
2017-06-07,318.0,,0.0,Neutral,0.0,Neutral
2017-06-06,319.0,,0.0,Neutral,0.0,Neutral
2017-06-05,305.0,,0.0,Neutral,0.0,Neutral
2017-06-04,300.0,,0.0,Neutral,0.0,Neutral
2017-06-01,305.0,,0.0,Neutral,0.0,Neutral
2017-05-31,312.0,,0.0,Neutral,0.0,Neutral
2017-05-30,290.0,,0.0,Neutral,0.0,Neutral
2017-05-28,301.0,,0.0,Neutral,0.0,Neutral
2017-05-24,311.0,,0.0,Neutral,0.0,Neutral
2017-05-23,315.0,,0.0,Neutral,0.0,Neutral
2017-05-22,318.0,,0.0,Neutral,0.0,Neutral
2017-05-21,324.0,2017-05-21,0.543536901473999,Positive,0.543536901473999,Positive
2017-05-18,340.0,,0.0,Neutral,0.2717684507369995,Positive
2017-05-17,342.0,2017-05-17,0.9115880727767944,Strongly Positive,1.0474722981452942,Strongly Positive
2017-05-16,355.0,,0.0,Neutral,0.4557940363883972,Positive
2017-05-11,358.0,2017-05-11,0.6874037981033325,Strongly Positive,0.9153008162975311,Strongly Positive
2017-05-09,365.0,,0.0,Neutral,0.34370189905166626,Positive
2017-05-08,363.0,,0.0,Neutral,0.17185094952583313,Slightly Positive
2017-05-07,366.0,,0.0,Neutral,0.0,Neutral
2017-05-04,363.0,,0.0,Neutral,0.0,Neutral
2017-05-03,330.0,,0.0,Neutral,0.0,Neutral
2017-05-02,300.0,,0.0,Neutral,0.0,Neutral
2017-04-30,312.0,,0.0,Neutral,0.0,Neutral
2017-04-27,306.0,,0.0,Neutral,0.0,Neutral
2017-04-26,294.0,,0.0,Neutral,0.0,Neutral
2017-04-25,285.0,2017-04-25,0.7321624755859375,Strongly Positive,0.7321624755859375,Strongly Positive
2017-04-24,294.0,,0.0,Neutral,0.36608123779296875,Positive
2017-04-23,300.0,,0.0,Neutral,0.18304061889648438,Slightly Positive
2017-04-19,291.0,,0.0,Neutral,0.0,Neutral
2017-04-16,296.0,,0.0,Neutral,0.0,Neutral
2017-04-13,299.0,,0.0,Neutral,0.0,Neutral
2017-04-12,311.0,,0.0,Neutral,0.0,Neutral
2017-04-10,307.0,,0.0,Neutral,0.0,Neutral
2017-04-09,300.0,,0.0,Neutral,0.0,Neutral
2017-04-06,300.0,2017-04-06,0.5967186689376831,Positive,0.5967186689376831,Positive
2017-04-04,304.0,,0.0,Neutral,0.29835933446884155,Positive
2017-04-03,299.0,,0.0,Neutral,0.14917966723442078,Slightly Positive
2017-04-02,310.0,2017-04-02,0.903369665145874,Strongly Positive,0.903369665145874,Strongly Positive
2017-03-30,302.0,2017-03-30,-0.1716672480106353,Slightly Negative,0.28001758456230175,Positive
2017-03-29,314.0,,0.0,Neutral,0.14000879228115087,Slightly Positive
2017-03-28,297.0,,0.0,Neutral,-0.04291681200265882,Neutral
2017-03-26,272.0,,0.0,Neutral,0.0,Neutral
2017-03-23,248.0,,0.0,Neutral,0.0,Neutral
2017-03-22,226.0,2017-03-22,0.6236251592636108,Strongly Positive,0.6236251592636108,Strongly Positive
2017-03-16,218.0,,0.0,Neutral,0.3118125796318054,Positive
2017-03-15,220.0,,0.0,Neutral,0.1559062898159027,Slightly Positive
2017-03-14,224.0,,0.0,Neutral,0.0,Neutral
2017-03-13,230.0,,0.0,Neutral,0.0,Neutral
2017-03-07,232.0,2017-03-07,0.2491500675678253,Positive,0.2491500675678253,Positive
2017-03-06,232.0,,0.0,Neutral,0.12457503378391264,Slightly Positive
2017-02-28,240.0,,0.0,Neutral,0.06228751689195632,Slightly Positive
2017-02-26,241.0,,0.0,Neutral,0.0,Neutral
2017-02-22,373.0,,0.0,Neutral,0.0,Neutral
2017-02-21,369.0,,0.0,Neutral,0.0,Neutral
2017-02-20,369.0,,0.0,Neutral,0.0,Neutral
2017-02-19,390.0,,0.0,Neutral,0.0,Neutral
2017-02-16,377.0,,0.0,Neutral,0.0,Neutral
2017-02-15,343.0,2017-02-15,-0.5029162764549255,Negative,-0.5029162764549255,Negative
2017-02-14,312.0,,0.0,Neutral,-0.25145813822746277,Negative
2017-02-13,300.0,,0.0,Neutral,-0.12572906911373138,Slightly Negative
2017-02-09,320.0,,0.0,Neutral,0.0,Neutral
2017-02-08,325.0,,0.0,Neutral,0.0,Neutral
2017-02-06,326.0,,0.0,Neutral,0.0,Neutral
2017-02-02,344.0,,0.0,Neutral,0.0,Neutral
2017-02-01,351.0,,0.0,Neutral,0.0,Neutral
2017-01-31,333.0,,0.0,Neutral,0.0,Neutral
2017-01-26,339.0,,0.0,Neutral,0.0,Neutral
2017-01-25,359.0,,0.0,Neutral,0.0,Neutral
2017-01-24,385.0,,0.0,Neutral,0.0,Neutral
2017-01-23,389.0,,0.0,Neutral,0.0,Neutral
2017-01-19,382.0,2017-01-19,0.8906235098838806,Strongly Positive,0.8906235098838806,Strongly Positive
2017-01-18,375.0,2017-01-18,-0.7480860352516174,Strongly Negative,-0.3027742803096771,Negative
2017-01-17,377.0,,0.0,Neutral,-0.15138714015483856,Slightly Negative
2017-01-16,391.0,,0.0,Neutral,-0.18702150881290436,Slightly Negative
2017-01-15,392.0,2017-01-15,0.8086245059967041,Strongly Positive,0.8086245059967041,Strongly Positive
2017-01-12,371.0,,0.0,Neutral,0.40431225299835205,Positive
2017-01-11,376.0,,0.0,Neutral,0.20215612649917603,Positive
2017-01-10,393.0,,0.0,Neutral,0.0,Neutral
2017-01-09,386.0,,0.0,Neutral,0.0,Neutral
2017-01-08,365.0,,0.0,Neutral,0.0,Neutral
2017-01-05,342.0,,0.0,Neutral,0.0,Neutral
2017-01-04,334.0,,0.0,Neutral,0.0,Neutral
2017-01-03,336.0,,0.0,Neutral,0.0,Neutral
2017-01-02,336.0,,0.0,Neutral,0.0,Neutral
2017-01-01,345.0,2017-01-01,0.1828947961330413,Slightly Positive,0.1828947961330413,Slightly Positive
2016-12-29,333.0,,0.0,Neutral,0.09144739806652065,Slightly Positive
2016-12-28,336.0,2016-12-28,0.881725013256073,Strongly Positive,0.9274487122893333,Strongly Positive
2016-12-27,348.0,,0.0,Neutral,0.4408625066280365,Positive
2016-12-26,355.0,,0.0,Neutral,0.22043125331401825,Positive
2016-12-22,436.0,,0.0,Neutral,0.0,Neutral
2016-12-20,418.0,,0.0,Neutral,0.0,Neutral
2016-12-18,410.0,,0.0,Neutral,0.0,Neutral
2016-12-15,409.0,,0.0,Neutral,0.0,Neutral
2016-12-14,417.0,,0.0,Neutral,0.0,Neutral
2016-12-12,425.0,,0.0,Neutral,0.0,Neutral
2016-12-11,433.0,,0.0,Neutral,0.0,Neutral
2016-12-08,440.0,,0.0,Neutral,0.0,Neutral
2016-12-05,447.0,2016-12-05,0.7129253149032593,Strongly Positive,0.7129253149032593,Strongly Positive
2016-12-04,456.0,,0.0,Neutral,0.35646265745162964,Positive
2016-12-01,465.0,,0.0,Neutral,0.17823132872581482,Slightly Positive
2016-11-30,455.0,,0.0,Neutral,0.0,Neutral
2016-11-24,447.0,,0.0,Neutral,0.0,Neutral
2016-11-23,473.0,,0.0,Neutral,0.0,Neutral
2016-11-22,510.0,,0.0,Neutral,0.0,Neutral
2016-11-20,530.0,,0.0,Neutral,0.0,Neutral
2016-11-15,545.0,,0.0,Neutral,0.0,Neutral
2016-11-14,545.0,,0.0,Neutral,0.0,Neutral
2016-11-13,535.0,,0.0,Neutral,0.0,Neutral
2016-11-09,535.0,2016-11-09,-0.9314858317375184,Strongly Negative,-0.9314858317375184,Strongly Negative
2016-11-08,535.0,,0.0,Neutral,-0.4657429158687592,Negative
2016-11-03,525.0,,0.0,Neutral,-0.2328714579343796,Negative
2016-10-26,515.0,,0.0,Neutral,0.0,Neutral
2016-10-25,525.0,,0.0,Neutral,0.0,Neutral
2016-10-20,525.0,,0.0,Neutral,0.0,Neutral
2016-10-17,533.0,,0.0,Neutral,0.0,Neutral
2016-10-16,540.0,,0.0,Neutral,0.0,Neutral
2016-10-04,535.0,,0.0,Neutral,0.0,Neutral
2016-10-02,531.0,2016-10-02,0.8898768424987793,Strongly Positive,0.8898768424987793,Strongly Positive
2016-09-29,540.0,2016-09-29,0.9111406207084656,Strongly Positive,1.3560790419578552,Strongly Positive
2016-09-27,545.0,,0.0,Neutral,0.6780395209789276,Strongly Positive
2016-09-25,551.0,,0.0,Neutral,0.2277851551771164,Positive
2016-09-22,560.0,2016-09-22,0.0431180894374847,Neutral,0.0431180894374847,Neutral
2016-09-21,560.0,2016-09-21,0.8862911760807037,Strongly Positive,0.9078502207994461,Strongly Positive
2016-09-20,566.0,2016-09-20,0.9242508411407472,Strongly Positive,1.3781759515404701,Strongly Positive
2016-09-18,575.0,2016-09-18,0.8751511573791504,Strongly Positive,1.5588493719696999,Strongly Positive
2016-09-14,575.0,,0.0,Neutral,0.668638288974762,Strongly Positive
2016-09-11,575.0,2016-09-11,0.8642315864562988,Strongly Positive,1.0830193758010864,Strongly Positive
2016-09-08,560.0,,0.0,Neutral,0.4321157932281494,Positive
2016-09-07,551.0,,0.0,Neutral,0.2160578966140747,Positive
2016-09-05,555.0,,0.0,Neutral,0.0,Neutral
2016-09-04,550.0,,0.0,Neutral,0.0,Neutral
2016-09-03,550.0,,0.0,Neutral,0.0,Neutral
2016-09-01,550.0,2016-09-01,0.7710901498794556,Strongly Positive,0.7710901498794556,Strongly Positive
2016-08-31,560.0,,0.0,Neutral,0.3855450749397278,Positive
2016-08-30,568.0,2016-08-30,-0.0680882036685943,Slightly Negative,0.12468433380126959,Slightly Positive
2016-08-29,566.0,,0.0,Neutral,-0.03404410183429715,Neutral
2016-08-28,545.0,,0.0,Neutral,-0.017022050917148576,Neutral
2016-08-24,515.0,,0.0,Neutral,0.0,Neutral
2016-08-23,523.0,,0.0,Neutral,0.0,Neutral
2016-08-22,533.0,,0.0,Neutral,0.0,Neutral
2016-08-17,554.0,,0.0,Neutral,0.0,Neutral
2016-08-16,554.0,2016-08-16,0.0269997715950012,Neutral,0.0269997715950012,Neutral
2016-08-11,565.0,,0.0,Neutral,0.0134998857975006,Neutral
2016-08-10,571.0,,0.0,Neutral,0.0067499428987503,Neutral
2016-08-08,550.0,,0.0,Neutral,0.0,Neutral
2016-08-07,560.0,,0.0,Neutral,0.0,Neutral
2016-08-04,576.0,,0.0,Neutral,0.0,Neutral
2016-08-03,586.0,,0.0,Neutral,0.0,Neutral
2016-08-02,589.0,,0.0,Neutral,0.0,Neutral
2016-08-01,601.0,,0.0,Neutral,0.0,Neutral
2016-07-31,594.0,,0.0,Neutral,0.0,Neutral
2016-07-28,589.0,,0.0,Neutral,0.0,Neutral
2016-07-27,589.0,,0.0,Neutral,0.0,Neutral
2016-07-26,615.0,,0.0,Neutral,0.0,Neutral
2016-07-25,599.0,,0.0,Neutral,0.0,Neutral
2016-07-21,590.0,2016-07-21,-0.5415614247322083,Negative,-0.5415614247322083,Negative
2016-07-20,590.0,,0.0,Neutral,-0.2707807123661041,Negative
2016-07-19,585.0,2016-07-19,-0.5339106917381287,Negative,-0.6693010479211807,Strongly Negative
2016-07-18,576.0,,0.0,Neutral,-0.26695534586906433,Negative
2016-07-17,550.0,2016-07-17,0.8322827219963074,Strongly Positive,0.6988050490617752,Strongly Positive
2016-07-14,555.0,,0.0,Neutral,0.4161413609981537,Positive
2016-07-13,550.0,,0.0,Neutral,0.20807068049907684,Positive
2016-07-12,560.0,,0.0,Neutral,0.0,Neutral
2016-07-11,565.0,,0.0,Neutral,0.0,Neutral
2016-07-10,561.0,2016-07-10,0.8081753253936768,Strongly Positive,0.8081753253936768,Strongly Positive
2016-07-06,550.0,,0.0,Neutral,0.4040876626968384,Positive
2016-07-05,532.0,,0.0,Neutral,0.2020438313484192,Positive
2016-07-04,528.0,,0.0,Neutral,0.0,Neutral
2016-07-03,500.0,,0.0,Neutral,0.0,Neutral
2016-06-30,520.0,,0.0,Neutral,0.0,Neutral
2016-06-29,529.0,,0.0,Neutral,0.0,Neutral
2016-06-28,601.0,,0.0,Neutral,0.0,Neutral
2016-06-27,550.0,,0.0,Neutral,0.0,Neutral
2016-06-26,570.0,,0.0,Neutral,0.0,Neutral
2016-06-23,580.0,2016-06-23,0.581391453742981,Positive,0.581391453742981,Positive
2016-06-22,590.0,,0.0,Neutral,0.2906957268714905,Positive
2016-06-21,600.0,,0.0,Neutral,0.14534786343574524,Slightly Positive
2016-06-20,616.0,,0.0,Neutral,0.0,Neutral
2016-06-19,597.0,2016-06-19,0.8847450613975525,Strongly Positive,0.8847450613975525,Strongly Positive
2016-06-16,556.0,,0.0,Neutral,0.44237253069877625,Positive
2016-06-15,506.0,2016-06-15,0.6763022541999817,Strongly Positive,0.8974885195493698,Strongly Positive
2016-06-14,484.0,,0.0,Neutral,0.33815112709999084,Positive
2016-06-13,440.0,,0.0,Neutral,0.16907556354999542,Slightly Positive
2016-06-12,418.0,,0.0,Neutral,0.0,Neutral
2016-06-09,426.0,,0.0,Neutral,0.0,Neutral
2016-06-08,422.0,,0.0,Neutral,0.0,Neutral
2016-06-07,423.0,,0.0,Neutral,0.0,Neutral
2016-06-06,420.0,,0.0,Neutral,0.0,Neutral
2016-06-05,420.0,2016-06-05,0.9090322256088256,Strongly Positive,0.9090322256088256,Strongly Positive
2016-06-02,430.0,2016-06-02,0.8896958827972412,Strongly Positive,1.344211995601654,Strongly Positive
2016-06-01,432.0,,0.0,Neutral,0.672105997800827,Strongly Positive
2016-05-31,426.0,,0.0,Neutral,0.2224239706993103,Positive
2016-05-30,436.0,2016-05-30,0.9280319213867188,Strongly Positive,0.9280319213867188,Strongly Positive
2016-05-29,442.0,,0.0,Neutral,0.4640159606933594,Positive
2016-05-26,428.0,,0.0,Neutral,0.2320079803466797,Positive
2016-05-25,404.0,,0.0,Neutral,0.0,Neutral
2016-05-24,395.0,,0.0,Neutral,0.0,Neutral
2016-05-23,390.0,,0.0,Neutral,0.0,Neutral
2016-05-22,385.0,,0.0,Neutral,0.0,Neutral
2016-05-19,390.0,,0.0,Neutral,0.0,Neutral
2016-05-18,395.0,,0.0,Neutral,0.0,Neutral
2016-05-17,393.0,2016-05-17,0.9240453839302064,Strongly Positive,0.9240453839302064,Strongly Positive
2016-05-16,392.0,,0.0,Neutral,0.4620226919651032,Positive
2016-05-15,390.0,,0.0,Neutral,0.2310113459825516,Positive
2016-05-12,392.0,,0.0,Neutral,0.0,Neutral
2016-05-11,373.0,,0.0,Neutral,0.0,Neutral
2016-05-10,360.0,2016-05-10,0.8823189735412598,Strongly Positive,0.8823189735412598,Strongly Positive
2016-05-09,361.0,,0.0,Neutral,0.4411594867706299,Positive
2016-05-08,358.0,,0.0,Neutral,0.22057974338531494,Positive
2016-05-05,360.0,,0.0,Neutral,0.0,Neutral
2016-05-04,350.0,,0.0,Neutral,0.0,Neutral
2016-05-03,361.0,,0.0,Neutral,0.0,Neutral
2016-05-02,366.0,,0.0,Neutral,0.0,Neutral
2016-04-27,359.0,2016-04-27,0.1160554587841034,Slightly Positive,0.1160554587841034,Slightly Positive
2016-04-26,358.0,,0.0,Neutral,0.0580277293920517,Slightly Positive
2016-04-25,370.0,,0.0,Neutral,0.02901386469602585,Neutral
2016-04-20,341.0,2016-04-20,0.7522884607315063,Strongly Positive,0.7522884607315063,Strongly Positive
2016-04-19,341.0,2016-04-19,-0.926275670528412,Strongly Negative,-0.5501314401626588,Negative
2016-04-18,336.0,2016-04-18,0.0300204027444124,Neutral,-0.24504531733691698,Negative
2016-04-14,342.0,,0.0,Neutral,-0.21655871625989678,Negative
2016-04-12,340.0,,0.0,Neutral,0.0075051006861031,Neutral
2016-04-11,341.0,,0.0,Neutral,0.0,Neutral
2016-04-10,336.0,,0.0,Neutral,0.0,Neutral
2016-04-06,341.0,,0.0,Neutral,0.0,Neutral
2016-04-05,338.0,,0.0,Neutral,0.0,Neutral
2016-04-04,342.0,,0.0,Neutral,0.0,Neutral
2016-04-03,348.0,,0.0,Neutral,0.0,Neutral
2016-03-31,348.0,,0.0,Neutral,0.0,Neutral
2016-03-30,342.0,,0.0,Neutral,0.0,Neutral
2016-03-28,345.0,2016-03-28,0.5935075283050537,Positive,0.5935075283050537,Positive
2016-03-27,341.0,,0.0,Neutral,0.29675376415252686,Positive
2016-03-24,354.0,2016-03-24,0.9060111045837402,Strongly Positive,1.0543879866600037,Strongly Positive
2016-03-23,367.0,,0.0,Neutral,0.4530055522918701,Positive
2016-03-21,348.0,,0.0,Neutral,0.22650277614593506,Positive
2016-03-16,340.0,2016-03-16,-0.7536658644676208,Strongly Negative,-0.7536658644676208,Strongly Negative
2016-03-15,334.0,2016-03-15,0.789482593536377,Strongly Positive,0.41264966130256653,Positive
2016-03-14,345.0,,0.0,Neutral,0.20632483065128326,Positive
2016-03-06,339.0,,0.0,Neutral,0.19737064838409424,Slightly Positive
2016-03-03,345.0,2016-03-03,0.7107265591621399,Strongly Positive,0.7107265591621399,Strongly Positive
2016-03-02,352.0,,0.0,Neutral,0.35536327958106995,Positive
2016-03-01,330.0,,0.0,Neutral,0.17768163979053497,Slightly Positive
2016-02-28,335.0,,0.0,Neutral,0.0,Neutral
2016-02-25,336.0,2016-02-25,0.8789723515510559,Strongly Positive,0.8789723515510559,Strongly Positive
2016-02-24,330.0,,0.0,Neutral,0.43948617577552795,Positive
2016-02-23,331.0,,0.0,Neutral,0.21974308788776398,Positive
2016-02-22,331.0,,0.0,Neutral,0.0,Neutral
2016-02-21,331.0,,0.0,Neutral,0.0,Neutral
2016-02-18,337.0,,0.0,Neutral,0.0,Neutral
2016-02-17,339.0,,0.0,Neutral,0.0,Neutral
2016-02-16,345.0,,0.0,Neutral,0.0,Neutral
2016-02-14,340.0,2016-02-14,0.8966696262359619,Strongly Positive,0.8966696262359619,Strongly Positive
2016-02-11,346.0,,0.0,Neutral,0.44833481311798096,Positive
2016-02-08,360.0,,0.0,Neutral,0.22416740655899048,Positive
2016-02-04,360.0,,0.0,Neutral,0.0,Neutral
2016-02-03,346.0,,0.0,Neutral,0.0,Neutral
2015-12-29,315.0,,0.0,Neutral,0.0,Neutral
2015-12-20,312.0,,0.0,Neutral,0.0,Neutral
2015-12-17,318.0,,0.0,Neutral,0.0,Neutral
2015-12-16,312.0,,0.0,Neutral,0.0,Neutral
2015-12-15,295.0,,0.0,Neutral,0.0,Neutral
2015-12-13,290.0,,0.0,Neutral,0.0,Neutral
2015-12-10,290.0,,0.0,Neutral,0.0,Neutral
2015-12-09,296.0,,0.0,Neutral,0.0,Neutral
2015-12-08,286.0,,0.0,Neutral,0.0,Neutral
2015-12-06,281.0,,0.0,Neutral,0.0,Neutral
2015-12-03,281.0,2015-12-03,0.9220194220542908,Strongly Positive,0.9220194220542908,Strongly Positive
2015-12-02,275.0,,0.0,Neutral,0.4610097110271454,Positive
2015-12-01,294.0,2015-12-01,-0.5810050964355469,Negative,-0.3505002409219742,Negative
2015-11-25,291.0,,0.0,Neutral,-0.29050254821777344,Negative
2015-11-24,299.0,,0.0,Neutral,-0.14525127410888672,Slightly Negative
2015-11-22,300.0,,0.0,Neutral,0.0,Neutral
2015-11-19,305.0,,0.0,Neutral,0.0,Neutral
2015-11-10,302.0,,0.0,Neutral,0.0,Neutral
2015-11-09,308.0,,0.0,Neutral,0.0,Neutral
2015-11-03,320.0,,0.0,Neutral,0.0,Neutral
2015-10-11,320.0,,0.0,Neutral,0.0,Neutral
2015-10-08,324.0,,0.0,Neutral,0.0,Neutral
2015-10-05,329.0,,0.0,Neutral,0.0,Neutral
2015-10-04,335.0,,0.0,Neutral,0.0,Neutral
2015-10-01,335.0,2015-10-01,-0.1944545805454254,Slightly Negative,-0.1944545805454254,Slightly Negative
2015-09-29,330.0,2015-09-29,0.6452875137329102,Strongly Positive,0.5480602234601974,Positive
2015-09-24,337.0,2015-09-24,0.9214875102043152,Strongly Positive,1.195517621934414,Strongly Positive
2015-09-23,344.0,2015-09-23,0.8798791170120239,Strongly Positive,1.501944750547409,Strongly Positive
2015-09-22,338.0,2015-09-22,0.9070401191711426,Strongly Positive,1.5773515552282333,Strongly Positive
2015-09-17,351.0,,0.0,Neutral,0.6734898388385773,Strongly Positive
2015-09-16,358.0,,0.0,Neutral,0.22676002979278564,Positive
2015-09-15,365.0,,0.0,Neutral,0.0,Neutral
2015-09-14,355.0,,0.0,Neutral,0.0,Neutral
2015-09-13,356.0,,0.0,Neutral,0.0,Neutral
2015-09-10,334.0,,0.0,Neutral,0.0,Neutral
2015-09-09,330.0,,0.0,Neutral,0.0,Neutral
2015-09-08,323.0,,0.0,Neutral,0.0,Neutral
2015-09-07,327.0,,0.0,Neutral,0.0,Neutral
2015-09-06,322.0,,0.0,Neutral,0.0,Neutral
2015-09-03,324.0,2015-09-03,0.8332056999206543,Strongly Positive,0.8332056999206543,Strongly Positive
2015-09-02,318.0,,0.0,Neutral,0.41660284996032715,Positive
2015-09-01,322.0,,0.0,Neutral,0.20830142498016357,Positive
2015-08-31,323.0,,0.0,Neutral,0.0,Neutral
2015-08-27,319.0,,0.0,Neutral,0.0,Neutral
2015-08-26,315.0,2015-08-26,0.0012254416942596,Neutral,0.0012254416942596,Neutral
2015-08-23,310.0,,0.0,Neutral,0.0006127208471298,Neutral
2015-08-20,310.0,,0.0,Neutral,0.0003063604235649,Neutral
2015-08-19,320.0,,0.0,Neutral,0.0,Neutral
2015-08-18,320.0,,0.0,Neutral,0.0,Neutral
2015-08-17,324.0,,0.0,Neutral,0.0,Neutral
2015-08-16,330.0,,0.0,Neutral,0.0,Neutral
2015-08-13,338.0,,0.0,Neutral,0.0,Neutral
2015-08-11,333.0,,0.0,Neutral,0.0,Neutral
2015-08-05,339.0,,0.0,Neutral,0.0,Neutral
2015-08-04,332.0,,0.0,Neutral,0.0,Neutral
2015-08-03,330.0,2015-08-03,0.8893616795539856,Strongly Positive,0.8893616795539856,Strongly Positive
2015-08-02,335.0,,0.0,Neutral,0.4446808397769928,Positive
2015-07-30,336.0,,0.0,Neutral,0.2223404198884964,Positive
2015-07-29,335.0,,0.0,Neutral,0.0,Neutral
2015-07-28,343.0,,0.0,Neutral,0.0,Neutral
2015-07-27,363.0,,0.0,Neutral,0.0,Neutral
2015-07-26,362.0,,0.0,Neutral,0.0,Neutral
2015-07-23,343.0,,0.0,Neutral,0.0,Neutral
2015-07-22,312.0,2015-07-22,-0.7776907086372375,Strongly Negative,-0.7776907086372375,Strongly Negative
2015-07-16,306.0,,0.0,Neutral,-0.3888453543186188,Negative
2015-07-15,306.0,,0.0,Neutral,-0.1944226771593094,Slightly Negative
2015-07-14,300.0,,0.0,Neutral,0.0,Neutral
2015-07-13,302.0,,0.0,Neutral,0.0,Neutral
2015-07-12,302.0,,0.0,Neutral,0.0,Neutral
2015-07-09,300.0,,0.0,Neutral,0.0,Neutral
2015-07-06,295.0,,0.0,Neutral,0.0,Neutral
2015-07-01,295.0,2015-07-01,0.9069263339042664,Strongly Positive,0.9069263339042664,Strongly Positive
2015-06-30,306.0,,0.0,Neutral,0.4534631669521332,Positive
2015-06-29,291.0,,0.0,Neutral,0.2267315834760666,Positive
2015-06-24,272.0,,0.0,Neutral,0.0,Neutral
2015-06-22,272.0,,0.0,Neutral,0.0,Neutral
2015-06-21,265.0,,0.0,Neutral,0.0,Neutral
2015-06-18,275.0,,0.0,Neutral,0.0,Neutral
2015-06-17,271.0,,0.0,Neutral,0.0,Neutral
2015-06-16,270.0,,0.0,Neutral,0.0,Neutral
2015-06-15,273.0,,0.0,Neutral,0.0,Neutral
2015-06-10,278.0,,0.0,Neutral,0.0,Neutral
2015-06-09,280.0,,0.0,Neutral,0.0,Neutral
2015-06-08,275.0,,0.0,Neutral,0.0,Neutral
2015-06-07,275.0,,0.0,Neutral,0.0,Neutral
2015-06-04,270.0,2015-06-04,0.895082950592041,Strongly Positive,0.895082950592041,Strongly Positive
2015-06-03,270.0,,0.0,Neutral,0.4475414752960205,Positive
2015-06-02,255.0,,0.0,Neutral,0.22377073764801025,Positive
2015-06-01,253.0,,0.0,Neutral,0.0,Neutral
2015-05-31,245.0,,0.0,Neutral,0.0,Neutral
2015-05-28,229.0,,0.0,Neutral,0.0,Neutral
2015-05-27,233.0,,0.0,Neutral,0.0,Neutral
2015-05-26,237.0,,0.0,Neutral,0.0,Neutral
2015-05-25,243.0,,0.0,Neutral,0.0,Neutral
2015-04-23,270.0,,0.0,Neutral,0.0,Neutral
2015-04-22,270.0,2015-04-22,0.3517574965953827,Positive,0.3517574965953827,Positive
2015-04-19,275.0,,0.0,Neutral,0.17587874829769135,Slightly Positive
2015-04-16,274.0,,0.0,Neutral,0.08793937414884567,Slightly Positive
2015-04-15,278.0,,0.0,Neutral,0.0,Neutral
2015-04-12,278.0,,0.0,Neutral,0.0,Neutral
2015-04-09,273.0,,0.0,Neutral,0.0,Neutral
2015-04-08,268.0,,0.0,Neutral,0.0,Neutral
2015-04-07,263.0,,0.0,Neutral,0.0,Neutral
2015-04-06,258.0,,0.0,Neutral,0.0,Neutral
2015-04-05,258.0,,0.0,Neutral,0.0,Neutral
2015-04-02,263.0,,0.0,Neutral,0.0,Neutral
2015-03-30,260.0,,0.0,Neutral,0.0,Neutral
2015-03-29,260.0,,0.0,Neutral,0.0,Neutral
2015-03-26,265.0,,0.0,Neutral,0.0,Neutral
2015-03-24,275.0,,0.0,Neutral,0.0,Neutral
2015-03-23,284.0,,0.0,Neutral,0.0,Neutral
2015-03-22,279.0,,0.0,Neutral,0.0,Neutral
2015-03-19,278.0,,0.0,Neutral,0.0,Neutral
2015-03-18,285.0,,0.0,Neutral,0.0,Neutral
2015-03-17,283.0,,0.0,Neutral,0.0,Neutral
2015-03-16,278.0,,0.0,Neutral,0.0,Neutral
2015-03-15,286.0,,0.0,Neutral,0.0,Neutral
2015-03-12,296.0,,0.0,Neutral,0.0,Neutral
2015-03-11,285.0,,0.0,Neutral,0.0,Neutral
2015-03-10,281.0,,0.0,Neutral,0.0,Neutral
2015-03-03,288.0,,0.0,Neutral,0.0,Neutral
2015-02-26,292.0,,0.0,Neutral,0.0,Neutral
2015-02-25,290.0,,0.0,Neutral,0.0,Neutral
2015-02-23,294.0,,0.0,Neutral,0.0,Neutral
2015-02-18,298.0,,0.0,Neutral,0.0,Neutral
2015-02-16,310.0,,0.0,Neutral,0.0,Neutral
2015-02-15,309.0,,0.0,Neutral,0.0,Neutral
2015-02-12,300.0,,0.0,Neutral,0.0,Neutral
2015-02-11,314.0,,0.0,Neutral,0.0,Neutral
2015-02-10,299.0,,0.0,Neutral,0.0,Neutral
2015-02-09,305.0,,0.0,Neutral,0.0,Neutral
2015-02-08,309.0,,0.0,Neutral,0.0,Neutral
2015-02-05,315.0,,0.0,Neutral,0.0,Neutral
2015-02-04,327.0,,0.0,Neutral,0.0,Neutral
2015-02-03,309.0,,0.0,Neutral,0.0,Neutral
2015-02-02,315.0,,0.0,Neutral,0.0,Neutral
2015-02-01,297.0,,0.0,Neutral,0.0,Neutral
2015-01-28,277.0,,0.0,Neutral,0.0,Neutral
2015-01-27,272.0,,0.0,Neutral,0.0,Neutral
2015-01-26,280.0,,0.0,Neutral,0.0,Neutral
2015-01-25,255.0,,0.0,Neutral,0.0,Neutral
2015-01-22,232.0,,0.0,Neutral,0.0,Neutral
2015-01-20,211.0,,0.0,Neutral,0.0,Neutral
2015-01-19,192.0,2015-01-19,-0.893301248550415,Strongly Negative,-0.893301248550415,Strongly Negative
2015-01-18,177.0,,0.0,Neutral,-0.4466506242752075,Negative
2015-01-13,171.0,,0.0,Neutral,-0.22332531213760376,Negative
2015-01-11,162.0,,0.0,Neutral,0.0,Neutral
2015-01-08,165.0,,0.0,Neutral,0.0,Neutral
2015-01-07,164.0,,0.0,Neutral,0.0,Neutral
2015-01-06,155.0,,0.0,Neutral,0.0,Neutral
2015-01-05,157.0,,0.0,Neutral,0.0,Neutral
2015-01-01,162.0,,0.0,Neutral,0.0,Neutral
2014-12-31,148.0,,0.0,Neutral,0.0,Neutral
2014-12-29,146.0,,0.0,Neutral,0.0,Neutral
2014-12-28,146.0,,0.0,Neutral,0.0,Neutral
2014-12-24,147.0,,0.0,Neutral,0.0,Neutral
2014-12-22,151.0,,0.0,Neutral,0.0,Neutral
2014-12-09,149.0,,0.0,Neutral,0.0,Neutral
2014-12-08,149.0,,0.0,Neutral,0.0,Neutral
2014-12-02,148.0,,0.0,Neutral,0.0,Neutral
2014-11-30,144.0,,0.0,Neutral,0.0,Neutral
2014-11-25,142.0,,0.0,Neutral,0.0,Neutral
2014-11-23,146.0,,0.0,Neutral,0.0,Neutral
2014-11-20,154.0,,0.0,Neutral,0.0,Neutral
2014-11-18,149.0,,0.0,Neutral,0.0,Neutral
2014-11-16,152.0,,0.0,Neutral,0.0,Neutral
2014-11-13,155.0,,0.0,Neutral,0.0,Neutral
2014-11-12,151.0,,0.0,Neutral,0.0,Neutral
2014-11-11,147.0,,0.0,Neutral,0.0,Neutral
2014-11-05,145.0,,0.0,Neutral,0.0,Neutral
2014-11-04,143.0,,0.0,Neutral,0.0,Neutral
2014-11-02,147.0,,0.0,Neutral,0.0,Neutral
2014-10-30,151.0,,0.0,Neutral,0.0,Neutral
2014-10-28,154.0,,0.0,Neutral,0.0,Neutral
2014-10-27,147.0,2014-10-27,-0.8635430335998535,Strongly Negative,-0.8635430335998535,Strongly Negative
2014-10-21,150.0,,0.0,Neutral,-0.43177151679992676,Negative
2014-10-20,160.0,,0.0,Neutral,-0.21588575839996338,Negative
2014-10-09,172.0,,0.0,Neutral,0.0,Neutral
2014-09-24,190.0,,0.0,Neutral,0.0,Neutral
2014-09-18,204.0,,0.0,Neutral,0.0,Neutral
2014-08-31,208.0,,0.0,Neutral,0.0,Neutral
2014-08-28,212.0,,0.0,Neutral,0.0,Neutral
2014-08-20,216.0,,0.0,Neutral,0.0,Neutral
2014-08-19,212.0,,0.0,Neutral,0.0,Neutral
2014-08-18,214.0,,0.0,Neutral,0.0,Neutral
2014-08-14,218.0,,0.0,Neutral,0.0,Neutral
2014-08-07,220.0,,0.0,Neutral,0.0,Neutral
2014-08-06,212.0,,0.0,Neutral,0.0,Neutral
2014-08-05,193.0,,0.0,Neutral,0.0,Neutral
2014-08-04,184.0,,0.0,Neutral,0.0,Neutral
2014-08-03,181.0,,0.0,Neutral,0.0,Neutral
2014-07-31,181.0,,0.0,Neutral,0.0,Neutral
2014-07-28,169.0,,0.0,Neutral,0.0,Neutral
2014-07-27,169.0,,0.0,Neutral,0.0,Neutral
2014-07-24,166.0,2014-07-24,-0.9164826273918152,Strongly Negative,-0.9164826273918152,Strongly Negative
2014-07-17,163.0,,0.0,Neutral,-0.4582413136959076,Negative
2014-07-16,149.0,,0.0,Neutral,-0.2291206568479538,Negative
2014-07-15,145.0,,0.0,Neutral,0.0,Neutral
2014-07-13,141.0,,0.0,Neutral,0.0,Neutral
2014-07-08,135.0,,0.0,Neutral,0.0,Neutral
2014-07-07,131.0,,0.0,Neutral,0.0,Neutral
2014-07-06,129.0,,0.0,Neutral,0.0,Neutral
2014-07-01,125.0,,0.0,Neutral,0.0,Neutral
2014-06-09,123.0,,0.0,Neutral,0.0,Neutral
2014-06-08,117.0,,0.0,Neutral,0.0,Neutral
2014-06-05,119.0,,0.0,Neutral,0.0,Neutral
2014-06-04,117.0,,0.0,Neutral,0.0,Neutral
2014-06-03,115.0,,0.0,Neutral,0.0,Neutral
2014-06-01,117.0,,0.0,Neutral,0.0,Neutral
2014-05-28,119.0,,0.0,Neutral,0.0,Neutral
2014-05-27,121.0,,0.0,Neutral,0.0,Neutral
2014-05-26,121.0,,0.0,Neutral,0.0,Neutral
2014-05-25,121.0,,0.0,Neutral,0.0,Neutral
2014-05-18,123.0,,0.0,Neutral,0.0,Neutral
2014-05-15,123.0,,0.0,Neutral,0.0,Neutral
2014-05-13,121.0,,0.0,Neutral,0.0,Neutral
2014-05-11,121.0,,0.0,Neutral,0.0,Neutral
2014-05-06,121.0,,0.0,Neutral,0.0,Neutral
2014-04-30,119.0,,0.0,Neutral,0.0,Neutral
2014-04-29,117.0,,0.0,Neutral,0.0,Neutral
2014-04-28,116.0,,0.0,Neutral,0.0,Neutral
2014-04-27,116.0,,0.0,Neutral,0.0,Neutral
2014-04-22,110.0,,0.0,Neutral,0.0,Neutral
2014-04-21,111.0,,0.0,Neutral,0.0,Neutral
2014-04-20,109.0,2014-04-20,-0.8709391951560974,Strongly Negative,-0.8709391951560974,Strongly Negative
2014-04-17,106.0,,0.0,Neutral,-0.4354695975780487,Negative
2014-04-16,110.0,,0.0,Neutral,-0.21773479878902435,Negative
2014-04-09,109.0,,0.0,Neutral,0.0,Neutral
2014-04-07,107.0,,0.0,Neutral,0.0,Neutral
2014-04-06,111.0,,0.0,Neutral,0.0,Neutral
2014-04-02,117.0,,0.0,Neutral,0.0,Neutral
2014-04-01,121.0,,0.0,Neutral,0.0,Neutral
2014-03-31,115.0,,0.0,Neutral,0.0,Neutral
2014-03-27,113.0,,0.0,Neutral,0.0,Neutral
2014-03-26,107.0,,0.0,Neutral,0.0,Neutral
2013-09-30,103.0,,0.0,Neutral,0.0,Neutral
2013-02-21,103.0,,0.0,Neutral,0.0,Neutral
2013-02-12,103.0,,0.0,Neutral,0.0,Neutral
2013-02-10,103.0,,0.0,Neutral,0.0,Neutral
2013-01-23,103.0,,0.0,Neutral,0.0,Neutral
2012-12-10,103.0,,0.0,Neutral,0.0,Neutral
2012-04-30,111.0,,0.0,Neutral,0.0,Neutral
2012-04-02,111.0,,0.0,Neutral,0.0,Neutral
2017-12-28,163.0,,0.0,Neutral,0.0,Neutral
2017-10-30,163.0,,0.0,Neutral,0.0,Neutral
2016-12-22,261.0,,0.0,Neutral,0.0,Neutral
2016-12-12,261.0,,0.0,Neutral,0.0,Neutral
2016-06-26,266.0,,0.0,Neutral,0.0,Neutral
2015-12-03,105.0,2015-12-03,0.9220194220542908,Strongly Positive,0.9220194220542908,Strongly Positive
2015-12-02,105.0,,0.0,Neutral,0.4610097110271454,Positive
2015-03-23,105.0,,0.0,Neutral,0.2305048555135727,Positive
2015-01-04,105.0,2015-01-04,0.9143463969230652,Strongly Positive,0.9143463969230652,Strongly Positive
2026-03-03,0.0,,0.0,Neutral,0.4571731984615326,Positive
2026-03-01,0.0,,0.0,Neutral,0.2285865992307663,Positive
2026-02-26,0.0,,0.0,Neutral,0.0,Neutral
2026-02-25,0.0,2026-02-25,0.8774493336677551,Strongly Positive,0.8774493336677551,Strongly Positive
2026-02-24,0.0,,0.0,Neutral,0.43872466683387756,Positive
2026-02-23,0.0,,0.0,Neutral,0.21936233341693878,Positive
2026-02-22,0.0,,0.0,Neutral,0.0,Neutral
2026-02-17,0.0,,0.0,Neutral,0.0,Neutral
2026-02-16,0.0,,0.0,Neutral,0.0,Neutral
2026-02-12,0.0,2026-02-12,-0.2644221298396587,Negative,-0.2644221298396587,Negative
2026-02-11,0.0,2026-02-11,-0.4408624172210693,Negative,-0.5730734821408986,Negative
2026-02-10,0.0,2026-02-10,-0.5762443542480469,Negative,-0.8627810953184962,Strongly Negative
2026-02-09,0.0,,0.0,Neutral,-0.39833778142929077,Negative
2026-02-08,0.0,,0.0,Neutral,-0.14406108856201172,Slightly Negative
2026-02-05,0.0,,0.0,Neutral,0.0,Neutral
2026-02-04,0.0,,0.0,Neutral,0.0,Neutral
2026-02-03,0.0,,0.0,Neutral,0.0,Neutral
2026-02-02,0.0,,0.0,Neutral,0.0,Neutral
2026-02-01,0.0,,0.0,Neutral,0.0,Neutral
2026-01-29,0.0,,0.0,Neutral,0.0,Neutral
2026-01-28,0.0,2026-01-28,0.0113222198560833,Neutral,0.0113222198560833,Neutral
2026-01-27,0.0,,0.0,Neutral,0.00566110992804165,Neutral
2026-01-26,0.0,,0.0,Neutral,0.002830554964020825,Neutral
2026-01-25,0.0,,0.0,Neutral,0.0,Neutral
2026-01-22,0.0,,0.0,Neutral,0.0,Neutral
2026-01-21,0.0,,0.0,Neutral,0.0,Neutral
2026-01-20,0.0,,0.0,Neutral,0.0,Neutral
2026-01-18,0.0,,0.0,Neutral,0.0,Neutral
2026-01-14,0.0,2026-01-14,0.0140300989151,Neutral,0.0140300989151,Neutral
2026-01-13,0.0,,0.0,Neutral,0.00701504945755,Neutral
2026-01-12,0.0,,0.0,Neutral,0.003507524728775,Neutral
2026-01-08,0.0,,0.0,Neutral,0.0,Neutral
2026-01-07,0.0,,0.0,Neutral,0.0,Neutral
2026-01-06,0.0,,0.0,Neutral,0.0,Neutral
2026-01-05,0.0,2026-01-05,-0.8387445211410522,Strongly Negative,-0.8387445211410522,Strongly Negative
2026-01-04,0.0,,0.0,Neutral,-0.4193722605705261,Negative
2026-01-01,0.0,,0.0,Neutral,-0.20968613028526306,Negative
2025-12-31,0.0,,0.0,Neutral,0.0,Neutral
2025-12-29,0.0,,0.0,Neutral,0.0,Neutral
2025-12-28,0.0,,0.0,Neutral,0.0,Neutral
2025-12-24,0.0,,0.0,Neutral,0.0,Neutral
2025-12-23,0.0,,0.0,Neutral,0.0,Neutral
2025-12-22,0.0,,0.0,Neutral,0.0,Neutral
2025-12-21,0.0,,0.0,Neutral,0.0,Neutral
2025-12-18,0.0,,0.0,Neutral,0.0,Neutral
2025-12-17,0.0,,0.0,Neutral,0.0,Neutral
2025-12-16,0.0,,0.0,Neutral,0.0,Neutral
2025-12-15,0.0,2025-12-15,0.0156788323074579,Neutral,0.0156788323074579,Neutral
2025-12-14,0.0,,0.0,Neutral,0.00783941615372895,Neutral
2025-12-11,0.0,2025-12-11,0.4957837536931038,Positive,0.49970346176996827,Positive
2025-12-10,0.0,,0.0,Neutral,0.2478918768465519,Positive
2025-12-09,0.0,,0.0,Neutral,0.12394593842327595,Slightly Positive
2025-12-08,0.0,,0.0,Neutral,0.0,Neutral
2025-12-07,0.0,,0.0,Neutral,0.0,Neutral
2025-12-03,0.0,,0.0,Neutral,0.0,Neutral
2025-12-02,0.0,,0.0,Neutral,0.0,Neutral
2025-12-01,0.0,,0.0,Neutral,0.0,Neutral
2025-11-30,0.0,2025-11-30,-0.5521965622901917,Negative,-0.5521965622901917,Negative
2025-11-27,0.0,,0.0,Neutral,-0.2760982811450958,Negative
2025-11-26,0.0,,0.0,Neutral,-0.1380491405725479,Slightly Negative
2025-11-25,0.0,2025-11-25,0.6663917303085327,Strongly Positive,0.6663917303085327,Strongly Positive
2025-11-24,0.0,,0.0,Neutral,0.33319586515426636,Positive
2025-11-23,0.0,,0.0,Neutral,0.16659793257713318,Slightly Positive
2025-11-20,0.0,,0.0,Neutral,0.0,Neutral
2025-11-19,0.0,,0.0,Neutral,0.0,Neutral
2025-11-18,0.0,,0.0,Neutral,0.0,Neutral
2025-11-17,0.0,,0.0,Neutral,0.0,Neutral
2025-11-16,0.0,,0.0,Neutral,0.0,Neutral
2025-11-13,0.0,,0.0,Neutral,0.0,Neutral
2025-11-12,0.0,,0.0,Neutral,0.0,Neutral
2025-11-11,0.0,2025-11-11,-0.5206417441368103,Negative,-0.5206417441368103,Negative
2025-11-10,0.0,2025-11-10,0.1399208903312683,Slightly Positive,-0.12039998173713684,Slightly Negative
2025-11-09,0.0,,0.0,Neutral,-0.06019999086856842,Slightly Negative
2025-11-06,0.0,,0.0,Neutral,0.03498022258281708,Neutral
2025-11-05,0.0,2025-11-05,0.9275050759315492,Strongly Positive,0.9275050759315492,Strongly Positive
2025-11-04,0.0,,0.0,Neutral,0.4637525379657746,Positive
2025-11-03,0.0,,0.0,Neutral,0.2318762689828873,Positive
2025-11-02,0.0,2025-11-02,0.8304534256458282,Strongly Positive,0.8304534256458282,Strongly Positive
2025-10-30,0.0,,0.0,Neutral,0.4152267128229141,Positive
2025-10-29,0.0,,0.0,Neutral,0.20761335641145706,Positive
2025-10-28,0.0,,0.0,Neutral,0.0,Neutral
2025-10-26,0.0,,0.0,Neutral,0.0,Neutral
2025-10-19,0.0,2025-10-19,-0.7027487754821777,Strongly Negative,-0.7027487754821777,Strongly Negative
2025-10-16,0.0,,0.0,Neutral,-0.35137438774108887,Negative
2025-10-15,0.0,,0.0,Neutral,-0.17568719387054443,Slightly Negative
2025-10-14,0.0,,0.0,Neutral,0.0,Neutral
2025-10-13,0.0,,0.0,Neutral,0.0,Neutral
2025-10-12,0.0,,0.0,Neutral,0.0,Neutral
2025-10-09,0.0,,0.0,Neutral,0.0,Neutral
2025-10-08,0.0,,0.0,Neutral,0.0,Neutral
2025-10-07,0.0,,0.0,Neutral,0.0,Neutral
2025-09-28,0.0,,0.0,Neutral,0.0,Neutral
2025-09-25,0.0,,0.0,Neutral,0.0,Neutral
2025-09-24,0.0,,0.0,Neutral,0.0,Neutral
2025-09-23,0.0,,0.0,Neutral,0.0,Neutral
2025-09-21,0.0,,0.0,Neutral,0.0,Neutral
2025-09-18,0.0,2025-09-18,0.0988965034484863,Slightly Positive,0.0988965034484863,Slightly Positive
2025-09-08,0.0,,0.0,Neutral,0.04944825172424315,Neutral
2025-09-07,0.0,,0.0,Neutral,0.024724125862121575,Neutral
2025-09-04,0.0,,0.0,Neutral,0.0,Neutral
2025-09-03,0.0,,0.0,Neutral,0.0,Neutral
2025-09-02,0.0,,0.0,Neutral,0.0,Neutral
2025-09-01,0.0,,0.0,Neutral,0.0,Neutral
2025-08-31,0.0,2025-08-31,-0.8702601194381714,Strongly Negative,-0.8702601194381714,Strongly Negative
2025-08-28,0.0,2025-08-28,0.9314732551574708,Strongly Positive,0.4963431954383851,Positive
2025-08-27,0.0,2025-08-27,-0.8449028730392456,Strongly Negative,-0.5967312753200531,Negative
2025-08-26,0.0,,0.0,Neutral,-0.1895831227302551,Slightly Negative
2025-08-25,0.0,,0.0,Neutral,-0.2112257182598114,Negative
2025-08-24,0.0,,0.0,Neutral,0.0,Neutral
2025-08-21,0.0,,0.0,Neutral,0.0,Neutral
2025-08-20,0.0,,0.0,Neutral,0.0,Neutral
2025-08-19,0.0,,0.0,Neutral,0.0,Neutral
2025-08-18,0.0,,0.0,Neutral,0.0,Neutral
2025-08-17,0.0,2025-08-17,-0.0869648940861225,Slightly Negative,-0.0869648940861225,Slightly Negative
2025-08-14,0.0,,0.0,Neutral,-0.04348244704306125,Neutral
2025-08-13,0.0,,0.0,Neutral,-0.021741223521530625,Neutral
2025-08-12,0.0,,0.0,Neutral,0.0,Neutral
2025-08-11,0.0,,0.0,Neutral,0.0,Neutral
2025-08-07,0.0,,0.0,Neutral,0.0,Neutral
2025-08-06,0.0,,0.0,Neutral,0.0,Neutral
2025-08-05,0.0,,0.0,Neutral,0.0,Neutral
2025-08-04,0.0,,0.0,Neutral,0.0,Neutral
2025-08-03,0.0,,0.0,Neutral,0.0,Neutral
2025-07-31,0.0,,0.0,Neutral,0.0,Neutral
2025-07-30,0.0,,0.0,Neutral,0.0,Neutral
2025-07-29,0.0,,0.0,Neutral,0.0,Neutral
2025-07-28,0.0,,0.0,Neutral,0.0,Neutral
2025-07-27,0.0,,0.0,Neutral,0.0,Neutral
2025-07-24,0.0,,0.0,Neutral,0.0,Neutral
2025-07-23,0.0,,0.0,Neutral,0.0,Neutral
2025-07-22,0.0,,0.0,Neutral,0.0,Neutral
2025-07-21,0.0,,0.0,Neutral,0.0,Neutral
2025-07-20,0.0,,0.0,Neutral,0.0,Neutral
2025-07-17,0.0,2025-07-17,0.0606837570667266,Slightly Positive,0.0606837570667266,Slightly Positive
2025-07-16,0.0,,0.0,Neutral,0.0303418785333633,Neutral
2025-07-15,0.0,,0.0,Neutral,0.01517093926668165,Neutral
2025-07-14,0.0,2025-07-14,0.3165594339370727,Positive,0.3165594339370727,Positive
2025-07-13,0.0,,0.0,Neutral,0.15827971696853635,Slightly Positive
2025-07-10,0.0,,0.0,Neutral,0.07913985848426817,Slightly Positive
2025-07-09,0.0,2025-07-09,0.5959690809249878,Positive,0.5959690809249878,Positive
2025-07-08,0.0,,0.0,Neutral,0.2979845404624939,Positive
2025-07-07,0.0,,0.0,Neutral,0.14899227023124695,Slightly Positive
2025-07-06,0.0,,0.0,Neutral,0.0,Neutral
2025-07-03,0.0,,0.0,Neutral,0.0,Neutral
2025-07-02,0.0,,0.0,Neutral,0.0,Neutral
2025-07-01,0.0,,0.0,Neutral,0.0,Neutral
2025-06-30,0.0,,0.0,Neutral,0.0,Neutral
2025-06-29,0.0,2025-06-29,0.0124993920326232,Neutral,0.0124993920326232,Neutral
2025-06-26,0.0,,0.0,Neutral,0.0062496960163116,Neutral
2025-06-25,0.0,2025-06-25,-0.5497723817825317,Negative,-0.5466475337743759,Negative
2025-06-24,0.0,,0.0,Neutral,-0.27488619089126587,Negative
2025-06-23,0.0,,0.0,Neutral,-0.13744309544563293,Slightly Negative
2025-06-22,0.0,,0.0,Neutral,0.0,Neutral
2025-06-19,0.0,2025-06-19,0.9185822606086732,Strongly Positive,0.9185822606086732,Strongly Positive
2025-06-18,0.0,2025-06-18,0.134243756532669,Slightly Positive,0.5935348868370056,Positive
2025-06-17,0.0,,0.0,Neutral,0.2967674434185028,Positive
2025-06-16,0.0,,0.0,Neutral,0.03356093913316725,Neutral
2025-06-15,0.0,,0.0,Neutral,0.0,Neutral
2025-06-12,0.0,,0.0,Neutral,0.0,Neutral
2025-06-11,0.0,2025-06-11,-0.1211603879928588,Slightly Negative,-0.1211603879928588,Slightly Negative
2025-06-10,0.0,2025-06-10,-0.4339157342910766,Negative,-0.494495928287506,Negative
2025-06-09,0.0,2025-06-09,-0.3343536257743835,Negative,-0.5816015899181365,Negative
2025-06-08,0.0,,0.0,Neutral,-0.2756557464599609,Negative
2025-06-05,0.0,2025-06-05,-0.5912338495254517,Negative,-0.6748222559690475,Strongly Negative
2025-06-04,0.0,,0.0,Neutral,-0.29561692476272583,Negative
2025-06-03,0.0,2025-06-03,-0.2338424623012542,Negative,-0.3816509246826171,Negative
2025-06-02,0.0,2025-06-02,-0.5659517645835876,Negative,-0.6828729957342148,Strongly Negative
2025-05-28,0.0,,0.0,Neutral,-0.3414364978671074,Negative
2025-05-27,0.0,,0.0,Neutral,-0.1414879411458969,Slightly Negative
2025-05-26,0.0,2025-05-26,-0.7628889083862305,Strongly Negative,-0.7628889083862305,Strongly Negative
2025-05-25,0.0,,0.0,Neutral,-0.38144445419311523,Negative
2025-05-22,0.0,2025-05-22,-0.7128505706787109,Strongly Negative,-0.9035727977752686,Strongly Negative
2025-05-21,0.0,,0.0,Neutral,-0.35642528533935547,Negative
2025-05-20,0.0,2025-05-20,-0.6116074919700623,Strongly Negative,-0.78982013463974,Strongly Negative
2025-05-19,0.0,,0.0,Neutral,-0.30580374598503113,Negative
2025-05-18,0.0,,0.0,Neutral,-0.15290187299251556,Slightly Negative
2025-05-15,0.0,,0.0,Neutral,0.0,Neutral
2025-05-14,0.0,2025-05-14,-0.120438814163208,Slightly Negative,-0.120438814163208,Slightly Negative
2025-05-13,0.0,,0.0,Neutral,-0.060219407081604,Slightly Negative
2025-05-11,0.0,,0.0,Neutral,-0.030109703540802,Neutral
2025-05-08,0.0,,0.0,Neutral,0.0,Neutral
2025-05-07,0.0,,0.0,Neutral,0.0,Neutral
2025-05-06,0.0,,0.0,Neutral,0.0,Neutral
2025-05-05,0.0,,0.0,Neutral,0.0,Neutral
2025-05-04,0.0,,0.0,Neutral,0.0,Neutral
2025-04-30,0.0,,0.0,Neutral,0.0,Neutral
2025-04-29,0.0,,0.0,Neutral,0.0,Neutral
2025-04-28,0.0,,0.0,Neutral,0.0,Neutral
2025-04-27,0.0,,0.0,Neutral,0.0,Neutral
2025-04-24,0.0,,0.0,Neutral,0.0,Neutral
2025-04-23,0.0,,0.0,Neutral,0.0,Neutral
2025-04-22,0.0,2025-04-22,0.0065177381038665,Neutral,0.0065177381038665,Neutral
2025-04-21,0.0,2025-04-21,-0.1222520172595977,Slightly Negative,-0.11899314820766445,Slightly Negative
2025-04-20,0.0,2025-04-20,-0.9325382113456726,Strongly Negative,-0.9920347854495049,Strongly Negative
2025-04-17,0.0,,0.0,Neutral,-0.49683210998773575,Negative
2025-04-16,0.0,2025-04-16,-0.1533498167991638,Slightly Negative,-0.38648436963558197,Negative
2025-04-15,0.0,,0.0,Neutral,-0.0766749083995819,Slightly Negative
2025-04-13,0.0,2025-04-13,0.0838408172130584,Slightly Positive,0.045503363013267455,Neutral
2025-04-10,0.0,2025-04-10,0.1280533671379089,Slightly Positive,0.16997377574443812,Slightly Positive
2025-04-09,0.0,,0.0,Neutral,0.08498688787221906,Slightly Positive
2025-04-08,0.0,,0.0,Neutral,0.03201334178447723,Neutral
2025-04-07,0.0,,0.0,Neutral,0.0,Neutral
2025-04-03,0.0,,0.0,Neutral,0.0,Neutral
2025-04-02,0.0,,0.0,Neutral,0.0,Neutral
2025-04-01,0.0,,0.0,Neutral,0.0,Neutral
2025-03-30,0.0,2025-03-30,-0.4880945086479187,Negative,-0.4880945086479187,Negative
2025-03-27,0.0,,0.0,Neutral,-0.24404725432395935,Negative
2025-03-26,0.0,2025-03-26,-0.6513763070106506,Strongly Negative,-0.7733999341726303,Strongly Negative
2025-03-25,0.0,2025-03-25,0.2815593183040619,Positive,-0.04412883520126343,Neutral
2025-03-24,0.0,,0.0,Neutral,-0.022064417600631714,Neutral
2025-03-23,0.0,2025-03-23,-0.6444237232208252,Strongly Negative,-0.5740338936448097,Negative
2025-03-20,0.0,2025-03-20,-0.406167596578598,Negative,-0.7283794581890106,Strongly Negative
2025-03-19,0.0,,0.0,Neutral,-0.3641897290945053,Negative
2025-03-18,0.0,,0.0,Neutral,-0.1015418991446495,Slightly Negative
2025-03-17,0.0,2025-03-17,-0.0320629775524139,Neutral,-0.0320629775524139,Neutral
2025-03-16,0.0,,0.0,Neutral,-0.01603148877620695,Neutral
2025-03-12,0.0,,0.0,Neutral,-0.008015744388103475,Neutral
2025-03-11,0.0,,0.0,Neutral,0.0,Neutral
2025-03-10,0.0,2025-03-10,-0.7477757930755615,Strongly Negative,-0.7477757930755615,Strongly Negative
2025-03-09,0.0,,0.0,Neutral,-0.37388789653778076,Negative
2025-03-06,0.0,,0.0,Neutral,-0.18694394826889038,Slightly Negative
2025-03-05,0.0,,0.0,Neutral,0.0,Neutral
2025-03-04,0.0,,0.0,Neutral,0.0,Neutral
2025-03-03,0.0,,0.0,Neutral,0.0,Neutral
2025-03-02,0.0,,0.0,Neutral,0.0,Neutral
2025-02-27,0.0,,0.0,Neutral,0.0,Neutral
2025-02-25,0.0,,0.0,Neutral,0.0,Neutral
2025-02-24,0.0,2025-02-24,-0.3941380977630615,Negative,-0.3941380977630615,Negative
2025-02-23,0.0,,0.0,Neutral,-0.19706904888153076,Slightly Negative
2025-02-20,0.0,,0.0,Neutral,-0.09853452444076538,Slightly Negative
2025-02-18,0.0,,0.0,Neutral,0.0,Neutral
2025-02-17,0.0,,0.0,Neutral,0.0,Neutral
2025-02-16,0.0,,0.0,Neutral,0.0,Neutral
2025-02-13,0.0,2025-02-13,-0.6699524521827698,Strongly Negative,-0.6699524521827698,Strongly Negative
2025-02-12,0.0,2025-02-12,0.2080480456352233,Positive,-0.12692818045616158,Slightly Negative
2025-02-11,0.0,,0.0,Neutral,-0.06346409022808079,Slightly Negative
2025-02-10,0.0,,0.0,Neutral,0.052012011408805826,Slightly Positive
2025-02-09,0.0,,0.0,Neutral,0.0,Neutral
2025-02-06,0.0,,0.0,Neutral,0.0,Neutral
2025-02-05,0.0,,0.0,Neutral,0.0,Neutral
2025-02-04,0.0,,0.0,Neutral,0.0,Neutral
2025-02-03,0.0,,0.0,Neutral,0.0,Neutral
2025-02-02,0.0,,0.0,Neutral,0.0,Neutral
2025-01-28,0.0,,0.0,Neutral,0.0,Neutral
2025-01-27,0.0,,0.0,Neutral,0.0,Neutral
2025-01-26,0.0,,0.0,Neutral,0.0,Neutral
2025-01-23,0.0,2025-01-23,-0.2442322820425033,Negative,-0.2442322820425033,Negative
2025-01-22,0.0,,0.0,Neutral,-0.12211614102125165,Slightly Negative
2025-01-21,0.0,,0.0,Neutral,-0.061058070510625825,Slightly Negative
2025-01-20,0.0,2025-01-20,-0.0088043892756104,Neutral,-0.0088043892756104,Neutral
2025-01-19,0.0,,0.0,Neutral,-0.0044021946378052,Neutral
2025-01-16,0.0,,0.0,Neutral,-0.0022010973189026,Neutral
2025-01-15,0.0,,0.0,Neutral,0.0,Neutral
2025-01-13,0.0,,0.0,Neutral,0.0,Neutral
2025-01-12,0.0,,0.0,Neutral,0.0,Neutral
2025-01-09,0.0,,0.0,Neutral,0.0,Neutral
2025-01-08,0.0,,0.0,Neutral,0.0,Neutral
2025-01-07,0.0,,0.0,Neutral,0.0,Neutral
2025-01-06,0.0,,0.0,Neutral,0.0,Neutral
2025-01-05,0.0,,0.0,Neutral,0.0,Neutral
2025-01-02,0.0,2025-01-02,0.9056085348129272,Strongly Positive,0.9056085348129272,Strongly Positive
2025-01-01,0.0,,0.0,Neutral,0.4528042674064636,Positive
2024-12-31,0.0,,0.0,Neutral,0.2264021337032318,Positive
2024-12-29,0.0,,0.0,Neutral,0.0,Neutral
2024-12-26,0.0,,0.0,Neutral,0.0,Neutral
2024-12-24,0.0,,0.0,Neutral,0.0,Neutral
2024-12-23,0.0,,0.0,Neutral,0.0,Neutral
2024-12-22,0.0,,0.0,Neutral,0.0,Neutral
2024-12-19,0.0,,0.0,Neutral,0.0,Neutral
2024-12-18,0.0,,0.0,Neutral,0.0,Neutral
2024-12-17,0.0,,0.0,Neutral,0.0,Neutral
2024-12-16,0.0,2024-12-16,-0.1873531192541122,Slightly Negative,-0.1873531192541122,Slightly Negative
2024-12-12,0.0,2024-12-12,-0.7372568249702454,Strongly Negative,-0.8309333845973015,Strongly Negative
2024-12-11,0.0,,0.0,Neutral,-0.41546669229865074,Negative
2024-12-10,0.0,2024-12-10,0.0605501011013984,Slightly Positive,-0.12376410514116294,Slightly Negative
2024-12-09,0.0,2024-12-09,0.0543120503425598,Slightly Positive,0.08458710089325899,Slightly Positive
2024-12-08,0.0,,0.0,Neutral,0.042293550446629496,Neutral
2024-12-05,0.0,2024-12-05,-0.8622756004333496,Strongly Negative,-0.8486975878477097,Strongly Negative
2024-12-04,0.0,,0.0,Neutral,-0.4311378002166748,Negative
2024-12-03,0.0,,0.0,Neutral,-0.2155689001083374,Negative
2024-12-02,0.0,,0.0,Neutral,0.0,Neutral
2024-12-01,0.0,,0.0,Neutral,0.0,Neutral
2024-11-28,0.0,,0.0,Neutral,0.0,Neutral
2024-11-27,0.0,,0.0,Neutral,0.0,Neutral
2024-11-26,0.0,,0.0,Neutral,0.0,Neutral
2024-11-25,0.0,,0.0,Neutral,0.0,Neutral
2024-11-24,0.0,,0.0,Neutral,0.0,Neutral
2024-11-21,0.0,2024-11-21,0.3522944152355194,Positive,0.3522944152355194,Positive
2024-11-20,0.0,,0.0,Neutral,0.1761472076177597,Slightly Positive
2024-11-19,0.0,,0.0,Neutral,0.08807360380887985,Slightly Positive
2024-11-17,0.0,,0.0,Neutral,0.0,Neutral
2024-11-14,0.0,,0.0,Neutral,0.0,Neutral
2024-11-13,0.0,,0.0,Neutral,0.0,Neutral
2024-11-12,0.0,,0.0,Neutral,0.0,Neutral
2024-11-11,0.0,2024-11-11,0.9224844574928284,Strongly Positive,0.9224844574928284,Strongly Positive
2024-11-10,0.0,2024-11-10,0.0913766026496887,Slightly Positive,0.5526188313961029,Positive
2024-11-06,0.0,2024-11-06,0.6941941380500793,Strongly Positive,0.9705035537481308,Strongly Positive
2024-11-05,0.0,,0.0,Neutral,0.36994121968746185,Positive
2024-10-30,0.0,,0.0,Neutral,0.17354853451251984,Slightly Positive
2024-10-29,0.0,2024-10-29,-0.4482151567935943,Negative,-0.4482151567935943,Negative
2024-10-28,0.0,,0.0,Neutral,-0.22410757839679715,Negative
2024-10-27,0.0,,0.0,Neutral,-0.11205378919839858,Slightly Negative
2024-10-24,0.0,,0.0,Neutral,0.0,Neutral
2024-10-23,0.0,2024-10-23,-0.5182260870933533,Negative,-0.5182260870933533,Negative
2024-10-22,0.0,,0.0,Neutral,-0.25911304354667664,Negative
2024-10-21,0.0,,0.0,Neutral,-0.12955652177333832,Slightly Negative
2024-10-20,0.0,2024-10-20,-0.0460387840867042,Neutral,-0.0460387840867042,Neutral
2024-10-17,0.0,2024-10-17,-0.5775560140609741,Negative,-0.6005754061043262,Strongly Negative
2024-10-16,0.0,2024-10-16,0.3032940030097961,Positive,0.003006299957632977,Neutral
2024-10-15,0.0,,0.0,Neutral,0.007257997989654513,Neutral
2024-10-09,0.0,2024-10-09,0.9219281077384948,Strongly Positive,0.9977516084909438,Strongly Positive
2024-10-08,0.0,,0.0,Neutral,0.4609640538692474,Positive
2024-10-07,0.0,2024-10-07,0.9075050950050354,Strongly Positive,1.1379871219396591,Strongly Positive
2024-10-06,0.0,,0.0,Neutral,0.4537525475025177,Positive
2024-10-02,0.0,,0.0,Neutral,0.22687627375125885,Positive
2024-10-01,0.0,2024-10-01,0.9054638147354126,Strongly Positive,0.9054638147354126,Strongly Positive
2024-09-30,0.0,,0.0,Neutral,0.4527319073677063,Positive
2024-09-29,0.0,,0.0,Neutral,0.22636595368385315,Positive
2024-09-26,0.0,,0.0,Neutral,0.0,Neutral
2024-09-25,0.0,,0.0,Neutral,0.0,Neutral
2024-09-24,0.0,2024-09-24,0.9053268432617188,Strongly Positive,0.9053268432617188,Strongly Positive
2024-09-23,0.0,,0.0,Neutral,0.4526634216308594,Positive
2024-09-22,0.0,,0.0,Neutral,0.2263317108154297,Positive
2024-09-18,0.0,2024-09-18,0.0292224586009979,Neutral,0.0292224586009979,Neutral
2024-09-16,0.0,2024-09-16,0.0701217502355575,Slightly Positive,0.08473297953605645,Slightly Positive
2024-09-15,0.0,,0.0,Neutral,0.042366489768028225,Neutral
2024-09-12,0.0,2024-09-12,0.7334011197090149,Strongly Positive,0.7509315572679043,Strongly Positive
2024-09-11,0.0,,0.0,Neutral,0.36670055985450745,Positive
2024-09-10,0.0,,0.0,Neutral,0.18335027992725372,Slightly Positive
2024-09-09,0.0,,0.0,Neutral,0.0,Neutral
2024-09-08,0.0,2024-09-08,0.0105989575386047,Neutral,0.0105989575386047,Neutral
2024-09-05,0.0,,0.0,Neutral,0.00529947876930235,Neutral
2024-09-04,0.0,,0.0,Neutral,0.002649739384651175,Neutral
2024-09-03,0.0,2024-09-03,-0.2997061610221863,Negative,-0.2997061610221863,Negative
2024-09-02,0.0,,0.0,Neutral,-0.14985308051109314,Slightly Negative
2024-09-01,0.0,,0.0,Neutral,-0.07492654025554657,Slightly Negative
2024-08-29,0.0,,0.0,Neutral,0.0,Neutral
2024-08-28,0.0,,0.0,Neutral,0.0,Neutral
2024-08-27,0.0,,0.0,Neutral,0.0,Neutral
2024-08-25,0.0,,0.0,Neutral,0.0,Neutral
2024-08-22,0.0,,0.0,Neutral,0.0,Neutral
2024-08-21,0.0,,0.0,Neutral,0.0,Neutral
2024-08-18,0.0,,0.0,Neutral,0.0,Neutral
2024-08-15,0.0,,0.0,Neutral,0.0,Neutral
2024-08-14,0.0,,0.0,Neutral,0.0,Neutral
2024-08-13,0.0,,0.0,Neutral,0.0,Neutral
2024-08-12,0.0,,0.0,Neutral,0.0,Neutral
2024-08-11,0.0,2024-08-11,-0.6217007637023926,Strongly Negative,-0.6217007637023926,Strongly Negative
2024-08-08,0.0,,0.0,Neutral,-0.3108503818511963,Negative
2024-08-07,0.0,,0.0,Neutral,-0.15542519092559814,Slightly Negative
2024-08-06,0.0,2024-08-06,0.06113051623106,Slightly Positive,0.06113051623106,Slightly Positive
2024-08-05,0.0,2024-08-05,-0.0004892461001873,Neutral,0.0300760120153427,Neutral
2024-08-01,0.0,,0.0,Neutral,0.01503800600767135,Neutral
2024-07-31,0.0,,0.0,Neutral,-0.000122311525046825,Neutral
2024-07-30,0.0,,0.0,Neutral,0.0,Neutral
2024-07-29,0.0,,0.0,Neutral,0.0,Neutral
2024-07-28,0.0,,0.0,Neutral,0.0,Neutral
2024-07-25,0.0,,0.0,Neutral,0.0,Neutral
2024-07-24,0.0,,0.0,Neutral,0.0,Neutral
2024-07-23,0.0,,0.0,Neutral,0.0,Neutral
2024-07-22,0.0,,0.0,Neutral,0.0,Neutral
2024-07-21,0.0,2024-07-21,0.2961920797824859,Positive,0.2961920797824859,Positive
2024-07-18,0.0,,0.0,Neutral,0.14809603989124295,Slightly Positive
2024-07-17,0.0,,0.0,Neutral,0.07404801994562148,Slightly Positive
2024-07-16,0.0,,0.0,Neutral,0.0,Neutral
2024-07-15,0.0,2024-07-15,0.0531130880117416,Slightly Positive,0.0531130880117416,Slightly Positive
2024-07-14,0.0,2024-07-14,0.4453930258750915,Positive,0.4719495698809623,Positive
2024-07-11,0.0,,0.0,Neutral,0.23597478494048116,Positive
2024-07-10,0.0,2024-07-10,-0.0372032523155212,Neutral,0.07414500415325168,Slightly Positive
2024-07-09,0.0,,0.0,Neutral,-0.0186016261577606,Neutral
2024-07-08,0.0,,0.0,Neutral,-0.0093008130788803,Neutral
2024-07-07,0.0,2024-07-07,-0.6083687543869019,Strongly Negative,-0.6083687543869019,Strongly Negative
2024-07-04,0.0,2024-07-04,-0.7496742010116577,Strongly Negative,-1.0538585782051086,Strongly Negative
2024-07-03,0.0,,0.0,Neutral,-0.5269292891025543,Negative
2024-07-02,0.0,,0.0,Neutral,-0.18741855025291443,Slightly Negative
2024-07-01,0.0,,0.0,Neutral,0.0,Neutral
2024-06-30,0.0,2024-06-30,-0.5555654168128967,Negative,-0.5555654168128967,Negative
2024-06-27,0.0,,0.0,Neutral,-0.27778270840644836,Negative
2024-06-26,0.0,,0.0,Neutral,-0.13889135420322418,Slightly Negative
2024-06-25,0.0,,0.0,Neutral,0.0,Neutral
2024-06-24,0.0,,0.0,Neutral,0.0,Neutral
2024-06-23,0.0,,0.0,Neutral,0.0,Neutral
2024-06-20,0.0,2024-06-20,-0.7754740715026855,Strongly Negative,-0.7754740715026855,Strongly Negative
2024-06-19,0.0,2024-06-19,0.928455650806427,Strongly Positive,0.5407186150550842,Positive
2024-06-18,0.0,,0.0,Neutral,0.2703593075275421,Positive
2024-06-16,0.0,,0.0,Neutral,0.23211391270160675,Positive
2024-06-13,0.0,,0.0,Neutral,0.0,Neutral
2024-06-12,0.0,2024-06-12,-0.3344677183777093,Negative,-0.3344677183777093,Negative
2024-06-11,0.0,2024-06-11,-0.703773021697998,Strongly Negative,-0.8710068808868527,Strongly Negative
2024-06-10,0.0,2024-06-10,0.0591075792908668,Slightly Positive,-0.3763958611525595,Negative
2024-06-09,0.0,,0.0,Neutral,-0.1463894657790661,Slightly Negative
2024-06-06,0.0,,0.0,Neutral,0.0147768948227167,Neutral
2024-06-05,0.0,,0.0,Neutral,0.0,Neutral
2024-06-04,0.0,,0.0,Neutral,0.0,Neutral
2024-06-03,0.0,,0.0,Neutral,0.0,Neutral
2024-06-02,0.0,,0.0,Neutral,0.0,Neutral
2024-05-30,0.0,,0.0,Neutral,0.0,Neutral
2024-05-29,0.0,,0.0,Neutral,0.0,Neutral
2024-05-27,0.0,2024-05-27,-0.6427181959152222,Strongly Negative,-0.6427181959152222,Strongly Negative
2024-05-26,0.0,2024-05-26,-0.5461372137069702,Negative,-0.8674963116645813,Strongly Negative
2024-05-22,0.0,,0.0,Neutral,-0.43374815583229065,Negative
2024-05-21,0.0,2024-05-21,0.9287891387939452,Strongly Positive,0.7922548353672026,Strongly Positive
2024-05-20,0.0,2024-05-20,-0.7473208904266357,Strongly Negative,-0.28292632102966314,Negative
2024-05-19,0.0,,0.0,Neutral,-0.14146316051483157,Slightly Negative
2024-05-16,0.0,,0.0,Neutral,-0.18683022260665894,Slightly Negative
2024-05-15,0.0,,0.0,Neutral,0.0,Neutral
2024-05-14,0.0,,0.0,Neutral,0.0,Neutral
2024-05-13,0.0,2024-05-13,-0.0147014185786247,Neutral,-0.0147014185786247,Neutral
2024-05-12,0.0,,0.0,Neutral,-0.00735070928931235,Neutral
2024-05-09,0.0,,0.0,Neutral,-0.003675354644656175,Neutral
2024-05-08,0.0,,0.0,Neutral,0.0,Neutral
2024-05-07,0.0,,0.0,Neutral,0.0,Neutral
2024-05-06,0.0,,0.0,Neutral,0.0,Neutral
2024-05-05,0.0,,0.0,Neutral,0.0,Neutral
2024-05-02,0.0,,0.0,Neutral,0.0,Neutral
2024-04-30,0.0,,0.0,Neutral,0.0,Neutral
2024-04-29,0.0,2024-04-29,-0.2238787710666656,Negative,-0.2238787710666656,Negative
2024-04-28,0.0,,0.0,Neutral,-0.1119393855333328,Slightly Negative
2024-04-25,0.0,,0.0,Neutral,-0.0559696927666664,Slightly Negative
2024-04-24,0.0,,0.0,Neutral,0.0,Neutral
2024-04-22,0.0,2024-04-22,-0.397852748632431,Negative,-0.397852748632431,Negative
2024-04-21,0.0,2024-04-21,-0.6756387948989868,Strongly Negative,-0.8745651692152023,Strongly Negative
2024-04-18,0.0,,0.0,Neutral,-0.43728258460760117,Negative
2024-04-16,0.0,2024-04-16,0.4685211181640625,Positive,0.2996114194393158,Positive
2024-04-15,0.0,2024-04-15,-0.5954660177230835,Negative,-0.36120545864105225,Negative
2024-04-14,0.0,2024-04-14,-0.4558782577514648,Negative,-0.636480987071991,Strongly Negative
2024-04-10,0.0,2024-04-10,-0.0239664651453495,Neutral,-0.40077209845185274,Negative
2024-04-09,0.0,,0.0,Neutral,-0.12595279701054093,Slightly Negative
2024-04-07,0.0,2024-04-07,-0.6892299056053162,Strongly Negative,-0.6952215218916535,Strongly Negative
2024-04-04,0.0,2024-04-04,-0.323227971792221,Negative,-0.6678429245948792,Strongly Negative
2024-04-03,0.0,,0.0,Neutral,-0.3339214622974396,Negative
2024-04-02,0.0,2024-04-02,-0.4733312129974365,Negative,-0.5541382059454918,Negative
2024-04-01,0.0,,0.0,Neutral,-0.23666560649871826,Negative
2024-03-31,0.0,,0.0,Neutral,-0.11833280324935913,Slightly Negative
2024-03-28,0.0,,0.0,Neutral,0.0,Neutral
2024-03-27,0.0,,0.0,Neutral,0.0,Neutral
2024-03-26,0.0,2024-03-26,-0.2324217855930328,Negative,-0.2324217855930328,Negative
2024-03-25,0.0,,0.0,Neutral,-0.1162108927965164,Slightly Negative
2024-03-21,0.0,2024-03-21,-0.3527610003948211,Negative,-0.4108664467930793,Negative
2024-03-20,0.0,,0.0,Neutral,-0.17638050019741056,Slightly Negative
2024-03-19,0.0,,0.0,Neutral,-0.08819025009870528,Slightly Negative
2024-03-18,0.0,,0.0,Neutral,0.0,Neutral
2024-03-17,0.0,,0.0,Neutral,0.0,Neutral
2024-03-14,0.0,2024-03-14,-0.0184712968766689,Neutral,-0.0184712968766689,Neutral
2024-03-13,0.0,2024-03-13,-0.5365344434976578,Negative,-0.5457700919359922,Negative
2024-03-12,0.0,,0.0,Neutral,-0.2728850459679961,Negative
2024-03-10,0.0,,0.0,Neutral,-0.13413361087441444,Slightly Negative
2024-03-07,0.0,,0.0,Neutral,0.0,Neutral
2024-03-06,0.0,,0.0,Neutral,0.0,Neutral
2024-03-05,0.0,,0.0,Neutral,0.0,Neutral
2024-03-04,0.0,,0.0,Neutral,0.0,Neutral
2024-03-03,0.0,2024-03-03,0.659336507320404,Strongly Positive,0.659336507320404,Strongly Positive
2024-02-29,0.0,2024-02-29,0.5973718166351318,Positive,0.9270400702953339,Strongly Positive
2024-02-28,0.0,,0.0,Neutral,0.46352003514766693,Positive
2024-02-27,0.0,,0.0,Neutral,0.14934295415878296,Slightly Positive
2024-02-26,0.0,2024-02-26,-0.6391295790672302,Strongly Negative,-0.6391295790672302,Strongly Negative
2024-02-25,0.0,2024-02-25,-0.7076578140258789,Strongly Negative,-1.027222603559494,Strongly Negative
2024-02-22,0.0,,0.0,Neutral,-0.513611301779747,Negative
2024-02-21,0.0,,0.0,Neutral,-0.17691445350646973,Slightly Negative
2024-02-20,0.0,,0.0,Neutral,0.0,Neutral
2024-02-18,0.0,,0.0,Neutral,0.0,Neutral
2024-02-15,0.0,,0.0,Neutral,0.0,Neutral
2024-02-14,0.0,,0.0,Neutral,0.0,Neutral
2024-02-13,0.0,,0.0,Neutral,0.0,Neutral
2024-02-12,0.0,2024-02-12,0.0213358532637357,Neutral,0.0213358532637357,Neutral
2024-02-11,0.0,,0.0,Neutral,0.01066792663186785,Neutral
2024-02-08,0.0,,0.0,Neutral,0.005333963315933925,Neutral
2024-02-07,0.0,2024-02-07,0.9190106987953186,Strongly Positive,0.9190106987953186,Strongly Positive
2024-02-06,0.0,,0.0,Neutral,0.4595053493976593,Positive
2024-02-05,0.0,,0.0,Neutral,0.22975267469882965,Positive
2024-02-04,0.0,,0.0,Neutral,0.0,Neutral
2024-01-30,0.0,,0.0,Neutral,0.0,Neutral
2024-01-29,0.0,,0.0,Neutral,0.0,Neutral
2024-01-28,0.0,2024-01-28,-0.5602532029151917,Negative,-0.5602532029151917,Negative
2024-01-25,0.0,2024-01-25,0.9305034875869752,Strongly Positive,0.6503768861293794,Strongly Positive
2024-01-24,0.0,,0.0,Neutral,0.3251884430646897,Positive
2024-01-23,0.0,,0.0,Neutral,0.2326258718967438,Positive
2024-01-22,0.0,2024-01-22,0.0955185890197753,Slightly Positive,0.0955185890197753,Slightly Positive
2024-01-21,0.0,2024-01-21,-0.0024153357371688,Neutral,0.045343958772718844,Neutral
2024-01-18,0.0,2024-01-18,0.7747501134872437,Strongly Positive,0.7974220928736031,Strongly Positive
2024-01-17,0.0,,0.0,Neutral,0.38677122280932963,Positive
2024-01-16,0.0,2024-01-16,-0.0303513295948505,Neutral,0.16333619877696043,Slightly Positive
2024-01-14,0.0,2024-01-14,-0.0015759468078613,Neutral,-0.01675161160528655,Neutral
2024-01-11,0.0,,0.0,Neutral,-0.008375805802643275,Neutral
2024-01-10,0.0,,0.0,Neutral,-0.000393986701965325,Neutral
2024-01-09,0.0,,0.0,Neutral,0.0,Neutral
2024-01-08,0.0,2024-01-08,0.3354699239134788,Positive,0.3354699239134788,Positive
2024-01-07,0.0,,0.0,Neutral,0.1677349619567394,Slightly Positive
2024-01-04,0.0,,0.0,Neutral,0.0838674809783697,Slightly Positive
2024-01-03,0.0,,0.0,Neutral,0.0,Neutral
2024-01-02,0.0,,0.0,Neutral,0.0,Neutral
2024-01-01,0.0,,0.0,Neutral,0.0,Neutral
2023-12-28,0.0,,0.0,Neutral,0.0,Neutral
2023-12-27,0.0,,0.0,Neutral,0.0,Neutral
2023-12-24,0.0,,0.0,Neutral,0.0,Neutral
2023-12-21,0.0,,0.0,Neutral,0.0,Neutral
2023-12-20,0.0,,0.0,Neutral,0.0,Neutral
2023-12-19,0.0,2023-12-19,-0.0495426394045352,Neutral,-0.0495426394045352,Neutral
2023-12-18,0.0,,0.0,Neutral,-0.0247713197022676,Neutral
2023-12-17,0.0,2023-12-17,0.1858166120946406,Slightly Positive,0.1734309522435068,Slightly Positive
2023-12-14,0.0,2023-12-14,-0.3237503468990326,Negative,-0.23084204085171228,Negative
2023-12-13,0.0,,0.0,Neutral,-0.11542102042585614,Slightly Negative
2023-12-12,0.0,,0.0,Neutral,-0.08093758672475815,Slightly Negative
2023-12-11,0.0,2023-12-11,0.8129301071166992,Strongly Positive,0.8129301071166992,Strongly Positive
2023-12-07,0.0,2023-12-07,0.7270581126213074,Strongly Positive,1.133523166179657,Strongly Positive
2023-12-06,0.0,,0.0,Neutral,0.5667615830898285,Positive
2023-12-05,0.0,,0.0,Neutral,0.18176452815532684,Slightly Positive
2023-12-04,0.0,2023-12-04,0.9314891695976256,Strongly Positive,0.9314891695976256,Strongly Positive
2023-12-03,0.0,,0.0,Neutral,0.4657445847988128,Positive
2023-11-30,0.0,,0.0,Neutral,0.2328722923994064,Positive
2023-11-29,0.0,2023-11-29,0.5706247091293335,Positive,0.5706247091293335,Positive
2023-11-28,0.0,2023-11-28,0.2470296770334244,Positive,0.5323420315980911,Positive
2023-11-27,0.0,,0.0,Neutral,0.26617101579904556,Positive
2023-11-26,0.0,,0.0,Neutral,0.0617574192583561,Slightly Positive
2023-11-23,0.0,,0.0,Neutral,0.0,Neutral
2023-11-22,0.0,,0.0,Neutral,0.0,Neutral
2023-11-21,0.0,,0.0,Neutral,0.0,Neutral
2023-11-20,0.0,2023-11-20,-0.0071662440896034,Neutral,-0.0071662440896034,Neutral
2023-11-09,0.0,,0.0,Neutral,-0.0035831220448017,Neutral
2023-11-08,0.0,,0.0,Neutral,-0.00179156102240085,Neutral
2023-11-07,0.0,,0.0,Neutral,0.0,Neutral
2023-11-06,0.0,,0.0,Neutral,0.0,Neutral
2023-11-05,0.0,2023-11-05,0.7400195002555847,Strongly Positive,0.7400195002555847,Strongly Positive
2023-11-02,0.0,,0.0,Neutral,0.37000975012779236,Positive
2023-11-01,0.0,2023-11-01,0.0985844135284423,Slightly Positive,0.28358928859233845,Positive
2023-10-31,0.0,,0.0,Neutral,0.04929220676422115,Neutral
2023-10-30,0.0,,0.0,Neutral,0.024646103382110575,Neutral
2023-10-29,0.0,,0.0,Neutral,0.0,Neutral
2023-10-19,0.0,2023-10-19,0.8292142748832703,Strongly Positive,0.8292142748832703,Strongly Positive
2023-10-18,0.0,2023-10-18,0.2993601306031147,Positive,0.7139672680447499,Strongly Positive
2023-10-17,0.0,2023-10-17,0.3895330764353275,Positive,0.7465167104577024,Strongly Positive
2023-10-16,0.0,2023-10-16,0.8377037644386292,Strongly Positive,1.1073103353070717,Strongly Positive
2023-10-12,0.0,,0.0,Neutral,0.5162351513281465,Positive
2023-10-11,0.0,,0.0,Neutral,0.2094259411096573,Positive
2023-10-10,0.0,,0.0,Neutral,0.0,Neutral
2023-10-09,0.0,2023-10-09,0.9241541624069214,Strongly Positive,0.9241541624069214,Strongly Positive
2023-10-08,0.0,2023-10-08,0.9193177223205566,Strongly Positive,1.3813948035240173,Strongly Positive
2023-10-05,0.0,,0.0,Neutral,0.6906974017620087,Strongly Positive
2023-10-04,0.0,2023-10-04,0.141101211309433,Slightly Positive,0.37093064188957214,Positive
2023-10-03,0.0,,0.0,Neutral,0.0705506056547165,Slightly Positive
2023-10-02,0.0,2023-10-02,0.8697748184204102,Strongly Positive,0.9050501212477684,Strongly Positive
2023-10-01,0.0,2023-10-01,0.9149264097213744,Strongly Positive,1.3498138189315796,Strongly Positive
2023-09-27,0.0,,0.0,Neutral,0.6749069094657898,Strongly Positive
2023-09-26,0.0,2023-09-26,0.1121289655566215,Slightly Positive,0.34086056798696507,Positive
2023-09-25,0.0,2023-09-25,0.9218896627426147,Strongly Positive,0.9779541455209255,Strongly Positive
2023-09-24,0.0,2023-09-24,0.8438069820404053,Strongly Positive,1.332784054800868,Strongly Positive
2023-09-21,0.0,,0.0,Neutral,0.6523759067058563,Strongly Positive
2023-09-19,0.0,,0.0,Neutral,0.21095174551010132,Positive
2023-09-18,0.0,2023-09-18,0.8191651403903961,Strongly Positive,0.8191651403903961,Strongly Positive
2023-09-17,0.0,2023-09-17,0.2316693365573883,Positive,0.6412519067525864,Strongly Positive
2023-09-13,0.0,,0.0,Neutral,0.3206259533762932,Positive
2023-09-12,0.0,,0.0,Neutral,0.057917334139347076,Slightly Positive
2023-09-11,0.0,2023-09-11,-0.1270755678415298,Slightly Negative,-0.1270755678415298,Slightly Negative
2023-09-10,0.0,,0.0,Neutral,-0.0635377839207649,Slightly Negative
2023-09-07,0.0,,0.0,Neutral,-0.03176889196038245,Neutral
2023-09-05,0.0,,0.0,Neutral,0.0,Neutral
2023-09-04,0.0,,0.0,Neutral,0.0,Neutral
2023-09-03,0.0,,0.0,Neutral,0.0,Neutral
2023-08-30,0.0,,0.0,Neutral,0.0,Neutral
2023-08-29,0.0,,0.0,Neutral,0.0,Neutral
2023-08-28,0.0,,0.0,Neutral,0.0,Neutral
2023-08-27,0.0,,0.0,Neutral,0.0,Neutral
2023-08-24,0.0,,0.0,Neutral,0.0,Neutral
2023-08-23,0.0,,0.0,Neutral,0.0,Neutral
2023-08-22,0.0,,0.0,Neutral,0.0,Neutral
2023-08-21,0.0,,0.0,Neutral,0.0,Neutral
2023-08-20,0.0,2023-08-20,0.4706372022628784,Positive,0.4706372022628784,Positive
2023-08-17,0.0,,0.0,Neutral,0.2353186011314392,Positive
2023-08-16,0.0,,0.0,Neutral,0.1176593005657196,Slightly Positive
2023-08-15,0.0,2023-08-15,0.0367373526096344,Neutral,0.0367373526096344,Neutral
2023-08-14,0.0,,0.0,Neutral,0.0183686763048172,Neutral
2023-08-13,0.0,2023-08-13,0.3550106883049011,Positive,0.3641950264573097,Positive
2023-08-10,0.0,2023-08-10,0.6593401432037354,Strongly Positive,0.8368454873561859,Strongly Positive
2023-08-09,0.0,,0.0,Neutral,0.41842274367809296,Positive
2023-08-08,0.0,2023-08-08,0.0437265634536743,Neutral,0.20856159925460815,Positive
2023-08-07,0.0,2023-08-07,0.7810200452804565,Strongly Positive,0.8028833270072937,Strongly Positive
2023-08-06,0.0,2023-08-06,0.2109157014638185,Positive,0.6123573649674654,Strongly Positive
2023-08-03,0.0,,0.0,Neutral,0.3007128620520234,Positive
2023-08-02,0.0,2023-08-02,-0.4065877497196197,Negative,-0.35385882435366506,Negative
2023-08-01,0.0,,0.0,Neutral,-0.20329387485980985,Negative
2023-07-31,0.0,,0.0,Neutral,-0.10164693742990492,Slightly Negative
2023-07-30,0.0,,0.0,Neutral,0.0,Neutral
2023-07-27,0.0,,0.0,Neutral,0.0,Neutral
2023-07-26,0.0,,0.0,Neutral,0.0,Neutral
2023-07-25,0.0,,0.0,Neutral,0.0,Neutral
2023-07-24,0.0,2023-07-24,-0.4698981344699859,Negative,-0.4698981344699859,Negative
2023-07-23,0.0,,0.0,Neutral,-0.23494906723499295,Negative
2023-07-20,0.0,,0.0,Neutral,-0.11747453361749648,Slightly Negative
2023-07-19,0.0,,0.0,Neutral,0.0,Neutral
2023-07-18,0.0,,0.0,Neutral,0.0,Neutral
2023-07-17,0.0,,0.0,Neutral,0.0,Neutral
2023-07-16,0.0,2023-07-16,0.883343517780304,Strongly Positive,0.883343517780304,Strongly Positive
2023-07-13,0.0,,0.0,Neutral,0.441671758890152,Positive
2023-07-12,0.0,,0.0,Neutral,0.220835879445076,Positive
2023-07-11,0.0,2023-07-11,-0.3590094149112701,Negative,-0.3590094149112701,Negative
2023-07-10,0.0,,0.0,Neutral,-0.17950470745563504,Slightly Negative
2023-07-09,0.0,2023-07-09,0.5350947976112366,Positive,0.44534244388341904,Positive
2023-07-06,0.0,,0.0,Neutral,0.2675473988056183,Positive
2023-07-05,0.0,2023-07-05,0.4177348017692566,Positive,0.5515085011720657,Positive
2023-07-04,0.0,2023-07-04,-0.20897176861763,Negative,-0.00010436773300170898,Neutral
2023-07-03,0.0,2023-07-03,0.7068891525268555,Strongly Positive,0.7068369686603546,Strongly Positive
2023-07-02,0.0,,0.0,Neutral,0.30120163410902023,Positive
2023-06-28,0.0,,0.0,Neutral,0.17672228813171387,Slightly Positive
2023-06-27,0.0,,0.0,Neutral,0.0,Neutral
2023-06-26,0.0,,0.0,Neutral,0.0,Neutral
2023-06-25,0.0,,0.0,Neutral,0.0,Neutral
2023-06-22,0.0,2023-06-22,0.873332142829895,Strongly Positive,0.873332142829895,Strongly Positive
2023-06-21,0.0,,0.0,Neutral,0.4366660714149475,Positive
2023-06-20,0.0,,0.0,Neutral,0.21833303570747375,Positive
2023-06-19,0.0,,0.0,Neutral,0.0,Neutral
2023-06-18,0.0,,0.0,Neutral,0.0,Neutral
2023-06-15,0.0,2023-06-15,0.4683806300163269,Positive,0.4683806300163269,Positive
2023-06-14,0.0,2023-06-14,0.4930647611618042,Positive,0.7272550761699677,Strongly Positive
2023-06-13,0.0,2023-06-13,0.7564454078674316,Strongly Positive,1.1200729459524155,Strongly Positive
2023-06-12,0.0,2023-06-12,0.7213075160980225,Strongly Positive,1.2227964103221893,Strongly Positive
2023-06-11,0.0,,0.0,Neutral,0.5497651100158691,Positive
2023-06-08,0.0,2023-06-08,0.7539471387863159,Strongly Positive,0.9342740178108215,Strongly Positive
2023-06-07,0.0,2023-06-07,0.4957673549652099,Positive,0.8727409243583679,Strongly Positive
2023-06-06,0.0,2023-06-06,0.7798135876655579,Strongly Positive,1.2161840498447418,Strongly Positive
2023-06-05,0.0,,0.0,Neutral,0.5138486325740814,Positive
2023-06-04,0.0,,0.0,Neutral,0.19495339691638947,Slightly Positive
2023-06-01,0.0,2023-06-01,0.4650955200195312,Positive,0.4650955200195312,Positive
2023-05-31,0.0,2023-05-31,0.9306153655052184,Strongly Positive,1.163163125514984,Strongly Positive
2023-05-30,0.0,,0.0,Neutral,0.581581562757492,Positive
2023-05-28,0.0,,0.0,Neutral,0.2326538413763046,Positive
2023-05-24,0.0,2023-05-24,0.6379044055938721,Strongly Positive,0.6379044055938721,Strongly Positive
2023-05-23,0.0,,0.0,Neutral,0.31895220279693604,Positive
2023-05-22,0.0,,0.0,Neutral,0.15947610139846802,Slightly Positive
2023-05-21,0.0,2023-05-21,0.2752208411693573,Positive,0.2752208411693573,Positive
2023-05-18,0.0,2023-05-18,-0.428337037563324,Negative,-0.2907266169786453,Negative
2023-05-16,0.0,,0.0,Neutral,-0.14536330848932266,Slightly Negative
2023-05-15,0.0,,0.0,Neutral,-0.107084259390831,Slightly Negative
2023-05-14,0.0,,0.0,Neutral,0.0,Neutral
2023-05-11,0.0,,0.0,Neutral,0.0,Neutral
2023-05-09,0.0,2023-05-09,0.6824951767921448,Strongly Positive,0.6824951767921448,Strongly Positive
2023-05-08,0.0,,0.0,Neutral,0.3412475883960724,Positive
2023-05-07,0.0,2023-05-07,-0.1594992876052856,Slightly Negative,0.011124506592750605,Neutral
2023-05-04,0.0,,0.0,Neutral,-0.0797496438026428,Slightly Negative
2023-05-03,0.0,2023-05-03,-0.3371529579162597,Negative,-0.3770277798175811,Negative
2023-05-02,0.0,,0.0,Neutral,-0.16857647895812986,Slightly Negative
2023-04-30,0.0,2023-04-30,0.5406634211540222,Positive,0.4563751816749573,Positive
2023-04-27,0.0,2023-04-27,0.3818577229976654,Positive,0.6521894335746765,Strongly Positive
2023-04-26,0.0,,0.0,Neutral,0.32609471678733826,Positive
2023-04-25,0.0,,0.0,Neutral,0.09546443074941635,Slightly Positive
2023-04-24,0.0,,0.0,Neutral,0.0,Neutral
2023-04-23,0.0,,0.0,Neutral,0.0,Neutral
2023-04-20,0.0,2023-04-20,0.1440556347370147,Slightly Positive,0.1440556347370147,Slightly Positive
2023-04-19,0.0,,0.0,Neutral,0.07202781736850734,Slightly Positive
2023-04-18,0.0,,0.0,Neutral,0.03601390868425367,Neutral
2023-04-16,0.0,,0.0,Neutral,0.0,Neutral
2023-04-13,0.0,,0.0,Neutral,0.0,Neutral
2023-04-12,0.0,,0.0,Neutral,0.0,Neutral
2023-04-11,0.0,,0.0,Neutral,0.0,Neutral
2023-04-10,0.0,,0.0,Neutral,0.0,Neutral
2023-04-09,0.0,,0.0,Neutral,0.0,Neutral
2023-04-06,0.0,,0.0,Neutral,0.0,Neutral
2023-04-05,0.0,,0.0,Neutral,0.0,Neutral
2023-04-04,0.0,,0.0,Neutral,0.0,Neutral
2023-04-03,0.0,,0.0,Neutral,0.0,Neutral
2023-04-02,0.0,,0.0,Neutral,0.0,Neutral
2023-03-30,0.0,,0.0,Neutral,0.0,Neutral
2023-03-29,0.0,,0.0,Neutral,0.0,Neutral
2023-03-28,0.0,,0.0,Neutral,0.0,Neutral
2023-03-27,0.0,,0.0,Neutral,0.0,Neutral
2023-03-26,0.0,,0.0,Neutral,0.0,Neutral
2023-03-23,0.0,2023-03-23,0.052819263190031,Slightly Positive,0.052819263190031,Slightly Positive
2023-03-22,0.0,,0.0,Neutral,0.0264096315950155,Neutral
2023-03-20,0.0,,0.0,Neutral,0.01320481579750775,Neutral
2023-03-19,0.0,,0.0,Neutral,0.0,Neutral
2023-03-16,0.0,,0.0,Neutral,0.0,Neutral
2023-03-15,0.0,,0.0,Neutral,0.0,Neutral
2023-03-14,0.0,,0.0,Neutral,0.0,Neutral
2023-03-13,0.0,,0.0,Neutral,0.0,Neutral
2023-03-12,0.0,,0.0,Neutral,0.0,Neutral
2023-03-09,0.0,,0.0,Neutral,0.0,Neutral
2023-03-07,0.0,,0.0,Neutral,0.0,Neutral
2023-03-05,0.0,,0.0,Neutral,0.0,Neutral
2023-03-02,0.0,,0.0,Neutral,0.0,Neutral
2023-03-01,0.0,,0.0,Neutral,0.0,Neutral
2023-02-28,0.0,,0.0,Neutral,0.0,Neutral
2023-02-27,0.0,,0.0,Neutral,0.0,Neutral
2023-02-26,0.0,,0.0,Neutral,0.0,Neutral
2023-02-23,0.0,,0.0,Neutral,0.0,Neutral
2023-02-22,0.0,,0.0,Neutral,0.0,Neutral
2023-02-20,0.0,,0.0,Neutral,0.0,Neutral
2023-02-16,0.0,,0.0,Neutral,0.0,Neutral
2023-02-15,0.0,,0.0,Neutral,0.0,Neutral
2023-02-14,0.0,,0.0,Neutral,0.0,Neutral
2023-02-12,0.0,,0.0,Neutral,0.0,Neutral
2023-02-09,0.0,,0.0,Neutral,0.0,Neutral
2023-02-08,0.0,,0.0,Neutral,0.0,Neutral
2023-02-07,0.0,,0.0,Neutral,0.0,Neutral
2023-02-06,0.0,,0.0,Neutral,0.0,Neutral
2023-02-05,0.0,,0.0,Neutral,0.0,Neutral
2023-02-02,0.0,2023-02-02,-0.6716222763061523,Strongly Negative,-0.6716222763061523,Strongly Negative
2023-02-01,0.0,,0.0,Neutral,-0.33581113815307617,Negative
2023-01-31,0.0,,0.0,Neutral,-0.16790556907653809,Slightly Negative
2023-01-30,0.0,,0.0,Neutral,0.0,Neutral
2023-01-29,0.0,2023-01-29,-0.4091926515102386,Negative,-0.4091926515102386,Negative
2023-01-26,0.0,2023-01-26,0.9144240617752076,Strongly Positive,0.7098277360200883,Strongly Positive
2023-01-25,0.0,,0.0,Neutral,0.35491386801004415,Positive
2023-01-24,0.0,,0.0,Neutral,0.2286060154438019,Positive
2023-01-23,0.0,,0.0,Neutral,0.0,Neutral
2023-01-19,0.0,,0.0,Neutral,0.0,Neutral
2023-01-18,0.0,,0.0,Neutral,0.0,Neutral
2023-01-17,0.0,2023-01-17,-0.623460054397583,Strongly Negative,-0.623460054397583,Strongly Negative
2023-01-12,0.0,2023-01-12,0.5015150904655457,Positive,0.18978506326675415,Slightly Positive
2023-01-10,0.0,2023-01-10,-0.2437212616205215,Negative,-0.14882872998714441,Slightly Negative
2023-01-09,0.0,,0.0,Neutral,0.0035181418061256686,Neutral
2023-01-08,0.0,,0.0,Neutral,-0.06093031540513037,Slightly Negative
2023-01-05,0.0,,0.0,Neutral,0.0,Neutral
2023-01-04,0.0,,0.0,Neutral,0.0,Neutral
2023-01-03,0.0,,0.0,Neutral,0.0,Neutral
2023-01-02,0.0,2023-01-02,-0.3848305940628052,Negative,-0.3848305940628052,Negative
2023-01-01,0.0,,0.0,Neutral,-0.1924152970314026,Slightly Negative
2022-12-29,0.0,,0.0,Neutral,-0.0962076485157013,Slightly Negative
2022-12-28,0.0,,0.0,Neutral,0.0,Neutral
2022-12-27,0.0,,0.0,Neutral,0.0,Neutral
2022-12-26,0.0,,0.0,Neutral,0.0,Neutral
2022-12-22,0.0,,0.0,Neutral,0.0,Neutral
2022-12-21,0.0,2022-12-21,0.6173017024993896,Strongly Positive,0.6173017024993896,Strongly Positive
2022-12-20,0.0,,0.0,Neutral,0.3086508512496948,Positive
2022-12-19,0.0,,0.0,Neutral,0.1543254256248474,Slightly Positive
2022-12-18,0.0,,0.0,Neutral,0.0,Neutral
2022-12-15,0.0,,0.0,Neutral,0.0,Neutral
2022-12-14,0.0,,0.0,Neutral,0.0,Neutral
2022-12-13,0.0,2022-12-13,0.7148497700691223,Strongly Positive,0.7148497700691223,Strongly Positive
2022-12-12,0.0,,0.0,Neutral,0.35742488503456116,Positive
2022-12-11,0.0,,0.0,Neutral,0.17871244251728058,Slightly Positive
2022-12-07,0.0,,0.0,Neutral,0.0,Neutral
2022-12-06,0.0,,0.0,Neutral,0.0,Neutral
2022-12-05,0.0,,0.0,Neutral,0.0,Neutral
2022-12-04,0.0,,0.0,Neutral,0.0,Neutral
2022-12-01,0.0,,0.0,Neutral,0.0,Neutral
2022-11-29,0.0,,0.0,Neutral,0.0,Neutral
2022-11-28,0.0,2022-11-28,0.1627677381038665,Slightly Positive,0.1627677381038665,Slightly Positive
2022-11-27,0.0,,0.0,Neutral,0.08138386905193325,Slightly Positive
2022-11-24,0.0,,0.0,Neutral,0.040691934525966623,Neutral
2022-11-23,0.0,,0.0,Neutral,0.0,Neutral
2022-11-22,0.0,,0.0,Neutral,0.0,Neutral
2022-11-17,0.0,,0.0,Neutral,0.0,Neutral
2022-11-16,0.0,,0.0,Neutral,0.0,Neutral
2022-11-15,0.0,2022-11-15,0.7105873227119446,Strongly Positive,0.7105873227119446,Strongly Positive
2022-11-14,0.0,2022-11-14,-0.6556950807571411,Strongly Negative,-0.3004014194011688,Negative
2022-11-13,0.0,,0.0,Neutral,-0.1502007097005844,Slightly Negative
2022-11-10,0.0,2022-11-10,0.6085646748542786,Strongly Positive,0.4446409046649933,Positive
2022-11-09,0.0,,0.0,Neutral,0.3042823374271393,Positive
2022-11-08,0.0,,0.0,Neutral,0.15214116871356964,Slightly Positive
2022-11-07,0.0,,0.0,Neutral,0.0,Neutral
2022-11-06,0.0,,0.0,Neutral,0.0,Neutral
2022-11-03,0.0,,0.0,Neutral,0.0,Neutral
2022-11-02,0.0,,0.0,Neutral,0.0,Neutral
2022-11-01,0.0,,0.0,Neutral,0.0,Neutral
2022-10-31,0.0,2022-10-31,0.1629264950752258,Slightly Positive,0.1629264950752258,Slightly Positive
2022-10-20,0.0,,0.0,Neutral,0.0814632475376129,Slightly Positive
2022-10-17,0.0,2022-10-17,0.71620774269104,Strongly Positive,0.7569393664598465,Strongly Positive
2022-10-16,0.0,,0.0,Neutral,0.35810387134552,Positive
2022-10-13,0.0,2022-10-13,0.5541855245828629,Positive,0.7332374602556229,Strongly Positive
2022-10-12,0.0,,0.0,Neutral,0.2770927622914314,Positive
2022-10-11,0.0,,0.0,Neutral,0.1385463811457157,Slightly Positive
2022-10-10,0.0,,0.0,Neutral,0.0,Neutral
2022-10-09,0.0,,0.0,Neutral,0.0,Neutral
2022-09-29,0.0,2022-09-29,0.9351661205291748,Strongly Positive,0.9351661205291748,Strongly Positive
2022-09-28,0.0,,0.0,Neutral,0.4675830602645874,Positive
2022-09-27,0.0,,0.0,Neutral,0.2337915301322937,Positive
2022-09-25,0.0,,0.0,Neutral,0.0,Neutral
2022-09-22,0.0,2022-09-22,0.9082857966423036,Strongly Positive,0.9082857966423036,Strongly Positive
2022-09-21,0.0,2022-09-21,0.534334659576416,Positive,0.9884775578975677,Strongly Positive
2022-09-20,0.0,,0.0,Neutral,0.4942387789487839,Positive
2022-09-18,0.0,,0.0,Neutral,0.133583664894104,Slightly Positive
2022-09-16,0.0,,0.0,Neutral,0.0,Neutral
2022-09-15,0.0,,0.0,Neutral,0.0,Neutral
2022-09-14,0.0,,0.0,Neutral,0.0,Neutral
2022-09-13,0.0,,0.0,Neutral,0.0,Neutral
2022-09-12,0.0,,0.0,Neutral,0.0,Neutral
2022-09-11,0.0,,0.0,Neutral,0.0,Neutral
2022-09-08,0.0,,0.0,Neutral,0.0,Neutral
2022-09-07,0.0,2022-09-07,0.006325364112854,Neutral,0.006325364112854,Neutral
2022-09-06,0.0,,0.0,Neutral,0.003162682056427,Neutral
2022-09-05,0.0,,0.0,Neutral,0.0015813410282135,Neutral
2022-09-04,0.0,,0.0,Neutral,0.0,Neutral
2022-09-02,0.0,,0.0,Neutral,0.0,Neutral
2022-09-01,0.0,2022-09-01,-0.2566113471984863,Negative,-0.2566113471984863,Negative
2022-08-31,0.0,,0.0,Neutral,-0.12830567359924314,Slightly Negative
2022-08-30,0.0,2022-08-30,0.0258980691432952,Neutral,-0.03825476765632636,Neutral
2022-08-29,0.0,,0.0,Neutral,0.0129490345716476,Neutral
2022-08-28,0.0,,0.0,Neutral,0.0064745172858238,Neutral
2022-08-26,0.0,,0.0,Neutral,0.0,Neutral
2022-08-25,0.0,,0.0,Neutral,0.0,Neutral
2022-08-24,0.0,2022-08-24,0.6355215311050415,Strongly Positive,0.6355215311050415,Strongly Positive
2022-08-23,0.0,2022-08-23,0.894823431968689,Strongly Positive,1.2125841975212097,Strongly Positive
2022-08-22,0.0,,0.0,Neutral,0.6062920987606049,Strongly Positive
2022-08-21,0.0,,0.0,Neutral,0.22370585799217224,Positive
2022-08-18,0.0,,0.0,Neutral,0.0,Neutral
2022-08-17,0.0,,0.0,Neutral,0.0,Neutral
2022-08-16,0.0,,0.0,Neutral,0.0,Neutral
2022-08-15,0.0,,0.0,Neutral,0.0,Neutral
2022-08-14,0.0,,0.0,Neutral,0.0,Neutral
2022-08-11,0.0,2022-08-11,-0.061613380908966,Slightly Negative,-0.061613380908966,Slightly Negative
2022-08-10,0.0,,0.0,Neutral,-0.030806690454483,Neutral
2022-08-09,0.0,,0.0,Neutral,-0.0154033452272415,Neutral
2022-08-08,0.0,,0.0,Neutral,0.0,Neutral
2022-08-07,0.0,2022-08-07,0.0195572879165411,Neutral,0.0195572879165411,Neutral
2022-08-05,0.0,2022-08-05,0.2184320390224456,Positive,0.22821068298071615,Positive
2022-08-04,0.0,,0.0,Neutral,0.11410534149035807,Slightly Positive
2022-08-03,0.0,2022-08-03,0.7975225448608398,Strongly Positive,0.8521305546164513,Strongly Positive
2022-08-02,0.0,,0.0,Neutral,0.3987612724304199,Positive
2022-08-01,0.0,2022-08-01,-0.2906584739685058,Negative,-0.09127783775329584,Slightly Negative
2022-07-31,0.0,2022-07-31,-0.3070221543312073,Negative,-0.4523513913154602,Negative
2022-07-29,0.0,2022-07-29,-0.1990431249141693,Slightly Negative,-0.4252188205718994,Negative
2022-07-28,0.0,,0.0,Neutral,-0.17627710103988647,Slightly Negative
2022-07-27,0.0,,0.0,Neutral,-0.04976078122854233,Neutral
2022-07-26,0.0,,0.0,Neutral,0.0,Neutral
2022-07-25,0.0,,0.0,Neutral,0.0,Neutral
2022-07-24,0.0,,0.0,Neutral,0.0,Neutral
2022-07-22,0.0,,0.0,Neutral,0.0,Neutral
2022-07-21,0.0,,0.0,Neutral,0.0,Neutral
2022-07-20,0.0,,0.0,Neutral,0.0,Neutral
2022-07-19,0.0,,0.0,Neutral,0.0,Neutral
2022-07-18,0.0,,0.0,Neutral,0.0,Neutral
2022-07-17,0.0,,0.0,Neutral,0.0,Neutral
2022-07-15,0.0,2022-07-15,-0.1234379112720489,Slightly Negative,-0.1234379112720489,Slightly Negative
2022-07-14,0.0,,0.0,Neutral,-0.06171895563602445,Slightly Negative
2022-07-13,0.0,2022-07-13,0.9082242250442504,Strongly Positive,0.8773647472262381,Strongly Positive
2022-07-12,0.0,,0.0,Neutral,0.4541121125221252,Positive
2022-07-11,0.0,,0.0,Neutral,0.2270560562610626,Positive
2022-07-08,0.0,,0.0,Neutral,0.0,Neutral
2022-07-07,0.0,,0.0,Neutral,0.0,Neutral
2022-07-06,0.0,,0.0,Neutral,0.0,Neutral
2022-07-05,0.0,,0.0,Neutral,0.0,Neutral
2022-07-04,0.0,2022-07-04,-0.2904195189476013,Negative,-0.2904195189476013,Negative
2022-07-03,0.0,,0.0,Neutral,-0.14520975947380066,Slightly Negative
2022-07-01,0.0,,0.0,Neutral,-0.07260487973690033,Slightly Negative
2022-06-30,0.0,2022-06-30,-0.2598440945148468,Negative,-0.2598440945148468,Negative
2022-06-29,0.0,,0.0,Neutral,-0.1299220472574234,Slightly Negative
2022-06-28,0.0,2022-06-28,0.4208382070064544,Positive,0.3558771833777427,Positive
2022-06-27,0.0,,0.0,Neutral,0.2104191035032272,Positive
2022-06-26,0.0,2022-06-26,-0.4419355690479278,Negative,-0.3367260172963142,Negative
2022-06-24,0.0,2022-06-24,0.5870148539543152,Positive,0.36604706943035126,Positive
2022-06-23,0.0,,0.0,Neutral,0.18302353471517563,Slightly Positive
2022-06-22,0.0,,0.0,Neutral,0.1467537134885788,Slightly Positive
2022-06-21,0.0,,0.0,Neutral,0.0,Neutral
2022-06-20,0.0,2022-06-20,0.5693178772926331,Positive,0.5693178772926331,Positive
2022-06-19,0.0,,0.0,Neutral,0.28465893864631653,Positive
2022-06-17,0.0,,0.0,Neutral,0.14232946932315826,Slightly Positive
2022-06-16,0.0,2022-06-16,0.8982492685317993,Strongly Positive,0.8982492685317993,Strongly Positive
2022-06-15,0.0,,0.0,Neutral,0.44912463426589966,Positive
2022-06-14,0.0,,0.0,Neutral,0.22456231713294983,Positive
2022-06-13,0.0,,0.0,Neutral,0.0,Neutral
2022-06-10,0.0,,0.0,Neutral,0.0,Neutral
2022-06-09,0.0,,0.0,Neutral,0.0,Neutral
2022-06-08,0.0,,0.0,Neutral,0.0,Neutral
2022-06-07,0.0,2022-06-07,0.2998286485671997,Positive,0.2998286485671997,Positive
2022-06-06,0.0,2022-06-06,0.0207726825028657,Neutral,0.17068700678646556,Slightly Positive
2022-06-03,0.0,,0.0,Neutral,0.08534350339323278,Slightly Positive
2022-06-02,0.0,2022-06-02,0.8461382985115051,Strongly Positive,0.8513314691372216,Strongly Positive
2022-06-01,0.0,2022-06-01,0.3814393877983093,Positive,0.8045085370540619,Strongly Positive
2022-05-31,0.0,,0.0,Neutral,0.40225426852703094,Positive
2022-05-30,0.0,,0.0,Neutral,0.09535984694957733,Slightly Positive
2022-05-27,0.0,,0.0,Neutral,0.0,Neutral
2022-05-26,0.0,,0.0,Neutral,0.0,Neutral
2022-05-25,0.0,,0.0,Neutral,0.0,Neutral
2022-05-24,0.0,2022-05-24,0.0325568914413452,Neutral,0.0325568914413452,Neutral
2022-05-23,0.0,,0.0,Neutral,0.0162784457206726,Neutral
2022-05-20,0.0,,0.0,Neutral,0.0081392228603363,Neutral
2022-05-19,0.0,,0.0,Neutral,0.0,Neutral
2022-05-18,0.0,2022-05-18,0.2235666513442993,Positive,0.2235666513442993,Positive
2022-05-17,0.0,,0.0,Neutral,0.11178332567214964,Slightly Positive
2022-05-12,0.0,,0.0,Neutral,0.05589166283607482,Slightly Positive
2022-05-11,0.0,,0.0,Neutral,0.0,Neutral
2022-05-10,0.0,,0.0,Neutral,0.0,Neutral
2022-05-09,0.0,,0.0,Neutral,0.0,Neutral
2022-05-08,0.0,,0.0,Neutral,0.0,Neutral
2022-05-05,0.0,,0.0,Neutral,0.0,Neutral
2022-05-04,0.0,,0.0,Neutral,0.0,Neutral
2022-05-02,0.0,,0.0,Neutral,0.0,Neutral
2022-04-28,0.0,,0.0,Neutral,0.0,Neutral
2022-04-27,0.0,,0.0,Neutral,0.0,Neutral
2022-04-26,0.0,2022-04-26,0.0814896821975708,Slightly Positive,0.0814896821975708,Slightly Positive
2022-04-25,0.0,,0.0,Neutral,0.0407448410987854,Neutral
2022-04-24,0.0,2022-04-24,0.4896917045116424,Positive,0.5100641250610352,Positive
2022-04-21,0.0,2022-04-21,0.435576420277357,Positive,0.6804222725331782,Strongly Positive
2022-04-20,0.0,2022-04-20,0.1363096833229065,Slightly Positive,0.4765208195894956,Positive
2022-04-19,0.0,2022-04-19,0.9145817756652832,Strongly Positive,1.0916307223960757,Strongly Positive
2022-04-18,0.0,2022-04-18,0.6108980178833008,Strongly Positive,1.102266326546669,Strongly Positive
2022-04-17,0.0,,0.0,Neutral,0.5340944528579712,Positive
2022-04-13,0.0,,0.0,Neutral,0.1527245044708252,Slightly Positive
2022-04-12,0.0,2022-04-12,0.5773056745529175,Positive,0.5773056745529175,Positive
2022-04-11,0.0,2022-04-11,0.8681013584136963,Strongly Positive,1.156754195690155,Strongly Positive
2022-04-07,0.0,,0.0,Neutral,0.5783770978450775,Positive
2022-04-06,0.0,2022-04-06,0.3428605794906616,Positive,0.5598859190940857,Positive
2022-04-05,0.0,2022-04-05,0.651929497718811,Strongly Positive,0.8233597874641418,Strongly Positive
2022-04-04,0.0,,0.0,Neutral,0.4116798937320709,Positive
2022-04-03,0.0,2022-04-03,-0.0272224247455596,Neutral,0.13575994968414315,Slightly Positive
2022-03-31,0.0,,0.0,Neutral,-0.0136112123727798,Neutral
2022-03-30,0.0,,0.0,Neutral,-0.0068056061863899,Neutral
2022-03-29,0.0,2022-03-29,0.8759951591491699,Strongly Positive,0.8759951591491699,Strongly Positive
2022-03-28,0.0,2022-03-28,0.6411234736442566,Strongly Positive,1.0791210532188416,Strongly Positive
2022-03-27,0.0,,0.0,Neutral,0.5395605266094208,Positive
2022-03-24,0.0,,0.0,Neutral,0.16028086841106415,Slightly Positive
2022-03-23,0.0,2022-03-23,-0.0178897380828857,Neutral,-0.0178897380828857,Neutral
2022-03-22,0.0,,0.0,Neutral,-0.00894486904144285,Neutral
2022-03-21,0.0,,0.0,Neutral,-0.004472434520721425,Neutral
2022-03-20,0.0,2022-03-20,0.8301899433135986,Strongly Positive,0.8301899433135986,Strongly Positive
2022-03-16,0.0,,0.0,Neutral,0.4150949716567993,Positive
2022-03-15,0.0,,0.0,Neutral,0.20754748582839966,Positive
2022-03-14,0.0,2022-03-14,0.5405178843066096,Positive,0.5405178843066096,Positive
2022-03-13,0.0,,0.0,Neutral,0.2702589421533048,Positive
2022-03-10,0.0,,0.0,Neutral,0.1351294710766524,Slightly Positive
2022-03-09,0.0,2022-03-09,-0.5977263450622559,Negative,-0.5977263450622559,Negative
2022-03-07,0.0,,0.0,Neutral,-0.29886317253112793,Negative
2022-03-06,0.0,,0.0,Neutral,-0.14943158626556396,Slightly Negative
2022-03-02,0.0,,0.0,Neutral,0.0,Neutral
2022-02-28,0.0,2022-02-28,0.4970417022705078,Positive,0.4970417022705078,Positive
2022-02-27,0.0,,0.0,Neutral,0.2485208511352539,Positive
2022-02-24,0.0,2022-02-24,0.5140209197998047,Positive,0.6382813453674316,Strongly Positive
2022-02-23,0.0,,0.0,Neutral,0.25701045989990234,Positive
2022-02-22,0.0,,0.0,Neutral,0.12850522994995117,Slightly Positive
2022-02-21,0.0,2022-02-21,0.5519900321960449,Positive,0.5519900321960449,Positive
2022-02-20,0.0,,0.0,Neutral,0.27599501609802246,Positive
2022-02-17,0.0,,0.0,Neutral,0.13799750804901123,Slightly Positive
2022-02-16,0.0,2022-02-16,0.5795700550079346,Positive,0.5795700550079346,Positive
2022-02-15,0.0,2022-02-15,-0.3125604093074798,Negative,-0.022775381803512518,Neutral
2022-02-14,0.0,2022-02-14,-0.5765681266784668,Negative,-0.5879558175802231,Negative
2022-02-13,0.0,2022-02-13,0.4978555937608083,Positive,0.13143142809470493,Slightly Positive
2022-02-10,0.0,,0.0,Neutral,0.10478576521078745,Slightly Positive
2022-02-09,0.0,,0.0,Neutral,0.12446389844020207,Slightly Positive
2022-02-08,0.0,2022-02-08,-0.0566993355751037,Slightly Negative,-0.0566993355751037,Slightly Negative
2022-02-07,0.0,2022-02-07,0.5250307619571686,Positive,0.49668109416961675,Positive
2022-02-06,0.0,,0.0,Neutral,0.24834054708480838,Positive
2022-02-03,0.0,2022-02-03,0.908535659313202,Strongly Positive,1.039793349802494,Strongly Positive
2022-02-01,0.0,,0.0,Neutral,0.454267829656601,Positive
2022-01-31,0.0,,0.0,Neutral,0.2271339148283005,Positive
2022-01-30,0.0,,0.0,Neutral,0.0,Neutral
2022-01-27,0.0,,0.0,Neutral,0.0,Neutral
2022-01-26,0.0,2022-01-26,0.4082410056143999,Positive,0.4082410056143999,Positive
2022-01-25,0.0,,0.0,Neutral,0.20412050280719995,Positive
2022-01-24,0.0,,0.0,Neutral,0.10206025140359998,Slightly Positive
2022-01-23,0.0,,0.0,Neutral,0.0,Neutral
2022-01-20,0.0,,0.0,Neutral,0.0,Neutral
2022-01-19,0.0,2022-01-19,0.3360106647014618,Positive,0.3360106647014618,Positive
2022-01-18,0.0,2022-01-18,0.3734949231147766,Positive,0.5415002554655075,Positive
2022-01-17,0.0,2022-01-17,0.4422468543052673,Positive,0.7129969820380211,Strongly Positive
2022-01-16,0.0,,0.0,Neutral,0.3144971579313278,Positive
2022-01-13,0.0,,0.0,Neutral,0.11056171357631682,Slightly Positive
2022-01-12,0.0,2022-01-12,-0.4808397889137268,Negative,-0.4808397889137268,Negative
2022-01-11,0.0,,0.0,Neutral,-0.2404198944568634,Negative
2022-01-10,0.0,2022-01-10,0.519367516040802,Positive,0.3991575688123703,Positive
2022-01-09,0.0,2022-01-09,0.7907711267471313,Strongly Positive,1.0504548847675323,Strongly Positive
2022-01-06,0.0,,0.0,Neutral,0.5252274423837662,Positive
2022-01-05,0.0,,0.0,Neutral,0.19769278168678284,Slightly Positive
2022-01-04,0.0,2022-01-04,0.65803462266922,Strongly Positive,0.65803462266922,Strongly Positive
2022-01-03,0.0,2022-01-03,0.0013054907321929,Neutral,0.33032280206680287,Positive
2022-01-02,0.0,,0.0,Neutral,0.16516140103340143,Slightly Positive
2021-12-29,0.0,,0.0,Neutral,0.000326372683048225,Neutral
2021-12-28,0.0,,0.0,Neutral,0.0,Neutral
2021-12-27,0.0,2021-12-27,0.1544867753982544,Slightly Positive,0.1544867753982544,Slightly Positive
2021-12-26,0.0,,0.0,Neutral,0.0772433876991272,Slightly Positive
2021-12-23,0.0,,0.0,Neutral,0.0386216938495636,Neutral
2021-12-22,0.0,,0.0,Neutral,0.0,Neutral
2021-12-21,0.0,2021-12-21,-0.6907034516334534,Strongly Negative,-0.6907034516334534,Strongly Negative
2021-12-20,0.0,,0.0,Neutral,-0.3453517258167267,Negative
2021-12-16,0.0,2021-12-16,0.7056154310703278,Strongly Positive,0.5329395681619644,Positive
2021-12-15,0.0,2021-12-15,-0.3610247150063515,Negative,-0.008216999471187647,Neutral
2021-12-14,0.0,2021-12-14,0.0240390766412019,Neutral,0.019930576905608066,Neutral
2021-12-13,0.0,,0.0,Neutral,-0.07823664043098694,Slightly Negative
2021-12-12,0.0,,0.0,Neutral,0.006009769160300475,Neutral
2021-12-09,0.0,2021-12-09,0.7948119044303894,Strongly Positive,0.7948119044303894,Strongly Positive
2021-12-08,0.0,,0.0,Neutral,0.3974059522151947,Positive
2021-12-07,0.0,,0.0,Neutral,0.19870297610759735,Slightly Positive
2021-12-06,0.0,2021-12-06,-0.0454929023981094,Neutral,-0.0454929023981094,Neutral
2021-12-05,0.0,2021-12-05,-0.3157088458538055,Negative,-0.3384552970528602,Negative
2021-12-02,0.0,,0.0,Neutral,-0.1692276485264301,Slightly Negative
2021-12-01,0.0,,0.0,Neutral,-0.07892721146345137,Slightly Negative
2021-11-30,0.0,2021-11-30,0.0353909358382225,Neutral,0.0353909358382225,Neutral
2021-11-29,0.0,,0.0,Neutral,0.01769546791911125,Neutral
2021-11-28,0.0,,0.0,Neutral,0.008847733959555624,Neutral
2021-11-25,0.0,2021-11-25,-0.1864838898181915,Slightly Negative,-0.1864838898181915,Slightly Negative
2021-11-24,0.0,2021-11-24,-0.2785083949565887,Negative,-0.37175033986568445,Negative
2021-11-23,0.0,2021-11-23,0.6356387138366699,Strongly Positive,0.44976354390382767,Positive
2021-11-22,0.0,2021-11-22,0.0131739825010299,Neutral,0.2613662406802177,Positive
2021-11-21,0.0,,0.0,Neutral,0.16549666970968244,Slightly Positive
2021-11-18,0.0,,0.0,Neutral,0.003293495625257475,Neutral
2021-11-17,0.0,2021-11-17,0.6861373782157898,Strongly Positive,0.6861373782157898,Strongly Positive
2021-11-16,0.0,2021-11-16,0.8141272664070129,Strongly Positive,1.1571959555149078,Strongly Positive
2021-11-15,0.0,2021-11-15,0.4076647162437439,Positive,0.9862626940011978,Strongly Positive
2021-11-14,0.0,2021-11-14,0.0491418664654096,Neutral,0.45650604118903476,Positive
2021-11-11,0.0,2021-11-11,0.2226513624191284,Positive,0.34913847471276915,Positive
2021-11-09,0.0,,0.0,Neutral,0.12361114782591659,Slightly Positive
2021-11-08,0.0,2021-11-08,0.4568291008472442,Positive,0.5124919414520263,Positive
2021-11-03,0.0,2021-11-03,0.2788993418216705,Positive,0.5073138922452926,Positive
2021-11-02,0.0,,0.0,Neutral,0.2536569461226463,Positive
2021-11-01,0.0,2021-11-01,0.1046939715743064,Slightly Positive,0.174418807029724,Slightly Positive
2021-10-31,0.0,,0.0,Neutral,0.0523469857871532,Slightly Positive
2021-10-28,0.0,,0.0,Neutral,0.0261734928935766,Neutral
2021-10-27,0.0,,0.0,Neutral,0.0,Neutral
2021-10-26,0.0,,0.0,Neutral,0.0,Neutral
2021-10-25,0.0,,0.0,Neutral,0.0,Neutral
2021-10-24,0.0,,0.0,Neutral,0.0,Neutral
2021-10-21,0.0,2021-10-21,0.8713273406028748,Strongly Positive,0.8713273406028748,Strongly Positive
2021-10-20,0.0,2021-10-20,0.6123760342597961,Strongly Positive,1.0480397045612335,Strongly Positive
2021-10-19,0.0,,0.0,Neutral,0.5240198522806168,Positive
2021-10-18,0.0,2021-10-18,0.8018708229064941,Strongly Positive,0.9549648314714432,Strongly Positive
2021-10-17,0.0,2021-10-17,0.9213525056838988,Strongly Positive,1.322287917137146,Strongly Positive
2021-10-11,0.0,2021-10-11,0.857159435749054,Strongly Positive,1.518303394317627,Strongly Positive
2021-10-10,0.0,,0.0,Neutral,0.6589178442955017,Strongly Positive
2021-10-06,0.0,2021-10-06,0.9232880473136902,Strongly Positive,1.1375779062509537,Strongly Positive
2021-10-05,0.0,2021-10-05,0.4259742498397827,Positive,0.8876182734966278,Strongly Positive
2021-10-04,0.0,2021-10-04,-0.1786015033721923,Slightly Negative,0.26520763337612163,Positive
2021-10-03,0.0,,0.0,Neutral,0.01719281077384953,Neutral
2021-09-30,0.0,,0.0,Neutral,-0.044650375843048075,Neutral
2021-09-29,0.0,2021-09-29,0.9257281422615052,Strongly Positive,0.9257281422615052,Strongly Positive
2021-09-28,0.0,2021-09-28,0.261738121509552,Positive,0.7246021926403046,Strongly Positive
2021-09-27,0.0,,0.0,Neutral,0.3623010963201523,Positive
2021-09-26,0.0,,0.0,Neutral,0.065434530377388,Slightly Positive
2021-09-23,0.0,2021-09-23,-0.5558741092681885,Negative,-0.5558741092681885,Negative
2021-09-22,0.0,,0.0,Neutral,-0.27793705463409424,Negative
2021-09-21,0.0,,0.0,Neutral,-0.13896852731704712,Slightly Negative
2021-09-20,0.0,,0.0,Neutral,0.0,Neutral
2021-09-16,0.0,2021-09-16,0.5890231132507324,Positive,0.5890231132507324,Positive
2021-09-15,0.0,,0.0,Neutral,0.2945115566253662,Positive
2021-09-14,0.0,,0.0,Neutral,0.1472557783126831,Slightly Positive
2021-09-13,0.0,,0.0,Neutral,0.0,Neutral
2021-09-12,0.0,2021-09-12,0.4431141316890716,Positive,0.4431141316890716,Positive
2021-09-09,0.0,,0.0,Neutral,0.2215570658445358,Positive
2021-09-08,0.0,,0.0,Neutral,0.1107785329222679,Slightly Positive
2021-09-07,0.0,,0.0,Neutral,0.0,Neutral
2021-09-06,0.0,,0.0,Neutral,0.0,Neutral
2021-09-05,0.0,,0.0,Neutral,0.0,Neutral
2021-09-02,0.0,,0.0,Neutral,0.0,Neutral
2021-09-01,0.0,,0.0,Neutral,0.0,Neutral
2021-08-31,0.0,,0.0,Neutral,0.0,Neutral
2021-08-29,0.0,,0.0,Neutral,0.0,Neutral
2021-08-26,0.0,,0.0,Neutral,0.0,Neutral
2021-08-25,0.0,,0.0,Neutral,0.0,Neutral
2021-08-24,0.0,,0.0,Neutral,0.0,Neutral
2021-08-19,0.0,2021-08-19,0.5259397625923157,Positive,0.5259397625923157,Positive
2021-08-18,0.0,,0.0,Neutral,0.26296988129615784,Positive
2021-08-17,0.0,,0.0,Neutral,0.13148494064807892,Slightly Positive
2021-08-16,0.0,2021-08-16,0.146904706954956,Slightly Positive,0.146904706954956,Slightly Positive
2021-08-15,0.0,,0.0,Neutral,0.073452353477478,Slightly Positive
2021-08-12,0.0,,0.0,Neutral,0.036726176738739,Neutral
2021-08-11,0.0,,0.0,Neutral,0.0,Neutral
2021-08-10,0.0,,0.0,Neutral,0.0,Neutral
2021-08-09,0.0,,0.0,Neutral,0.0,Neutral
2021-08-08,0.0,,0.0,Neutral,0.0,Neutral
2021-08-05,0.0,,0.0,Neutral,0.0,Neutral
2021-08-04,0.0,2021-08-04,-0.4183864593505859,Negative,-0.4183864593505859,Negative
2021-08-03,0.0,,0.0,Neutral,-0.20919322967529294,Negative
2021-08-02,0.0,,0.0,Neutral,-0.10459661483764647,Slightly Negative
2021-08-01,0.0,,0.0,Neutral,0.0,Neutral
2021-07-29,0.0,,0.0,Neutral,0.0,Neutral
2021-07-28,0.0,,0.0,Neutral,0.0,Neutral
2021-07-27,0.0,,0.0,Neutral,0.0,Neutral
2021-07-26,0.0,,0.0,Neutral,0.0,Neutral
2021-07-25,0.0,2021-07-25,-0.1586503386497497,Slightly Negative,-0.1586503386497497,Slightly Negative
2021-07-22,0.0,,0.0,Neutral,-0.07932516932487485,Slightly Negative
2021-07-20,0.0,,0.0,Neutral,-0.039662584662437425,Neutral
2021-07-19,0.0,,0.0,Neutral,0.0,Neutral
2021-07-18,0.0,,0.0,Neutral,0.0,Neutral
2021-07-15,0.0,2021-07-15,0.2684071958065033,Positive,0.2684071958065033,Positive
2021-07-14,0.0,,0.0,Neutral,0.13420359790325165,Slightly Positive
2021-07-13,0.0,,0.0,Neutral,0.06710179895162582,Slightly Positive
2021-07-12,0.0,,0.0,Neutral,0.0,Neutral
2021-07-11,0.0,2021-07-11,0.7197643518447876,Strongly Positive,0.7197643518447876,Strongly Positive
2021-07-08,0.0,,0.0,Neutral,0.3598821759223938,Positive
2021-07-07,0.0,2021-07-07,0.0943080335855484,Slightly Positive,0.2742491215467453,Positive
2021-07-06,0.0,,0.0,Neutral,0.0471540167927742,Neutral
2021-07-05,0.0,,0.0,Neutral,0.0235770083963871,Neutral
2021-07-04,0.0,,0.0,Neutral,0.0,Neutral
2021-07-01,0.0,,0.0,Neutral,0.0,Neutral
2021-06-30,0.0,2021-06-30,0.864063024520874,Strongly Positive,0.864063024520874,Strongly Positive
2021-06-29,0.0,,0.0,Neutral,0.432031512260437,Positive
2021-06-28,0.0,,0.0,Neutral,0.2160157561302185,Positive
2021-06-27,0.0,,0.0,Neutral,0.0,Neutral
2021-06-24,0.0,,0.0,Neutral,0.0,Neutral
2021-06-23,0.0,,0.0,Neutral,0.0,Neutral
2021-06-22,0.0,,0.0,Neutral,0.0,Neutral
2021-06-21,0.0,,0.0,Neutral,0.0,Neutral
2021-06-20,0.0,,0.0,Neutral,0.0,Neutral
2021-06-17,0.0,,0.0,Neutral,0.0,Neutral
2021-06-16,0.0,,0.0,Neutral,0.0,Neutral
2021-06-15,0.0,,0.0,Neutral,0.0,Neutral
2021-06-14,0.0,2021-06-14,0.6951586504777273,Strongly Positive,0.6951586504777273,Strongly Positive
2021-06-13,0.0,,0.0,Neutral,0.34757932523886365,Positive
2021-06-10,0.0,,0.0,Neutral,0.17378966261943182,Slightly Positive
2021-06-09,0.0,,0.0,Neutral,0.0,Neutral
2021-06-08,0.0,,0.0,Neutral,0.0,Neutral
2021-06-07,0.0,,0.0,Neutral,0.0,Neutral
2021-06-06,0.0,,0.0,Neutral,0.0,Neutral
2021-06-03,0.0,,0.0,Neutral,0.0,Neutral
2021-06-02,0.0,,0.0,Neutral,0.0,Neutral
2021-06-01,0.0,,0.0,Neutral,0.0,Neutral
2021-05-31,0.0,,0.0,Neutral,0.0,Neutral
2021-05-30,0.0,,0.0,Neutral,0.0,Neutral
2021-05-27,0.0,2021-05-27,0.2186865657567978,Positive,0.2186865657567978,Positive
2021-05-25,0.0,2021-05-25,0.655621349811554,Strongly Positive,0.7649646326899529,Strongly Positive
2021-05-24,0.0,,0.0,Neutral,0.3824823163449764,Positive
2021-05-23,0.0,,0.0,Neutral,0.1639053374528885,Slightly Positive
2021-05-20,0.0,,0.0,Neutral,0.0,Neutral
2021-05-19,0.0,,0.0,Neutral,0.0,Neutral
2021-05-18,0.0,,0.0,Neutral,0.0,Neutral
2021-05-17,0.0,,0.0,Neutral,0.0,Neutral
2021-05-16,0.0,2021-05-16,0.8713140487670898,Strongly Positive,0.8713140487670898,Strongly Positive
2021-05-13,0.0,,0.0,Neutral,0.4356570243835449,Positive
2021-05-12,0.0,,0.0,Neutral,0.21782851219177246,Positive
2021-05-11,0.0,,0.0,Neutral,0.0,Neutral
2021-05-10,0.0,,0.0,Neutral,0.0,Neutral
2021-05-09,0.0,,0.0,Neutral,0.0,Neutral
2021-05-06,0.0,,0.0,Neutral,0.0,Neutral
2021-05-05,0.0,,0.0,Neutral,0.0,Neutral
2021-05-04,0.0,,0.0,Neutral,0.0,Neutral
2021-05-03,0.0,,0.0,Neutral,0.0,Neutral
2021-05-02,0.0,2021-05-02,0.1060797721147537,Slightly Positive,0.1060797721147537,Slightly Positive
2021-04-29,0.0,2021-04-29,-0.3356136381626129,Negative,-0.28257375210523605,Negative
2021-04-28,0.0,2021-04-28,0.0036563519388437,Neutral,-0.13763052411377433,Slightly Negative
2021-04-27,0.0,,0.0,Neutral,-0.08207523357123138,Slightly Negative
2021-04-26,0.0,,0.0,Neutral,0.000914087984710925,Neutral
2021-04-25,0.0,,0.0,Neutral,0.0,Neutral
2021-04-22,0.0,,0.0,Neutral,0.0,Neutral
2021-01-31,0.0,2021-01-31,0.0300732478499412,Neutral,0.0300732478499412,Neutral
2021-01-28,0.0,2021-01-28,0.7391324043273926,Strongly Positive,0.7541690282523632,Strongly Positive
2021-01-27,0.0,2021-01-27,0.9172951579093932,Strongly Positive,1.294379672035575,Strongly Positive
2021-01-26,0.0,2021-01-26,-0.5346378684043884,Negative,0.10879281163215632,Slightly Positive
2021-01-25,0.0,,0.0,Neutral,-0.037995144724845914,Neutral
2021-01-24,0.0,,0.0,Neutral,-0.1336594671010971,Slightly Negative
2021-01-21,0.0,2021-01-21,-0.8496271967887878,Strongly Negative,-0.8496271967887878,Strongly Negative
2021-01-20,0.0,,0.0,Neutral,-0.4248135983943939,Negative
2021-01-19,0.0,,0.0,Neutral,-0.21240679919719696,Negative
2021-01-18,0.0,,0.0,Neutral,0.0,Neutral
2021-01-17,0.0,2021-01-17,0.3041101396083832,Positive,0.3041101396083832,Positive
2021-01-13,0.0,2021-01-13,0.4864499568939209,Positive,0.6385050266981125,Strongly Positive
2021-01-12,0.0,,0.0,Neutral,0.31925251334905624,Positive
2021-01-11,0.0,2021-01-11,-0.3791023790836334,Negative,-0.2574898898601532,Negative
2021-01-10,0.0,2021-01-10,-0.4561843276023865,Negative,-0.6457355171442032,Strongly Negative
2021-01-07,0.0,2021-01-07,0.698971003293991,Strongly Positive,0.3761032447218894,Positive
2021-01-06,0.0,,0.0,Neutral,0.23543941974639887,Positive
2021-01-05,0.0,,0.0,Neutral,0.17474275082349774,Slightly Positive
2021-01-04,0.0,,0.0,Neutral,0.0,Neutral
2021-01-03,0.0,2021-01-03,-0.3271416127681732,Negative,-0.3271416127681732,Negative
2020-12-31,0.0,,0.0,Neutral,-0.1635708063840866,Slightly Negative
2020-12-30,0.0,2020-12-30,-0.4411584436893463,Negative,-0.5229438468813896,Negative
2020-12-29,0.0,,0.0,Neutral,-0.22057922184467316,Negative
2020-12-28,0.0,,0.0,Neutral,-0.11028961092233658,Slightly Negative
2020-12-27,0.0,,0.0,Neutral,0.0,Neutral
2020-12-24,0.0,2020-12-24,0.512558102607727,Positive,0.512558102607727,Positive
2020-12-23,0.0,,0.0,Neutral,0.2562790513038635,Positive
2020-12-22,0.0,,0.0,Neutral,0.12813952565193176,Slightly Positive
2020-12-21,0.0,2020-12-21,-0.5311627984046936,Negative,-0.5311627984046936,Negative
2020-12-20,0.0,,0.0,Neutral,-0.2655813992023468,Negative
2020-12-17,0.0,2020-12-17,0.6602139472961426,Strongly Positive,0.5274232476949692,Positive
2020-12-16,0.0,2020-12-16,0.6675947904586792,Strongly Positive,0.9977017641067505,Strongly Positive
2020-12-15,0.0,,0.0,Neutral,0.49885088205337524,Positive
2020-12-14,0.0,,0.0,Neutral,0.1668986976146698,Slightly Positive
2020-12-13,0.0,,0.0,Neutral,0.0,Neutral
2020-12-10,0.0,,0.0,Neutral,0.0,Neutral
2020-12-09,0.0,2020-12-09,0.1103778183460235,Slightly Positive,0.1103778183460235,Slightly Positive
2020-12-08,0.0,,0.0,Neutral,0.05518890917301175,Slightly Positive
2020-12-07,0.0,2020-12-07,0.6842315196990967,Strongly Positive,0.7118259742856026,Strongly Positive
2020-12-06,0.0,,0.0,Neutral,0.34211575984954834,Positive
2020-12-03,0.0,,0.0,Neutral,0.17105787992477417,Slightly Positive
2020-12-02,0.0,,0.0,Neutral,0.0,Neutral
2020-12-01,0.0,,0.0,Neutral,0.0,Neutral
2020-11-30,0.0,,0.0,Neutral,0.0,Neutral
2020-11-29,0.0,,0.0,Neutral,0.0,Neutral
2020-11-26,0.0,,0.0,Neutral,0.0,Neutral
2020-11-25,0.0,2020-11-25,0.8829460740089417,Strongly Positive,0.8829460740089417,Strongly Positive
2020-11-24,0.0,,0.0,Neutral,0.4414730370044708,Positive
2020-11-23,0.0,,0.0,Neutral,0.2207365185022354,Positive
2020-11-22,0.0,,0.0,Neutral,0.0,Neutral
2020-11-19,0.0,,0.0,Neutral,0.0,Neutral
2020-11-18,0.0,2020-11-18,0.1508250832557678,Slightly Positive,0.1508250832557678,Slightly Positive
2020-11-12,0.0,,0.0,Neutral,0.0754125416278839,Slightly Positive
2020-11-11,0.0,,0.0,Neutral,0.03770627081394195,Neutral
2020-11-10,0.0,2020-11-10,0.0448877215385437,Neutral,0.0448877215385437,Neutral
2020-11-09,0.0,,0.0,Neutral,0.02244386076927185,Neutral
2020-11-08,0.0,,0.0,Neutral,0.011221930384635925,Neutral
2020-11-05,0.0,2020-11-05,0.9027197360992432,Strongly Positive,0.9027197360992432,Strongly Positive
2020-11-04,0.0,,0.0,Neutral,0.4513598680496216,Positive
2020-11-03,0.0,,0.0,Neutral,0.2256799340248108,Positive
2020-11-02,0.0,,0.0,Neutral,0.0,Neutral
2020-11-01,0.0,,0.0,Neutral,0.0,Neutral
2020-10-29,0.0,,0.0,Neutral,0.0,Neutral
2020-10-28,0.0,,0.0,Neutral,0.0,Neutral
2020-10-22,0.0,,0.0,Neutral,0.0,Neutral
2020-10-21,0.0,2020-10-21,0.8985637426376343,Strongly Positive,0.8985637426376343,Strongly Positive
2020-10-20,0.0,,0.0,Neutral,0.44928187131881714,Positive
2020-10-19,0.0,2020-10-19,0.906398057937622,Strongly Positive,1.1310389935970306,Strongly Positive
2020-10-15,0.0,2020-10-15,0.6376285552978516,Strongly Positive,1.0908275842666626,Strongly Positive
2020-10-14,0.0,,0.0,Neutral,0.5454137921333313,Positive
2020-10-13,0.0,,0.0,Neutral,0.1594071388244629,Slightly Positive
2020-10-12,0.0,,0.0,Neutral,0.0,Neutral
2020-10-11,0.0,,0.0,Neutral,0.0,Neutral
2020-10-08,0.0,,0.0,Neutral,0.0,Neutral
2020-10-07,0.0,,0.0,Neutral,0.0,Neutral
2020-10-06,0.0,,0.0,Neutral,0.0,Neutral
2020-10-05,0.0,,0.0,Neutral,0.0,Neutral
2020-10-04,0.0,,0.0,Neutral,0.0,Neutral
2020-09-30,0.0,,0.0,Neutral,0.0,Neutral
2020-09-29,0.0,,0.0,Neutral,0.0,Neutral
2020-09-28,0.0,,0.0,Neutral,0.0,Neutral
2020-09-27,0.0,,0.0,Neutral,0.0,Neutral
2020-09-24,0.0,,0.0,Neutral,0.0,Neutral
2020-09-23,0.0,,0.0,Neutral,0.0,Neutral
2020-09-22,0.0,,0.0,Neutral,0.0,Neutral
2020-09-21,0.0,,0.0,Neutral,0.0,Neutral
2020-09-17,0.0,,0.0,Neutral,0.0,Neutral
2020-09-16,0.0,2020-09-16,0.859821081161499,Strongly Positive,0.859821081161499,Strongly Positive
2020-09-15,0.0,2020-09-15,0.88677579164505,Strongly Positive,1.3166863322257996,Strongly Positive
2020-09-13,0.0,,0.0,Neutral,0.6583431661128998,Strongly Positive
2020-09-10,0.0,,0.0,Neutral,0.2216939479112625,Positive
2020-09-09,0.0,,0.0,Neutral,0.0,Neutral
2020-09-07,0.0,,0.0,Neutral,0.0,Neutral
2020-09-06,0.0,,0.0,Neutral,0.0,Neutral
2020-09-03,0.0,,0.0,Neutral,0.0,Neutral
2020-09-02,0.0,,0.0,Neutral,0.0,Neutral
2020-08-31,0.0,,0.0,Neutral,0.0,Neutral
2020-08-30,0.0,,0.0,Neutral,0.0,Neutral
2020-08-27,0.0,,0.0,Neutral,0.0,Neutral
2020-08-26,0.0,2020-08-26,0.4787486214190721,Positive,0.4787486214190721,Positive
2020-08-25,0.0,,0.0,Neutral,0.23937431070953605,Positive
2020-08-23,0.0,,0.0,Neutral,0.11968715535476802,Slightly Positive
2020-08-20,0.0,2020-08-20,0.3619968295097351,Positive,0.3619968295097351,Positive
2020-08-19,0.0,,0.0,Neutral,0.18099841475486755,Slightly Positive
2020-08-18,0.0,,0.0,Neutral,0.09049920737743378,Slightly Positive
2020-08-16,0.0,2020-08-16,0.0681280344724655,Slightly Positive,0.0681280344724655,Slightly Positive
2020-08-12,0.0,,0.0,Neutral,0.03406401723623275,Neutral
2020-08-11,0.0,,0.0,Neutral,0.017032008618116375,Neutral
2020-08-10,0.0,,0.0,Neutral,0.0,Neutral
2020-08-05,0.0,,0.0,Neutral,0.0,Neutral
2020-08-03,0.0,,0.0,Neutral,0.0,Neutral
2020-08-02,0.0,,0.0,Neutral,0.0,Neutral
2020-07-30,0.0,,0.0,Neutral,0.0,Neutral
2020-07-29,0.0,2020-07-29,0.8600679636001587,Strongly Positive,0.8600679636001587,Strongly Positive
2020-07-28,0.0,,0.0,Neutral,0.43003398180007935,Positive
2020-07-27,0.0,,0.0,Neutral,0.21501699090003967,Positive
2020-07-26,0.0,,0.0,Neutral,0.0,Neutral
2020-07-23,0.0,,0.0,Neutral,0.0,Neutral
2020-07-22,0.0,2020-07-22,0.5365362167358398,Positive,0.5365362167358398,Positive
2020-07-21,0.0,,0.0,Neutral,0.2682681083679199,Positive
2020-07-20,0.0,,0.0,Neutral,0.13413405418395996,Slightly Positive
2020-07-16,0.0,,0.0,Neutral,0.0,Neutral
2020-07-15,0.0,,0.0,Neutral,0.0,Neutral
2020-07-14,0.0,,0.0,Neutral,0.0,Neutral
2020-07-13,0.0,,0.0,Neutral,0.0,Neutral
2020-07-09,0.0,2020-07-09,0.8973246514797211,Strongly Positive,0.8973246514797211,Strongly Positive
2020-07-08,0.0,,0.0,Neutral,0.44866232573986053,Positive
2020-07-07,0.0,,0.0,Neutral,0.22433116286993027,Positive
2020-07-06,0.0,,0.0,Neutral,0.0,Neutral
2020-07-01,0.0,2020-07-01,-0.564888060092926,Negative,-0.564888060092926,Negative
2020-06-29,0.0,,0.0,Neutral,-0.282444030046463,Negative
2020-03-19,0.0,,0.0,Neutral,-0.1412220150232315,Slightly Negative
2020-03-18,0.0,,0.0,Neutral,0.0,Neutral
2020-03-17,0.0,2020-03-17,0.8020090460777283,Strongly Positive,0.8020090460777283,Strongly Positive
2020-03-16,0.0,2020-03-16,0.6043878793716431,Strongly Positive,1.0053924024105072,Strongly Positive
2020-03-15,0.0,2020-03-15,0.8521060943603516,Strongly Positive,1.3548022955656052,Strongly Positive
2020-03-12,0.0,,0.0,Neutral,0.5771500170230865,Positive
2020-03-11,0.0,2020-03-11,0.6391243934631348,Strongly Positive,0.8521509170532227,Strongly Positive
2020-03-05,0.0,2020-03-05,0.7326845228672028,Strongly Positive,1.0522467195987701,Strongly Positive
2020-03-04,0.0,2020-03-04,-0.0493215024471282,Neutral,0.4768018573522569,Positive
2020-03-03,0.0,2020-03-03,0.9211212992668152,Strongly Positive,1.0796316787600517,Strongly Positive
2020-03-02,0.0,2020-03-02,0.7860763669013977,Strongly Positive,1.2343066409230232,Strongly Positive
2020-03-01,0.0,,0.0,Neutral,0.6233185082674026,Strongly Positive
2020-02-27,0.0,2020-02-27,0.4762963950634002,Positive,0.6728154867887497,Strongly Positive
2020-02-26,0.0,2020-02-26,-0.5152184963226318,Negative,-0.2770702987909317,Negative
2020-02-25,0.0,2020-02-25,0.9188093543052672,Strongly Positive,0.7802742049098014,Strongly Positive
2020-02-24,0.0,2020-02-24,0.0043060332536697,Neutral,0.33490608632564534,Positive
2020-02-23,0.0,2020-02-23,0.0224795639514923,Neutral,0.25433491915464396,Positive
2020-02-20,0.0,2020-02-20,0.7416114807128906,Strongly Positive,0.7539277710020542,Strongly Positive
2020-02-19,0.0,2020-02-19,0.5676307678222656,Positive,0.944056399166584,Strongly Positive
2020-02-18,0.0,,0.0,Neutral,0.46921825408935547,Positive
2020-02-17,0.0,2020-02-17,0.7569572925567627,Strongly Positive,0.8988649845123291,Strongly Positive
2020-02-16,0.0,2020-02-16,0.3593215346336365,Positive,0.7378001809120178,Strongly Positive
2020-02-13,0.0,2020-02-13,-0.1728152632713318,Slightly Negative,0.19608482718467712,Slightly Positive
2020-02-12,0.0,,0.0,Neutral,0.003422752022743225,Neutral
2020-02-11,0.0,2020-02-11,-0.6466630697250366,Strongly Negative,-0.6898668855428696,Strongly Negative
2020-02-10,0.0,,0.0,Neutral,-0.3233315348625183,Negative
2020-02-09,0.0,,0.0,Neutral,-0.16166576743125916,Slightly Negative
2020-02-06,0.0,,0.0,Neutral,0.0,Neutral
2020-02-05,0.0,2020-02-05,0.879252552986145,Strongly Positive,0.879252552986145,Strongly Positive
2020-02-04,0.0,,0.0,Neutral,0.4396262764930725,Positive
2020-02-03,0.0,,0.0,Neutral,0.21981313824653625,Positive
2020-02-02,0.0,,0.0,Neutral,0.0,Neutral
2020-01-30,0.0,,0.0,Neutral,0.0,Neutral
2020-01-29,0.0,,0.0,Neutral,0.0,Neutral
2020-01-28,0.0,2020-01-28,0.283295214176178,Positive,0.283295214176178,Positive
2020-01-27,0.0,,0.0,Neutral,0.141647607088089,Slightly Positive
2020-01-26,0.0,2020-01-26,0.8893269896507263,Strongly Positive,0.9601507931947708,Strongly Positive
2020-01-23,0.0,,0.0,Neutral,0.44466349482536316,Positive
2020-01-22,0.0,,0.0,Neutral,0.22233174741268158,Positive
2020-01-21,0.0,,0.0,Neutral,0.0,Neutral
2020-01-20,0.0,2020-01-20,-0.2280759774148464,Negative,-0.2280759774148464,Negative
2020-01-19,0.0,,0.0,Neutral,-0.1140379887074232,Slightly Negative
2020-01-16,0.0,,0.0,Neutral,-0.0570189943537116,Slightly Negative
2020-01-15,0.0,,0.0,Neutral,0.0,Neutral
2020-01-14,0.0,2020-01-14,0.5020753741264343,Positive,0.5020753741264343,Positive
2020-01-13,0.0,,0.0,Neutral,0.25103768706321716,Positive
2020-01-12,0.0,,0.0,Neutral,0.12551884353160858,Slightly Positive
2020-01-09,0.0,,0.0,Neutral,0.0,Neutral
2020-01-08,0.0,,0.0,Neutral,0.0,Neutral
2020-01-07,0.0,,0.0,Neutral,0.0,Neutral
2020-01-06,0.0,,0.0,Neutral,0.0,Neutral
2020-01-05,0.0,2020-01-05,0.5616716295480728,Positive,0.5616716295480728,Positive
2020-01-02,0.0,,0.0,Neutral,0.2808358147740364,Positive
2020-01-01,0.0,,0.0,Neutral,0.1404179073870182,Slightly Positive
2019-12-31,0.0,,0.0,Neutral,0.0,Neutral
2019-12-30,0.0,2019-12-30,0.7870628833770752,Strongly Positive,0.7870628833770752,Strongly Positive
2019-12-29,0.0,,0.0,Neutral,0.3935314416885376,Positive
2019-12-26,0.0,2019-12-26,0.3885568231344224,Positive,0.5853225439786912,Positive
2019-12-25,0.0,,0.0,Neutral,0.1942784115672112,Slightly Positive
2019-12-23,0.0,,0.0,Neutral,0.0971392057836056,Slightly Positive
2019-12-22,0.0,,0.0,Neutral,0.0,Neutral
2019-12-19,0.0,,0.0,Neutral,0.0,Neutral
2019-12-18,0.0,,0.0,Neutral,0.0,Neutral
2019-12-15,0.0,,0.0,Neutral,0.0,Neutral
2019-12-04,0.0,,0.0,Neutral,0.0,Neutral
2019-11-28,0.0,,0.0,Neutral,0.0,Neutral
2019-11-26,0.0,,0.0,Neutral,0.0,Neutral
2019-11-24,0.0,2019-11-24,0.7399795055389404,Strongly Positive,0.7399795055389404,Strongly Positive
2019-11-19,0.0,2019-11-19,0.4210245609283447,Positive,0.7910143136978149,Strongly Positive
2019-11-18,0.0,,0.0,Neutral,0.39550715684890747,Positive
2019-11-17,0.0,,0.0,Neutral,0.10525614023208618,Slightly Positive
2019-10-15,0.0,,0.0,Neutral,0.0,Neutral
2019-10-14,0.0,,0.0,Neutral,0.0,Neutral
2019-09-26,0.0,2019-09-26,0.5172597169876099,Positive,0.5172597169876099,Positive
2019-09-25,0.0,,0.0,Neutral,0.25862985849380493,Positive
2019-09-24,0.0,2019-09-24,-0.0042473077774047,Neutral,0.12506762146949776,Slightly Positive
2019-09-19,0.0,,0.0,Neutral,-0.00212365388870235,Neutral
2019-09-18,0.0,,0.0,Neutral,-0.001061826944351175,Neutral
2019-09-17,0.0,2019-09-17,0.4095453321933746,Positive,0.4095453321933746,Positive
2019-09-11,0.0,2019-09-11,0.869890034198761,Strongly Positive,1.0746627002954483,Strongly Positive
2019-09-10,0.0,,0.0,Neutral,0.5373313501477242,Positive
2019-09-09,0.0,,0.0,Neutral,0.21747250854969025,Positive
2019-08-29,0.0,,0.0,Neutral,0.0,Neutral
2019-08-25,0.0,,0.0,Neutral,0.0,Neutral
2019-08-22,0.0,,0.0,Neutral,0.0,Neutral
2019-08-21,0.0,,0.0,Neutral,0.0,Neutral
2019-08-20,0.0,,0.0,Neutral,0.0,Neutral
2019-08-15,0.0,,0.0,Neutral,0.0,Neutral
2019-08-14,0.0,2019-08-14,0.8356881737709045,Strongly Positive,0.8356881737709045,Strongly Positive
2019-08-12,0.0,,0.0,Neutral,0.41784408688545227,Positive
2019-08-11,0.0,,0.0,Neutral,0.20892204344272614,Positive
2019-08-08,0.0,,0.0,Neutral,0.0,Neutral
2019-08-07,0.0,2019-08-07,-0.4570404589176178,Negative,-0.4570404589176178,Negative
2019-08-06,0.0,,0.0,Neutral,-0.2285202294588089,Negative
2019-08-01,0.0,,0.0,Neutral,-0.11426011472940445,Slightly Negative
2019-07-31,0.0,2019-07-31,-0.4471966624259949,Negative,-0.4471966624259949,Negative
2019-07-30,0.0,,0.0,Neutral,-0.22359833121299744,Negative
2019-07-28,0.0,,0.0,Neutral,-0.11179916560649872,Slightly Negative
2019-07-25,0.0,,0.0,Neutral,0.0,Neutral
2019-07-07,0.0,2019-07-07,0.8937943577766418,Strongly Positive,0.8937943577766418,Strongly Positive
2019-07-02,0.0,2019-07-02,-0.2368516623973846,Negative,0.21004551649093633,Positive
2019-06-26,0.0,,0.0,Neutral,0.10502275824546817,Slightly Positive
2019-06-25,0.0,,0.0,Neutral,-0.05921291559934615,Slightly Negative
2019-06-12,0.0,,0.0,Neutral,0.0,Neutral
2019-06-11,0.0,,0.0,Neutral,0.0,Neutral
2019-06-06,0.0,,0.0,Neutral,0.0,Neutral
2019-06-04,0.0,,0.0,Neutral,0.0,Neutral
2019-06-03,0.0,,0.0,Neutral,0.0,Neutral
2019-05-29,0.0,2019-05-29,0.3382772803306579,Positive,0.3382772803306579,Positive
2019-05-23,0.0,,0.0,Neutral,0.16913864016532895,Slightly Positive
2019-05-21,0.0,,0.0,Neutral,0.08456932008266448,Slightly Positive
2019-05-19,0.0,,0.0,Neutral,0.0,Neutral
2019-05-15,0.0,,0.0,Neutral,0.0,Neutral
2019-05-14,0.0,2019-05-14,-0.1161871999502182,Slightly Negative,-0.1161871999502182,Slightly Negative
2019-05-13,0.0,,0.0,Neutral,-0.0580935999751091,Slightly Negative
2019-05-08,0.0,,0.0,Neutral,-0.02904679998755455,Neutral
2019-04-30,0.0,,0.0,Neutral,0.0,Neutral
2019-04-29,0.0,2019-04-29,0.6715145111083984,Strongly Positive,0.6715145111083984,Strongly Positive
2019-04-23,0.0,,0.0,Neutral,0.3357572555541992,Positive
2019-04-22,0.0,2019-04-22,0.7112140357494354,Strongly Positive,0.879092663526535,Strongly Positive
2019-03-21,0.0,,0.0,Neutral,0.3556070178747177,Positive
2019-03-19,0.0,2019-03-19,0.4687463641166687,Positive,0.6465498730540276,Strongly Positive
2019-03-12,0.0,,0.0,Neutral,0.23437318205833435,Positive
2019-03-11,0.0,2019-03-11,-0.5805007219314575,Negative,-0.46331413090229034,Negative
2019-03-05,0.0,2019-03-05,-0.6652853488922119,Strongly Negative,-0.9555357098579407,Strongly Negative
2019-02-21,0.0,,0.0,Neutral,-0.47776785492897034,Negative
2019-02-18,0.0,2019-02-18,0.5097264647483826,Positive,0.3434051275253296,Positive
2019-02-17,0.0,,0.0,Neutral,0.2548632323741913,Positive
2019-02-13,0.0,,0.0,Neutral,0.12743161618709564,Slightly Positive
2019-02-12,0.0,,0.0,Neutral,0.0,Neutral
2019-02-07,0.0,,0.0,Neutral,0.0,Neutral
2019-02-06,0.0,,0.0,Neutral,0.0,Neutral
2019-02-04,0.0,2019-02-04,-0.7323634028434753,Strongly Negative,-0.7323634028434753,Strongly Negative
2019-02-03,0.0,2019-02-03,0.4023022949695587,Positive,0.036120593547821045,Neutral
2019-01-31,0.0,,0.0,Neutral,0.018060296773910522,Neutral
2019-01-30,0.0,2019-01-30,0.127448558807373,Slightly Positive,0.22802413254976267,Positive
2019-01-23,0.0,,0.0,Neutral,0.0637242794036865,Slightly Positive
2019-01-21,0.0,2019-01-21,0.4966762065887451,Positive,0.5285383462905884,Positive
2019-01-20,0.0,2019-01-20,0.7727754712104797,Strongly Positive,1.0211135745048523,Strongly Positive
2019-01-17,0.0,,0.0,Neutral,0.5105567872524261,Positive
2019-01-16,0.0,,0.0,Neutral,0.19319386780261993,Slightly Positive
2019-01-15,0.0,2019-01-15,0.519601047039032,Positive,0.519601047039032,Positive
2019-01-10,0.0,,0.0,Neutral,0.259800523519516,Positive
2019-01-02,0.0,2019-01-02,-0.4312562644481659,Negative,-0.3013560026884079,Negative
2018-12-30,0.0,2018-12-30,0.8666418790817261,Strongly Positive,0.6510137468576431,Strongly Positive
2018-12-27,0.0,2018-12-27,0.8413619995117188,Strongly Positive,1.1668688729405403,Strongly Positive
2018-12-26,0.0,2018-12-26,0.5205397605895996,Positive,1.1578812301158905,Strongly Positive
2018-12-24,0.0,2018-12-24,0.912123441696167,Strongly Positive,1.3827338218688965,Strongly Positive
2018-12-20,0.0,2018-12-20,-0.2122925519943237,Negative,0.37390410900115967,Positive
2018-12-17,0.0,,0.0,Neutral,0.1218845844268799,Slightly Positive
2018-12-09,0.0,,0.0,Neutral,-0.053073137998580926,Slightly Negative
2018-12-04,0.0,2018-12-04,0.033573567867279,Neutral,0.033573567867279,Neutral
2018-12-03,0.0,,0.0,Neutral,0.0167867839336395,Neutral
2018-12-02,0.0,2018-12-02,0.0572157725691795,Slightly Positive,0.06560916453599924,Slightly Positive
2018-11-29,0.0,2018-11-29,0.8101602792739868,Strongly Positive,0.8387681655585766,Strongly Positive
2018-11-28,0.0,,0.0,Neutral,0.4193840827792883,Positive
2018-11-27,0.0,,0.0,Neutral,0.2025400698184967,Positive
2018-11-18,0.0,,0.0,Neutral,0.0,Neutral
2018-10-22,0.0,,0.0,Neutral,0.0,Neutral
2018-10-04,0.0,,0.0,Neutral,0.0,Neutral
2018-10-03,0.0,,0.0,Neutral,0.0,Neutral
2018-10-02,0.0,,0.0,Neutral,0.0,Neutral
2018-10-01,0.0,,0.0,Neutral,0.0,Neutral
2018-09-30,0.0,,0.0,Neutral,0.0,Neutral
2018-09-25,0.0,,0.0,Neutral,0.0,Neutral
2018-09-23,0.0,2018-09-23,0.8959836959838867,Strongly Positive,0.8959836959838867,Strongly Positive
2018-09-20,0.0,,0.0,Neutral,0.44799184799194336,Positive
2018-09-18,0.0,2018-09-18,0.4713515937328338,Positive,0.6953475177288055,Strongly Positive
2018-09-11,0.0,,0.0,Neutral,0.2356757968664169,Positive
2018-09-09,0.0,,0.0,Neutral,0.11783789843320845,Slightly Positive
2018-09-06,0.0,,0.0,Neutral,0.0,Neutral
2018-09-05,0.0,,0.0,Neutral,0.0,Neutral
2018-08-16,0.0,2018-08-16,0.8950644135475159,Strongly Positive,0.8950644135475159,Strongly Positive
2018-08-14,0.0,,0.0,Neutral,0.44753220677375793,Positive
2018-07-24,0.0,2018-07-24,0.8712472915649414,Strongly Positive,1.0950133949518204,Strongly Positive
2018-07-18,0.0,2018-07-18,-0.6905643939971924,Strongly Negative,-0.2549407482147217,Negative
2018-07-17,0.0,2018-07-17,0.8452868461608887,Strongly Positive,0.7178164720535278,Strongly Positive
2018-07-16,0.0,,0.0,Neutral,0.25000232458114624,Positive
2018-07-15,0.0,2018-07-15,-0.0455491840839386,Neutral,0.16577252745628357,Slightly Positive
2018-07-12,0.0,2018-07-12,-0.1427455693483352,Slightly Negative,-0.1655201613903045,Slightly Negative
2018-07-09,0.0,,0.0,Neutral,-0.08276008069515225,Slightly Negative
2018-07-08,0.0,2018-07-08,0.7769768834114075,Strongly Positive,0.7412904910743237,Strongly Positive
2018-07-05,0.0,,0.0,Neutral,0.38848844170570374,Positive
2018-06-28,0.0,,0.0,Neutral,0.19424422085285187,Slightly Positive
2018-06-21,0.0,,0.0,Neutral,0.0,Neutral
2018-06-13,0.0,2018-06-13,-0.3404492735862732,Negative,-0.3404492735862732,Negative
2018-06-11,0.0,,0.0,Neutral,-0.1702246367931366,Slightly Negative
2018-06-04,0.0,2018-06-04,0.8630961179733276,Strongly Positive,0.7779837995767593,Strongly Positive
2018-05-31,0.0,,0.0,Neutral,0.4315480589866638,Positive
2018-05-30,0.0,2018-05-30,0.7039557695388794,Strongly Positive,0.9197297990322113,Strongly Positive
2018-05-28,0.0,,0.0,Neutral,0.3519778847694397,Positive
2018-05-24,0.0,,0.0,Neutral,0.17598894238471985,Slightly Positive
2018-05-17,0.0,,0.0,Neutral,0.0,Neutral
2018-05-16,0.0,,0.0,Neutral,0.0,Neutral
2018-05-15,0.0,,0.0,Neutral,0.0,Neutral
2018-05-14,0.0,2018-05-14,0.7037050724029541,Strongly Positive,0.7037050724029541,Strongly Positive
2018-05-10,0.0,,0.0,Neutral,0.35185253620147705,Positive
2018-04-29,0.0,,0.0,Neutral,0.17592626810073853,Slightly Positive
2018-04-25,0.0,,0.0,Neutral,0.0,Neutral
2018-04-24,0.0,,0.0,Neutral,0.0,Neutral
2018-04-23,0.0,,0.0,Neutral,0.0,Neutral
2018-04-19,0.0,,0.0,Neutral,0.0,Neutral
2018-04-18,0.0,2018-04-18,0.7243727445602417,Strongly Positive,0.7243727445602417,Strongly Positive
2018-04-17,0.0,2018-04-17,-0.4689792692661285,Negative,-0.10679289698600763,Slightly Negative
2018-04-09,0.0,,0.0,Neutral,-0.05339644849300382,Slightly Negative
2018-04-08,0.0,2018-04-08,0.4547261595726013,Positive,0.3374813422560692,Positive
2018-04-05,0.0,,0.0,Neutral,0.22736307978630066,Positive
2018-04-04,0.0,2018-04-04,0.8857042789459229,Strongly Positive,0.9993858188390732,Strongly Positive
2018-04-03,0.0,2018-04-03,0.8998837769031525,Strongly Positive,1.342735916376114,Strongly Positive
2018-03-29,0.0,,0.0,Neutral,0.671367958188057,Strongly Positive
2018-03-28,0.0,2018-03-28,0.6803320646286011,Strongly Positive,0.9053030088543892,Strongly Positive
2018-03-27,0.0,2018-03-27,-0.2121085226535797,Negative,0.12805750966072083,Slightly Positive
2018-03-19,0.0,,0.0,Neutral,0.06402875483036041,Slightly Positive
2018-03-07,0.0,2018-03-07,-0.3192073702812195,Negative,-0.3722345009446144,Negative
2018-03-06,0.0,,0.0,Neutral,-0.15960368514060974,Slightly Negative
2018-03-05,0.0,,0.0,Neutral,-0.07980184257030487,Slightly Negative
2018-03-04,0.0,,0.0,Neutral,0.0,Neutral
2018-02-28,0.0,2018-02-28,-0.4559577703475952,Negative,-0.4559577703475952,Negative
2018-02-26,0.0,,0.0,Neutral,-0.2279788851737976,Negative
2018-02-20,0.0,,0.0,Neutral,-0.1139894425868988,Slightly Negative
2018-02-15,0.0,2018-02-15,0.89710932970047,Strongly Positive,0.89710932970047,Strongly Positive
2018-02-14,0.0,,0.0,Neutral,0.448554664850235,Positive
2018-02-12,0.0,2018-02-12,0.1932896673679351,Slightly Positive,0.41756699979305256,Positive
2018-02-11,0.0,,0.0,Neutral,0.09664483368396755,Slightly Positive
2018-02-08,0.0,,0.0,Neutral,0.048322416841983774,Neutral
2018-02-07,0.0,,0.0,Neutral,0.0,Neutral
2018-02-06,0.0,,0.0,Neutral,0.0,Neutral
2018-02-05,0.0,2018-02-05,0.8875495791435242,Strongly Positive,0.8875495791435242,Strongly Positive
2018-02-04,0.0,,0.0,Neutral,0.4437747895717621,Positive
2018-02-01,0.0,,0.0,Neutral,0.22188739478588104,Positive
2018-01-31,0.0,,0.0,Neutral,0.0,Neutral
2018-01-29,0.0,,0.0,Neutral,0.0,Neutral
2018-01-28,0.0,2018-01-28,0.9140734672546388,Strongly Positive,0.9140734672546388,Strongly Positive
2018-01-25,0.0,,0.0,Neutral,0.4570367336273194,Positive
2018-01-24,0.0,,0.0,Neutral,0.2285183668136597,Positive
2018-01-23,0.0,,0.0,Neutral,0.0,Neutral
2018-01-22,0.0,,0.0,Neutral,0.0,Neutral
2018-01-21,0.0,2018-01-21,0.326934814453125,Positive,0.326934814453125,Positive
2018-01-16,0.0,2018-01-16,0.912229597568512,Strongly Positive,1.0756970047950745,Strongly Positive
2018-01-10,0.0,2018-01-10,-0.1146869361400604,Slightly Negative,0.4231615662574768,Positive
2018-01-09,0.0,,0.0,Neutral,0.17071393132209778,Slightly Positive
2018-01-08,0.0,2018-01-08,0.5098813772201538,Positive,0.4812096431851387,Positive
2018-01-07,0.0,2018-01-07,0.9193395376205444,Strongly Positive,1.1742802262306213,Strongly Positive
2018-01-04,0.0,,0.0,Neutral,0.5871401131153107,Positive
2018-01-03,0.0,,0.0,Neutral,0.2298348844051361,Positive
2018-01-02,0.0,2018-01-02,0.907924234867096,Strongly Positive,0.907924234867096,Strongly Positive
2018-01-01,0.0,,0.0,Neutral,0.453962117433548,Positive
2017-12-31,0.0,,0.0,Neutral,0.226981058716774,Positive
2017-12-28,0.0,,0.0,Neutral,0.0,Neutral
2017-12-26,0.0,,0.0,Neutral,0.0,Neutral
2017-12-24,0.0,2017-12-24,0.5628668665885925,Positive,0.5628668665885925,Positive
2017-12-21,0.0,,0.0,Neutral,0.28143343329429626,Positive
2017-12-19,0.0,,0.0,Neutral,0.14071671664714813,Slightly Positive
2017-12-18,0.0,,0.0,Neutral,0.0,Neutral
2017-12-17,0.0,,0.0,Neutral,0.0,Neutral
2017-12-14,0.0,,0.0,Neutral,0.0,Neutral
2017-12-13,0.0,,0.0,Neutral,0.0,Neutral
2017-12-12,0.0,,0.0,Neutral,0.0,Neutral
2017-12-11,0.0,2017-12-11,0.5815926194190979,Positive,0.5815926194190979,Positive
2017-12-10,0.0,,0.0,Neutral,0.29079630970954895,Positive
2017-12-06,0.0,,0.0,Neutral,0.14539815485477448,Slightly Positive
2017-12-05,0.0,2017-12-05,0.1702946424484253,Slightly Positive,0.1702946424484253,Slightly Positive
2017-12-04,0.0,,0.0,Neutral,0.08514732122421265,Slightly Positive
2017-11-29,0.0,,0.0,Neutral,0.04257366061210632,Neutral
2017-11-28,0.0,2017-11-28,-0.5181993842124939,Negative,-0.5181993842124939,Negative
2017-11-27,0.0,,0.0,Neutral,-0.25909969210624695,Negative
2017-11-26,0.0,,0.0,Neutral,-0.12954984605312347,Slightly Negative
2017-11-23,0.0,2017-11-23,0.5980113744735718,Positive,0.5980113744735718,Positive
2017-11-22,0.0,,0.0,Neutral,0.2990056872367859,Positive
2017-11-21,0.0,,0.0,Neutral,0.14950284361839294,Slightly Positive
2017-11-20,0.0,,0.0,Neutral,0.0,Neutral
2017-11-16,0.0,,0.0,Neutral,0.0,Neutral
2017-11-15,0.0,,0.0,Neutral,0.0,Neutral
2017-11-14,0.0,2017-11-14,-0.7073986530303955,Strongly Negative,-0.7073986530303955,Strongly Negative
2017-11-12,0.0,2017-11-12,0.9169417023658752,Strongly Positive,0.5632423758506775,Positive
2017-11-09,0.0,,0.0,Neutral,0.28162118792533875,Positive
2017-11-08,0.0,,0.0,Neutral,0.2292354255914688,Positive
2017-11-07,0.0,2017-11-07,0.3921329081058502,Positive,0.3921329081058502,Positive
2017-11-06,0.0,2017-11-06,0.2062046229839325,Positive,0.4022710770368576,Positive
2017-11-05,0.0,,0.0,Neutral,0.2011355385184288,Positive
2017-11-02,0.0,,0.0,Neutral,0.051551155745983124,Slightly Positive
2017-10-31,0.0,,0.0,Neutral,0.0,Neutral
2017-10-30,0.0,,0.0,Neutral,0.0,Neutral
2017-10-29,0.0,2017-10-29,-0.1552224159240722,Slightly Negative,-0.1552224159240722,Slightly Negative
2017-10-25,0.0,,0.0,Neutral,-0.0776112079620361,Slightly Negative
2017-10-24,0.0,2017-10-24,0.3031669482588768,Positive,0.26436134427785873,Positive
2017-10-23,0.0,,0.0,Neutral,0.1515834741294384,Slightly Positive
2017-10-22,0.0,,0.0,Neutral,0.0757917370647192,Slightly Positive
2017-10-18,0.0,,0.0,Neutral,0.0,Neutral
2017-10-17,0.0,,0.0,Neutral,0.0,Neutral
2017-10-16,0.0,2017-10-16,0.7397989630699158,Strongly Positive,0.7397989630699158,Strongly Positive
2017-10-15,0.0,,0.0,Neutral,0.3698994815349579,Positive
2017-10-12,0.0,,0.0,Neutral,0.18494974076747894,Slightly Positive
2017-10-11,0.0,,0.0,Neutral,0.0,Neutral
2017-10-10,0.0,,0.0,Neutral,0.0,Neutral
2017-10-09,0.0,,0.0,Neutral,0.0,Neutral
2017-10-08,0.0,,0.0,Neutral,0.0,Neutral
2017-10-04,0.0,,0.0,Neutral,0.0,Neutral
2017-10-03,0.0,,0.0,Neutral,0.0,Neutral
2017-09-26,0.0,,0.0,Neutral,0.0,Neutral
2017-09-25,0.0,2017-09-25,0.6380407959222794,Strongly Positive,0.6380407959222794,Strongly Positive
2017-09-24,0.0,,0.0,Neutral,0.3190203979611397,Positive
2017-09-20,0.0,,0.0,Neutral,0.15951019898056984,Slightly Positive
2017-09-18,0.0,,0.0,Neutral,0.0,Neutral
2017-09-17,0.0,,0.0,Neutral,0.0,Neutral
2016-01-14,0.0,,0.0,Neutral,0.0,Neutral
2016-01-07,0.0,,0.0,Neutral,0.0,Neutral
2016-01-06,0.0,,0.0,Neutral,0.0,Neutral
2016-01-05,0.0,,0.0,Neutral,0.0,Neutral
2016-01-03,0.0,,0.0,Neutral,0.0,Neutral
2015-12-15,0.0,,0.0,Neutral,0.0,Neutral
2015-08-17,0.0,,0.0,Neutral,0.0,Neutral
2015-08-02,0.0,,0.0,Neutral,0.0,Neutral
2015-07-30,0.0,,0.0,Neutral,0.0,Neutral
2015-07-16,0.0,,0.0,Neutral,0.0,Neutral
2015-07-15,0.0,,0.0,Neutral,0.0,Neutral
2015-07-12,0.0,,0.0,Neutral,0.0,Neutral
2015-07-08,0.0,,0.0,Neutral,0.0,Neutral
2015-07-05,0.0,,0.0,Neutral,0.0,Neutral
2015-06-30,0.0,,0.0,Neutral,0.0,Neutral
2015-06-17,0.0,,0.0,Neutral,0.0,Neutral
2015-06-16,0.0,,0.0,Neutral,0.0,Neutral
2015-06-11,0.0,,0.0,Neutral,0.0,Neutral
2015-06-10,0.0,,0.0,Neutral,0.0,Neutral
2015-06-07,0.0,,0.0,Neutral,0.0,Neutral
2015-06-04,0.0,2015-06-04,0.895082950592041,Strongly Positive,0.895082950592041,Strongly Positive
2015-06-02,0.0,,0.0,Neutral,0.4475414752960205,Positive
2015-04-12,0.0,,0.0,Neutral,0.22377073764801025,Positive
2015-04-09,0.0,,0.0,Neutral,0.0,Neutral
2015-04-08,0.0,,0.0,Neutral,0.0,Neutral
2015-04-07,0.0,,0.0,Neutral,0.0,Neutral
2015-04-06,0.0,,0.0,Neutral,0.0,Neutral
2015-04-05,0.0,,0.0,Neutral,0.0,Neutral
2015-04-02,0.0,,0.0,Neutral,0.0,Neutral
2015-03-30,0.0,,0.0,Neutral,0.0,Neutral
2015-03-19,0.0,,0.0,Neutral,0.0,Neutral
2015-03-02,0.0,,0.0,Neutral,0.0,Neutral
2015-02-24,0.0,,0.0,Neutral,0.0,Neutral
2015-02-18,0.0,,0.0,Neutral,0.0,Neutral
2015-02-16,0.0,,0.0,Neutral,0.0,Neutral
2015-01-13,0.0,,0.0,Neutral,0.0,Neutral
2015-01-05,0.0,,0.0,Neutral,0.0,Neutral
2015-01-01,0.0,,0.0,Neutral,0.0,Neutral
2014-12-15,0.0,,0.0,Neutral,0.0,Neutral
2014-12-07,0.0,,0.0,Neutral,0.0,Neutral
2014-11-20,0.0,,0.0,Neutral,0.0,Neutral
2014-10-13,0.0,,0.0,Neutral,0.0,Neutral
2014-09-11,0.0,2014-09-11,-0.7906786203384399,Strongly Negative,-0.7906786203384399,Strongly Negative
2014-07-17,0.0,,0.0,Neutral,-0.39533931016921997,Negative
2014-07-16,0.0,,0.0,Neutral,-0.19766965508460999,Slightly Negative
2014-07-15,0.0,,0.0,Neutral,0.0,Neutral
2014-07-01,0.0,,0.0,Neutral,0.0,Neutral
2014-06-25,0.0,,0.0,Neutral,0.0,Neutral
2014-06-19,0.0,,0.0,Neutral,0.0,Neutral
2014-06-15,0.0,,0.0,Neutral,0.0,Neutral
2014-06-12,0.0,,0.0,Neutral,0.0,Neutral
2014-06-10,0.0,,0.0,Neutral,0.0,Neutral
2014-06-08,0.0,,0.0,Neutral,0.0,Neutral
2014-06-04,0.0,,0.0,Neutral,0.0,Neutral
2014-05-07,0.0,,0.0,Neutral,0.0,Neutral
2014-04-29,0.0,,0.0,Neutral,0.0,Neutral
2014-04-20,0.0,2014-04-20,-0.8709391951560974,Strongly Negative,-0.8709391951560974,Strongly Negative
2014-04-17,0.0,,0.0,Neutral,-0.4354695975780487,Negative
2014-03-26,0.0,,0.0,Neutral,-0.21773479878902435,Negative
2014-03-13,0.0,,0.0,Neutral,0.0,Neutral
2014-03-13,0.0,,0.0,Neutral,0.0,Neutral
2014-02-20,0.0,,0.0,Neutral,0.0,Neutral
2014-02-12,0.0,,0.0,Neutral,0.0,Neutral
2014-02-09,0.0,,0.0,Neutral,0.0,Neutral
2014-02-03,0.0,,0.0,Neutral,0.0,Neutral
2014-01-22,0.0,,0.0,Neutral,0.0,Neutral
2014-01-19,0.0,,0.0,Neutral,0.0,Neutral
2014-01-13,0.0,,0.0,Neutral,0.0,Neutral
2014-01-06,0.0,,0.0,Neutral,0.0,Neutral
2014-01-05,0.0,,0.0,Neutral,0.0,Neutral
2013-12-18,0.0,,0.0,Neutral,0.0,Neutral
2013-12-10,0.0,,0.0,Neutral,0.0,Neutral
2013-11-28,0.0,,0.0,Neutral,0.0,Neutral
2013-10-06,0.0,,0.0,Neutral,0.0,Neutral
2013-09-22,0.0,,0.0,Neutral,0.0,Neutral
2013-09-11,0.0,,0.0,Neutral,0.0,Neutral
2013-07-23,0.0,,0.0,Neutral,0.0,Neutral
2013-07-16,0.0,,0.0,Neutral,0.0,Neutral
2013-07-08,0.0,,0.0,Neutral,0.0,Neutral
2013-06-23,0.0,,0.0,Neutral,0.0,Neutral
2013-05-23,0.0,,0.0,Neutral,0.0,Neutral
2013-05-21,0.0,,0.0,Neutral,0.0,Neutral
2013-04-25,0.0,,0.0,Neutral,0.0,Neutral
2013-04-23,0.0,,0.0,Neutral,0.0,Neutral
2013-04-22,0.0,2013-04-22,-0.2091480791568756,Negative,-0.2091480791568756,Negative
2013-04-09,0.0,,0.0,Neutral,-0.1045740395784378,Slightly Negative
2013-04-01,0.0,,0.0,Neutral,-0.0522870197892189,Slightly Negative
2013-03-20,0.0,,0.0,Neutral,0.0,Neutral
2013-03-17,0.0,,0.0,Neutral,0.0,Neutral
2013-03-14,0.0,,0.0,Neutral,0.0,Neutral
2013-03-13,0.0,2013-03-13,0.6635726094245911,Strongly Positive,0.6635726094245911,Strongly Positive
2013-03-11,0.0,,0.0,Neutral,0.33178630471229553,Positive
2013-03-06,0.0,,0.0,Neutral,0.16589315235614777,Slightly Positive
2013-03-05,0.0,,0.0,Neutral,0.0,Neutral
2013-02-26,0.0,,0.0,Neutral,0.0,Neutral
2013-02-21,0.0,,0.0,Neutral,0.0,Neutral
2013-02-19,0.0,,0.0,Neutral,0.0,Neutral
2013-02-06,0.0,,0.0,Neutral,0.0,Neutral
2013-02-05,0.0,,0.0,Neutral,0.0,Neutral
2013-02-04,0.0,,0.0,Neutral,0.0,Neutral
2013-01-31,0.0,,0.0,Neutral,0.0,Neutral
2013-01-23,0.0,,0.0,Neutral,0.0,Neutral
2013-01-22,0.0,,0.0,Neutral,0.0,Neutral
2012-12-17,0.0,,0.0,Neutral,0.0,Neutral
2012-10-07,0.0,,0.0,Neutral,0.0,Neutral
2012-09-23,0.0,,0.0,Neutral,0.0,Neutral
2012-09-20,0.0,2012-09-20,0.8236021995544434,Strongly Positive,0.8236021995544434,Strongly Positive
2012-09-19,0.0,,0.0,Neutral,0.4118010997772217,Positive
2012-09-18,0.0,,0.0,Neutral,0.20590054988861084,Positive
2012-09-17,0.0,,0.0,Neutral,0.0,Neutral
2012-09-12,0.0,,0.0,Neutral,0.0,Neutral
2012-08-30,0.0,,0.0,Neutral,0.0,Neutral
2012-08-29,0.0,,0.0,Neutral,0.0,Neutral
2012-08-28,0.0,,0.0,Neutral,0.0,Neutral
2012-08-27,0.0,2012-08-27,0.879736602306366,Strongly Positive,0.879736602306366,Strongly Positive
2012-08-26,0.0,,0.0,Neutral,0.439868301153183,Positive
2012-08-23,0.0,,0.0,Neutral,0.2199341505765915,Positive
2012-08-13,0.0,,0.0,Neutral,0.0,Neutral
2012-07-31,0.0,,0.0,Neutral,0.0,Neutral
2012-06-26,0.0,,0.0,Neutral,0.0,Neutral
2012-06-20,0.0,,0.0,Neutral,0.0,Neutral
2012-05-10,0.0,,0.0,Neutral,0.0,Neutral
2012-04-25,0.0,,0.0,Neutral,0.0,Neutral
2012-04-24,0.0,,0.0,Neutral,0.0,Neutral
2012-04-12,0.0,,0.0,Neutral,0.0,Neutral
2012-04-08,0.0,,0.0,Neutral,0.0,Neutral
2012-04-05,0.0,,0.0,Neutral,0.0,Neutral
2012-04-04,0.0,,0.0,Neutral,0.0,Neutral
2012-04-03,0.0,,0.0,Neutral,0.0,Neutral
2012-03-29,0.0,,0.0,Neutral,0.0,Neutral
2012-03-21,0.0,,0.0,Neutral,0.0,Neutral
2012-03-20,0.0,,0.0,Neutral,0.0,Neutral
2012-03-19,0.0,,0.0,Neutral,0.0,Neutral
2012-03-11,0.0,,0.0,Neutral,0.0,Neutral
2012-03-04,0.0,,0.0,Neutral,0.0,Neutral
2012-02-29,0.0,,0.0,Neutral,0.0,Neutral
2012-02-27,0.0,,0.0,Neutral,0.0,Neutral
2012-01-11,0.0,,0.0,Neutral,0.0,Neutral
2012-01-10,0.0,,0.0,Neutral,0.0,Neutral
2011-12-18,0.0,,0.0,Neutral,0.0,Neutral
2011-11-13,0.0,,0.0,Neutral,0.0,Neutral
2011-09-29,0.0,,0.0,Neutral,0.0,Neutral
2011-09-13,0.0,,0.0,Neutral,0.0,Neutral
2011-09-05,0.0,,0.0,Neutral,0.0,Neutral
2011-06-06,0.0,,0.0,Neutral,0.0,Neutral
2011-05-31,0.0,,0.0,Neutral,0.0,Neutral
2011-05-30,0.0,,0.0,Neutral,0.0,Neutral
2011-05-16,0.0,,0.0,Neutral,0.0,Neutral
2011-04-21,0.0,2011-04-21,-0.8625680208206177,Strongly Negative,-0.8625680208206177,Strongly Negative
2011-04-18,0.0,,0.0,Neutral,-0.43128401041030884,Negative
2011-03-07,0.0,,0.0,Neutral,-0.21564200520515442,Negative
2011-02-02,0.0,,0.0,Neutral,0.0,Neutral
2011-02-01,0.0,,0.0,Neutral,0.0,Neutral
2011-01-05,0.0,,0.0,Neutral,0.0,Neutral
2011-01-03,0.0,,0.0,Neutral,0.0,Neutral
2010-12-15,0.0,,0.0,Neutral,0.0,Neutral
2010-11-30,0.0,,0.0,Neutral,0.0,Neutral
2010-11-23,0.0,,0.0,Neutral,0.0,Neutral
2010-11-22,0.0,,0.0,Neutral,0.0,Neutral
2010-09-27,0.0,,0.0,Neutral,0.0,Neutral
2010-09-14,0.0,,0.0,Neutral,0.0,Neutral
2010-07-28,0.0,,0.0,Neutral,0.0,Neutral
2010-07-27,0.0,,0.0,Neutral,0.0,Neutral
2010-07-26,0.0,,0.0,Neutral,0.0,Neutral
2010-07-22,0.0,,0.0,Neutral,0.0,Neutral
2010-07-18,0.0,,0.0,Neutral,0.0,Neutral
2010-07-16,0.0,,0.0,Neutral,0.0,Neutral
2010-07-08,0.0,,0.0,Neutral,0.0,Neutral
2010-07-01,0.0,,0.0,Neutral,0.0,Neutral
2010-06-26,0.0,,0.0,Neutral,0.0,Neutral
2010-06-23,0.0,,0.0,Neutral,0.0,Neutral
2010-06-09,0.0,,0.0,Neutral,0.0,Neutral
2010-05-26,0.0,,0.0,Neutral,0.0,Neutral
2010-05-24,0.0,,0.0,Neutral,0.0,Neutral
2010-05-19,0.0,,0.0,Neutral,0.0,Neutral
2010-05-16,0.0,,0.0,Neutral,0.0,Neutral
2010-05-11,0.0,,0.0,Neutral,0.0,Neutral
2010-04-29,0.0,,0.0,Neutral,0.0,Neutral
2010-04-27,0.0,,0.0,Neutral,0.0,Neutral
2010-04-21,0.0,,0.0,Neutral,0.0,Neutral
2010-04-19,0.0,,0.0,Neutral,0.0,Neutral
2010-04-18,0.0,,0.0,Neutral,0.0,Neutral
2010-04-15,0.0,,0.0,Neutral,0.0,Neutral
2010-04-13,0.0,,0.0,Neutral,0.0,Neutral
2010-04-12,0.0,,0.0,Neutral,0.0,Neutral
2010-04-11,0.0,,0.0,Neutral,0.0,Neutral
2010-04-07,0.0,,0.0,Neutral,0.0,Neutral
2010-03-30,0.0,,0.0,Neutral,0.0,Neutral
2010-03-28,0.0,,0.0,Neutral,0.0,Neutral
2010-03-11,0.0,,0.0,Neutral,0.0,Neutral
2010-03-03,0.0,,0.0,Neutral,0.0,Neutral
2010-02-17,0.0,,0.0,Neutral,0.0,Neutral
2010-02-03,0.0,,0.0,Neutral,0.0,Neutral
2010-01-11,0.0,,0.0,Neutral,0.0,Neutral
2009-12-16,0.0,,0.0,Neutral,0.0,Neutral
2009-12-07,0.0,,0.0,Neutral,0.0,Neutral
2009-11-25,0.0,,0.0,Neutral,0.0,Neutral
2009-11-04,0.0,,0.0,Neutral,0.0,Neutral
2009-10-26,0.0,,0.0,Neutral,0.0,Neutral
2009-10-15,0.0,,0.0,Neutral,0.0,Neutral
2009-09-23,0.0,,0.0,Neutral,0.0,Neutral
2009-09-17,0.0,,0.0,Neutral,0.0,Neutral
2009-09-10,0.0,,0.0,Neutral,0.0,Neutral
2009-08-20,0.0,,0.0,Neutral,0.0,Neutral
2009-08-17,0.0,,0.0,Neutral,0.0,Neutral
2009-08-03,0.0,,0.0,Neutral,0.0,Neutral
2009-07-29,0.0,,0.0,Neutral,0.0,Neutral
2009-07-20,0.0,,0.0,Neutral,0.0,Neutral
2009-06-28,0.0,,0.0,Neutral,0.0,Neutral
2009-06-25,0.0,,0.0,Neutral,0.0,Neutral
2009-06-24,0.0,,0.0,Neutral,0.0,Neutral
2009-06-18,0.0,,0.0,Neutral,0.0,Neutral
2009-05-28,0.0,,0.0,Neutral,0.0,Neutral
2009-05-25,0.0,,0.0,Neutral,0.0,Neutral
2009-05-21,0.0,,0.0,Neutral,0.0,Neutral
2009-05-20,0.0,,0.0,Neutral,0.0,Neutral
2009-05-18,0.0,,0.0,Neutral,0.0,Neutral
2009-05-17,0.0,,0.0,Neutral,0.0,Neutral
2009-05-14,0.0,,0.0,Neutral,0.0,Neutral
2009-05-13,0.0,,0.0,Neutral,0.0,Neutral
2009-05-11,0.0,,0.0,Neutral,0.0,Neutral
2009-04-19,0.0,,0.0,Neutral,0.0,Neutral
2009-03-30,0.0,,0.0,Neutral,0.0,Neutral
2009-03-22,0.0,,0.0,Neutral,0.0,Neutral
2009-03-09,0.0,,0.0,Neutral,0.0,Neutral
2009-02-26,0.0,,0.0,Neutral,0.0,Neutral
2009-02-22,0.0,,0.0,Neutral,0.0,Neutral
2009-02-11,0.0,,0.0,Neutral,0.0,Neutral
2009-02-05,0.0,,0.0,Neutral,0.0,Neutral
2009-02-04,0.0,,0.0,Neutral,0.0,Neutral
2009-02-02,0.0,,0.0,Neutral,0.0,Neutral
2009-01-23,0.0,,0.0,Neutral,0.0,Neutral
2009-01-22,0.0,,0.0,Neutral,0.0,Neutral
2008-12-16,0.0,,0.0,Neutral,0.0,Neutral
2008-12-08,0.0,,0.0,Neutral,0.0,Neutral
2008-12-03,0.0,,0.0,Neutral,0.0,Neutral
2008-11-17,0.0,,0.0,Neutral,0.0,Neutral
2008-11-06,0.0,,0.0,Neutral,0.0,Neutral
2008-10-23,0.0,,0.0,Neutral,0.0,Neutral
2008-10-22,0.0,,0.0,Neutral,0.0,Neutral
2008-10-20,0.0,,0.0,Neutral,0.0,Neutral
2008-09-29,0.0,,0.0,Neutral,0.0,Neutral
2008-09-23,0.0,,0.0,Neutral,0.0,Neutral
2008-09-07,0.0,,0.0,Neutral,0.0,Neutral
2008-08-26,0.0,,0.0,Neutral,0.0,Neutral
2008-08-24,0.0,,0.0,Neutral,0.0,Neutral
2008-08-18,0.0,,0.0,Neutral,0.0,Neutral
2008-08-14,0.0,,0.0,Neutral,0.0,Neutral
2008-07-31,0.0,,0.0,Neutral,0.0,Neutral
2008-07-15,0.0,,0.0,Neutral,0.0,Neutral
2008-07-02,0.0,,0.0,Neutral,0.0,Neutral
2008-07-01,0.0,,0.0,Neutral,0.0,Neutral
2008-06-30,0.0,,0.0,Neutral,0.0,Neutral
2008-06-26,0.0,,0.0,Neutral,0.0,Neutral
2008-06-25,0.0,,0.0,Neutral,0.0,Neutral
2008-06-23,0.0,,0.0,Neutral,0.0,Neutral
2008-06-22,0.0,,0.0,Neutral,0.0,Neutral
2008-06-18,0.0,,0.0,Neutral,0.0,Neutral
2008-06-10,0.0,,0.0,Neutral,0.0,Neutral
2008-06-03,0.0,,0.0,Neutral,0.0,Neutral
2008-06-02,0.0,,0.0,Neutral,0.0,Neutral
2008-05-26,0.0,,0.0,Neutral,0.0,Neutral
2008-05-25,0.0,,0.0,Neutral,0.0,Neutral
2008-05-18,0.0,,0.0,Neutral,0.0,Neutral
2008-05-15,0.0,,0.0,Neutral,0.0,Neutral
2008-05-14,0.0,,0.0,Neutral,0.0,Neutral
2008-05-13,0.0,,0.0,Neutral,0.0,Neutral
2008-05-11,0.0,,0.0,Neutral,0.0,Neutral
2008-05-05,0.0,,0.0,Neutral,0.0,Neutral
2008-04-29,0.0,,0.0,Neutral,0.0,Neutral
2008-04-28,0.0,,0.0,Neutral,0.0,Neutral
2008-04-24,0.0,,0.0,Neutral,0.0,Neutral
2008-04-15,0.0,,0.0,Neutral,0.0,Neutral
2008-04-06,0.0,,0.0,Neutral,0.0,Neutral
2008-04-03,0.0,,0.0,Neutral,0.0,Neutral
2008-03-31,0.0,,0.0,Neutral,0.0,Neutral
2008-03-30,0.0,,0.0,Neutral,0.0,Neutral
2008-03-27,0.0,,0.0,Neutral,0.0,Neutral
2008-03-26,0.0,,0.0,Neutral,0.0,Neutral
2008-03-25,0.0,,0.0,Neutral,0.0,Neutral
2008-03-19,0.0,,0.0,Neutral,0.0,Neutral
2008-03-18,0.0,,0.0,Neutral,0.0,Neutral
2008-03-17,0.0,,0.0,Neutral,0.0,Neutral
2008-03-13,0.0,,0.0,Neutral,0.0,Neutral
2008-03-11,0.0,,0.0,Neutral,0.0,Neutral
2008-03-10,0.0,,0.0,Neutral,0.0,Neutral
2008-03-09,0.0,,0.0,Neutral,0.0,Neutral
2008-03-05,0.0,,0.0,Neutral,0.0,Neutral
2008-01-24,0.0,,0.0,Neutral,0.0,Neutral
2007-12-03,0.0,,0.0,Neutral,0.0,Neutral
2007-11-01,0.0,,0.0,Neutral,0.0,Neutral
2007-10-28,0.0,,0.0,Neutral,0.0,Neutral
2007-09-18,0.0,,0.0,Neutral,0.0,Neutral
2007-09-05,0.0,,0.0,Neutral,0.0,Neutral
2007-09-03,0.0,,0.0,Neutral,0.0,Neutral
2007-08-14,0.0,,0.0,Neutral,0.0,Neutral
2007-07-26,0.0,,0.0,Neutral,0.0,Neutral
2007-07-17,0.0,,0.0,Neutral,0.0,Neutral
2007-06-24,0.0,,0.0,Neutral,0.0,Neutral
2007-05-31,0.0,,0.0,Neutral,0.0,Neutral
2007-05-23,0.0,,0.0,Neutral,0.0,Neutral
2007-05-13,0.0,,0.0,Neutral,0.0,Neutral
2007-05-10,0.0,,0.0,Neutral,0.0,Neutral
2007-04-17,0.0,,0.0,Neutral,0.0,Neutral
2007-04-10,0.0,,0.0,Neutral,0.0,Neutral
2007-04-09,0.0,,0.0,Neutral,0.0,Neutral
2007-04-04,0.0,,0.0,Neutral,0.0,Neutral
2007-04-03,0.0,,0.0,Neutral,0.0,Neutral
2007-03-14,0.0,,0.0,Neutral,0.0,Neutral
2007-02-22,0.0,,0.0,Neutral,0.0,Neutral
2007-01-31,0.0,,0.0,Neutral,0.0,Neutral
2007-01-09,0.0,,0.0,Neutral,0.0,Neutral
2006-12-21,0.0,,0.0,Neutral,0.0,Neutral
2006-11-23,0.0,,0.0,Neutral,0.0,Neutral
2006-10-11,0.0,,0.0,Neutral,0.0,Neutral
2006-09-13,0.0,,0.0,Neutral,0.0,Neutral
2006-09-12,0.0,,0.0,Neutral,0.0,Neutral
2006-09-07,0.0,,0.0,Neutral,0.0,Neutral
2006-08-17,0.0,,0.0,Neutral,0.0,Neutral
2006-07-20,0.0,,0.0,Neutral,0.0,Neutral
2006-07-05,0.0,,0.0,Neutral,0.0,Neutral
2006-06-23,0.0,,0.0,Neutral,0.0,Neutral
2006-06-14,0.0,,0.0,Neutral,0.0,Neutral
2006-06-01,0.0,,0.0,Neutral,0.0,Neutral
2006-05-25,0.0,,0.0,Neutral,0.0,Neutral
2006-04-17,0.0,,0.0,Neutral,0.0,Neutral
2006-03-30,0.0,,0.0,Neutral,0.0,Neutral
2006-03-08,0.0,,0.0,Neutral,0.0,Neutral
2006-03-05,0.0,,0.0,Neutral,0.0,Neutral
2006-02-20,0.0,,0.0,Neutral,0.0,Neutral
2006-02-09,0.0,,0.0,Neutral,0.0,Neutral
2006-01-25,0.0,,0.0,Neutral,0.0,Neutral
2006-01-17,0.0,,0.0,Neutral,0.0,Neutral
2006-01-12,0.0,,0.0,Neutral,0.0,Neutral
2006-01-10,0.0,,0.0,Neutral,0.0,Neutral
2005-12-07,0.0,,0.0,Neutral,0.0,Neutral
2005-11-24,0.0,,0.0,Neutral,0.0,Neutral
2005-11-21,0.0,,0.0,Neutral,0.0,Neutral
2005-11-16,0.0,,0.0,Neutral,0.0,Neutral
2005-11-15,0.0,,0.0,Neutral,0.0,Neutral
2005-10-09,0.0,,0.0,Neutral,0.0,Neutral
2005-09-28,0.0,,0.0,Neutral,0.0,Neutral
2005-09-26,0.0,,0.0,Neutral,0.0,Neutral
2005-09-21,0.0,,0.0,Neutral,0.0,Neutral
2005-08-24,0.0,,0.0,Neutral,0.0,Neutral
2005-08-22,0.0,,0.0,Neutral,0.0,Neutral
2005-08-21,0.0,,0.0,Neutral,0.0,Neutral
2005-08-09,0.0,,0.0,Neutral,0.0,Neutral
2005-08-08,0.0,,0.0,Neutral,0.0,Neutral
2005-07-10,0.0,,0.0,Neutral,0.0,Neutral
2005-06-30,0.0,,0.0,Neutral,0.0,Neutral
2005-06-27,0.0,,0.0,Neutral,0.0,Neutral
2005-06-16,0.0,,0.0,Neutral,0.0,Neutral
2005-06-05,0.0,,0.0,Neutral,0.0,Neutral
2005-05-19,0.0,,0.0,Neutral,0.0,Neutral
2005-04-18,0.0,,0.0,Neutral,0.0,Neutral
2005-04-13,0.0,,0.0,Neutral,0.0,Neutral
2005-04-12,0.0,,0.0,Neutral,0.0,Neutral
2005-04-06,0.0,,0.0,Neutral,0.0,Neutral
2005-03-18,0.0,,0.0,Neutral,0.0,Neutral
2005-03-17,0.0,,0.0,Neutral,0.0,Neutral
2005-03-14,0.0,,0.0,Neutral,0.0,Neutral
2005-03-03,0.0,,0.0,Neutral,0.0,Neutral
2005-02-24,0.0,,0.0,Neutral,0.0,Neutral
2005-02-07,0.0,,0.0,Neutral,0.0,Neutral
2005-01-12,0.0,,0.0,Neutral,0.0,Neutral
2004-12-02,0.0,,0.0,Neutral,0.0,Neutral
2004-11-26,0.0,,0.0,Neutral,0.0,Neutral
2004-10-05,0.0,,0.0,Neutral,0.0,Neutral
2004-09-09,0.0,,0.0,Neutral,0.0,Neutral
2004-08-27,0.0,,0.0,Neutral,0.0,Neutral
2004-08-04,0.0,,0.0,Neutral,0.0,Neutral
2004-07-27,0.0,,0.0,Neutral,0.0,Neutral
2004-06-28,0.0,,0.0,Neutral,0.0,Neutral
2004-06-22,0.0,,0.0,Neutral,0.0,Neutral
2004-06-16,0.0,,0.0,Neutral,0.0,Neutral
2004-06-03,0.0,,0.0,Neutral,0.0,Neutral
2004-05-20,0.0,,0.0,Neutral,0.0,Neutral
2004-05-03,0.0,,0.0,Neutral,0.0,Neutral
2004-04-27,0.0,,0.0,Neutral,0.0,Neutral
2004-04-22,0.0,,0.0,Neutral,0.0,Neutral
2004-04-19,0.0,,0.0,Neutral,0.0,Neutral
2004-04-02,0.0,,0.0,Neutral,0.0,Neutral
2004-03-19,0.0,,0.0,Neutral,0.0,Neutral
2004-03-16,0.0,,0.0,Neutral,0.0,Neutral
2004-03-01,0.0,,0.0,Neutral,0.0,Neutral
2003-12-30,0.0,,0.0,Neutral,0.0,Neutral
2003-12-18,0.0,,0.0,Neutral,0.0,Neutral
2003-12-12,0.0,,0.0,Neutral,0.0,Neutral
2003-11-06,0.0,,0.0,Neutral,0.0,Neutral
2003-10-22,0.0,,0.0,Neutral,0.0,Neutral
2003-10-16,0.0,,0.0,Neutral,0.0,Neutral
2003-09-22,0.0,,0.0,Neutral,0.0,Neutral
2003-09-12,0.0,,0.0,Neutral,0.0,Neutral
2003-09-01,0.0,,0.0,Neutral,0.0,Neutral
2003-08-11,0.0,,0.0,Neutral,0.0,Neutral
2003-08-01,0.0,,0.0,Neutral,0.0,Neutral
2003-07-31,0.0,,0.0,Neutral,0.0,Neutral
2003-07-28,0.0,,0.0,Neutral,0.0,Neutral
2003-07-25,0.0,,0.0,Neutral,0.0,Neutral
2003-07-14,0.0,,0.0,Neutral,0.0,Neutral
2003-06-20,0.0,,0.0,Neutral,0.0,Neutral
2003-06-18,0.0,,0.0,Neutral,0.0,Neutral
2003-06-05,0.0,,0.0,Neutral,0.0,Neutral
2003-05-22,0.0,,0.0,Neutral,0.0,Neutral
2003-05-21,0.0,,0.0,Neutral,0.0,Neutral
2003-05-20,0.0,,0.0,Neutral,0.0,Neutral
2003-05-15,0.0,,0.0,Neutral,0.0,Neutral
2003-04-30,0.0,,0.0,Neutral,0.0,Neutral
2003-04-18,0.0,,0.0,Neutral,0.0,Neutral
2003-03-25,0.0,,0.0,Neutral,0.0,Neutral
2003-01-15,0.0,,0.0,Neutral,0.0,Neutral
2002-12-27,0.0,,0.0,Neutral,0.0,Neutral
2002-12-09,0.0,,0.0,Neutral,0.0,Neutral
2002-12-06,0.0,,0.0,Neutral,0.0,Neutral
2002-12-05,0.0,,0.0,Neutral,0.0,Neutral
2002-12-04,0.0,,0.0,Neutral,0.0,Neutral
2002-12-02,0.0,,0.0,Neutral,0.0,Neutral
2002-11-25,0.0,,0.0,Neutral,0.0,Neutral
2002-11-21,0.0,,0.0,Neutral,0.0,Neutral
2002-11-19,0.0,,0.0,Neutral,0.0,Neutral
2002-10-11,0.0,,0.0,Neutral,0.0,Neutral
2002-08-15,0.0,,0.0,Neutral,0.0,Neutral
2002-07-24,0.0,,0.0,Neutral,0.0,Neutral
2002-07-22,0.0,,0.0,Neutral,0.0,Neutral
2002-07-11,0.0,,0.0,Neutral,0.0,Neutral
2002-03-01,0.0,,0.0,Neutral,0.0,Neutral
2001-11-12,0.0,,0.0,Neutral,0.0,Neutral
2001-11-01,0.0,,0.0,Neutral,0.0,Neutral
2001-10-22,0.0,,0.0,Neutral,0.0,Neutral
2001-10-18,0.0,,0.0,Neutral,0.0,Neutral
2001-10-12,0.0,,0.0,Neutral,0.0,Neutral
2001-09-28,0.0,,0.0,Neutral,0.0,Neutral
2001-09-13,0.0,,0.0,Neutral,0.0,Neutral
2001-09-11,0.0,,0.0,Neutral,0.0,Neutral
2001-08-29,0.0,,0.0,Neutral,0.0,Neutral
2001-08-14,0.0,,0.0,Neutral,0.0,Neutral
2001-07-26,0.0,,0.0,Neutral,0.0,Neutral
2001-06-15,0.0,,0.0,Neutral,0.0,Neutral
2001-05-10,0.0,,0.0,Neutral,0.0,Neutral
2001-03-28,0.0,,0.0,Neutral,0.0,Neutral
2000-12-11,0.0,,0.0,Neutral,0.0,Neutral
2000-12-04,0.0,,0.0,Neutral,0.0,Neutral
2000-12-01,0.0,,0.0,Neutral,0.0,Neutral
2000-11-09,0.0,,0.0,Neutral,0.0,Neutral
2000-10-25,0.0,,0.0,Neutral,0.0,Neutral
2000-10-24,0.0,,0.0,Neutral,0.0,Neutral
2000-10-20,0.0,,0.0,Neutral,0.0,Neutral
2000-09-20,0.0,,0.0,Neutral,0.0,Neutral
2000-09-15,0.0,,0.0,Neutral,0.0,Neutral
2000-09-04,0.0,,0.0,Neutral,0.0,Neutral
2000-09-01,0.0,,0.0,Neutral,0.0,Neutral
2000-08-28,0.0,,0.0,Neutral,0.0,Neutral
2000-08-25,0.0,,0.0,Neutral,0.0,Neutral
2000-07-25,0.0,,0.0,Neutral,0.0,Neutral
2000-07-17,0.0,,0.0,Neutral,0.0,Neutral
2000-07-14,0.0,,0.0,Neutral,0.0,Neutral
2000-07-13,0.0,,0.0,Neutral,0.0,Neutral
2000-06-19,0.0,,0.0,Neutral,0.0,Neutral
2000-04-26,0.0,,0.0,Neutral,0.0,Neutral
2000-04-18,0.0,,0.0,Neutral,0.0,Neutral
2000-04-10,0.0,,0.0,Neutral,0.0,Neutral
2000-03-24,0.0,,0.0,Neutral,0.0,Neutral
2000-03-22,0.0,,0.0,Neutral,0.0,Neutral
2000-03-15,0.0,,0.0,Neutral,0.0,Neutral
2000-03-14,0.0,,0.0,Neutral,0.0,Neutral
2000-03-10,0.0,,0.0,Neutral,0.0,Neutral
2000-03-01,0.0,,0.0,Neutral,0.0,Neutral
2000-01-21,0.0,,0.0,Neutral,0.0,Neutral
2000-01-17,0.0,,0.0,Neutral,0.0,Neutral
1999-12-27,0.0,,0.0,Neutral,0.0,Neutral
1999-12-17,0.0,,0.0,Neutral,0.0,Neutral
1999-12-16,0.0,,0.0,Neutral,0.0,Neutral
1999-12-15,0.0,,0.0,Neutral,0.0,Neutral
1999-12-07,0.0,,0.0,Neutral,0.0,Neutral
1999-12-02,0.0,,0.0,Neutral,0.0,Neutral
1999-11-29,0.0,,0.0,Neutral,0.0,Neutral
1999-11-24,0.0,,0.0,Neutral,0.0,Neutral
1999-11-19,0.0,,0.0,Neutral,0.0,Neutral
1999-11-18,0.0,,0.0,Neutral,0.0,Neutral
1999-11-17,0.0,,0.0,Neutral,0.0,Neutral
1999-11-16,0.0,,0.0,Neutral,0.0,Neutral
1999-10-29,0.0,,0.0,Neutral,0.0,Neutral
1999-10-14,0.0,,0.0,Neutral,0.0,Neutral
1999-09-22,0.0,,0.0,Neutral,0.0,Neutral
1999-09-20,0.0,,0.0,Neutral,0.0,Neutral
1999-09-16,0.0,,0.0,Neutral,0.0,Neutral
1999-09-09,0.0,,0.0,Neutral,0.0,Neutral
1999-09-08,0.0,,0.0,Neutral,0.0,Neutral
1999-09-06,0.0,,0.0,Neutral,0.0,Neutral
1999-09-03,0.0,,0.0,Neutral,0.0,Neutral
1999-08-30,0.0,,0.0,Neutral,0.0,Neutral
1999-08-24,0.0,,0.0,Neutral,0.0,Neutral
1999-08-15,0.0,,0.0,Neutral,0.0,Neutral
1999-08-04,0.0,,0.0,Neutral,0.0,Neutral
1999-07-01,0.0,,0.0,Neutral,0.0,Neutral
1999-06-20,0.0,,0.0,Neutral,0.0,Neutral
1999-06-03,0.0,,0.0,Neutral,0.0,Neutral
1999-05-30,0.0,,0.0,Neutral,0.0,Neutral
1999-05-19,0.0,,0.0,Neutral,0.0,Neutral
1999-05-18,0.0,,0.0,Neutral,0.0,Neutral
1999-05-17,0.0,,0.0,Neutral,0.0,Neutral
1999-05-12,0.0,,0.0,Neutral,0.0,Neutral
1999-05-06,0.0,,0.0,Neutral,0.0,Neutral
1999-04-28,0.0,,0.0,Neutral,0.0,Neutral
1999-04-21,0.0,,0.0,Neutral,0.0,Neutral
1999-04-18,0.0,,0.0,Neutral,0.0,Neutral
1999-04-08,0.0,,0.0,Neutral,0.0,Neutral
1999-04-06,0.0,,0.0,Neutral,0.0,Neutral
1999-03-30,0.0,,0.0,Neutral,0.0,Neutral
1999-03-03,0.0,,0.0,Neutral,0.0,Neutral
1999-02-25,0.0,,0.0,Neutral,0.0,Neutral
1999-02-24,0.0,,0.0,Neutral,0.0,Neutral
1999-02-22,0.0,,0.0,Neutral,0.0,Neutral
1999-02-15,0.0,,0.0,Neutral,0.0,Neutral
1999-02-02,0.0,,0.0,Neutral,0.0,Neutral
1999-01-27,0.0,,0.0,Neutral,0.0,Neutral
1999-01-12,0.0,,0.0,Neutral,0.0,Neutral
1999-01-10,0.0,,0.0,Neutral,0.0,Neutral
1998-12-31,0.0,,0.0,Neutral,0.0,Neutral
1998-12-27,0.0,,0.0,Neutral,0.0,Neutral
1998-12-20,0.0,,0.0,Neutral,0.0,Neutral
1998-12-16,0.0,,0.0,Neutral,0.0,Neutral
1998-12-15,0.0,,0.0,Neutral,0.0,Neutral
1998-11-08,0.0,,0.0,Neutral,0.0,Neutral
1998-09-24,0.0,,0.0,Neutral,0.0,Neutral
1998-09-17,0.0,,0.0,Neutral,0.0,Neutral
1998-09-10,0.0,,0.0,Neutral,0.0,Neutral
1998-08-26,0.0,,0.0,Neutral,0.0,Neutral
1998-08-18,0.0,,0.0,Neutral,0.0,Neutral
1998-08-13,0.0,,0.0,Neutral,0.0,Neutral
1998-07-22,0.0,,0.0,Neutral,0.0,Neutral
1998-07-21,0.0,,0.0,Neutral,0.0,Neutral
1998-07-12,0.0,,0.0,Neutral,0.0,Neutral
1998-07-08,0.0,,0.0,Neutral,0.0,Neutral
1998-07-07,0.0,,0.0,Neutral,0.0,Neutral
1998-06-23,0.0,,0.0,Neutral,0.0,Neutral
1998-06-19,0.0,,0.0,Neutral,0.0,Neutral
1998-06-18,0.0,,0.0,Neutral,0.0,Neutral
1998-06-10,0.0,,0.0,Neutral,0.0,Neutral
1998-06-02,0.0,,0.0,Neutral,0.0,Neutral
1998-05-27,0.0,,0.0,Neutral,0.0,Neutral
1998-05-26,0.0,,0.0,Neutral,0.0,Neutral
1998-05-13,0.0,,0.0,Neutral,0.0,Neutral
1998-05-05,0.0,,0.0,Neutral,0.0,Neutral
1998-05-04,0.0,,0.0,Neutral,0.0,Neutral
1998-05-03,0.0,,0.0,Neutral,0.0,Neutral
1998-04-16,0.0,,0.0,Neutral,0.0,Neutral
1998-04-09,0.0,,0.0,Neutral,0.0,Neutral
1998-04-02,0.0,,0.0,Neutral,0.0,Neutral
1998-04-01,0.0,,0.0,Neutral,0.0,Neutral
1998-03-31,0.0,,0.0,Neutral,0.0,Neutral
1998-03-30,0.0,,0.0,Neutral,0.0,Neutral
1998-03-26,0.0,,0.0,Neutral,0.0,Neutral
1998-03-24,0.0,,0.0,Neutral,0.0,Neutral
1998-03-23,0.0,,0.0,Neutral,0.0,Neutral
1998-03-16,0.0,,0.0,Neutral,0.0,Neutral
1998-03-11,0.0,,0.0,Neutral,0.0,Neutral
1998-03-09,0.0,,0.0,Neutral,0.0,Neutral
1998-03-08,0.0,,0.0,Neutral,0.0,Neutral
1998-03-05,0.0,,0.0,Neutral,0.0,Neutral
1998-03-03,0.0,,0.0,Neutral,0.0,Neutral
1998-02-26,0.0,,0.0,Neutral,0.0,Neutral
1998-02-22,0.0,,0.0,Neutral,0.0,Neutral
1998-02-17,0.0,,0.0,Neutral,0.0,Neutral
1998-02-15,0.0,,0.0,Neutral,0.0,Neutral
1998-02-11,0.0,,0.0,Neutral,0.0,Neutral
1997-12-16,0.0,,0.0,Neutral,0.0,Neutral
1997-12-15,0.0,,0.0,Neutral,0.0,Neutral
1997-12-11,0.0,,0.0,Neutral,0.0,Neutral
1997-12-09,0.0,,0.0,Neutral,0.0,Neutral
1997-12-03,0.0,,0.0,Neutral,0.0,Neutral
1997-11-30,0.0,,0.0,Neutral,0.0,Neutral
1997-11-18,0.0,,0.0,Neutral,0.0,Neutral
1997-11-10,0.0,,0.0,Neutral,0.0,Neutral
1997-11-09,0.0,,0.0,Neutral,0.0,Neutral
1997-11-04,0.0,,0.0,Neutral,0.0,Neutral
1997-10-29,0.0,,0.0,Neutral,0.0,Neutral
1997-10-28,0.0,,0.0,Neutral,0.0,Neutral
1997-10-27,0.0,,0.0,Neutral,0.0,Neutral
1997-10-26,0.0,,0.0,Neutral,0.0,Neutral
1997-10-23,0.0,,0.0,Neutral,0.0,Neutral
1997-10-22,0.0,,0.0,Neutral,0.0,Neutral
1997-10-05,0.0,,0.0,Neutral,0.0,Neutral
1997-10-01,0.0,,0.0,Neutral,0.0,Neutral
1997-09-24,0.0,,0.0,Neutral,0.0,Neutral
1997-09-22,0.0,,0.0,Neutral,0.0,Neutral
1997-09-18,0.0,,0.0,Neutral,0.0,Neutral
1997-09-17,0.0,,0.0,Neutral,0.0,Neutral
1997-09-16,0.0,,0.0,Neutral,0.0,Neutral
1997-09-14,0.0,,0.0,Neutral,0.0,Neutral
1997-09-08,0.0,,0.0,Neutral,0.0,Neutral
1997-08-28,0.0,,0.0,Neutral,0.0,Neutral
1997-08-05,0.0,,0.0,Neutral,0.0,Neutral
1997-07-31,0.0,,0.0,Neutral,0.0,Neutral
1997-07-30,0.0,,0.0,Neutral,0.0,Neutral
1997-07-28,0.0,,0.0,Neutral,0.0,Neutral
1997-07-02,0.0,,0.0,Neutral,0.0,Neutral
1997-06-30,0.0,,0.0,Neutral,0.0,Neutral
1997-06-23,0.0,,0.0,Neutral,0.0,Neutral
1997-06-05,0.0,,0.0,Neutral,0.0,Neutral
1997-06-03,0.0,,0.0,Neutral,0.0,Neutral
1997-05-04,0.0,,0.0,Neutral,0.0,Neutral
1997-02-26,0.0,,0.0,Neutral,0.0,Neutral
1997-02-25,0.0,,0.0,Neutral,0.0,Neutral
1997-02-24,0.0,,0.0,Neutral,0.0,Neutral
1997-02-17,0.0,,0.0,Neutral,0.0,Neutral
1997-02-02,0.0,,0.0,Neutral,0.0,Neutral
1997-01-12,0.0,,0.0,Neutral,0.0,Neutral
1996-12-26,0.0,,0.0,Neutral,0.0,Neutral
1996-12-15,0.0,,0.0,Neutral,0.0,Neutral
1996-11-21,0.0,,0.0,Neutral,0.0,Neutral
1996-11-19,0.0,,0.0,Neutral,0.0,Neutral
1996-11-18,0.0,,0.0,Neutral,0.0,Neutral
1996-10-27,0.0,,0.0,Neutral,0.0,Neutral
1996-10-15,0.0,,0.0,Neutral,0.0,Neutral
1996-10-14,0.0,,0.0,Neutral,0.0,Neutral
1996-09-29,0.0,,0.0,Neutral,0.0,Neutral
1996-09-24,0.0,,0.0,Neutral,0.0,Neutral
1996-09-23,0.0,,0.0,Neutral,0.0,Neutral
1996-09-15,0.0,,0.0,Neutral,0.0,Neutral
1996-09-12,0.0,,0.0,Neutral,0.0,Neutral
1996-09-09,0.0,,0.0,Neutral,0.0,Neutral
1996-09-05,0.0,,0.0,Neutral,0.0,Neutral
1996-09-02,0.0,,0.0,Neutral,0.0,Neutral
1996-08-25,0.0,,0.0,Neutral,0.0,Neutral
1996-08-20,0.0,,0.0,Neutral,0.0,Neutral
1996-08-13,0.0,,0.0,Neutral,0.0,Neutral
1996-08-11,0.0,,0.0,Neutral,0.0,Neutral
1996-08-07,0.0,,0.0,Neutral,0.0,Neutral
1996-07-30,0.0,,0.0,Neutral,0.0,Neutral
1996-07-28,0.0,,0.0,Neutral,0.0,Neutral
1996-07-25,0.0,,0.0,Neutral,0.0,Neutral
1996-07-09,0.0,,0.0,Neutral,0.0,Neutral
1996-07-08,0.0,,0.0,Neutral,0.0,Neutral
1996-07-07,0.0,,0.0,Neutral,0.0,Neutral
1996-07-04,0.0,,0.0,Neutral,0.0,Neutral
1996-05-29,0.0,,0.0,Neutral,0.0,Neutral
1996-05-20,0.0,,0.0,Neutral,0.0,Neutral
1996-04-23,0.0,,0.0,Neutral,0.0,Neutral
1996-04-02,0.0,,0.0,Neutral,0.0,Neutral
1996-03-03,0.0,,0.0,Neutral,0.0,Neutral
1996-02-28,0.0,,0.0,Neutral,0.0,Neutral
1996-02-25,0.0,,0.0,Neutral,0.0,Neutral
1996-02-21,0.0,,0.0,Neutral,0.0,Neutral
1996-02-18,0.0,,0.0,Neutral,0.0,Neutral
1996-02-13,0.0,,0.0,Neutral,0.0,Neutral
1996-02-12,0.0,,0.0,Neutral,0.0,Neutral
1996-02-05,0.0,,0.0,Neutral,0.0,Neutral
1996-01-23,0.0,,0.0,Neutral,0.0,Neutral
1996-01-18,0.0,,0.0,Neutral,0.0,Neutral
1996-01-04,0.0,,0.0,Neutral,0.0,Neutral
1995-12-25,0.0,,0.0,Neutral,0.0,Neutral
1995-12-24,0.0,,0.0,Neutral,0.0,Neutral
1995-12-17,0.0,,0.0,Neutral,0.0,Neutral
1995-12-12,0.0,,0.0,Neutral,0.0,Neutral
1995-12-07,0.0,,0.0,Neutral,0.0,Neutral
1995-12-06,0.0,,0.0,Neutral,0.0,Neutral
1995-12-05,0.0,,0.0,Neutral,0.0,Neutral
1995-12-04,0.0,,0.0,Neutral,0.0,Neutral
1995-11-27,0.0,,0.0,Neutral,0.0,Neutral
1995-11-23,0.0,,0.0,Neutral,0.0,Neutral
1995-11-20,0.0,,0.0,Neutral,0.0,Neutral
1995-11-16,0.0,,0.0,Neutral,0.0,Neutral
1995-11-12,0.0,,0.0,Neutral,0.0,Neutral
1995-11-05,0.0,,0.0,Neutral,0.0,Neutral
1995-11-02,0.0,,0.0,Neutral,0.0,Neutral
1995-10-31,0.0,,0.0,Neutral,0.0,Neutral
1995-10-16,0.0,,0.0,Neutral,0.0,Neutral
1995-09-27,0.0,,0.0,Neutral,0.0,Neutral
1995-09-19,0.0,,0.0,Neutral,0.0,Neutral
1995-09-17,0.0,,0.0,Neutral,0.0,Neutral
1995-09-11,0.0,,0.0,Neutral,0.0,Neutral
1995-08-24,0.0,,0.0,Neutral,0.0,Neutral
1995-08-20,0.0,,0.0,Neutral,0.0,Neutral
1995-08-08,0.0,,0.0,Neutral,0.0,Neutral
1995-08-06,0.0,,0.0,Neutral,0.0,Neutral
1995-08-02,0.0,,0.0,Neutral,0.0,Neutral
1995-07-30,0.0,,0.0,Neutral,0.0,Neutral
1995-07-26,0.0,,0.0,Neutral,0.0,Neutral
1995-07-20,0.0,,0.0,Neutral,0.0,Neutral
2026-03-03,0.0,,0.0,Neutral,0.0,Neutral
2026-03-01,0.0,,0.0,Neutral,0.0,Neutral
2026-02-26,0.0,,0.0,Neutral,0.0,Neutral
2026-02-24,0.0,,0.0,Neutral,0.0,Neutral
2026-02-23,0.0,,0.0,Neutral,0.0,Neutral
2026-02-22,0.0,,0.0,Neutral,0.0,Neutral
2026-02-17,0.0,,0.0,Neutral,0.0,Neutral
2026-02-16,0.0,,0.0,Neutral,0.0,Neutral
2026-02-12,0.0,2026-02-12,-0.2644221298396587,Negative,-0.2644221298396587,Negative
2026-02-11,0.0,2026-02-11,-0.4408624172210693,Negative,-0.5730734821408986,Negative
2026-02-10,0.0,2026-02-10,-0.5762443542480469,Negative,-0.8627810953184962,Strongly Negative
2026-02-09,0.0,,0.0,Neutral,-0.39833778142929077,Negative
2026-02-08,0.0,,0.0,Neutral,-0.14406108856201172,Slightly Negative
2026-02-05,0.0,,0.0,Neutral,0.0,Neutral
2026-02-04,0.0,,0.0,Neutral,0.0,Neutral
2026-02-03,0.0,,0.0,Neutral,0.0,Neutral
2026-02-02,0.0,,0.0,Neutral,0.0,Neutral
2026-02-01,0.0,,0.0,Neutral,0.0,Neutral
2026-01-29,0.0,,0.0,Neutral,0.0,Neutral
2026-01-28,0.0,2026-01-28,0.0113222198560833,Neutral,0.0113222198560833,Neutral
2026-01-27,0.0,,0.0,Neutral,0.00566110992804165,Neutral
2026-01-26,0.0,,0.0,Neutral,0.002830554964020825,Neutral
2026-01-25,0.0,,0.0,Neutral,0.0,Neutral
2026-01-22,0.0,,0.0,Neutral,0.0,Neutral
2026-01-21,0.0,,0.0,Neutral,0.0,Neutral
2026-01-20,0.0,,0.0,Neutral,0.0,Neutral
2026-01-18,0.0,,0.0,Neutral,0.0,Neutral
2026-01-14,0.0,2026-01-14,0.0140300989151,Neutral,0.0140300989151,Neutral
2026-01-13,0.0,,0.0,Neutral,0.00701504945755,Neutral
2026-01-12,0.0,,0.0,Neutral,0.003507524728775,Neutral
2026-01-08,0.0,,0.0,Neutral,0.0,Neutral
2026-01-07,0.0,,0.0,Neutral,0.0,Neutral
2026-01-06,0.0,,0.0,Neutral,0.0,Neutral
2026-01-05,0.0,2026-01-05,-0.8387445211410522,Strongly Negative,-0.8387445211410522,Strongly Negative
2026-01-04,0.0,,0.0,Neutral,-0.4193722605705261,Negative
2026-01-01,0.0,,0.0,Neutral,-0.20968613028526306,Negative
2025-12-31,0.0,,0.0,Neutral,0.0,Neutral
2025-12-29,0.0,,0.0,Neutral,0.0,Neutral
2025-12-28,0.0,,0.0,Neutral,0.0,Neutral
2025-12-24,0.0,,0.0,Neutral,0.0,Neutral
2025-12-23,0.0,,0.0,Neutral,0.0,Neutral
2025-12-22,0.0,,0.0,Neutral,0.0,Neutral
2025-12-21,0.0,,0.0,Neutral,0.0,Neutral
2025-12-18,0.0,,0.0,Neutral,0.0,Neutral
2025-12-17,0.0,,0.0,Neutral,0.0,Neutral
2025-12-16,0.0,,0.0,Neutral,0.0,Neutral
2025-12-15,0.0,2025-12-15,0.0156788323074579,Neutral,0.0156788323074579,Neutral
2025-12-14,0.0,,0.0,Neutral,0.00783941615372895,Neutral
2025-12-10,0.0,,0.0,Neutral,0.003919708076864475,Neutral
2025-12-09,0.0,,0.0,Neutral,0.0,Neutral
2025-12-08,0.0,,0.0,Neutral,0.0,Neutral
2025-12-07,0.0,,0.0,Neutral,0.0,Neutral
2025-12-03,0.0,,0.0,Neutral,0.0,Neutral
2025-12-02,0.0,,0.0,Neutral,0.0,Neutral
2025-12-01,0.0,,0.0,Neutral,0.0,Neutral
2025-11-30,0.0,2025-11-30,-0.5521965622901917,Negative,-0.5521965622901917,Negative
2025-11-27,0.0,,0.0,Neutral,-0.2760982811450958,Negative
2025-11-26,0.0,,0.0,Neutral,-0.1380491405725479,Slightly Negative
2025-11-25,0.0,2025-11-25,0.6663917303085327,Strongly Positive,0.6663917303085327,Strongly Positive
2025-11-24,0.0,,0.0,Neutral,0.33319586515426636,Positive
2025-11-23,0.0,,0.0,Neutral,0.16659793257713318,Slightly Positive
2025-11-20,0.0,,0.0,Neutral,0.0,Neutral
2025-11-19,0.0,,0.0,Neutral,0.0,Neutral
2025-11-18,0.0,,0.0,Neutral,0.0,Neutral
2025-11-17,0.0,,0.0,Neutral,0.0,Neutral
2025-11-16,0.0,,0.0,Neutral,0.0,Neutral
2025-11-13,0.0,,0.0,Neutral,0.0,Neutral
2025-11-12,0.0,,0.0,Neutral,0.0,Neutral
2025-11-11,0.0,2025-11-11,-0.5206417441368103,Negative,-0.5206417441368103,Negative
2025-11-10,0.0,2025-11-10,0.1399208903312683,Slightly Positive,-0.12039998173713684,Slightly Negative
2025-11-09,0.0,,0.0,Neutral,-0.06019999086856842,Slightly Negative
2025-11-06,0.0,,0.0,Neutral,0.03498022258281708,Neutral
2025-11-05,0.0,2025-11-05,0.9275050759315492,Strongly Positive,0.9275050759315492,Strongly Positive
2025-11-04,0.0,,0.0,Neutral,0.4637525379657746,Positive
2025-11-03,0.0,,0.0,Neutral,0.2318762689828873,Positive
2025-11-02,0.0,2025-11-02,0.8304534256458282,Strongly Positive,0.8304534256458282,Strongly Positive
2025-10-30,0.0,,0.0,Neutral,0.4152267128229141,Positive
2025-10-29,0.0,,0.0,Neutral,0.20761335641145706,Positive
2025-10-28,0.0,,0.0,Neutral,0.0,Neutral
2025-10-26,0.0,,0.0,Neutral,0.0,Neutral
2025-10-19,0.0,2025-10-19,-0.7027487754821777,Strongly Negative,-0.7027487754821777,Strongly Negative
2025-10-16,0.0,,0.0,Neutral,-0.35137438774108887,Negative
2025-10-15,0.0,,0.0,Neutral,-0.17568719387054443,Slightly Negative
2025-10-14,0.0,,0.0,Neutral,0.0,Neutral
2025-10-13,0.0,,0.0,Neutral,0.0,Neutral
2025-10-12,0.0,,0.0,Neutral,0.0,Neutral
2025-10-09,0.0,,0.0,Neutral,0.0,Neutral
2025-10-08,0.0,,0.0,Neutral,0.0,Neutral
2025-10-07,0.0,,0.0,Neutral,0.0,Neutral
2025-09-28,0.0,,0.0,Neutral,0.0,Neutral
2025-09-25,0.0,,0.0,Neutral,0.0,Neutral
2025-09-24,0.0,,0.0,Neutral,0.0,Neutral
2025-09-23,0.0,,0.0,Neutral,0.0,Neutral
2025-09-21,0.0,,0.0,Neutral,0.0,Neutral
2025-09-18,0.0,2025-09-18,0.0988965034484863,Slightly Positive,0.0988965034484863,Slightly Positive
2025-09-08,0.0,,0.0,Neutral,0.04944825172424315,Neutral
2025-09-07,0.0,,0.0,Neutral,0.024724125862121575,Neutral
2025-09-04,0.0,,0.0,Neutral,0.0,Neutral
2025-09-03,0.0,,0.0,Neutral,0.0,Neutral
2025-09-02,0.0,,0.0,Neutral,0.0,Neutral
2025-09-01,0.0,,0.0,Neutral,0.0,Neutral
2025-08-31,0.0,2025-08-31,-0.8702601194381714,Strongly Negative,-0.8702601194381714,Strongly Negative
2025-08-28,0.0,2025-08-28,0.9314732551574708,Strongly Positive,0.4963431954383851,Positive
2025-08-27,0.0,2025-08-27,-0.8449028730392456,Strongly Negative,-0.5967312753200531,Negative
2025-08-26,0.0,,0.0,Neutral,-0.1895831227302551,Slightly Negative
2025-08-25,0.0,,0.0,Neutral,-0.2112257182598114,Negative
2025-08-24,0.0,,0.0,Neutral,0.0,Neutral
2025-08-21,0.0,,0.0,Neutral,0.0,Neutral
2025-08-20,0.0,,0.0,Neutral,0.0,Neutral
2025-08-19,0.0,,0.0,Neutral,0.0,Neutral
2025-08-18,0.0,,0.0,Neutral,0.0,Neutral
2025-08-17,0.0,2025-08-17,-0.0869648940861225,Slightly Negative,-0.0869648940861225,Slightly Negative
2025-08-14,0.0,,0.0,Neutral,-0.04348244704306125,Neutral
2025-08-13,0.0,,0.0,Neutral,-0.021741223521530625,Neutral
2025-08-12,0.0,,0.0,Neutral,0.0,Neutral
2025-08-11,0.0,,0.0,Neutral,0.0,Neutral
2025-08-07,0.0,,0.0,Neutral,0.0,Neutral
2025-08-06,0.0,,0.0,Neutral,0.0,Neutral
2025-08-05,0.0,,0.0,Neutral,0.0,Neutral
2025-08-04,0.0,,0.0,Neutral,0.0,Neutral
2025-08-03,0.0,,0.0,Neutral,0.0,Neutral
2025-07-31,0.0,,0.0,Neutral,0.0,Neutral
2025-07-30,0.0,,0.0,Neutral,0.0,Neutral
2025-07-29,0.0,,0.0,Neutral,0.0,Neutral
2025-07-28,0.0,,0.0,Neutral,0.0,Neutral
2025-07-27,0.0,,0.0,Neutral,0.0,Neutral
2025-07-24,0.0,,0.0,Neutral,0.0,Neutral
2025-07-23,0.0,,0.0,Neutral,0.0,Neutral
2025-07-22,0.0,,0.0,Neutral,0.0,Neutral
2025-07-21,0.0,,0.0,Neutral,0.0,Neutral
2025-07-20,0.0,,0.0,Neutral,0.0,Neutral
2025-07-17,0.0,2025-07-17,0.0606837570667266,Slightly Positive,0.0606837570667266,Slightly Positive
2025-07-16,0.0,,0.0,Neutral,0.0303418785333633,Neutral
2025-07-15,0.0,,0.0,Neutral,0.01517093926668165,Neutral
2025-07-14,0.0,2025-07-14,0.3165594339370727,Positive,0.3165594339370727,Positive
2025-07-13,0.0,,0.0,Neutral,0.15827971696853635,Slightly Positive
2025-07-10,0.0,,0.0,Neutral,0.07913985848426817,Slightly Positive
2025-07-09,0.0,2025-07-09,0.5959690809249878,Positive,0.5959690809249878,Positive
2025-07-08,0.0,,0.0,Neutral,0.2979845404624939,Positive
2025-07-07,0.0,,0.0,Neutral,0.14899227023124695,Slightly Positive
2025-07-06,0.0,,0.0,Neutral,0.0,Neutral
2025-07-03,0.0,,0.0,Neutral,0.0,Neutral
2025-07-02,0.0,,0.0,Neutral,0.0,Neutral
2025-07-01,0.0,,0.0,Neutral,0.0,Neutral
2025-06-30,0.0,,0.0,Neutral,0.0,Neutral
2025-06-29,0.0,2025-06-29,0.0124993920326232,Neutral,0.0124993920326232,Neutral
2025-06-26,0.0,,0.0,Neutral,0.0062496960163116,Neutral
2025-06-25,0.0,2025-06-25,-0.5497723817825317,Negative,-0.5466475337743759,Negative
2025-06-24,0.0,,0.0,Neutral,-0.27488619089126587,Negative
2025-06-23,0.0,,0.0,Neutral,-0.13744309544563293,Slightly Negative
2025-06-22,0.0,,0.0,Neutral,0.0,Neutral
2025-06-19,0.0,2025-06-19,0.9185822606086732,Strongly Positive,0.9185822606086732,Strongly Positive
2025-06-18,0.0,2025-06-18,0.134243756532669,Slightly Positive,0.5935348868370056,Positive
2025-06-17,0.0,,0.0,Neutral,0.2967674434185028,Positive
2025-06-16,0.0,,0.0,Neutral,0.03356093913316725,Neutral
2025-06-15,0.0,,0.0,Neutral,0.0,Neutral
2025-06-12,0.0,,0.0,Neutral,0.0,Neutral
2025-06-11,0.0,2025-06-11,-0.1211603879928588,Slightly Negative,-0.1211603879928588,Slightly Negative
2025-06-10,0.0,2025-06-10,-0.4339157342910766,Negative,-0.494495928287506,Negative
2025-06-09,0.0,2025-06-09,-0.3343536257743835,Negative,-0.5816015899181365,Negative
2025-06-08,0.0,,0.0,Neutral,-0.2756557464599609,Negative
2025-06-05,0.0,2025-06-05,-0.5912338495254517,Negative,-0.6748222559690475,Strongly Negative
2025-06-04,0.0,,0.0,Neutral,-0.29561692476272583,Negative
2025-06-03,0.0,2025-06-03,-0.2338424623012542,Negative,-0.3816509246826171,Negative
2025-06-02,0.0,2025-06-02,-0.5659517645835876,Negative,-0.6828729957342148,Strongly Negative
2025-05-28,0.0,,0.0,Neutral,-0.3414364978671074,Negative
2025-05-27,0.0,,0.0,Neutral,-0.1414879411458969,Slightly Negative
2025-05-26,0.0,2025-05-26,-0.7628889083862305,Strongly Negative,-0.7628889083862305,Strongly Negative
2025-05-25,0.0,,0.0,Neutral,-0.38144445419311523,Negative
2025-05-22,0.0,2025-05-22,-0.7128505706787109,Strongly Negative,-0.9035727977752686,Strongly Negative
2025-05-21,0.0,,0.0,Neutral,-0.35642528533935547,Negative
2025-05-20,0.0,2025-05-20,-0.6116074919700623,Strongly Negative,-0.78982013463974,Strongly Negative
2025-05-19,0.0,,0.0,Neutral,-0.30580374598503113,Negative
2025-05-18,0.0,,0.0,Neutral,-0.15290187299251556,Slightly Negative
2025-05-15,0.0,,0.0,Neutral,0.0,Neutral
2025-05-14,0.0,2025-05-14,-0.120438814163208,Slightly Negative,-0.120438814163208,Slightly Negative
2025-05-13,0.0,,0.0,Neutral,-0.060219407081604,Slightly Negative
2025-05-11,0.0,,0.0,Neutral,-0.030109703540802,Neutral
2025-05-08,0.0,,0.0,Neutral,0.0,Neutral
2025-05-07,0.0,,0.0,Neutral,0.0,Neutral
2025-05-06,0.0,,0.0,Neutral,0.0,Neutral
2025-05-05,0.0,,0.0,Neutral,0.0,Neutral
2025-05-04,0.0,,0.0,Neutral,0.0,Neutral
2025-04-30,0.0,,0.0,Neutral,0.0,Neutral
2025-04-29,0.0,,0.0,Neutral,0.0,Neutral
2025-04-28,0.0,,0.0,Neutral,0.0,Neutral
2025-04-27,0.0,,0.0,Neutral,0.0,Neutral
2025-04-24,0.0,,0.0,Neutral,0.0,Neutral
2025-04-23,0.0,,0.0,Neutral,0.0,Neutral
2025-04-22,0.0,2025-04-22,0.0065177381038665,Neutral,0.0065177381038665,Neutral
2025-04-21,0.0,2025-04-21,-0.1222520172595977,Slightly Negative,-0.11899314820766445,Slightly Negative
2025-04-20,0.0,2025-04-20,-0.9325382113456726,Strongly Negative,-0.9920347854495049,Strongly Negative
2025-04-17,0.0,,0.0,Neutral,-0.49683210998773575,Negative
2025-04-16,0.0,2025-04-16,-0.1533498167991638,Slightly Negative,-0.38648436963558197,Negative
2025-04-15,0.0,,0.0,Neutral,-0.0766749083995819,Slightly Negative
2025-04-13,0.0,2025-04-13,0.0838408172130584,Slightly Positive,0.045503363013267455,Neutral
2025-04-10,0.0,2025-04-10,0.1280533671379089,Slightly Positive,0.16997377574443812,Slightly Positive
2025-04-09,0.0,,0.0,Neutral,0.08498688787221906,Slightly Positive
2025-04-08,0.0,,0.0,Neutral,0.03201334178447723,Neutral
2025-04-07,0.0,,0.0,Neutral,0.0,Neutral
2025-04-03,0.0,,0.0,Neutral,0.0,Neutral
2025-04-02,0.0,,0.0,Neutral,0.0,Neutral
2025-04-01,0.0,,0.0,Neutral,0.0,Neutral
2025-03-30,0.0,2025-03-30,-0.4880945086479187,Negative,-0.4880945086479187,Negative
2025-03-27,0.0,,0.0,Neutral,-0.24404725432395935,Negative
2025-03-26,0.0,2025-03-26,-0.6513763070106506,Strongly Negative,-0.7733999341726303,Strongly Negative
2025-03-25,0.0,2025-03-25,0.2815593183040619,Positive,-0.04412883520126343,Neutral
2025-03-24,0.0,,0.0,Neutral,-0.022064417600631714,Neutral
2025-03-23,0.0,2025-03-23,-0.6444237232208252,Strongly Negative,-0.5740338936448097,Negative
2025-03-20,0.0,2025-03-20,-0.406167596578598,Negative,-0.7283794581890106,Strongly Negative
2025-03-19,0.0,,0.0,Neutral,-0.3641897290945053,Negative
2025-03-18,0.0,,0.0,Neutral,-0.1015418991446495,Slightly Negative
2025-03-17,0.0,2025-03-17,-0.0320629775524139,Neutral,-0.0320629775524139,Neutral
2025-03-16,0.0,,0.0,Neutral,-0.01603148877620695,Neutral
2025-03-12,0.0,,0.0,Neutral,-0.008015744388103475,Neutral
2025-03-11,0.0,,0.0,Neutral,0.0,Neutral
2025-03-10,0.0,2025-03-10,-0.7477757930755615,Strongly Negative,-0.7477757930755615,Strongly Negative
2025-03-09,0.0,,0.0,Neutral,-0.37388789653778076,Negative
2025-03-06,0.0,,0.0,Neutral,-0.18694394826889038,Slightly Negative
2025-03-05,0.0,,0.0,Neutral,0.0,Neutral
2025-03-04,0.0,,0.0,Neutral,0.0,Neutral
2025-03-03,0.0,,0.0,Neutral,0.0,Neutral
2025-03-02,0.0,,0.0,Neutral,0.0,Neutral
2025-02-27,0.0,,0.0,Neutral,0.0,Neutral
2025-02-25,0.0,,0.0,Neutral,0.0,Neutral
2025-02-24,0.0,2025-02-24,-0.3941380977630615,Negative,-0.3941380977630615,Negative
2025-02-23,0.0,,0.0,Neutral,-0.19706904888153076,Slightly Negative
2025-02-20,0.0,,0.0,Neutral,-0.09853452444076538,Slightly Negative
2025-02-18,0.0,,0.0,Neutral,0.0,Neutral
2025-02-17,0.0,,0.0,Neutral,0.0,Neutral
2025-02-16,0.0,,0.0,Neutral,0.0,Neutral
2025-02-13,0.0,2025-02-13,-0.6699524521827698,Strongly Negative,-0.6699524521827698,Strongly Negative
2025-02-12,0.0,2025-02-12,0.2080480456352233,Positive,-0.12692818045616158,Slightly Negative
2025-02-11,0.0,,0.0,Neutral,-0.06346409022808079,Slightly Negative
2025-02-10,0.0,,0.0,Neutral,0.052012011408805826,Slightly Positive
2025-02-09,0.0,,0.0,Neutral,0.0,Neutral
2025-02-06,0.0,,0.0,Neutral,0.0,Neutral
2025-02-05,0.0,,0.0,Neutral,0.0,Neutral
2025-02-04,0.0,,0.0,Neutral,0.0,Neutral
2025-02-03,0.0,,0.0,Neutral,0.0,Neutral
2025-02-02,0.0,,0.0,Neutral,0.0,Neutral
2025-01-28,0.0,,0.0,Neutral,0.0,Neutral
2025-01-27,0.0,,0.0,Neutral,0.0,Neutral
2025-01-26,0.0,,0.0,Neutral,0.0,Neutral
2025-01-23,0.0,2025-01-23,-0.2442322820425033,Negative,-0.2442322820425033,Negative
2025-01-22,0.0,,0.0,Neutral,-0.12211614102125165,Slightly Negative
2025-01-21,0.0,,0.0,Neutral,-0.061058070510625825,Slightly Negative
2025-01-20,0.0,2025-01-20,-0.0088043892756104,Neutral,-0.0088043892756104,Neutral
2025-01-19,0.0,,0.0,Neutral,-0.0044021946378052,Neutral
2025-01-16,0.0,,0.0,Neutral,-0.0022010973189026,Neutral
2025-01-15,0.0,,0.0,Neutral,0.0,Neutral
2025-01-13,0.0,,0.0,Neutral,0.0,Neutral
2025-01-12,0.0,,0.0,Neutral,0.0,Neutral
2025-01-09,0.0,,0.0,Neutral,0.0,Neutral
2025-01-08,0.0,,0.0,Neutral,0.0,Neutral
2025-01-07,0.0,,0.0,Neutral,0.0,Neutral
2025-01-06,0.0,,0.0,Neutral,0.0,Neutral
2025-01-05,0.0,,0.0,Neutral,0.0,Neutral
2025-01-02,0.0,2025-01-02,0.9056085348129272,Strongly Positive,0.9056085348129272,Strongly Positive
2025-01-01,0.0,,0.0,Neutral,0.4528042674064636,Positive
2024-12-31,0.0,,0.0,Neutral,0.2264021337032318,Positive
2024-12-29,0.0,,0.0,Neutral,0.0,Neutral
2024-12-26,0.0,,0.0,Neutral,0.0,Neutral
2024-12-24,0.0,,0.0,Neutral,0.0,Neutral
2024-12-23,0.0,,0.0,Neutral,0.0,Neutral
2024-12-22,0.0,,0.0,Neutral,0.0,Neutral
2024-12-19,0.0,,0.0,Neutral,0.0,Neutral
2024-12-18,0.0,,0.0,Neutral,0.0,Neutral
2024-12-17,0.0,,0.0,Neutral,0.0,Neutral
2024-12-16,0.0,2024-12-16,-0.1873531192541122,Slightly Negative,-0.1873531192541122,Slightly Negative
2024-12-12,0.0,2024-12-12,-0.7372568249702454,Strongly Negative,-0.8309333845973015,Strongly Negative
2024-12-11,0.0,,0.0,Neutral,-0.41546669229865074,Negative
2024-12-10,0.0,2024-12-10,0.0605501011013984,Slightly Positive,-0.12376410514116294,Slightly Negative
2024-12-09,0.0,2024-12-09,0.0543120503425598,Slightly Positive,0.08458710089325899,Slightly Positive
2024-12-08,0.0,,0.0,Neutral,0.042293550446629496,Neutral
2024-12-05,0.0,2024-12-05,-0.8622756004333496,Strongly Negative,-0.8486975878477097,Strongly Negative
2024-12-04,0.0,,0.0,Neutral,-0.4311378002166748,Negative
2024-12-03,0.0,,0.0,Neutral,-0.2155689001083374,Negative
2024-12-02,0.0,,0.0,Neutral,0.0,Neutral
2024-12-01,0.0,,0.0,Neutral,0.0,Neutral
2024-11-28,0.0,,0.0,Neutral,0.0,Neutral
2024-11-27,0.0,,0.0,Neutral,0.0,Neutral
2024-11-26,0.0,,0.0,Neutral,0.0,Neutral
2024-11-25,0.0,,0.0,Neutral,0.0,Neutral
2024-11-24,0.0,,0.0,Neutral,0.0,Neutral
2024-11-21,0.0,2024-11-21,0.3522944152355194,Positive,0.3522944152355194,Positive
2024-11-20,0.0,,0.0,Neutral,0.1761472076177597,Slightly Positive
2024-11-19,0.0,,0.0,Neutral,0.08807360380887985,Slightly Positive
2024-11-17,0.0,,0.0,Neutral,0.0,Neutral
2024-11-14,0.0,,0.0,Neutral,0.0,Neutral
2024-11-13,0.0,,0.0,Neutral,0.0,Neutral
2024-11-12,0.0,,0.0,Neutral,0.0,Neutral
2024-11-11,0.0,2024-11-11,0.9224844574928284,Strongly Positive,0.9224844574928284,Strongly Positive
2024-11-10,0.0,2024-11-10,0.0913766026496887,Slightly Positive,0.5526188313961029,Positive
2024-11-06,0.0,2024-11-06,0.6941941380500793,Strongly Positive,0.9705035537481308,Strongly Positive
2024-11-05,0.0,,0.0,Neutral,0.36994121968746185,Positive
2024-10-30,0.0,,0.0,Neutral,0.17354853451251984,Slightly Positive
2024-10-29,0.0,2024-10-29,-0.4482151567935943,Negative,-0.4482151567935943,Negative
2024-10-28,0.0,,0.0,Neutral,-0.22410757839679715,Negative
2024-10-27,0.0,,0.0,Neutral,-0.11205378919839858,Slightly Negative
2024-10-24,0.0,,0.0,Neutral,0.0,Neutral
2024-10-23,0.0,2024-10-23,-0.5182260870933533,Negative,-0.5182260870933533,Negative
2024-10-22,0.0,,0.0,Neutral,-0.25911304354667664,Negative
2024-10-21,0.0,,0.0,Neutral,-0.12955652177333832,Slightly Negative
2024-10-20,0.0,2024-10-20,-0.0460387840867042,Neutral,-0.0460387840867042,Neutral
2024-10-17,0.0,2024-10-17,-0.5775560140609741,Negative,-0.6005754061043262,Strongly Negative
2024-10-16,0.0,2024-10-16,0.3032940030097961,Positive,0.003006299957632977,Neutral
2024-10-15,0.0,,0.0,Neutral,0.007257997989654513,Neutral
2024-10-09,0.0,2024-10-09,0.9219281077384948,Strongly Positive,0.9977516084909438,Strongly Positive
2024-10-08,0.0,,0.0,Neutral,0.4609640538692474,Positive
2024-10-07,0.0,2024-10-07,0.9075050950050354,Strongly Positive,1.1379871219396591,Strongly Positive
2024-10-06,0.0,,0.0,Neutral,0.4537525475025177,Positive
2024-10-02,0.0,,0.0,Neutral,0.22687627375125885,Positive
2024-10-01,0.0,2024-10-01,0.9054638147354126,Strongly Positive,0.9054638147354126,Strongly Positive
2024-09-30,0.0,,0.0,Neutral,0.4527319073677063,Positive
2024-09-29,0.0,,0.0,Neutral,0.22636595368385315,Positive
2024-09-26,0.0,,0.0,Neutral,0.0,Neutral
2024-09-25,0.0,,0.0,Neutral,0.0,Neutral
2024-09-24,0.0,2024-09-24,0.9053268432617188,Strongly Positive,0.9053268432617188,Strongly Positive
2024-09-23,0.0,,0.0,Neutral,0.4526634216308594,Positive
2024-09-22,0.0,,0.0,Neutral,0.2263317108154297,Positive
2024-09-18,0.0,2024-09-18,0.0292224586009979,Neutral,0.0292224586009979,Neutral
2024-09-16,0.0,2024-09-16,0.0701217502355575,Slightly Positive,0.08473297953605645,Slightly Positive
2024-09-15,0.0,,0.0,Neutral,0.042366489768028225,Neutral
2024-09-12,0.0,2024-09-12,0.7334011197090149,Strongly Positive,0.7509315572679043,Strongly Positive
2024-09-11,0.0,,0.0,Neutral,0.36670055985450745,Positive
2024-09-10,0.0,,0.0,Neutral,0.18335027992725372,Slightly Positive
2024-09-09,0.0,,0.0,Neutral,0.0,Neutral
2024-09-08,0.0,2024-09-08,0.0105989575386047,Neutral,0.0105989575386047,Neutral
2024-09-05,0.0,,0.0,Neutral,0.00529947876930235,Neutral
2024-09-04,0.0,,0.0,Neutral,0.002649739384651175,Neutral
2024-09-03,0.0,2024-09-03,-0.2997061610221863,Negative,-0.2997061610221863,Negative
2024-09-02,0.0,,0.0,Neutral,-0.14985308051109314,Slightly Negative
2024-09-01,0.0,,0.0,Neutral,-0.07492654025554657,Slightly Negative
2024-08-29,0.0,,0.0,Neutral,0.0,Neutral
2024-08-28,0.0,,0.0,Neutral,0.0,Neutral
2024-08-27,0.0,,0.0,Neutral,0.0,Neutral
2024-08-25,0.0,,0.0,Neutral,0.0,Neutral
2024-08-22,0.0,,0.0,Neutral,0.0,Neutral
2024-08-21,0.0,,0.0,Neutral,0.0,Neutral
2024-08-18,0.0,,0.0,Neutral,0.0,Neutral
2024-08-15,0.0,,0.0,Neutral,0.0,Neutral
2024-08-14,0.0,,0.0,Neutral,0.0,Neutral
2024-08-13,0.0,,0.0,Neutral,0.0,Neutral
2024-08-12,0.0,,0.0,Neutral,0.0,Neutral
2024-08-11,0.0,2024-08-11,-0.6217007637023926,Strongly Negative,-0.6217007637023926,Strongly Negative
2024-08-08,0.0,,0.0,Neutral,-0.3108503818511963,Negative
2024-08-07,0.0,,0.0,Neutral,-0.15542519092559814,Slightly Negative
2024-08-06,0.0,2024-08-06,0.06113051623106,Slightly Positive,0.06113051623106,Slightly Positive
2024-08-05,0.0,2024-08-05,-0.0004892461001873,Neutral,0.0300760120153427,Neutral
2024-08-01,0.0,,0.0,Neutral,0.01503800600767135,Neutral
2024-07-31,0.0,,0.0,Neutral,-0.000122311525046825,Neutral
2024-07-30,0.0,,0.0,Neutral,0.0,Neutral
2024-07-29,0.0,,0.0,Neutral,0.0,Neutral
2024-07-28,0.0,,0.0,Neutral,0.0,Neutral
2024-07-25,0.0,,0.0,Neutral,0.0,Neutral
2024-07-24,0.0,,0.0,Neutral,0.0,Neutral
2024-07-23,0.0,,0.0,Neutral,0.0,Neutral
2024-07-22,0.0,,0.0,Neutral,0.0,Neutral
2024-07-21,0.0,2024-07-21,0.2961920797824859,Positive,0.2961920797824859,Positive
2024-07-18,0.0,,0.0,Neutral,0.14809603989124295,Slightly Positive
2024-07-17,0.0,,0.0,Neutral,0.07404801994562148,Slightly Positive
2024-07-16,0.0,,0.0,Neutral,0.0,Neutral
2024-07-15,0.0,2024-07-15,0.0531130880117416,Slightly Positive,0.0531130880117416,Slightly Positive
2024-07-14,0.0,2024-07-14,0.4453930258750915,Positive,0.4719495698809623,Positive
2024-07-11,0.0,,0.0,Neutral,0.23597478494048116,Positive
2024-07-10,0.0,2024-07-10,-0.0372032523155212,Neutral,0.07414500415325168,Slightly Positive
2024-07-09,0.0,,0.0,Neutral,-0.0186016261577606,Neutral
2024-07-08,0.0,,0.0,Neutral,-0.0093008130788803,Neutral
2024-07-07,0.0,2024-07-07,-0.6083687543869019,Strongly Negative,-0.6083687543869019,Strongly Negative
2024-07-04,0.0,2024-07-04,-0.7496742010116577,Strongly Negative,-1.0538585782051086,Strongly Negative
2024-07-03,0.0,,0.0,Neutral,-0.5269292891025543,Negative
2024-07-02,0.0,,0.0,Neutral,-0.18741855025291443,Slightly Negative
2024-07-01,0.0,,0.0,Neutral,0.0,Neutral
2024-06-30,0.0,2024-06-30,-0.5555654168128967,Negative,-0.5555654168128967,Negative
2024-06-27,0.0,,0.0,Neutral,-0.27778270840644836,Negative
2024-06-26,0.0,,0.0,Neutral,-0.13889135420322418,Slightly Negative
2024-06-25,0.0,,0.0,Neutral,0.0,Neutral
2024-06-24,0.0,,0.0,Neutral,0.0,Neutral
2024-06-23,0.0,,0.0,Neutral,0.0,Neutral
2024-06-20,0.0,2024-06-20,-0.7754740715026855,Strongly Negative,-0.7754740715026855,Strongly Negative
2024-06-19,0.0,2024-06-19,0.928455650806427,Strongly Positive,0.5407186150550842,Positive
2024-06-18,0.0,,0.0,Neutral,0.2703593075275421,Positive
2024-06-16,0.0,,0.0,Neutral,0.23211391270160675,Positive
2024-06-13,0.0,,0.0,Neutral,0.0,Neutral
2024-06-12,0.0,2024-06-12,-0.3344677183777093,Negative,-0.3344677183777093,Negative
2024-06-11,0.0,2024-06-11,-0.703773021697998,Strongly Negative,-0.8710068808868527,Strongly Negative
2024-06-10,0.0,2024-06-10,0.0591075792908668,Slightly Positive,-0.3763958611525595,Negative
2024-06-09,0.0,,0.0,Neutral,-0.1463894657790661,Slightly Negative
2024-06-06,0.0,,0.0,Neutral,0.0147768948227167,Neutral
2024-06-05,0.0,,0.0,Neutral,0.0,Neutral
2024-06-04,0.0,,0.0,Neutral,0.0,Neutral
2024-06-03,0.0,,0.0,Neutral,0.0,Neutral
2024-06-02,0.0,,0.0,Neutral,0.0,Neutral
2024-05-30,0.0,,0.0,Neutral,0.0,Neutral
2024-05-29,0.0,,0.0,Neutral,0.0,Neutral
2024-05-27,0.0,2024-05-27,-0.6427181959152222,Strongly Negative,-0.6427181959152222,Strongly Negative
2024-05-26,0.0,2024-05-26,-0.5461372137069702,Negative,-0.8674963116645813,Strongly Negative
2024-05-22,0.0,,0.0,Neutral,-0.43374815583229065,Negative
2024-05-21,0.0,2024-05-21,0.9287891387939452,Strongly Positive,0.7922548353672026,Strongly Positive
2024-05-20,0.0,2024-05-20,-0.7473208904266357,Strongly Negative,-0.28292632102966314,Negative
2024-05-19,0.0,,0.0,Neutral,-0.14146316051483157,Slightly Negative
2024-05-16,0.0,,0.0,Neutral,-0.18683022260665894,Slightly Negative
2024-05-15,0.0,,0.0,Neutral,0.0,Neutral
2024-05-14,0.0,,0.0,Neutral,0.0,Neutral
2024-05-13,0.0,2024-05-13,-0.0147014185786247,Neutral,-0.0147014185786247,Neutral
2024-05-12,0.0,,0.0,Neutral,-0.00735070928931235,Neutral
2024-05-09,0.0,,0.0,Neutral,-0.003675354644656175,Neutral
2024-05-08,0.0,,0.0,Neutral,0.0,Neutral
2024-05-07,0.0,,0.0,Neutral,0.0,Neutral
2024-05-06,0.0,,0.0,Neutral,0.0,Neutral
2024-05-05,0.0,,0.0,Neutral,0.0,Neutral
2024-05-02,0.0,,0.0,Neutral,0.0,Neutral
2024-04-30,0.0,,0.0,Neutral,0.0,Neutral
2024-04-29,0.0,2024-04-29,-0.2238787710666656,Negative,-0.2238787710666656,Negative
2024-04-28,0.0,,0.0,Neutral,-0.1119393855333328,Slightly Negative
2024-04-25,0.0,,0.0,Neutral,-0.0559696927666664,Slightly Negative
2024-04-24,0.0,,0.0,Neutral,0.0,Neutral
2024-04-22,0.0,2024-04-22,-0.397852748632431,Negative,-0.397852748632431,Negative
2024-04-21,0.0,2024-04-21,-0.6756387948989868,Strongly Negative,-0.8745651692152023,Strongly Negative
2024-04-18,0.0,,0.0,Neutral,-0.43728258460760117,Negative
2024-04-16,0.0,2024-04-16,0.4685211181640625,Positive,0.2996114194393158,Positive
2024-04-15,0.0,2024-04-15,-0.5954660177230835,Negative,-0.36120545864105225,Negative
2024-04-14,0.0,2024-04-14,-0.4558782577514648,Negative,-0.636480987071991,Strongly Negative
2024-04-10,0.0,2024-04-10,-0.0239664651453495,Neutral,-0.40077209845185274,Negative
2024-04-09,0.0,,0.0,Neutral,-0.12595279701054093,Slightly Negative
2024-04-07,0.0,2024-04-07,-0.6892299056053162,Strongly Negative,-0.6952215218916535,Strongly Negative
2024-04-04,0.0,2024-04-04,-0.323227971792221,Negative,-0.6678429245948792,Strongly Negative
2024-04-03,0.0,,0.0,Neutral,-0.3339214622974396,Negative
2024-04-02,0.0,2024-04-02,-0.4733312129974365,Negative,-0.5541382059454918,Negative
2024-04-01,0.0,,0.0,Neutral,-0.23666560649871826,Negative
2024-03-31,0.0,,0.0,Neutral,-0.11833280324935913,Slightly Negative
2024-03-28,0.0,,0.0,Neutral,0.0,Neutral
2024-03-27,0.0,,0.0,Neutral,0.0,Neutral
2024-03-26,0.0,2024-03-26,-0.2324217855930328,Negative,-0.2324217855930328,Negative
2024-03-25,0.0,,0.0,Neutral,-0.1162108927965164,Slightly Negative
2024-03-21,0.0,2024-03-21,-0.3527610003948211,Negative,-0.4108664467930793,Negative
2024-03-20,0.0,,0.0,Neutral,-0.17638050019741056,Slightly Negative
2024-03-19,0.0,,0.0,Neutral,-0.08819025009870528,Slightly Negative
2024-03-18,0.0,,0.0,Neutral,0.0,Neutral
2024-03-17,0.0,,0.0,Neutral,0.0,Neutral
2024-03-14,0.0,2024-03-14,-0.0184712968766689,Neutral,-0.0184712968766689,Neutral
2024-03-13,0.0,2024-03-13,-0.5365344434976578,Negative,-0.5457700919359922,Negative
2024-03-12,0.0,,0.0,Neutral,-0.2728850459679961,Negative
2024-03-10,0.0,,0.0,Neutral,-0.13413361087441444,Slightly Negative
2024-03-07,0.0,,0.0,Neutral,0.0,Neutral
2024-03-06,0.0,,0.0,Neutral,0.0,Neutral
2024-03-05,0.0,,0.0,Neutral,0.0,Neutral
2024-03-04,0.0,,0.0,Neutral,0.0,Neutral
2024-03-03,0.0,2024-03-03,0.659336507320404,Strongly Positive,0.659336507320404,Strongly Positive
2024-02-29,0.0,2024-02-29,0.5973718166351318,Positive,0.9270400702953339,Strongly Positive
2024-02-28,0.0,,0.0,Neutral,0.46352003514766693,Positive
2024-02-27,0.0,,0.0,Neutral,0.14934295415878296,Slightly Positive
2024-02-26,0.0,2024-02-26,-0.6391295790672302,Strongly Negative,-0.6391295790672302,Strongly Negative
2024-02-25,0.0,2024-02-25,-0.7076578140258789,Strongly Negative,-1.027222603559494,Strongly Negative
2024-02-22,0.0,,0.0,Neutral,-0.513611301779747,Negative
2024-02-21,0.0,,0.0,Neutral,-0.17691445350646973,Slightly Negative
2024-02-20,0.0,,0.0,Neutral,0.0,Neutral
2024-02-18,0.0,,0.0,Neutral,0.0,Neutral
2024-02-15,0.0,,0.0,Neutral,0.0,Neutral
2024-02-14,0.0,,0.0,Neutral,0.0,Neutral
2024-02-13,0.0,,0.0,Neutral,0.0,Neutral
2024-02-12,0.0,2024-02-12,0.0213358532637357,Neutral,0.0213358532637357,Neutral
2024-02-11,0.0,,0.0,Neutral,0.01066792663186785,Neutral
2024-02-08,0.0,,0.0,Neutral,0.005333963315933925,Neutral
2024-02-07,0.0,2024-02-07,0.9190106987953186,Strongly Positive,0.9190106987953186,Strongly Positive
2024-02-06,0.0,,0.0,Neutral,0.4595053493976593,Positive
2024-02-05,0.0,,0.0,Neutral,0.22975267469882965,Positive
2024-02-04,0.0,,0.0,Neutral,0.0,Neutral
2024-02-01,0.0,2024-02-01,0.9017196297645568,Strongly Positive,0.9017196297645568,Strongly Positive
2024-01-31,0.0,,0.0,Neutral,0.4508598148822784,Positive
2024-01-30,0.0,,0.0,Neutral,0.2254299074411392,Positive
2024-01-29,0.0,,0.0,Neutral,0.0,Neutral
2024-01-28,0.0,2024-01-28,-0.5602532029151917,Negative,-0.5602532029151917,Negative
2024-01-25,0.0,2024-01-25,0.9305034875869752,Strongly Positive,0.6503768861293794,Strongly Positive
2024-01-24,0.0,,0.0,Neutral,0.3251884430646897,Positive
2024-01-23,0.0,,0.0,Neutral,0.2326258718967438,Positive
2024-01-22,0.0,2024-01-22,0.0955185890197753,Slightly Positive,0.0955185890197753,Slightly Positive
2024-01-21,0.0,2024-01-21,-0.0024153357371688,Neutral,0.045343958772718844,Neutral
2024-01-18,0.0,2024-01-18,0.7747501134872437,Strongly Positive,0.7974220928736031,Strongly Positive
2024-01-17,0.0,,0.0,Neutral,0.38677122280932963,Positive
2024-01-16,0.0,2024-01-16,-0.0303513295948505,Neutral,0.16333619877696043,Slightly Positive
2024-01-14,0.0,2024-01-14,-0.0015759468078613,Neutral,-0.01675161160528655,Neutral
2024-01-11,0.0,,0.0,Neutral,-0.008375805802643275,Neutral
2024-01-10,0.0,,0.0,Neutral,-0.000393986701965325,Neutral
2024-01-09,0.0,,0.0,Neutral,0.0,Neutral
2024-01-08,0.0,2024-01-08,0.3354699239134788,Positive,0.3354699239134788,Positive
2024-01-07,0.0,,0.0,Neutral,0.1677349619567394,Slightly Positive
2024-01-04,0.0,,0.0,Neutral,0.0838674809783697,Slightly Positive
2024-01-03,0.0,,0.0,Neutral,0.0,Neutral
2024-01-02,0.0,,0.0,Neutral,0.0,Neutral
2024-01-01,0.0,,0.0,Neutral,0.0,Neutral
2023-12-28,0.0,,0.0,Neutral,0.0,Neutral
2023-12-27,0.0,,0.0,Neutral,0.0,Neutral
2023-12-24,0.0,,0.0,Neutral,0.0,Neutral
2023-12-21,0.0,,0.0,Neutral,0.0,Neutral
2023-12-20,0.0,,0.0,Neutral,0.0,Neutral
2023-12-19,0.0,2023-12-19,-0.0495426394045352,Neutral,-0.0495426394045352,Neutral
2023-12-18,0.0,,0.0,Neutral,-0.0247713197022676,Neutral
2023-12-17,0.0,2023-12-17,0.1858166120946406,Slightly Positive,0.1734309522435068,Slightly Positive
2023-12-14,0.0,2023-12-14,-0.3237503468990326,Negative,-0.23084204085171228,Negative
2023-12-13,0.0,,0.0,Neutral,-0.11542102042585614,Slightly Negative
2023-12-12,0.0,,0.0,Neutral,-0.08093758672475815,Slightly Negative
2023-12-11,0.0,2023-12-11,0.8129301071166992,Strongly Positive,0.8129301071166992,Strongly Positive
2023-12-07,0.0,2023-12-07,0.7270581126213074,Strongly Positive,1.133523166179657,Strongly Positive
2023-12-06,0.0,,0.0,Neutral,0.5667615830898285,Positive
2023-12-05,0.0,,0.0,Neutral,0.18176452815532684,Slightly Positive
2023-12-04,0.0,2023-12-04,0.9314891695976256,Strongly Positive,0.9314891695976256,Strongly Positive
2023-12-03,0.0,,0.0,Neutral,0.4657445847988128,Positive
2023-11-30,0.0,,0.0,Neutral,0.2328722923994064,Positive
2023-11-29,0.0,2023-11-29,0.5706247091293335,Positive,0.5706247091293335,Positive
2023-11-28,0.0,2023-11-28,0.2470296770334244,Positive,0.5323420315980911,Positive
2023-11-27,0.0,,0.0,Neutral,0.26617101579904556,Positive
2023-11-26,0.0,,0.0,Neutral,0.0617574192583561,Slightly Positive
2023-11-23,0.0,,0.0,Neutral,0.0,Neutral
2023-11-22,0.0,,0.0,Neutral,0.0,Neutral
2023-11-21,0.0,,0.0,Neutral,0.0,Neutral
2023-11-20,0.0,2023-11-20,-0.0071662440896034,Neutral,-0.0071662440896034,Neutral
2023-11-09,0.0,,0.0,Neutral,-0.0035831220448017,Neutral
2023-11-08,0.0,,0.0,Neutral,-0.00179156102240085,Neutral
2023-11-07,0.0,,0.0,Neutral,0.0,Neutral
2023-11-06,0.0,,0.0,Neutral,0.0,Neutral
2023-11-05,0.0,2023-11-05,0.7400195002555847,Strongly Positive,0.7400195002555847,Strongly Positive
2023-11-02,0.0,,0.0,Neutral,0.37000975012779236,Positive
2023-11-01,0.0,2023-11-01,0.0985844135284423,Slightly Positive,0.28358928859233845,Positive
2023-10-31,0.0,,0.0,Neutral,0.04929220676422115,Neutral
2023-10-30,0.0,,0.0,Neutral,0.024646103382110575,Neutral
2023-10-29,0.0,,0.0,Neutral,0.0,Neutral
2023-10-19,0.0,2023-10-19,0.8292142748832703,Strongly Positive,0.8292142748832703,Strongly Positive
2023-10-18,0.0,2023-10-18,0.2993601306031147,Positive,0.7139672680447499,Strongly Positive
2023-10-17,0.0,2023-10-17,0.3895330764353275,Positive,0.7465167104577024,Strongly Positive
2023-10-16,0.0,2023-10-16,0.8377037644386292,Strongly Positive,1.1073103353070717,Strongly Positive
2023-10-12,0.0,,0.0,Neutral,0.5162351513281465,Positive
2023-10-11,0.0,,0.0,Neutral,0.2094259411096573,Positive
2023-10-10,0.0,,0.0,Neutral,0.0,Neutral
2023-10-09,0.0,2023-10-09,0.9241541624069214,Strongly Positive,0.9241541624069214,Strongly Positive
2023-10-08,0.0,2023-10-08,0.9193177223205566,Strongly Positive,1.3813948035240173,Strongly Positive
2023-10-05,0.0,,0.0,Neutral,0.6906974017620087,Strongly Positive
2023-10-04,0.0,2023-10-04,0.141101211309433,Slightly Positive,0.37093064188957214,Positive
2023-10-03,0.0,,0.0,Neutral,0.0705506056547165,Slightly Positive
2023-10-02,0.0,2023-10-02,0.8697748184204102,Strongly Positive,0.9050501212477684,Strongly Positive
2023-09-27,0.0,,0.0,Neutral,0.4348874092102051,Positive
2023-09-25,0.0,2023-09-25,0.9218896627426147,Strongly Positive,1.1393333673477173,Strongly Positive
2023-09-24,0.0,2023-09-24,0.8438069820404053,Strongly Positive,1.3047518134117126,Strongly Positive
2023-09-21,0.0,,0.0,Neutral,0.6523759067058563,Strongly Positive
2023-09-19,0.0,,0.0,Neutral,0.21095174551010132,Positive
2023-09-18,0.0,2023-09-18,0.8191651403903961,Strongly Positive,0.8191651403903961,Strongly Positive
2023-09-17,0.0,2023-09-17,0.2316693365573883,Positive,0.6412519067525864,Strongly Positive
2023-09-13,0.0,,0.0,Neutral,0.3206259533762932,Positive
2023-09-12,0.0,,0.0,Neutral,0.057917334139347076,Slightly Positive
2023-09-11,0.0,2023-09-11,-0.1270755678415298,Slightly Negative,-0.1270755678415298,Slightly Negative
2023-09-07,0.0,,0.0,Neutral,-0.0635377839207649,Slightly Negative
2023-09-05,0.0,,0.0,Neutral,-0.03176889196038245,Neutral
2023-09-04,0.0,,0.0,Neutral,0.0,Neutral
2023-09-03,0.0,,0.0,Neutral,0.0,Neutral
2023-08-30,0.0,,0.0,Neutral,0.0,Neutral
2023-08-29,0.0,,0.0,Neutral,0.0,Neutral
2023-08-27,0.0,,0.0,Neutral,0.0,Neutral
2023-08-24,0.0,,0.0,Neutral,0.0,Neutral
2023-08-23,0.0,,0.0,Neutral,0.0,Neutral
2023-08-22,0.0,,0.0,Neutral,0.0,Neutral
2023-08-21,0.0,,0.0,Neutral,0.0,Neutral
2023-08-20,0.0,2023-08-20,0.4706372022628784,Positive,0.4706372022628784,Positive
2023-08-17,0.0,,0.0,Neutral,0.2353186011314392,Positive
2023-08-16,0.0,,0.0,Neutral,0.1176593005657196,Slightly Positive
2023-08-15,0.0,2023-08-15,0.0367373526096344,Neutral,0.0367373526096344,Neutral
2023-08-14,0.0,,0.0,Neutral,0.0183686763048172,Neutral
2023-08-13,0.0,2023-08-13,0.3550106883049011,Positive,0.3641950264573097,Positive
2023-08-10,0.0,2023-08-10,0.6593401432037354,Strongly Positive,0.8368454873561859,Strongly Positive
2023-08-09,0.0,,0.0,Neutral,0.41842274367809296,Positive
2023-08-08,0.0,2023-08-08,0.0437265634536743,Neutral,0.20856159925460815,Positive
2023-08-07,0.0,2023-08-07,0.7810200452804565,Strongly Positive,0.8028833270072937,Strongly Positive
2023-08-06,0.0,2023-08-06,0.2109157014638185,Positive,0.6123573649674654,Strongly Positive
2023-08-03,0.0,,0.0,Neutral,0.3007128620520234,Positive
2023-08-02,0.0,2023-08-02,-0.4065877497196197,Negative,-0.35385882435366506,Negative
2023-07-31,0.0,,0.0,Neutral,-0.20329387485980985,Negative
2023-07-30,0.0,,0.0,Neutral,-0.10164693742990492,Slightly Negative
2023-07-27,0.0,,0.0,Neutral,0.0,Neutral
2023-07-26,0.0,,0.0,Neutral,0.0,Neutral
2023-07-25,0.0,,0.0,Neutral,0.0,Neutral
2023-07-24,0.0,2023-07-24,-0.4698981344699859,Negative,-0.4698981344699859,Negative
2023-07-23,0.0,,0.0,Neutral,-0.23494906723499295,Negative
2023-07-20,0.0,,0.0,Neutral,-0.11747453361749648,Slightly Negative
2023-07-19,0.0,,0.0,Neutral,0.0,Neutral
2023-07-18,0.0,,0.0,Neutral,0.0,Neutral
2023-07-17,0.0,,0.0,Neutral,0.0,Neutral
2023-07-13,0.0,,0.0,Neutral,0.0,Neutral
2023-07-12,0.0,,0.0,Neutral,0.0,Neutral
2023-07-11,0.0,2023-07-11,-0.3590094149112701,Negative,-0.3590094149112701,Negative
2023-07-10,0.0,,0.0,Neutral,-0.17950470745563504,Slightly Negative
2023-07-09,0.0,2023-07-09,0.5350947976112366,Positive,0.44534244388341904,Positive
2023-07-06,0.0,,0.0,Neutral,0.2675473988056183,Positive
2023-07-05,0.0,2023-07-05,0.4177348017692566,Positive,0.5515085011720657,Positive
2023-07-04,0.0,2023-07-04,-0.20897176861763,Negative,-0.00010436773300170898,Neutral
2023-07-02,0.0,,0.0,Neutral,-5.218386650085449e-05,Neutral
2023-06-28,0.0,,0.0,Neutral,-0.0522429421544075,Slightly Negative
2023-06-27,0.0,,0.0,Neutral,0.0,Neutral
2023-06-26,0.0,,0.0,Neutral,0.0,Neutral
2023-06-25,0.0,,0.0,Neutral,0.0,Neutral
2023-06-22,0.0,2023-06-22,0.873332142829895,Strongly Positive,0.873332142829895,Strongly Positive
2023-06-21,0.0,,0.0,Neutral,0.4366660714149475,Positive
2023-06-20,0.0,,0.0,Neutral,0.21833303570747375,Positive
2023-06-19,0.0,,0.0,Neutral,0.0,Neutral
2023-06-18,0.0,,0.0,Neutral,0.0,Neutral
2023-06-15,0.0,2023-06-15,0.4683806300163269,Positive,0.4683806300163269,Positive
2023-06-14,0.0,2023-06-14,0.4930647611618042,Positive,0.7272550761699677,Strongly Positive
2023-06-13,0.0,2023-06-13,0.7564454078674316,Strongly Positive,1.1200729459524155,Strongly Positive
2023-06-12,0.0,2023-06-12,0.7213075160980225,Strongly Positive,1.2227964103221893,Strongly Positive
2023-06-11,0.0,,0.0,Neutral,0.5497651100158691,Positive
2023-06-08,0.0,2023-06-08,0.7539471387863159,Strongly Positive,0.9342740178108215,Strongly Positive
2023-06-07,0.0,2023-06-07,0.4957673549652099,Positive,0.8727409243583679,Strongly Positive
2023-06-06,0.0,2023-06-06,0.7798135876655579,Strongly Positive,1.2161840498447418,Strongly Positive
2023-06-05,0.0,,0.0,Neutral,0.5138486325740814,Positive
2023-06-04,0.0,,0.0,Neutral,0.19495339691638947,Slightly Positive
2023-06-01,0.0,2023-06-01,0.4650955200195312,Positive,0.4650955200195312,Positive
2023-05-31,0.0,2023-05-31,0.9306153655052184,Strongly Positive,1.163163125514984,Strongly Positive
2023-05-30,0.0,,0.0,Neutral,0.581581562757492,Positive
2023-05-28,0.0,,0.0,Neutral,0.2326538413763046,Positive
2023-05-24,0.0,2023-05-24,0.6379044055938721,Strongly Positive,0.6379044055938721,Strongly Positive
2023-05-23,0.0,,0.0,Neutral,0.31895220279693604,Positive
2023-05-22,0.0,,0.0,Neutral,0.15947610139846802,Slightly Positive
2023-05-21,0.0,2023-05-21,0.2752208411693573,Positive,0.2752208411693573,Positive
2023-05-18,0.0,2023-05-18,-0.428337037563324,Negative,-0.2907266169786453,Negative
2023-05-17,0.0,2023-05-17,-0.1411273777484893,Slightly Negative,-0.28649068623781193,Negative
2023-05-16,0.0,,0.0,Neutral,-0.17764794826507563,Slightly Negative
2023-05-15,0.0,,0.0,Neutral,-0.035281844437122324,Neutral
2023-05-14,0.0,,0.0,Neutral,0.0,Neutral
2023-05-11,0.0,,0.0,Neutral,0.0,Neutral
2023-05-10,0.0,2023-05-10,0.3141437768936157,Positive,0.3141437768936157,Positive
2023-05-09,0.0,2023-05-09,0.6824951767921448,Strongly Positive,0.8395670652389526,Strongly Positive
2023-05-08,0.0,,0.0,Neutral,0.4197835326194763,Positive
2023-05-07,0.0,2023-05-07,-0.1594992876052856,Slightly Negative,0.011124506592750605,Neutral
2023-05-04,0.0,,0.0,Neutral,-0.0797496438026428,Slightly Negative
2023-05-03,0.0,2023-05-03,-0.3371529579162597,Negative,-0.3770277798175811,Negative
2023-05-02,0.0,,0.0,Neutral,-0.16857647895812986,Slightly Negative
2023-04-30,0.0,2023-04-30,0.5406634211540222,Positive,0.4563751816749573,Positive
2023-04-27,0.0,2023-04-27,0.3818577229976654,Positive,0.6521894335746765,Strongly Positive
2023-04-26,0.0,,0.0,Neutral,0.32609471678733826,Positive
2023-04-24,0.0,,0.0,Neutral,0.09546443074941635,Slightly Positive
2023-04-23,0.0,,0.0,Neutral,0.0,Neutral
2023-04-20,0.0,2023-04-20,0.1440556347370147,Slightly Positive,0.1440556347370147,Slightly Positive
2023-04-19,0.0,,0.0,Neutral,0.07202781736850734,Slightly Positive
2023-04-16,0.0,,0.0,Neutral,0.03601390868425367,Neutral
2023-04-13,0.0,,0.0,Neutral,0.0,Neutral
2023-04-12,0.0,,0.0,Neutral,0.0,Neutral
2023-04-11,0.0,,0.0,Neutral,0.0,Neutral
2023-04-10,0.0,,0.0,Neutral,0.0,Neutral
2023-04-09,0.0,,0.0,Neutral,0.0,Neutral
2023-04-06,0.0,,0.0,Neutral,0.0,Neutral
2023-04-05,0.0,,0.0,Neutral,0.0,Neutral
2023-04-04,0.0,,0.0,Neutral,0.0,Neutral
2023-04-03,0.0,,0.0,Neutral,0.0,Neutral
2023-04-02,0.0,,0.0,Neutral,0.0,Neutral
2023-03-30,0.0,,0.0,Neutral,0.0,Neutral
2023-03-29,0.0,,0.0,Neutral,0.0,Neutral
2023-03-28,0.0,,0.0,Neutral,0.0,Neutral
2023-03-27,0.0,,0.0,Neutral,0.0,Neutral
2023-03-26,0.0,,0.0,Neutral,0.0,Neutral
2023-03-23,0.0,2023-03-23,0.052819263190031,Slightly Positive,0.052819263190031,Slightly Positive
2023-03-22,0.0,,0.0,Neutral,0.0264096315950155,Neutral
2023-03-20,0.0,,0.0,Neutral,0.01320481579750775,Neutral
2023-03-19,0.0,,0.0,Neutral,0.0,Neutral
2023-03-16,0.0,,0.0,Neutral,0.0,Neutral
2023-03-15,0.0,,0.0,Neutral,0.0,Neutral
2023-03-14,0.0,,0.0,Neutral,0.0,Neutral
2023-03-13,0.0,,0.0,Neutral,0.0,Neutral
2023-03-12,0.0,,0.0,Neutral,0.0,Neutral
2023-03-09,0.0,,0.0,Neutral,0.0,Neutral
2023-03-07,0.0,,0.0,Neutral,0.0,Neutral
2023-03-05,0.0,,0.0,Neutral,0.0,Neutral
2023-03-02,0.0,,0.0,Neutral,0.0,Neutral
2023-03-01,0.0,,0.0,Neutral,0.0,Neutral
2023-02-27,0.0,,0.0,Neutral,0.0,Neutral
2023-02-26,0.0,,0.0,Neutral,0.0,Neutral
2023-02-23,0.0,,0.0,Neutral,0.0,Neutral
2023-02-22,0.0,,0.0,Neutral,0.0,Neutral
2023-02-20,0.0,,0.0,Neutral,0.0,Neutral
2023-02-16,0.0,,0.0,Neutral,0.0,Neutral
2023-02-15,0.0,,0.0,Neutral,0.0,Neutral
2023-02-14,0.0,,0.0,Neutral,0.0,Neutral
2023-02-12,0.0,,0.0,Neutral,0.0,Neutral
2023-02-09,0.0,,0.0,Neutral,0.0,Neutral
2023-02-08,0.0,,0.0,Neutral,0.0,Neutral
2023-02-07,0.0,,0.0,Neutral,0.0,Neutral
2023-02-06,0.0,,0.0,Neutral,0.0,Neutral
2023-02-05,0.0,,0.0,Neutral,0.0,Neutral
2023-02-02,0.0,2023-02-02,-0.6716222763061523,Strongly Negative,-0.6716222763061523,Strongly Negative
2023-02-01,0.0,,0.0,Neutral,-0.33581113815307617,Negative
2023-01-31,0.0,,0.0,Neutral,-0.16790556907653809,Slightly Negative
2023-01-30,0.0,,0.0,Neutral,0.0,Neutral
2023-01-29,0.0,2023-01-29,-0.4091926515102386,Negative,-0.4091926515102386,Negative
2023-01-26,0.0,2023-01-26,0.9144240617752076,Strongly Positive,0.7098277360200883,Strongly Positive
2023-01-25,0.0,,0.0,Neutral,0.35491386801004415,Positive
2023-01-24,0.0,,0.0,Neutral,0.2286060154438019,Positive
2023-01-23,0.0,,0.0,Neutral,0.0,Neutral
2023-01-19,0.0,,0.0,Neutral,0.0,Neutral
2023-01-18,0.0,,0.0,Neutral,0.0,Neutral
2023-01-17,0.0,2023-01-17,-0.623460054397583,Strongly Negative,-0.623460054397583,Strongly Negative
2023-01-12,0.0,2023-01-12,0.5015150904655457,Positive,0.18978506326675415,Slightly Positive
2023-01-10,0.0,2023-01-10,-0.2437212616205215,Negative,-0.14882872998714441,Slightly Negative
2023-01-09,0.0,,0.0,Neutral,0.0035181418061256686,Neutral
2023-01-08,0.0,,0.0,Neutral,-0.06093031540513037,Slightly Negative
2023-01-05,0.0,,0.0,Neutral,0.0,Neutral
2023-01-04,0.0,,0.0,Neutral,0.0,Neutral
2023-01-03,0.0,,0.0,Neutral,0.0,Neutral
2023-01-02,0.0,2023-01-02,-0.3848305940628052,Negative,-0.3848305940628052,Negative
2023-01-01,0.0,,0.0,Neutral,-0.1924152970314026,Slightly Negative
2022-12-29,0.0,,0.0,Neutral,-0.0962076485157013,Slightly Negative
2022-12-28,0.0,,0.0,Neutral,0.0,Neutral
2022-12-27,0.0,,0.0,Neutral,0.0,Neutral
2022-12-26,0.0,,0.0,Neutral,0.0,Neutral
2022-12-22,0.0,,0.0,Neutral,0.0,Neutral
2022-12-21,0.0,2022-12-21,0.6173017024993896,Strongly Positive,0.6173017024993896,Strongly Positive
2022-12-20,0.0,,0.0,Neutral,0.3086508512496948,Positive
2022-12-19,0.0,,0.0,Neutral,0.1543254256248474,Slightly Positive
2022-12-18,0.0,,0.0,Neutral,0.0,Neutral
2022-12-15,0.0,,0.0,Neutral,0.0,Neutral
2022-12-14,0.0,,0.0,Neutral,0.0,Neutral
2022-12-13,0.0,2022-12-13,0.7148497700691223,Strongly Positive,0.7148497700691223,Strongly Positive
2022-12-12,0.0,,0.0,Neutral,0.35742488503456116,Positive
2022-12-11,0.0,,0.0,Neutral,0.17871244251728058,Slightly Positive
2022-12-07,0.0,,0.0,Neutral,0.0,Neutral
2022-12-06,0.0,,0.0,Neutral,0.0,Neutral
2022-12-05,0.0,,0.0,Neutral,0.0,Neutral
2022-12-04,0.0,,0.0,Neutral,0.0,Neutral
2022-12-01,0.0,,0.0,Neutral,0.0,Neutral
2022-11-30,0.0,,0.0,Neutral,0.0,Neutral
2022-11-29,0.0,,0.0,Neutral,0.0,Neutral
2022-11-28,0.0,2022-11-28,0.1627677381038665,Slightly Positive,0.1627677381038665,Slightly Positive
2022-11-27,0.0,,0.0,Neutral,0.08138386905193325,Slightly Positive
2022-11-24,0.0,,0.0,Neutral,0.040691934525966623,Neutral
2022-11-23,0.0,,0.0,Neutral,0.0,Neutral
2022-11-22,0.0,,0.0,Neutral,0.0,Neutral
2022-11-17,0.0,,0.0,Neutral,0.0,Neutral
2022-11-15,0.0,2022-11-15,0.7105873227119446,Strongly Positive,0.7105873227119446,Strongly Positive
2022-11-14,0.0,2022-11-14,-0.6556950807571411,Strongly Negative,-0.3004014194011688,Negative
2022-11-13,0.0,,0.0,Neutral,-0.1502007097005844,Slightly Negative
2022-11-10,0.0,2022-11-10,0.6085646748542786,Strongly Positive,0.4446409046649933,Positive
2022-11-09,0.0,,0.0,Neutral,0.3042823374271393,Positive
2022-11-08,0.0,,0.0,Neutral,0.15214116871356964,Slightly Positive
2022-11-07,0.0,,0.0,Neutral,0.0,Neutral
2022-11-06,0.0,,0.0,Neutral,0.0,Neutral
2022-11-03,0.0,,0.0,Neutral,0.0,Neutral
2022-11-02,0.0,,0.0,Neutral,0.0,Neutral
2022-11-01,0.0,,0.0,Neutral,0.0,Neutral
2022-10-31,0.0,2022-10-31,0.1629264950752258,Slightly Positive,0.1629264950752258,Slightly Positive
2022-10-23,0.0,2022-10-23,-0.0040155053138732,Neutral,0.07744774222373971,Slightly Positive
2022-10-19,0.0,2022-10-19,0.903040885925293,Strongly Positive,0.9417647570371628,Strongly Positive
2022-10-17,0.0,2022-10-17,0.71620774269104,Strongly Positive,1.1667243093252182,Strongly Positive
2022-10-16,0.0,,0.0,Neutral,0.5838640928268433,Positive
2022-10-13,0.0,2022-10-13,0.5541855245828629,Positive,0.7332374602556229,Strongly Positive
2022-10-12,0.0,,0.0,Neutral,0.2770927622914314,Positive
2022-10-11,0.0,,0.0,Neutral,0.1385463811457157,Slightly Positive
2022-10-10,0.0,,0.0,Neutral,0.0,Neutral
2022-10-09,0.0,,0.0,Neutral,0.0,Neutral
2022-09-29,0.0,2022-09-29,0.9351661205291748,Strongly Positive,0.9351661205291748,Strongly Positive
2022-09-28,0.0,,0.0,Neutral,0.4675830602645874,Positive
2022-09-27,0.0,,0.0,Neutral,0.2337915301322937,Positive
2022-09-25,0.0,,0.0,Neutral,0.0,Neutral
2022-09-22,0.0,2022-09-22,0.9082857966423036,Strongly Positive,0.9082857966423036,Strongly Positive
2022-09-21,0.0,2022-09-21,0.534334659576416,Positive,0.9884775578975677,Strongly Positive
2022-09-20,0.0,,0.0,Neutral,0.4942387789487839,Positive
2022-09-18,0.0,,0.0,Neutral,0.133583664894104,Slightly Positive
2022-09-16,0.0,,0.0,Neutral,0.0,Neutral
2022-09-15,0.0,,0.0,Neutral,0.0,Neutral
2022-09-14,0.0,,0.0,Neutral,0.0,Neutral
2022-09-13,0.0,,0.0,Neutral,0.0,Neutral
2022-09-12,0.0,,0.0,Neutral,0.0,Neutral
2022-09-11,0.0,,0.0,Neutral,0.0,Neutral
2022-09-08,0.0,,0.0,Neutral,0.0,Neutral
2022-09-07,0.0,2022-09-07,0.006325364112854,Neutral,0.006325364112854,Neutral
2022-09-06,0.0,,0.0,Neutral,0.003162682056427,Neutral
2022-09-04,0.0,,0.0,Neutral,0.0015813410282135,Neutral
2022-09-02,0.0,,0.0,Neutral,0.0,Neutral
2022-09-01,0.0,2022-09-01,-0.2566113471984863,Negative,-0.2566113471984863,Negative
2022-08-31,0.0,,0.0,Neutral,-0.12830567359924314,Slightly Negative
2022-08-30,0.0,2022-08-30,0.0258980691432952,Neutral,-0.03825476765632636,Neutral
2022-08-29,0.0,,0.0,Neutral,0.0129490345716476,Neutral
2022-08-28,0.0,,0.0,Neutral,0.0064745172858238,Neutral
2022-08-26,0.0,,0.0,Neutral,0.0,Neutral
2022-08-25,0.0,,0.0,Neutral,0.0,Neutral
2022-08-24,0.0,2022-08-24,0.6355215311050415,Strongly Positive,0.6355215311050415,Strongly Positive
2022-08-22,0.0,,0.0,Neutral,0.31776076555252075,Positive
2022-08-21,0.0,,0.0,Neutral,0.15888038277626038,Slightly Positive
2022-08-18,0.0,,0.0,Neutral,0.0,Neutral
2022-08-17,0.0,,0.0,Neutral,0.0,Neutral
2022-08-16,0.0,,0.0,Neutral,0.0,Neutral
2022-08-15,0.0,,0.0,Neutral,0.0,Neutral
2022-08-14,0.0,,0.0,Neutral,0.0,Neutral
2022-08-11,0.0,2022-08-11,-0.061613380908966,Slightly Negative,-0.061613380908966,Slightly Negative
2022-08-10,0.0,,0.0,Neutral,-0.030806690454483,Neutral
2022-08-09,0.0,,0.0,Neutral,-0.0154033452272415,Neutral
2022-08-08,0.0,,0.0,Neutral,0.0,Neutral
2022-08-07,0.0,2022-08-07,0.0195572879165411,Neutral,0.0195572879165411,Neutral
2022-08-05,0.0,2022-08-05,0.2184320390224456,Positive,0.22821068298071615,Positive
2022-08-04,0.0,,0.0,Neutral,0.11410534149035807,Slightly Positive
2022-08-03,0.0,2022-08-03,0.7975225448608398,Strongly Positive,0.8521305546164513,Strongly Positive
2022-08-02,0.0,,0.0,Neutral,0.3987612724304199,Positive
2022-08-01,0.0,2022-08-01,-0.2906584739685058,Negative,-0.09127783775329584,Slightly Negative
2022-07-31,0.0,2022-07-31,-0.3070221543312073,Negative,-0.4523513913154602,Negative
2022-07-29,0.0,2022-07-29,-0.1990431249141693,Slightly Negative,-0.4252188205718994,Negative
2022-07-28,0.0,,0.0,Neutral,-0.17627710103988647,Slightly Negative
2022-07-27,0.0,,0.0,Neutral,-0.04976078122854233,Neutral
2022-07-26,0.0,,0.0,Neutral,0.0,Neutral
2022-07-25,0.0,,0.0,Neutral,0.0,Neutral
2022-07-24,0.0,,0.0,Neutral,0.0,Neutral
2022-07-22,0.0,,0.0,Neutral,0.0,Neutral
2022-07-21,0.0,,0.0,Neutral,0.0,Neutral
2022-07-20,0.0,,0.0,Neutral,0.0,Neutral
2022-07-19,0.0,,0.0,Neutral,0.0,Neutral
2022-07-18,0.0,,0.0,Neutral,0.0,Neutral
2022-07-15,0.0,2022-07-15,-0.1234379112720489,Slightly Negative,-0.1234379112720489,Slightly Negative
2022-07-14,0.0,,0.0,Neutral,-0.06171895563602445,Slightly Negative
2022-07-13,0.0,2022-07-13,0.9082242250442504,Strongly Positive,0.8773647472262381,Strongly Positive
2022-07-12,0.0,,0.0,Neutral,0.4541121125221252,Positive
2022-07-11,0.0,,0.0,Neutral,0.2270560562610626,Positive
2022-07-08,0.0,,0.0,Neutral,0.0,Neutral
2022-07-07,0.0,,0.0,Neutral,0.0,Neutral
2022-07-06,0.0,,0.0,Neutral,0.0,Neutral
2022-07-05,0.0,,0.0,Neutral,0.0,Neutral
2022-07-04,0.0,2022-07-04,-0.2904195189476013,Negative,-0.2904195189476013,Negative
2022-07-03,0.0,,0.0,Neutral,-0.14520975947380066,Slightly Negative
2022-07-01,0.0,,0.0,Neutral,-0.07260487973690033,Slightly Negative
2022-06-30,0.0,2022-06-30,-0.2598440945148468,Negative,-0.2598440945148468,Negative
2022-06-29,0.0,,0.0,Neutral,-0.1299220472574234,Slightly Negative
2022-06-28,0.0,2022-06-28,0.4208382070064544,Positive,0.3558771833777427,Positive
2022-06-27,0.0,,0.0,Neutral,0.2104191035032272,Positive
2022-06-26,0.0,2022-06-26,-0.4419355690479278,Negative,-0.3367260172963142,Negative
2022-06-24,0.0,2022-06-24,0.5870148539543152,Positive,0.36604706943035126,Positive
2022-06-23,0.0,,0.0,Neutral,0.18302353471517563,Slightly Positive
2022-06-22,0.0,,0.0,Neutral,0.1467537134885788,Slightly Positive
2022-06-21,0.0,,0.0,Neutral,0.0,Neutral
2022-06-20,0.0,2022-06-20,0.5693178772926331,Positive,0.5693178772926331,Positive
2022-06-19,0.0,,0.0,Neutral,0.28465893864631653,Positive
2022-06-16,0.0,2022-06-16,0.8982492685317993,Strongly Positive,1.0405787378549576,Strongly Positive
2022-06-15,0.0,,0.0,Neutral,0.44912463426589966,Positive
2022-06-14,0.0,,0.0,Neutral,0.22456231713294983,Positive
2022-06-13,0.0,,0.0,Neutral,0.0,Neutral
2022-06-10,0.0,,0.0,Neutral,0.0,Neutral
2022-06-09,0.0,,0.0,Neutral,0.0,Neutral
2022-06-08,0.0,,0.0,Neutral,0.0,Neutral
2022-06-07,0.0,2022-06-07,0.2998286485671997,Positive,0.2998286485671997,Positive
2022-06-06,0.0,2022-06-06,0.0207726825028657,Neutral,0.17068700678646556,Slightly Positive
2022-06-03,0.0,,0.0,Neutral,0.08534350339323278,Slightly Positive
2022-06-02,0.0,2022-06-02,0.8461382985115051,Strongly Positive,0.8513314691372216,Strongly Positive
2022-06-01,0.0,2022-06-01,0.3814393877983093,Positive,0.8045085370540619,Strongly Positive
2022-05-31,0.0,,0.0,Neutral,0.40225426852703094,Positive
2022-05-30,0.0,,0.0,Neutral,0.09535984694957733,Slightly Positive
2022-05-27,0.0,,0.0,Neutral,0.0,Neutral
2022-05-26,0.0,,0.0,Neutral,0.0,Neutral
2022-05-25,0.0,,0.0,Neutral,0.0,Neutral
2022-05-24,0.0,2022-05-24,0.0325568914413452,Neutral,0.0325568914413452,Neutral
2022-05-23,0.0,,0.0,Neutral,0.0162784457206726,Neutral
2022-05-20,0.0,,0.0,Neutral,0.0081392228603363,Neutral
2022-05-19,0.0,,0.0,Neutral,0.0,Neutral
2022-05-18,0.0,2022-05-18,0.2235666513442993,Positive,0.2235666513442993,Positive
2022-05-17,0.0,,0.0,Neutral,0.11178332567214964,Slightly Positive
2022-05-12,0.0,,0.0,Neutral,0.05589166283607482,Slightly Positive
2022-05-11,0.0,,0.0,Neutral,0.0,Neutral
2022-05-10,0.0,,0.0,Neutral,0.0,Neutral
2022-05-09,0.0,,0.0,Neutral,0.0,Neutral
2022-05-08,0.0,,0.0,Neutral,0.0,Neutral
2022-05-05,0.0,,0.0,Neutral,0.0,Neutral
2022-05-04,0.0,,0.0,Neutral,0.0,Neutral
2022-05-02,0.0,,0.0,Neutral,0.0,Neutral
2022-04-28,0.0,,0.0,Neutral,0.0,Neutral
2022-04-27,0.0,,0.0,Neutral,0.0,Neutral
2022-04-26,0.0,2022-04-26,0.0814896821975708,Slightly Positive,0.0814896821975708,Slightly Positive
2022-04-25,0.0,,0.0,Neutral,0.0407448410987854,Neutral
2022-04-24,0.0,2022-04-24,0.4896917045116424,Positive,0.5100641250610352,Positive
2022-04-21,0.0,2022-04-21,0.435576420277357,Positive,0.6804222725331782,Strongly Positive
2022-04-20,0.0,2022-04-20,0.1363096833229065,Slightly Positive,0.4765208195894956,Positive
2022-04-19,0.0,2022-04-19,0.9145817756652832,Strongly Positive,1.0916307223960757,Strongly Positive
2022-04-18,0.0,2022-04-18,0.6108980178833008,Strongly Positive,1.102266326546669,Strongly Positive
2022-04-17,0.0,,0.0,Neutral,0.5340944528579712,Positive
2022-04-13,0.0,,0.0,Neutral,0.1527245044708252,Slightly Positive
2022-04-12,0.0,2022-04-12,0.5773056745529175,Positive,0.5773056745529175,Positive
2022-04-11,0.0,2022-04-11,0.8681013584136963,Strongly Positive,1.156754195690155,Strongly Positive
2022-04-07,0.0,,0.0,Neutral,0.5783770978450775,Positive
2022-04-06,0.0,2022-04-06,0.3428605794906616,Positive,0.5598859190940857,Positive
2022-04-05,0.0,2022-04-05,0.651929497718811,Strongly Positive,0.8233597874641418,Strongly Positive
2022-04-04,0.0,,0.0,Neutral,0.4116798937320709,Positive
2022-04-03,0.0,2022-04-03,-0.0272224247455596,Neutral,0.13575994968414315,Slightly Positive
2022-03-31,0.0,,0.0,Neutral,-0.0136112123727798,Neutral
2022-03-30,0.0,,0.0,Neutral,-0.0068056061863899,Neutral
2022-03-29,0.0,2022-03-29,0.8759951591491699,Strongly Positive,0.8759951591491699,Strongly Positive
2022-03-28,0.0,2022-03-28,0.6411234736442566,Strongly Positive,1.0791210532188416,Strongly Positive
2022-03-27,0.0,,0.0,Neutral,0.5395605266094208,Positive
2022-03-24,0.0,,0.0,Neutral,0.16028086841106415,Slightly Positive
2022-03-23,0.0,2022-03-23,-0.0178897380828857,Neutral,-0.0178897380828857,Neutral
2022-03-22,0.0,,0.0,Neutral,-0.00894486904144285,Neutral
2022-03-21,0.0,,0.0,Neutral,-0.004472434520721425,Neutral
2022-03-16,0.0,,0.0,Neutral,0.0,Neutral
2022-03-15,0.0,,0.0,Neutral,0.0,Neutral
2022-03-14,0.0,2022-03-14,0.5405178843066096,Positive,0.5405178843066096,Positive
2022-03-13,0.0,,0.0,Neutral,0.2702589421533048,Positive
2022-03-10,0.0,,0.0,Neutral,0.1351294710766524,Slightly Positive
2022-03-09,0.0,2022-03-09,-0.5977263450622559,Negative,-0.5977263450622559,Negative
2022-03-07,0.0,,0.0,Neutral,-0.29886317253112793,Negative
2022-03-06,0.0,,0.0,Neutral,-0.14943158626556396,Slightly Negative
2022-03-02,0.0,,0.0,Neutral,0.0,Neutral
2022-02-28,0.0,2022-02-28,0.4970417022705078,Positive,0.4970417022705078,Positive
2022-02-27,0.0,,0.0,Neutral,0.2485208511352539,Positive
2022-02-24,0.0,2022-02-24,0.5140209197998047,Positive,0.6382813453674316,Strongly Positive
2022-02-23,0.0,,0.0,Neutral,0.25701045989990234,Positive
2022-02-22,0.0,,0.0,Neutral,0.12850522994995117,Slightly Positive
2022-02-21,0.0,2022-02-21,0.5519900321960449,Positive,0.5519900321960449,Positive
2022-02-20,0.0,,0.0,Neutral,0.27599501609802246,Positive
2022-02-17,0.0,,0.0,Neutral,0.13799750804901123,Slightly Positive
2022-02-16,0.0,2022-02-16,0.5795700550079346,Positive,0.5795700550079346,Positive
2022-02-15,0.0,2022-02-15,-0.3125604093074798,Negative,-0.022775381803512518,Neutral
2022-02-14,0.0,2022-02-14,-0.5765681266784668,Negative,-0.5879558175802231,Negative
2022-02-13,0.0,2022-02-13,0.4978555937608083,Positive,0.13143142809470493,Slightly Positive
2022-02-10,0.0,,0.0,Neutral,0.10478576521078745,Slightly Positive
2022-02-09,0.0,,0.0,Neutral,0.12446389844020207,Slightly Positive
2022-02-08,0.0,2022-02-08,-0.0566993355751037,Slightly Negative,-0.0566993355751037,Slightly Negative
2022-02-07,0.0,2022-02-07,0.5250307619571686,Positive,0.49668109416961675,Positive
2022-02-06,0.0,,0.0,Neutral,0.24834054708480838,Positive
2022-02-03,0.0,2022-02-03,0.908535659313202,Strongly Positive,1.039793349802494,Strongly Positive
2022-02-01,0.0,,0.0,Neutral,0.454267829656601,Positive
2022-01-31,0.0,,0.0,Neutral,0.2271339148283005,Positive
2022-01-30,0.0,,0.0,Neutral,0.0,Neutral
2022-01-27,0.0,,0.0,Neutral,0.0,Neutral
2022-01-26,0.0,2022-01-26,0.4082410056143999,Positive,0.4082410056143999,Positive
2022-01-25,0.0,,0.0,Neutral,0.20412050280719995,Positive
2022-01-24,0.0,,0.0,Neutral,0.10206025140359998,Slightly Positive
2022-01-23,0.0,,0.0,Neutral,0.0,Neutral
2022-01-20,0.0,,0.0,Neutral,0.0,Neutral
2022-01-19,0.0,2022-01-19,0.3360106647014618,Positive,0.3360106647014618,Positive
2022-01-18,0.0,2022-01-18,0.3734949231147766,Positive,0.5415002554655075,Positive
2022-01-17,0.0,2022-01-17,0.4422468543052673,Positive,0.7129969820380211,Strongly Positive
2022-01-16,0.0,,0.0,Neutral,0.3144971579313278,Positive
2022-01-13,0.0,,0.0,Neutral,0.11056171357631682,Slightly Positive
2022-01-12,0.0,2022-01-12,-0.4808397889137268,Negative,-0.4808397889137268,Negative
2022-01-11,0.0,,0.0,Neutral,-0.2404198944568634,Negative
2022-01-10,0.0,2022-01-10,0.519367516040802,Positive,0.3991575688123703,Positive
2022-01-09,0.0,2022-01-09,0.7907711267471313,Strongly Positive,1.0504548847675323,Strongly Positive
2022-01-06,0.0,,0.0,Neutral,0.5252274423837662,Positive
2022-01-05,0.0,,0.0,Neutral,0.19769278168678284,Slightly Positive
2022-01-04,0.0,2022-01-04,0.65803462266922,Strongly Positive,0.65803462266922,Strongly Positive
2022-01-03,0.0,2022-01-03,0.0013054907321929,Neutral,0.33032280206680287,Positive
2022-01-02,0.0,,0.0,Neutral,0.16516140103340143,Slightly Positive
2021-12-29,0.0,,0.0,Neutral,0.000326372683048225,Neutral
2021-12-28,0.0,,0.0,Neutral,0.0,Neutral
2021-12-27,0.0,2021-12-27,0.1544867753982544,Slightly Positive,0.1544867753982544,Slightly Positive
2021-12-26,0.0,,0.0,Neutral,0.0772433876991272,Slightly Positive
2021-12-23,0.0,,0.0,Neutral,0.0386216938495636,Neutral
2021-12-22,0.0,,0.0,Neutral,0.0,Neutral
2021-12-21,0.0,2021-12-21,-0.6907034516334534,Strongly Negative,-0.6907034516334534,Strongly Negative
2021-12-20,0.0,,0.0,Neutral,-0.3453517258167267,Negative
2021-12-16,0.0,2021-12-16,0.7056154310703278,Strongly Positive,0.5329395681619644,Positive
2021-12-15,0.0,2021-12-15,-0.3610247150063515,Negative,-0.008216999471187647,Neutral
2021-12-14,0.0,2021-12-14,0.0240390766412019,Neutral,0.019930576905608066,Neutral
2021-12-13,0.0,,0.0,Neutral,-0.07823664043098694,Slightly Negative
2021-12-12,0.0,,0.0,Neutral,0.006009769160300475,Neutral
2021-12-09,0.0,2021-12-09,0.7948119044303894,Strongly Positive,0.7948119044303894,Strongly Positive
2021-12-08,0.0,,0.0,Neutral,0.3974059522151947,Positive
2021-12-07,0.0,,0.0,Neutral,0.19870297610759735,Slightly Positive
2021-12-06,0.0,2021-12-06,-0.0454929023981094,Neutral,-0.0454929023981094,Neutral
2021-12-05,0.0,2021-12-05,-0.3157088458538055,Negative,-0.3384552970528602,Negative
2021-12-02,0.0,,0.0,Neutral,-0.1692276485264301,Slightly Negative
2021-12-01,0.0,,0.0,Neutral,-0.07892721146345137,Slightly Negative
2021-11-30,0.0,2021-11-30,0.0353909358382225,Neutral,0.0353909358382225,Neutral
2021-11-29,0.0,,0.0,Neutral,0.01769546791911125,Neutral
2021-11-28,0.0,,0.0,Neutral,0.008847733959555624,Neutral
2021-11-25,0.0,2021-11-25,-0.1864838898181915,Slightly Negative,-0.1864838898181915,Slightly Negative
2021-11-24,0.0,2021-11-24,-0.2785083949565887,Negative,-0.37175033986568445,Negative
2021-11-23,0.0,2021-11-23,0.6356387138366699,Strongly Positive,0.44976354390382767,Positive
2021-11-22,0.0,2021-11-22,0.0131739825010299,Neutral,0.2613662406802177,Positive
2021-11-21,0.0,,0.0,Neutral,0.16549666970968244,Slightly Positive
2021-11-18,0.0,,0.0,Neutral,0.003293495625257475,Neutral
2021-11-17,0.0,2021-11-17,0.6861373782157898,Strongly Positive,0.6861373782157898,Strongly Positive
2021-11-16,0.0,2021-11-16,0.8141272664070129,Strongly Positive,1.1571959555149078,Strongly Positive
2021-11-15,0.0,2021-11-15,0.4076647162437439,Positive,0.9862626940011978,Strongly Positive
2021-11-14,0.0,2021-11-14,0.0491418664654096,Neutral,0.45650604118903476,Positive
2021-11-11,0.0,2021-11-11,0.2226513624191284,Positive,0.34913847471276915,Positive
2021-11-09,0.0,,0.0,Neutral,0.12361114782591659,Slightly Positive
2021-11-08,0.0,2021-11-08,0.4568291008472442,Positive,0.5124919414520263,Positive
2021-11-03,0.0,2021-11-03,0.2788993418216705,Positive,0.5073138922452926,Positive
2021-11-02,0.0,,0.0,Neutral,0.2536569461226463,Positive
2021-11-01,0.0,2021-11-01,0.1046939715743064,Slightly Positive,0.174418807029724,Slightly Positive
2021-10-31,0.0,,0.0,Neutral,0.0523469857871532,Slightly Positive
2021-10-28,0.0,,0.0,Neutral,0.0261734928935766,Neutral
2021-10-27,0.0,,0.0,Neutral,0.0,Neutral
2021-10-26,0.0,,0.0,Neutral,0.0,Neutral
2021-10-25,0.0,,0.0,Neutral,0.0,Neutral
2021-10-24,0.0,,0.0,Neutral,0.0,Neutral
2021-10-21,0.0,2021-10-21,0.8713273406028748,Strongly Positive,0.8713273406028748,Strongly Positive
2021-10-20,0.0,2021-10-20,0.6123760342597961,Strongly Positive,1.0480397045612335,Strongly Positive
2021-10-19,0.0,,0.0,Neutral,0.5240198522806168,Positive
2021-10-18,0.0,2021-10-18,0.8018708229064941,Strongly Positive,0.9549648314714432,Strongly Positive
2021-10-17,0.0,2021-10-17,0.9213525056838988,Strongly Positive,1.322287917137146,Strongly Positive
2021-10-11,0.0,2021-10-11,0.857159435749054,Strongly Positive,1.518303394317627,Strongly Positive
2021-10-10,0.0,,0.0,Neutral,0.6589178442955017,Strongly Positive
2021-10-06,0.0,2021-10-06,0.9232880473136902,Strongly Positive,1.1375779062509537,Strongly Positive
2021-10-05,0.0,2021-10-05,0.4259742498397827,Positive,0.8876182734966278,Strongly Positive
2021-10-04,0.0,2021-10-04,-0.1786015033721923,Slightly Negative,0.26520763337612163,Positive
2021-10-03,0.0,,0.0,Neutral,0.01719281077384953,Neutral
2021-09-30,0.0,,0.0,Neutral,-0.044650375843048075,Neutral
2021-09-29,0.0,2021-09-29,0.9257281422615052,Strongly Positive,0.9257281422615052,Strongly Positive
2021-09-28,0.0,2021-09-28,0.261738121509552,Positive,0.7246021926403046,Strongly Positive
2021-09-27,0.0,,0.0,Neutral,0.3623010963201523,Positive
2021-09-26,0.0,,0.0,Neutral,0.065434530377388,Slightly Positive
2021-09-23,0.0,2021-09-23,-0.5558741092681885,Negative,-0.5558741092681885,Negative
2021-09-22,0.0,,0.0,Neutral,-0.27793705463409424,Negative
2021-09-21,0.0,,0.0,Neutral,-0.13896852731704712,Slightly Negative
2021-09-20,0.0,,0.0,Neutral,0.0,Neutral
2021-09-16,0.0,2021-09-16,0.5890231132507324,Positive,0.5890231132507324,Positive
2021-09-15,0.0,,0.0,Neutral,0.2945115566253662,Positive
2021-09-14,0.0,,0.0,Neutral,0.1472557783126831,Slightly Positive
2021-09-13,0.0,,0.0,Neutral,0.0,Neutral
2021-09-12,0.0,2021-09-12,0.4431141316890716,Positive,0.4431141316890716,Positive
2021-09-09,0.0,,0.0,Neutral,0.2215570658445358,Positive
2021-09-08,0.0,,0.0,Neutral,0.1107785329222679,Slightly Positive
2021-09-07,0.0,,0.0,Neutral,0.0,Neutral
2021-09-06,0.0,,0.0,Neutral,0.0,Neutral
2021-09-05,0.0,,0.0,Neutral,0.0,Neutral
2021-09-02,0.0,,0.0,Neutral,0.0,Neutral
2021-09-01,0.0,,0.0,Neutral,0.0,Neutral
2021-08-31,0.0,,0.0,Neutral,0.0,Neutral
2021-08-29,0.0,,0.0,Neutral,0.0,Neutral
2021-08-26,0.0,,0.0,Neutral,0.0,Neutral
2021-08-25,0.0,,0.0,Neutral,0.0,Neutral
2021-08-24,0.0,,0.0,Neutral,0.0,Neutral
2021-08-19,0.0,2021-08-19,0.5259397625923157,Positive,0.5259397625923157,Positive
2021-08-18,0.0,,0.0,Neutral,0.26296988129615784,Positive
2021-08-17,0.0,,0.0,Neutral,0.13148494064807892,Slightly Positive
2021-08-16,0.0,2021-08-16,0.146904706954956,Slightly Positive,0.146904706954956,Slightly Positive
2021-08-15,0.0,,0.0,Neutral,0.073452353477478,Slightly Positive
2021-08-12,0.0,,0.0,Neutral,0.036726176738739,Neutral
2021-08-11,0.0,,0.0,Neutral,0.0,Neutral
2021-08-10,0.0,,0.0,Neutral,0.0,Neutral
2021-08-09,0.0,,0.0,Neutral,0.0,Neutral
2021-08-08,0.0,,0.0,Neutral,0.0,Neutral
2021-08-05,0.0,,0.0,Neutral,0.0,Neutral
2021-08-04,0.0,2021-08-04,-0.4183864593505859,Negative,-0.4183864593505859,Negative
2021-08-03,0.0,,0.0,Neutral,-0.20919322967529294,Negative
2021-08-02,0.0,,0.0,Neutral,-0.10459661483764647,Slightly Negative
2021-08-01,0.0,,0.0,Neutral,0.0,Neutral
2021-07-29,0.0,,0.0,Neutral,0.0,Neutral
2021-07-28,0.0,,0.0,Neutral,0.0,Neutral
2021-07-27,0.0,,0.0,Neutral,0.0,Neutral
2021-07-26,0.0,,0.0,Neutral,0.0,Neutral
2021-07-25,0.0,2021-07-25,-0.1586503386497497,Slightly Negative,-0.1586503386497497,Slightly Negative
2021-07-22,0.0,,0.0,Neutral,-0.07932516932487485,Slightly Negative
2021-07-20,0.0,,0.0,Neutral,-0.039662584662437425,Neutral
2021-07-19,0.0,,0.0,Neutral,0.0,Neutral
2021-07-18,0.0,,0.0,Neutral,0.0,Neutral
2021-07-15,0.0,2021-07-15,0.2684071958065033,Positive,0.2684071958065033,Positive
2021-07-13,0.0,,0.0,Neutral,0.13420359790325165,Slightly Positive
2021-07-12,0.0,,0.0,Neutral,0.06710179895162582,Slightly Positive
2021-07-11,0.0,2021-07-11,0.7197643518447876,Strongly Positive,0.7197643518447876,Strongly Positive
2021-07-08,0.0,,0.0,Neutral,0.3598821759223938,Positive
2021-07-06,0.0,,0.0,Neutral,0.1799410879611969,Slightly Positive
2021-07-05,0.0,,0.0,Neutral,0.0,Neutral
2021-07-04,0.0,,0.0,Neutral,0.0,Neutral
2021-07-01,0.0,,0.0,Neutral,0.0,Neutral
2021-06-30,0.0,2021-06-30,0.864063024520874,Strongly Positive,0.864063024520874,Strongly Positive
2021-06-29,0.0,,0.0,Neutral,0.432031512260437,Positive
2021-06-28,0.0,,0.0,Neutral,0.2160157561302185,Positive
2021-06-27,0.0,,0.0,Neutral,0.0,Neutral
2021-06-24,0.0,,0.0,Neutral,0.0,Neutral
2021-06-23,0.0,,0.0,Neutral,0.0,Neutral
2021-06-22,0.0,,0.0,Neutral,0.0,Neutral
2021-06-21,0.0,,0.0,Neutral,0.0,Neutral
2021-06-20,0.0,,0.0,Neutral,0.0,Neutral
2021-06-17,0.0,,0.0,Neutral,0.0,Neutral
2021-06-16,0.0,,0.0,Neutral,0.0,Neutral
2021-06-15,0.0,,0.0,Neutral,0.0,Neutral
2021-06-14,0.0,2021-06-14,0.6951586504777273,Strongly Positive,0.6951586504777273,Strongly Positive
2021-06-13,0.0,,0.0,Neutral,0.34757932523886365,Positive
2021-06-10,0.0,,0.0,Neutral,0.17378966261943182,Slightly Positive
2021-06-09,0.0,,0.0,Neutral,0.0,Neutral
2021-06-08,0.0,,0.0,Neutral,0.0,Neutral
2021-06-07,0.0,,0.0,Neutral,0.0,Neutral
2021-06-06,0.0,,0.0,Neutral,0.0,Neutral
2021-06-03,0.0,,0.0,Neutral,0.0,Neutral
2021-06-02,0.0,,0.0,Neutral,0.0,Neutral
2021-06-01,0.0,,0.0,Neutral,0.0,Neutral
2021-05-31,0.0,,0.0,Neutral,0.0,Neutral
2021-05-30,0.0,,0.0,Neutral,0.0,Neutral
2021-05-27,0.0,2021-05-27,0.2186865657567978,Positive,0.2186865657567978,Positive
2021-05-25,0.0,2021-05-25,0.655621349811554,Strongly Positive,0.7649646326899529,Strongly Positive
2021-05-24,0.0,,0.0,Neutral,0.3824823163449764,Positive
2021-05-23,0.0,,0.0,Neutral,0.1639053374528885,Slightly Positive
2021-05-20,0.0,,0.0,Neutral,0.0,Neutral
2021-05-19,0.0,,0.0,Neutral,0.0,Neutral
2021-05-18,0.0,,0.0,Neutral,0.0,Neutral
2021-05-17,0.0,,0.0,Neutral,0.0,Neutral
2021-05-16,0.0,2021-05-16,0.8713140487670898,Strongly Positive,0.8713140487670898,Strongly Positive
2021-05-13,0.0,,0.0,Neutral,0.4356570243835449,Positive
2021-05-12,0.0,,0.0,Neutral,0.21782851219177246,Positive
2021-05-11,0.0,,0.0,Neutral,0.0,Neutral
2021-05-10,0.0,,0.0,Neutral,0.0,Neutral
2021-05-09,0.0,,0.0,Neutral,0.0,Neutral
2021-05-06,0.0,,0.0,Neutral,0.0,Neutral
2021-05-05,0.0,,0.0,Neutral,0.0,Neutral
2021-05-04,0.0,,0.0,Neutral,0.0,Neutral
2021-05-03,0.0,,0.0,Neutral,0.0,Neutral
2021-05-02,0.0,2021-05-02,0.1060797721147537,Slightly Positive,0.1060797721147537,Slightly Positive
2021-04-29,0.0,2021-04-29,-0.3356136381626129,Negative,-0.28257375210523605,Negative
2021-04-28,0.0,2021-04-28,0.0036563519388437,Neutral,-0.13763052411377433,Slightly Negative
2021-04-26,0.0,,0.0,Neutral,-0.08207523357123138,Slightly Negative
2021-04-25,0.0,,0.0,Neutral,0.000914087984710925,Neutral
2021-04-22,0.0,,0.0,Neutral,0.0,Neutral
2021-04-21,0.0,2021-04-21,-0.5364495515823364,Negative,-0.5364495515823364,Negative
2021-04-20,0.0,2021-04-20,-0.8707112669944763,Strongly Negative,-1.1389360427856445,Strongly Negative
2021-04-19,0.0,,0.0,Neutral,-0.5694680213928223,Negative
2021-04-18,0.0,2021-04-18,-0.4178709387779236,Negative,-0.6355487555265427,Strongly Negative
2021-04-15,0.0,,0.0,Neutral,-0.2089354693889618,Negative
2021-04-13,0.0,2021-04-13,-0.5402607917785645,Negative,-0.6447285264730453,Strongly Negative
2021-04-12,0.0,,0.0,Neutral,-0.2701303958892822,Negative
2021-04-08,0.0,,0.0,Neutral,-0.1350651979446411,Slightly Negative
2021-04-07,0.0,,0.0,Neutral,0.0,Neutral
2021-04-06,0.0,,0.0,Neutral,0.0,Neutral
2021-04-05,0.0,2021-04-05,-0.4910283088684082,Negative,-0.4910283088684082,Negative
2021-04-04,0.0,,0.0,Neutral,-0.2455141544342041,Negative
2021-04-01,0.0,2021-04-01,0.1322474330663681,Slightly Positive,0.009490355849266052,Neutral
2021-03-31,0.0,,0.0,Neutral,0.06612371653318405,Slightly Positive
2021-03-30,0.0,,0.0,Neutral,0.033061858266592026,Neutral
2021-03-29,0.0,2021-03-29,0.849197268486023,Strongly Positive,0.849197268486023,Strongly Positive
2021-03-25,0.0,,0.0,Neutral,0.4245986342430115,Positive
2021-03-24,0.0,2021-03-24,-0.4105883538722992,Negative,-0.19828903675079346,Slightly Negative
2021-03-23,0.0,2021-03-23,0.8062120676040649,Strongly Positive,0.6009178906679153,Strongly Positive
2021-03-22,0.0,2021-03-22,-0.3435660600662231,Negative,-0.04310711473226542,Neutral
2021-03-21,0.0,,0.0,Neutral,0.02976998686790469,Neutral
2021-03-18,0.0,,0.0,Neutral,-0.08589151501655577,Slightly Negative
2021-03-17,0.0,,0.0,Neutral,0.0,Neutral
2021-03-16,0.0,,0.0,Neutral,0.0,Neutral
2021-03-15,0.0,,0.0,Neutral,0.0,Neutral
2021-03-14,0.0,2021-03-14,0.3672319650650024,Positive,0.3672319650650024,Positive
2021-03-10,0.0,,0.0,Neutral,0.1836159825325012,Slightly Positive
2021-03-09,0.0,,0.0,Neutral,0.0918079912662506,Slightly Positive
2021-03-07,0.0,2021-03-07,0.8898645639419556,Strongly Positive,0.8898645639419556,Strongly Positive
2021-03-04,0.0,,0.0,Neutral,0.4449322819709778,Positive
2021-03-03,0.0,,0.0,Neutral,0.2224661409854889,Positive
2021-03-02,0.0,2021-03-02,-0.438233733177185,Negative,-0.438233733177185,Negative
2021-03-01,0.0,,0.0,Neutral,-0.2191168665885925,Negative
2021-02-28,0.0,,0.0,Neutral,-0.10955843329429625,Slightly Negative
2021-02-25,0.0,,0.0,Neutral,0.0,Neutral
2021-02-24,0.0,2021-02-24,-0.4131810963153839,Negative,-0.4131810963153839,Negative
2021-02-23,0.0,,0.0,Neutral,-0.20659054815769196,Negative
2021-02-22,0.0,,0.0,Neutral,-0.10329527407884598,Slightly Negative
2021-02-21,0.0,2021-02-21,-0.5976194143295288,Negative,-0.5976194143295288,Negative
2021-02-18,0.0,,0.0,Neutral,-0.2988097071647644,Negative
2021-02-17,0.0,,0.0,Neutral,-0.1494048535823822,Slightly Negative
2021-02-16,0.0,,0.0,Neutral,0.0,Neutral
2021-02-15,0.0,,0.0,Neutral,0.0,Neutral
2021-02-14,0.0,,0.0,Neutral,0.0,Neutral
2021-02-11,0.0,,0.0,Neutral,0.0,Neutral
2021-02-10,0.0,2021-02-10,0.4726470112800598,Positive,0.4726470112800598,Positive
2021-02-09,0.0,2021-02-09,-0.5642222166061401,Negative,-0.32789871096611023,Negative
2021-02-08,0.0,2021-02-08,-0.4620852768421173,Negative,-0.6260346323251724,Strongly Negative
2021-02-07,0.0,,0.0,Neutral,-0.3720981925725937,Negative
2021-02-04,0.0,2021-02-04,-0.4566866755485534,Negative,-0.5722079947590828,Negative
2021-02-03,0.0,,0.0,Neutral,-0.2283433377742767,Negative
2021-02-02,0.0,,0.0,Neutral,-0.11417166888713835,Slightly Negative
2021-02-01,0.0,,0.0,Neutral,0.0,Neutral
2021-01-31,0.0,2021-01-31,0.0300732478499412,Neutral,0.0300732478499412,Neutral
2021-01-28,0.0,2021-01-28,0.7391324043273926,Strongly Positive,0.7541690282523632,Strongly Positive
2021-01-27,0.0,2021-01-27,0.9172951579093932,Strongly Positive,1.294379672035575,Strongly Positive
2021-01-26,0.0,2021-01-26,-0.5346378684043884,Negative,0.10879281163215632,Slightly Positive
2021-01-25,0.0,,0.0,Neutral,-0.037995144724845914,Neutral
2021-01-24,0.0,,0.0,Neutral,-0.1336594671010971,Slightly Negative
2021-01-21,0.0,2021-01-21,-0.8496271967887878,Strongly Negative,-0.8496271967887878,Strongly Negative
2021-01-20,0.0,,0.0,Neutral,-0.4248135983943939,Negative
2021-01-19,0.0,,0.0,Neutral,-0.21240679919719696,Negative
2021-01-18,0.0,,0.0,Neutral,0.0,Neutral
2021-01-17,0.0,2021-01-17,0.3041101396083832,Positive,0.3041101396083832,Positive
2021-01-13,0.0,2021-01-13,0.4864499568939209,Positive,0.6385050266981125,Strongly Positive
2021-01-12,0.0,,0.0,Neutral,0.31925251334905624,Positive
2021-01-11,0.0,2021-01-11,-0.3791023790836334,Negative,-0.2574898898601532,Negative
2021-01-10,0.0,2021-01-10,-0.4561843276023865,Negative,-0.6457355171442032,Strongly Negative
2021-01-07,0.0,2021-01-07,0.698971003293991,Strongly Positive,0.3761032447218894,Positive
2021-01-06,0.0,,0.0,Neutral,0.23543941974639887,Positive
2021-01-05,0.0,,0.0,Neutral,0.17474275082349774,Slightly Positive
2021-01-04,0.0,,0.0,Neutral,0.0,Neutral
2021-01-03,0.0,2021-01-03,-0.3271416127681732,Negative,-0.3271416127681732,Negative
2020-12-31,0.0,,0.0,Neutral,-0.1635708063840866,Slightly Negative
2020-12-30,0.0,2020-12-30,-0.4411584436893463,Negative,-0.5229438468813896,Negative
2020-12-29,0.0,,0.0,Neutral,-0.22057922184467316,Negative
2020-12-28,0.0,,0.0,Neutral,-0.11028961092233658,Slightly Negative
2020-12-27,0.0,,0.0,Neutral,0.0,Neutral
2020-12-24,0.0,2020-12-24,0.512558102607727,Positive,0.512558102607727,Positive
2020-12-23,0.0,,0.0,Neutral,0.2562790513038635,Positive
2020-12-22,0.0,,0.0,Neutral,0.12813952565193176,Slightly Positive
2020-12-21,0.0,2020-12-21,-0.5311627984046936,Negative,-0.5311627984046936,Negative
2020-12-20,0.0,,0.0,Neutral,-0.2655813992023468,Negative
2020-12-17,0.0,2020-12-17,0.6602139472961426,Strongly Positive,0.5274232476949692,Positive
2020-12-16,0.0,2020-12-16,0.6675947904586792,Strongly Positive,0.9977017641067505,Strongly Positive
2020-12-15,0.0,,0.0,Neutral,0.49885088205337524,Positive
2020-12-14,0.0,,0.0,Neutral,0.1668986976146698,Slightly Positive
2020-12-13,0.0,,0.0,Neutral,0.0,Neutral
2020-12-10,0.0,,0.0,Neutral,0.0,Neutral
2020-12-09,0.0,2020-12-09,0.1103778183460235,Slightly Positive,0.1103778183460235,Slightly Positive
2020-12-08,0.0,,0.0,Neutral,0.05518890917301175,Slightly Positive
2020-12-07,0.0,2020-12-07,0.6842315196990967,Strongly Positive,0.7118259742856026,Strongly Positive
2020-12-06,0.0,,0.0,Neutral,0.34211575984954834,Positive
2020-12-03,0.0,,0.0,Neutral,0.17105787992477417,Slightly Positive
2020-12-02,0.0,,0.0,Neutral,0.0,Neutral
2020-12-01,0.0,,0.0,Neutral,0.0,Neutral
2020-11-30,0.0,,0.0,Neutral,0.0,Neutral
2020-11-29,0.0,,0.0,Neutral,0.0,Neutral
2020-11-26,0.0,,0.0,Neutral,0.0,Neutral
2020-11-25,0.0,2020-11-25,0.8829460740089417,Strongly Positive,0.8829460740089417,Strongly Positive
2020-11-24,0.0,,0.0,Neutral,0.4414730370044708,Positive
2020-11-23,0.0,,0.0,Neutral,0.2207365185022354,Positive
2020-11-22,0.0,,0.0,Neutral,0.0,Neutral
2020-11-19,0.0,,0.0,Neutral,0.0,Neutral
2020-11-18,0.0,2020-11-18,0.1508250832557678,Slightly Positive,0.1508250832557678,Slightly Positive
2020-11-12,0.0,,0.0,Neutral,0.0754125416278839,Slightly Positive
2020-11-11,0.0,,0.0,Neutral,0.03770627081394195,Neutral
2020-11-10,0.0,2020-11-10,0.0448877215385437,Neutral,0.0448877215385437,Neutral
2020-11-09,0.0,,0.0,Neutral,0.02244386076927185,Neutral
2020-11-08,0.0,,0.0,Neutral,0.011221930384635925,Neutral
2020-11-05,0.0,2020-11-05,0.9027197360992432,Strongly Positive,0.9027197360992432,Strongly Positive
2020-11-04,0.0,,0.0,Neutral,0.4513598680496216,Positive
2020-11-03,0.0,,0.0,Neutral,0.2256799340248108,Positive
2020-11-02,0.0,,0.0,Neutral,0.0,Neutral
2020-11-01,0.0,,0.0,Neutral,0.0,Neutral
2020-10-20,0.0,,0.0,Neutral,0.0,Neutral
2020-10-19,0.0,2020-10-19,0.906398057937622,Strongly Positive,0.906398057937622,Strongly Positive
2020-10-18,0.0,2020-10-18,0.8729951977729797,Strongly Positive,1.3261942267417908,Strongly Positive
2020-10-15,0.0,2020-10-15,0.6376285552978516,Strongly Positive,1.300725668668747,Strongly Positive
2020-10-14,0.0,,0.0,Neutral,0.5370630770921707,Positive
2020-10-13,0.0,,0.0,Neutral,0.1594071388244629,Slightly Positive
2020-10-12,0.0,,0.0,Neutral,0.0,Neutral
2020-10-11,0.0,,0.0,Neutral,0.0,Neutral
2020-10-08,0.0,,0.0,Neutral,0.0,Neutral
2020-10-07,0.0,,0.0,Neutral,0.0,Neutral
2020-10-06,0.0,,0.0,Neutral,0.0,Neutral
2020-10-04,0.0,,0.0,Neutral,0.0,Neutral
2020-10-01,0.0,,0.0,Neutral,0.0,Neutral
2020-09-30,0.0,,0.0,Neutral,0.0,Neutral
2020-09-29,0.0,,0.0,Neutral,0.0,Neutral
2020-09-27,0.0,,0.0,Neutral,0.0,Neutral
2020-09-24,0.0,,0.0,Neutral,0.0,Neutral
2020-09-22,0.0,,0.0,Neutral,0.0,Neutral
2020-09-21,0.0,,0.0,Neutral,0.0,Neutral
2020-09-20,0.0,,0.0,Neutral,0.0,Neutral
2020-09-17,0.0,,0.0,Neutral,0.0,Neutral
2020-09-16,0.0,2020-09-16,0.859821081161499,Strongly Positive,0.859821081161499,Strongly Positive
2020-09-15,0.0,2020-09-15,0.88677579164505,Strongly Positive,1.3166863322257996,Strongly Positive
2020-09-14,0.0,,0.0,Neutral,0.6583431661128998,Strongly Positive
2020-09-13,0.0,,0.0,Neutral,0.2216939479112625,Positive
2020-09-10,0.0,,0.0,Neutral,0.0,Neutral
2020-09-09,0.0,,0.0,Neutral,0.0,Neutral
2020-09-08,0.0,,0.0,Neutral,0.0,Neutral
2020-09-07,0.0,,0.0,Neutral,0.0,Neutral
2020-09-06,0.0,,0.0,Neutral,0.0,Neutral
2020-09-02,0.0,,0.0,Neutral,0.0,Neutral
2020-08-30,0.0,,0.0,Neutral,0.0,Neutral
2020-08-27,0.0,,0.0,Neutral,0.0,Neutral
2020-08-25,0.0,,0.0,Neutral,0.0,Neutral
2020-08-24,0.0,,0.0,Neutral,0.0,Neutral
2020-08-23,0.0,,0.0,Neutral,0.0,Neutral
2020-08-20,0.0,2020-08-20,0.3619968295097351,Positive,0.3619968295097351,Positive
2020-08-19,0.0,,0.0,Neutral,0.18099841475486755,Slightly Positive
2020-08-18,0.0,,0.0,Neutral,0.09049920737743378,Slightly Positive
2020-08-17,0.0,,0.0,Neutral,0.0,Neutral
2020-08-16,0.0,2020-08-16,0.0681280344724655,Slightly Positive,0.0681280344724655,Slightly Positive
2020-08-13,0.0,2020-08-13,-0.0032728966325521,Neutral,0.030791120603680652,Neutral
2020-08-12,0.0,,0.0,Neutral,0.015395560301840326,Neutral
2020-08-11,0.0,,0.0,Neutral,-0.000818224158138025,Neutral
2020-08-10,0.0,,0.0,Neutral,0.0,Neutral
2020-08-06,0.0,,0.0,Neutral,0.0,Neutral
2020-08-05,0.0,,0.0,Neutral,0.0,Neutral
2020-08-03,0.0,,0.0,Neutral,0.0,Neutral
2020-08-02,0.0,,0.0,Neutral,0.0,Neutral
2020-07-30,0.0,,0.0,Neutral,0.0,Neutral
2020-07-29,0.0,2020-07-29,0.8600679636001587,Strongly Positive,0.8600679636001587,Strongly Positive
2020-07-28,0.0,,0.0,Neutral,0.43003398180007935,Positive
2020-07-27,0.0,,0.0,Neutral,0.21501699090003967,Positive
2020-07-26,0.0,,0.0,Neutral,0.0,Neutral
2020-07-23,0.0,,0.0,Neutral,0.0,Neutral
2020-07-22,0.0,2020-07-22,0.5365362167358398,Positive,0.5365362167358398,Positive
2020-07-21,0.0,,0.0,Neutral,0.2682681083679199,Positive
2020-07-20,0.0,,0.0,Neutral,0.13413405418395996,Slightly Positive
2020-07-16,0.0,,0.0,Neutral,0.0,Neutral
2020-07-15,0.0,,0.0,Neutral,0.0,Neutral
2020-07-13,0.0,,0.0,Neutral,0.0,Neutral
2020-07-12,0.0,,0.0,Neutral,0.0,Neutral
2020-07-09,0.0,2020-07-09,0.8973246514797211,Strongly Positive,0.8973246514797211,Strongly Positive
2020-07-08,0.0,,0.0,Neutral,0.44866232573986053,Positive
2020-07-07,0.0,,0.0,Neutral,0.22433116286993027,Positive
2020-07-06,0.0,,0.0,Neutral,0.0,Neutral
2020-07-05,0.0,2020-07-05,0.2238288819789886,Positive,0.2238288819789886,Positive
2020-03-19,0.0,,0.0,Neutral,0.1119144409894943,Slightly Positive
2020-03-18,0.0,,0.0,Neutral,0.05595722049474715,Slightly Positive
2020-03-17,0.0,2020-03-17,0.8020090460777283,Strongly Positive,0.8020090460777283,Strongly Positive
2020-03-16,0.0,2020-03-16,0.6043878793716431,Strongly Positive,1.0053924024105072,Strongly Positive
2020-03-15,0.0,2020-03-15,0.8521060943603516,Strongly Positive,1.3548022955656052,Strongly Positive
2020-03-12,0.0,,0.0,Neutral,0.5771500170230865,Positive
2020-03-11,0.0,2020-03-11,0.6391243934631348,Strongly Positive,0.8521509170532227,Strongly Positive
2020-03-05,0.0,2020-03-05,0.7326845228672028,Strongly Positive,1.0522467195987701,Strongly Positive
2020-03-04,0.0,2020-03-04,-0.0493215024471282,Neutral,0.4768018573522569,Positive
2020-03-03,0.0,2020-03-03,0.9211212992668152,Strongly Positive,1.0796316787600517,Strongly Positive
2020-03-02,0.0,2020-03-02,0.7860763669013977,Strongly Positive,1.2343066409230232,Strongly Positive
2020-03-01,0.0,,0.0,Neutral,0.6233185082674026,Strongly Positive
2020-02-27,0.0,2020-02-27,0.4762963950634002,Positive,0.6728154867887497,Strongly Positive
2020-02-26,0.0,2020-02-26,-0.5152184963226318,Negative,-0.2770702987909317,Negative
2020-02-24,0.0,2020-02-24,0.0043060332536697,Neutral,-0.13422911614179617,Slightly Negative
2020-02-23,0.0,2020-02-23,0.0224795639514923,Neutral,-0.10417204350233081,Slightly Negative
2020-02-20,0.0,2020-02-20,0.7416114807128906,Strongly Positive,0.7539277710020542,Strongly Positive
2020-02-19,0.0,2020-02-19,0.5676307678222656,Positive,0.944056399166584,Strongly Positive
2020-02-18,0.0,,0.0,Neutral,0.46921825408935547,Positive
2020-02-17,0.0,2020-02-17,0.7569572925567627,Strongly Positive,0.8988649845123291,Strongly Positive
2020-02-16,0.0,2020-02-16,0.3593215346336365,Positive,0.7378001809120178,Strongly Positive
2020-02-13,0.0,2020-02-13,-0.1728152632713318,Slightly Negative,0.19608482718467712,Slightly Positive
2020-02-12,0.0,,0.0,Neutral,0.003422752022743225,Neutral
2020-02-11,0.0,2020-02-11,-0.6466630697250366,Strongly Negative,-0.6898668855428696,Strongly Negative
2020-02-06,0.0,,0.0,Neutral,-0.3233315348625183,Negative
2020-02-04,0.0,,0.0,Neutral,-0.16166576743125916,Slightly Negative
2020-02-03,0.0,,0.0,Neutral,0.0,Neutral
2020-01-30,0.0,,0.0,Neutral,0.0,Neutral
2020-01-29,0.0,,0.0,Neutral,0.0,Neutral
2020-01-28,0.0,2020-01-28,0.283295214176178,Positive,0.283295214176178,Positive
2020-01-27,0.0,,0.0,Neutral,0.141647607088089,Slightly Positive
2020-01-26,0.0,2020-01-26,0.8893269896507263,Strongly Positive,0.9601507931947708,Strongly Positive
2020-01-21,0.0,,0.0,Neutral,0.44466349482536316,Positive
2020-01-20,0.0,2020-01-20,-0.2280759774148464,Negative,-0.005744230002164813,Neutral
2020-01-19,0.0,,0.0,Neutral,-0.1140379887074232,Slightly Negative
2020-01-16,0.0,,0.0,Neutral,-0.0570189943537116,Slightly Negative
2020-01-15,0.0,,0.0,Neutral,0.0,Neutral
2020-01-14,0.0,2020-01-14,0.5020753741264343,Positive,0.5020753741264343,Positive
2020-01-13,0.0,,0.0,Neutral,0.25103768706321716,Positive
2020-01-12,0.0,,0.0,Neutral,0.12551884353160858,Slightly Positive
2020-01-08,0.0,,0.0,Neutral,0.0,Neutral
2020-01-07,0.0,,0.0,Neutral,0.0,Neutral
2020-01-06,0.0,,0.0,Neutral,0.0,Neutral
2020-01-02,0.0,,0.0,Neutral,0.0,Neutral
2020-01-01,0.0,,0.0,Neutral,0.0,Neutral
2019-12-31,0.0,,0.0,Neutral,0.0,Neutral
2019-12-30,0.0,2019-12-30,0.7870628833770752,Strongly Positive,0.7870628833770752,Strongly Positive
2019-12-25,0.0,,0.0,Neutral,0.3935314416885376,Positive
2019-12-23,0.0,,0.0,Neutral,0.1967657208442688,Slightly Positive
2019-12-15,0.0,,0.0,Neutral,0.0,Neutral
2019-12-12,0.0,,0.0,Neutral,0.0,Neutral
2019-12-10,0.0,,0.0,Neutral,0.0,Neutral
2019-12-09,0.0,,0.0,Neutral,0.0,Neutral
2019-12-08,0.0,,0.0,Neutral,0.0,Neutral
2019-12-05,0.0,,0.0,Neutral,0.0,Neutral
2019-12-04,0.0,,0.0,Neutral,0.0,Neutral
2019-12-03,0.0,2019-12-03,0.618488609790802,Strongly Positive,0.618488609790802,Strongly Positive
2019-11-28,0.0,,0.0,Neutral,0.309244304895401,Positive
2019-11-27,0.0,,0.0,Neutral,0.1546221524477005,Slightly Positive
2019-11-20,0.0,,0.0,Neutral,0.0,Neutral
2019-11-19,0.0,2019-11-19,0.4210245609283447,Positive,0.4210245609283447,Positive
2019-11-18,0.0,,0.0,Neutral,0.21051228046417236,Positive
2019-11-11,0.0,,0.0,Neutral,0.10525614023208618,Slightly Positive
2019-11-05,0.0,,0.0,Neutral,0.0,Neutral
2019-11-03,0.0,,0.0,Neutral,0.0,Neutral
2019-10-31,0.0,,0.0,Neutral,0.0,Neutral
2019-10-24,0.0,,0.0,Neutral,0.0,Neutral
2019-10-23,0.0,,0.0,Neutral,0.0,Neutral
2019-10-21,0.0,2019-10-21,0.7867043614387512,Strongly Positive,0.7867043614387512,Strongly Positive
2019-10-16,0.0,,0.0,Neutral,0.3933521807193756,Positive
2019-10-03,0.0,2019-10-03,0.6210771203041077,Strongly Positive,0.8177532106637955,Strongly Positive
2019-09-29,0.0,2019-09-29,0.8132269978523254,Strongly Positive,1.1237655580043793,Strongly Positive
2019-09-26,0.0,2019-09-26,0.5172597169876099,Positive,1.0791424959897995,Strongly Positive
2019-09-18,0.0,,0.0,Neutral,0.4619366079568863,Positive
2019-09-17,0.0,2019-09-17,0.4095453321933746,Positive,0.5388602614402771,Positive
2019-09-10,0.0,,0.0,Neutral,0.2047726660966873,Positive
2019-08-26,0.0,2019-08-26,0.7882136106491089,Strongly Positive,0.8905999436974525,Strongly Positive
2019-08-25,0.0,,0.0,Neutral,0.39410680532455444,Positive
2019-08-21,0.0,,0.0,Neutral,0.19705340266227722,Slightly Positive
2019-08-19,0.0,2019-08-19,0.8192152976989746,Strongly Positive,0.8192152976989746,Strongly Positive
2019-08-14,0.0,2019-08-14,0.8356881737709045,Strongly Positive,1.2452958226203918,Strongly Positive
2019-08-13,0.0,2019-08-13,0.6991210579872131,Strongly Positive,1.321768969297409,Strongly Positive
2019-08-07,0.0,2019-08-07,-0.4570404589176178,Negative,0.1014421135187149,Slightly Positive
2019-08-06,0.0,,0.0,Neutral,-0.053739964962005615,Slightly Negative
2019-08-05,0.0,,0.0,Neutral,-0.11426011472940445,Slightly Negative
2019-07-31,0.0,2019-07-31,-0.4471966624259949,Negative,-0.4471966624259949,Negative
2019-07-28,0.0,,0.0,Neutral,-0.22359833121299744,Negative
2019-07-24,0.0,2019-07-24,0.8770189881324768,Strongly Positive,0.7652198225259781,Strongly Positive
2019-07-22,0.0,,0.0,Neutral,0.4385094940662384,Positive
2019-07-21,0.0,2019-07-21,0.1339715123176574,Slightly Positive,0.35322625935077656,Positive
2019-07-17,0.0,2019-07-17,0.8922961354255676,Strongly Positive,0.9592818915843964,Strongly Positive
2019-07-16,0.0,,0.0,Neutral,0.4796409457921982,Positive
2019-07-11,0.0,,0.0,Neutral,0.2230740338563919,Positive
2019-07-10,0.0,2019-07-10,-0.4849487543106079,Negative,-0.4849487543106079,Negative
2019-07-09,0.0,,0.0,Neutral,-0.24247437715530396,Negative
2019-07-04,0.0,2019-07-04,0.6093844771385193,Strongly Positive,0.4881472885608673,Positive
2019-07-03,0.0,,0.0,Neutral,0.30469223856925964,Positive
2019-07-02,0.0,2019-07-02,-0.2368516623973846,Negative,-0.08450554311275477,Slightly Negative
2019-06-30,0.0,,0.0,Neutral,-0.1184258311986923,Slightly Negative
2019-06-18,0.0,,0.0,Neutral,-0.05921291559934615,Slightly Negative
2019-06-17,0.0,2019-06-17,-0.6195419430732727,Strongly Negative,-0.6195419430732727,Strongly Negative
2019-06-16,0.0,2019-06-16,0.0492241531610489,Neutral,-0.26054681837558746,Negative
2019-06-13,0.0,,0.0,Neutral,-0.13027340918779373,Slightly Negative
2019-06-12,0.0,,0.0,Neutral,0.012306038290262226,Neutral
2019-06-11,0.0,,0.0,Neutral,0.0,Neutral
2019-06-02,0.0,,0.0,Neutral,0.0,Neutral
2019-05-19,0.0,,0.0,Neutral,0.0,Neutral
2019-05-15,0.0,,0.0,Neutral,0.0,Neutral
2019-05-09,0.0,,0.0,Neutral,0.0,Neutral
2019-05-08,0.0,,0.0,Neutral,0.0,Neutral
2019-05-07,0.0,,0.0,Neutral,0.0,Neutral
2019-05-06,0.0,,0.0,Neutral,0.0,Neutral
2019-05-05,0.0,,0.0,Neutral,0.0,Neutral
2019-05-02,0.0,,0.0,Neutral,0.0,Neutral
2019-04-28,0.0,,0.0,Neutral,0.0,Neutral
2019-04-24,0.0,2019-04-24,-0.2091304957866668,Negative,-0.2091304957866668,Negative
2019-04-08,0.0,,0.0,Neutral,-0.1045652478933334,Slightly Negative
2019-04-02,0.0,,0.0,Neutral,-0.0522826239466667,Slightly Negative
2019-03-31,0.0,,0.0,Neutral,0.0,Neutral
2019-03-26,0.0,2019-03-26,0.5928543210029602,Positive,0.5928543210029602,Positive
2019-03-25,0.0,,0.0,Neutral,0.2964271605014801,Positive
2019-03-24,0.0,,0.0,Neutral,0.14821358025074005,Slightly Positive
2019-03-17,0.0,,0.0,Neutral,0.0,Neutral
2019-03-05,0.0,2019-03-05,-0.6652853488922119,Strongly Negative,-0.6652853488922119,Strongly Negative
2019-02-26,0.0,,0.0,Neutral,-0.33264267444610596,Negative
2019-02-25,0.0,,0.0,Neutral,-0.16632133722305298,Slightly Negative
2019-02-18,0.0,2019-02-18,0.5097264647483826,Positive,0.5097264647483826,Positive
2019-02-17,0.0,,0.0,Neutral,0.2548632323741913,Positive
2019-02-14,0.0,,0.0,Neutral,0.12743161618709564,Slightly Positive
2019-02-13,0.0,,0.0,Neutral,0.0,Neutral
2019-02-12,0.0,,0.0,Neutral,0.0,Neutral
2019-02-11,0.0,,0.0,Neutral,0.0,Neutral
2019-02-06,0.0,,0.0,Neutral,0.0,Neutral
2019-02-05,0.0,,0.0,Neutral,0.0,Neutral
2019-02-03,0.0,2019-02-03,0.4023022949695587,Positive,0.4023022949695587,Positive
2019-01-31,0.0,,0.0,Neutral,0.20115114748477936,Positive
2019-01-29,0.0,,0.0,Neutral,0.10057557374238968,Slightly Positive
2019-01-28,0.0,,0.0,Neutral,0.0,Neutral
2019-01-24,0.0,2019-01-24,0.6918145418167114,Strongly Positive,0.6918145418167114,Strongly Positive
2019-01-21,0.0,2019-01-21,0.4966762065887451,Positive,0.8425834774971008,Strongly Positive
2019-01-17,0.0,,0.0,Neutral,0.4212917387485504,Positive
2019-01-15,0.0,2019-01-15,0.519601047039032,Positive,0.6437700986862183,Strongly Positive
2019-01-08,0.0,2019-01-08,0.7743663191795349,Strongly Positive,1.034166842699051,Strongly Positive
2019-01-07,0.0,2019-01-07,0.7200121879577637,Strongly Positive,1.2370956093072891,Strongly Positive
2019-01-06,0.0,2019-01-06,0.5872798562049866,Positive,1.1408775299787521,Strongly Positive
2019-01-02,0.0,2019-01-02,-0.4312562644481659,Negative,0.04238671064376831,Neutral
2018-12-31,0.0,2018-12-31,0.8081836700439453,Strongly Positive,0.739375501871109,Strongly Positive
2018-12-30,0.0,2018-12-30,0.8666418790817261,Strongly Positive,1.1629196479916573,Strongly Positive
2018-12-27,0.0,2018-12-27,0.8413619995117188,Strongly Positive,1.4767288565635681,Strongly Positive
2018-12-26,0.0,2018-12-26,0.5205397605895996,Positive,1.1578812301158905,Strongly Positive
2018-12-25,0.0,,0.0,Neutral,0.4706103801727295,Positive
2018-12-23,0.0,,0.0,Neutral,0.1301349401473999,Slightly Positive
2018-12-17,0.0,,0.0,Neutral,0.0,Neutral
2018-12-16,0.0,2018-12-16,0.7137515544891357,Strongly Positive,0.7137515544891357,Strongly Positive
2018-12-13,0.0,2018-12-13,-0.1332300901412964,Slightly Negative,0.22364568710327148,Positive
2018-12-12,0.0,,0.0,Neutral,0.11182284355163574,Slightly Positive
2018-12-11,0.0,2018-12-11,0.8785602450370789,Strongly Positive,0.8452527225017548,Strongly Positive
2018-12-10,0.0,2018-12-10,0.7846078276634216,Strongly Positive,1.223887950181961,Strongly Positive
2018-12-09,0.0,,0.0,Neutral,0.6119439750909805,Strongly Positive
2018-12-06,0.0,,0.0,Neutral,0.1961519569158554,Slightly Positive
2018-12-05,0.0,,0.0,Neutral,0.0,Neutral
2018-12-04,0.0,2018-12-04,0.033573567867279,Neutral,0.033573567867279,Neutral
2018-12-03,0.0,,0.0,Neutral,0.0167867839336395,Neutral
2018-12-02,0.0,2018-12-02,0.0572157725691795,Slightly Positive,0.06560916453599924,Slightly Positive
2018-11-29,0.0,2018-11-29,0.8101602792739868,Strongly Positive,0.8387681655585766,Strongly Positive
2018-11-27,0.0,,0.0,Neutral,0.4193840827792883,Positive
2018-11-26,0.0,,0.0,Neutral,0.2025400698184967,Positive
2018-11-21,0.0,,0.0,Neutral,0.0,Neutral
2018-11-20,0.0,,0.0,Neutral,0.0,Neutral
2018-11-05,0.0,,0.0,Neutral,0.0,Neutral
2018-11-04,0.0,,0.0,Neutral,0.0,Neutral
2018-11-01,0.0,,0.0,Neutral,0.0,Neutral
2018-10-29,0.0,,0.0,Neutral,0.0,Neutral
2018-10-28,0.0,,0.0,Neutral,0.0,Neutral
2018-10-25,0.0,,0.0,Neutral,0.0,Neutral
2018-10-24,0.0,,0.0,Neutral,0.0,Neutral
2018-10-23,0.0,,0.0,Neutral,0.0,Neutral
2018-10-11,0.0,,0.0,Neutral,0.0,Neutral
2018-10-10,0.0,2018-10-10,-0.1620651185512542,Slightly Negative,-0.1620651185512542,Slightly Negative
2018-10-09,0.0,,0.0,Neutral,-0.0810325592756271,Slightly Negative
2018-10-08,0.0,,0.0,Neutral,-0.04051627963781355,Neutral
2018-10-07,0.0,,0.0,Neutral,0.0,Neutral
2018-10-04,0.0,,0.0,Neutral,0.0,Neutral
2018-10-02,0.0,,0.0,Neutral,0.0,Neutral
2018-10-01,0.0,,0.0,Neutral,0.0,Neutral
2018-09-30,0.0,,0.0,Neutral,0.0,Neutral
2018-09-27,0.0,,0.0,Neutral,0.0,Neutral
2018-09-26,0.0,,0.0,Neutral,0.0,Neutral
2018-09-18,0.0,2018-09-18,0.4713515937328338,Positive,0.4713515937328338,Positive
2018-09-17,0.0,,0.0,Neutral,0.2356757968664169,Positive
2018-09-16,0.0,2018-09-16,0.4487057030200958,Positive,0.5665436014533043,Positive
2018-09-13,0.0,,0.0,Neutral,0.2243528515100479,Positive
2018-09-12,0.0,,0.0,Neutral,0.11217642575502396,Slightly Positive
2018-09-11,0.0,,0.0,Neutral,0.0,Neutral
2018-09-10,0.0,,0.0,Neutral,0.0,Neutral
2018-09-09,0.0,,0.0,Neutral,0.0,Neutral
2018-09-06,0.0,,0.0,Neutral,0.0,Neutral
2018-09-05,0.0,,0.0,Neutral,0.0,Neutral
2018-09-04,0.0,,0.0,Neutral,0.0,Neutral
2018-09-03,0.0,,0.0,Neutral,0.0,Neutral
2018-09-02,0.0,2018-09-02,0.9213955402374268,Strongly Positive,0.9213955402374268,Strongly Positive
2018-08-30,0.0,,0.0,Neutral,0.4606977701187134,Positive
2018-08-29,0.0,,0.0,Neutral,0.2303488850593567,Positive
2018-08-28,0.0,2018-08-28,0.8678902387619019,Strongly Positive,0.8678902387619019,Strongly Positive
2018-08-26,0.0,2018-08-26,0.908364236354828,Strongly Positive,1.3423093557357788,Strongly Positive
2018-08-23,0.0,2018-08-23,0.9118733406066896,Strongly Positive,1.583028018474579,Strongly Positive
2018-08-22,0.0,2018-08-22,0.9089189767837524,Strongly Positive,1.5919467061758041,Strongly Positive
2018-08-21,0.0,,0.0,Neutral,0.6824278235435486,Strongly Positive
2018-08-20,0.0,,0.0,Neutral,0.2272297441959381,Positive
2018-08-19,0.0,2018-08-19,0.6557104587554932,Strongly Positive,0.6557104587554932,Strongly Positive
2018-08-16,0.0,2018-08-16,0.8950644135475159,Strongly Positive,1.2229196429252625,Strongly Positive
2018-08-15,0.0,2018-08-15,-0.1866932809352874,Slightly Negative,0.42476654052734386,Positive
2018-08-14,0.0,,0.0,Neutral,0.13041946291923529,Slightly Positive
2018-08-13,0.0,2018-08-13,0.5976293087005615,Positive,0.5509559884667397,Positive
2018-08-12,0.0,,0.0,Neutral,0.29881465435028076,Positive
2018-08-08,0.0,,0.0,Neutral,0.14940732717514038,Slightly Positive
2018-08-06,0.0,,0.0,Neutral,0.0,Neutral
2018-08-05,0.0,,0.0,Neutral,0.0,Neutral
2018-08-02,0.0,2018-08-02,-0.2557297945022583,Negative,-0.2557297945022583,Negative
2018-07-30,0.0,,0.0,Neutral,-0.12786489725112915,Slightly Negative
2018-07-29,0.0,,0.0,Neutral,-0.06393244862556458,Slightly Negative
2018-07-26,0.0,2018-07-26,0.8805007934570312,Strongly Positive,0.8805007934570312,Strongly Positive
2018-07-25,0.0,2018-07-25,0.5625090003013611,Positive,1.0027593970298767,Strongly Positive
2018-07-24,0.0,2018-07-24,0.8712472915649414,Strongly Positive,1.3726269900798798,Strongly Positive
2018-07-23,0.0,,0.0,Neutral,0.576250895857811,Positive
2018-07-22,0.0,2018-07-22,0.5804762393236159,Positive,0.7982880622148513,Strongly Positive
2018-07-18,0.0,2018-07-18,-0.6905643939971924,Strongly Negative,-0.4003262743353844,Negative
2018-07-17,0.0,2018-07-17,0.8452868461608887,Strongly Positive,0.6451237089931965,Strongly Positive
2018-07-16,0.0,,0.0,Neutral,0.25000232458114624,Positive
2018-07-15,0.0,2018-07-15,-0.0455491840839386,Neutral,0.16577252745628357,Slightly Positive
2018-07-12,0.0,2018-07-12,-0.1427455693483352,Slightly Negative,-0.1655201613903045,Slightly Negative
2018-07-10,0.0,,0.0,Neutral,-0.08276008069515225,Slightly Negative
2018-07-09,0.0,,0.0,Neutral,-0.0356863923370838,Neutral
2018-07-08,0.0,2018-07-08,0.7769768834114075,Strongly Positive,0.7769768834114075,Strongly Positive
2018-07-05,0.0,,0.0,Neutral,0.38848844170570374,Positive
2018-07-04,0.0,2018-07-04,0.3696541786193847,Positive,0.5638983994722366,Positive
2018-07-02,0.0,,0.0,Neutral,0.18482708930969236,Slightly Positive
2018-06-28,0.0,,0.0,Neutral,0.09241354465484618,Slightly Positive
2018-06-27,0.0,2018-06-27,0.6418185830116272,Strongly Positive,0.6418185830116272,Strongly Positive
2018-06-26,0.0,,0.0,Neutral,0.3209092915058136,Positive
2018-06-25,0.0,,0.0,Neutral,0.1604546457529068,Slightly Positive
2018-06-24,0.0,,0.0,Neutral,0.0,Neutral
2018-06-20,0.0,,0.0,Neutral,0.0,Neutral
2018-06-19,0.0,,0.0,Neutral,0.0,Neutral
2018-06-18,0.0,,0.0,Neutral,0.0,Neutral
2018-06-17,0.0,2018-06-17,0.508649468421936,Positive,0.508649468421936,Positive
2018-06-14,0.0,,0.0,Neutral,0.254324734210968,Positive
2018-06-11,0.0,,0.0,Neutral,0.127162367105484,Slightly Positive
2018-06-10,0.0,,0.0,Neutral,0.0,Neutral
2018-06-07,0.0,2018-06-07,0.787387490272522,Strongly Positive,0.787387490272522,Strongly Positive
2018-06-06,0.0,,0.0,Neutral,0.393693745136261,Positive
2018-06-04,0.0,2018-06-04,0.8630961179733276,Strongly Positive,1.0599429905414581,Strongly Positive
2018-06-03,0.0,2018-06-03,0.3452410101890564,Positive,0.7767890691757202,Strongly Positive
2018-05-31,0.0,,0.0,Neutral,0.3883945345878601,Positive
2018-05-30,0.0,2018-05-30,0.7039557695388794,Strongly Positive,0.7902660220861435,Strongly Positive
2018-05-29,0.0,,0.0,Neutral,0.3519778847694397,Positive
2018-05-28,0.0,,0.0,Neutral,0.17598894238471985,Slightly Positive
2018-05-23,0.0,,0.0,Neutral,0.0,Neutral
2018-05-22,0.0,2018-05-22,0.7939203977584839,Strongly Positive,0.7939203977584839,Strongly Positive
2018-05-21,0.0,,0.0,Neutral,0.39696019887924194,Positive
2018-05-17,0.0,,0.0,Neutral,0.19848009943962097,Slightly Positive
2018-05-16,0.0,,0.0,Neutral,0.0,Neutral
2018-05-14,0.0,2018-05-14,0.7037050724029541,Strongly Positive,0.7037050724029541,Strongly Positive
2018-05-08,0.0,2018-05-08,0.7442371547222137,Strongly Positive,1.0960896909236908,Strongly Positive
2018-05-06,0.0,,0.0,Neutral,0.5480448454618454,Positive
2018-05-03,0.0,,0.0,Neutral,0.18605928868055344,Slightly Positive
2018-05-02,0.0,,0.0,Neutral,0.0,Neutral
2018-04-29,0.0,,0.0,Neutral,0.0,Neutral
2018-04-26,0.0,2018-04-26,-0.1422680616378784,Slightly Negative,-0.1422680616378784,Slightly Negative
2018-04-24,0.0,,0.0,Neutral,-0.0711340308189392,Slightly Negative
2018-04-23,0.0,,0.0,Neutral,-0.0355670154094696,Neutral
2018-04-22,0.0,,0.0,Neutral,0.0,Neutral
2018-04-19,0.0,,0.0,Neutral,0.0,Neutral
2018-04-18,0.0,2018-04-18,0.7243727445602417,Strongly Positive,0.7243727445602417,Strongly Positive
2018-04-17,0.0,2018-04-17,-0.4689792692661285,Negative,-0.10679289698600763,Slightly Negative
2018-04-16,0.0,,0.0,Neutral,-0.05339644849300382,Slightly Negative
2018-04-15,0.0,2018-04-15,0.9221633076667786,Strongly Positive,0.8049184903502464,Strongly Positive
2018-04-12,0.0,2018-04-12,-0.6430073976516724,Strongly Negative,-0.18192574381828308,Slightly Negative
2018-04-10,0.0,,0.0,Neutral,-0.09096287190914154,Slightly Negative
2018-04-09,0.0,,0.0,Neutral,-0.1607518494129181,Slightly Negative
2018-04-08,0.0,2018-04-08,0.4547261595726013,Positive,0.4547261595726013,Positive
2018-04-05,0.0,,0.0,Neutral,0.22736307978630066,Positive
2018-04-04,0.0,2018-04-04,0.8857042789459229,Strongly Positive,0.9993858188390732,Strongly Positive
2018-04-03,0.0,2018-04-03,0.8998837769031525,Strongly Positive,1.342735916376114,Strongly Positive
2018-04-02,0.0,2018-04-02,0.6707487106323242,Strongly Positive,1.3421166688203812,Strongly Positive
2018-04-01,0.0,,0.0,Neutral,0.5603452995419502,Positive
2018-03-29,0.0,,0.0,Neutral,0.16768717765808105,Slightly Positive
2018-03-28,0.0,2018-03-28,0.6803320646286011,Strongly Positive,0.6803320646286011,Strongly Positive
2018-03-27,0.0,2018-03-27,-0.2121085226535797,Negative,0.12805750966072083,Slightly Positive
2018-03-26,0.0,,0.0,Neutral,0.06402875483036041,Slightly Positive
2018-03-22,0.0,2018-03-22,0.6458000540733337,Strongly Positive,0.5927729234099388,Positive
2018-03-21,0.0,,0.0,Neutral,0.32290002703666687,Positive
2018-03-20,0.0,,0.0,Neutral,0.16145001351833344,Slightly Positive
2018-03-19,0.0,,0.0,Neutral,0.0,Neutral
2018-03-15,0.0,,0.0,Neutral,0.0,Neutral
2018-03-14,0.0,,0.0,Neutral,0.0,Neutral
2018-03-13,0.0,,0.0,Neutral,0.0,Neutral
2018-03-12,0.0,,0.0,Neutral,0.0,Neutral
2018-03-11,0.0,,0.0,Neutral,0.0,Neutral
2018-03-07,0.0,2018-03-07,-0.3192073702812195,Negative,-0.3192073702812195,Negative
2018-03-06,0.0,,0.0,Neutral,-0.15960368514060974,Slightly Negative
2018-03-05,0.0,,0.0,Neutral,-0.07980184257030487,Slightly Negative
2018-03-04,0.0,,0.0,Neutral,0.0,Neutral
2018-02-28,0.0,2018-02-28,-0.4559577703475952,Negative,-0.4559577703475952,Negative
2018-02-27,0.0,2018-02-27,-0.5017960667610168,Negative,-0.7297749519348145,Strongly Negative
2018-02-25,0.0,,0.0,Neutral,-0.3648874759674072,Negative
2018-02-22,0.0,,0.0,Neutral,-0.1254490166902542,Slightly Negative
2018-02-21,0.0,,0.0,Neutral,0.0,Neutral
2018-02-20,0.0,,0.0,Neutral,0.0,Neutral
2018-02-18,0.0,2018-02-18,-0.7218689322471619,Strongly Negative,-0.7218689322471619,Strongly Negative
2018-02-15,0.0,2018-02-15,0.89710932970047,Strongly Positive,0.536174863576889,Positive
2018-02-07,0.0,,0.0,Neutral,0.2680874317884445,Positive
2018-02-04,0.0,,0.0,Neutral,0.2242773324251175,Positive
2018-01-31,0.0,,0.0,Neutral,0.0,Neutral
2018-01-28,0.0,2018-01-28,0.9140734672546388,Strongly Positive,0.9140734672546388,Strongly Positive
2018-01-25,0.0,,0.0,Neutral,0.4570367336273194,Positive
2018-01-24,0.0,,0.0,Neutral,0.2285183668136597,Positive
2018-01-22,0.0,,0.0,Neutral,0.0,Neutral
2018-01-21,0.0,2018-01-21,0.326934814453125,Positive,0.326934814453125,Positive
2018-01-17,0.0,,0.0,Neutral,0.1634674072265625,Slightly Positive
2018-01-16,0.0,2018-01-16,0.912229597568512,Strongly Positive,0.9939633011817932,Strongly Positive
2018-01-14,0.0,,0.0,Neutral,0.456114798784256,Positive
2018-01-09,0.0,,0.0,Neutral,0.228057399392128,Positive
2018-01-08,0.0,2018-01-08,0.5098813772201538,Positive,0.5098813772201538,Positive
2018-01-07,0.0,2018-01-07,0.9193395376205444,Strongly Positive,1.1742802262306213,Strongly Positive
2018-01-04,0.0,,0.0,Neutral,0.5871401131153107,Positive
2018-01-03,0.0,,0.0,Neutral,0.2298348844051361,Positive
2018-01-02,0.0,2018-01-02,0.907924234867096,Strongly Positive,0.907924234867096,Strongly Positive
2018-01-01,0.0,,0.0,Neutral,0.453962117433548,Positive
2017-12-31,0.0,,0.0,Neutral,0.226981058716774,Positive
2017-12-28,0.0,,0.0,Neutral,0.0,Neutral
2017-12-27,0.0,,0.0,Neutral,0.0,Neutral
2017-12-26,0.0,,0.0,Neutral,0.0,Neutral
2017-12-24,0.0,2017-12-24,0.5628668665885925,Positive,0.5628668665885925,Positive
2017-12-21,0.0,,0.0,Neutral,0.28143343329429626,Positive
2017-12-20,0.0,,0.0,Neutral,0.14071671664714813,Slightly Positive
2017-12-19,0.0,,0.0,Neutral,0.0,Neutral
2017-12-18,0.0,,0.0,Neutral,0.0,Neutral
2017-12-17,0.0,,0.0,Neutral,0.0,Neutral
2017-12-14,0.0,,0.0,Neutral,0.0,Neutral
2017-12-13,0.0,,0.0,Neutral,0.0,Neutral
2017-12-12,0.0,,0.0,Neutral,0.0,Neutral
2017-12-11,0.0,2017-12-11,0.5815926194190979,Positive,0.5815926194190979,Positive
2017-12-10,0.0,,0.0,Neutral,0.29079630970954895,Positive
2017-12-05,0.0,2017-12-05,0.1702946424484253,Slightly Positive,0.31569279730319977,Positive
2017-11-26,0.0,,0.0,Neutral,0.08514732122421265,Slightly Positive
2017-11-16,0.0,,0.0,Neutral,0.04257366061210632,Neutral
2017-11-13,0.0,,0.0,Neutral,0.0,Neutral
2017-11-09,0.0,,0.0,Neutral,0.0,Neutral
2017-11-08,0.0,,0.0,Neutral,0.0,Neutral
2017-11-06,0.0,2017-11-06,0.2062046229839325,Positive,0.2062046229839325,Positive
2017-11-05,0.0,,0.0,Neutral,0.10310231149196625,Slightly Positive
2017-10-31,0.0,,0.0,Neutral,0.051551155745983124,Slightly Positive
2017-10-30,0.0,,0.0,Neutral,0.0,Neutral
2017-10-24,0.0,2017-10-24,0.3031669482588768,Positive,0.3031669482588768,Positive
2017-10-11,0.0,,0.0,Neutral,0.1515834741294384,Slightly Positive
2017-10-08,0.0,,0.0,Neutral,0.0757917370647192,Slightly Positive
2017-10-04,0.0,,0.0,Neutral,0.0,Neutral
2017-09-26,0.0,,0.0,Neutral,0.0,Neutral
2017-09-25,0.0,2017-09-25,0.6380407959222794,Strongly Positive,0.6380407959222794,Strongly Positive
2017-09-18,0.0,,0.0,Neutral,0.3190203979611397,Positive
2017-09-17,0.0,,0.0,Neutral,0.15951019898056984,Slightly Positive
2017-09-14,0.0,,0.0,Neutral,0.0,Neutral
2017-09-13,0.0,,0.0,Neutral,0.0,Neutral
2017-09-11,0.0,,0.0,Neutral,0.0,Neutral
2017-09-10,0.0,,0.0,Neutral,0.0,Neutral
2017-09-07,0.0,,0.0,Neutral,0.0,Neutral
2017-09-06,0.0,2017-09-06,0.8836968541145325,Strongly Positive,0.8836968541145325,Strongly Positive
2017-09-04,0.0,2017-09-04,0.0743787288665771,Slightly Positive,0.5162271559238434,Positive
2017-08-31,0.0,,0.0,Neutral,0.2581135779619217,Positive
2017-08-28,0.0,,0.0,Neutral,0.018594682216644277,Neutral
2017-08-24,0.0,,0.0,Neutral,0.0,Neutral
2017-08-23,0.0,,0.0,Neutral,0.0,Neutral
2017-08-20,0.0,,0.0,Neutral,0.0,Neutral
2017-08-17,0.0,2017-08-17,0.7896273136138916,Strongly Positive,0.7896273136138916,Strongly Positive
2017-08-16,0.0,,0.0,Neutral,0.3948136568069458,Positive
2017-08-15,0.0,,0.0,Neutral,0.1974068284034729,Slightly Positive
2017-08-13,0.0,,0.0,Neutral,0.0,Neutral
2017-08-10,0.0,2017-08-10,0.8426941633224487,Strongly Positive,0.8426941633224487,Strongly Positive
2017-08-06,0.0,,0.0,Neutral,0.42134708166122437,Positive
2017-08-03,0.0,,0.0,Neutral,0.21067354083061218,Positive
2017-08-02,0.0,,0.0,Neutral,0.0,Neutral
2017-08-01,0.0,,0.0,Neutral,0.0,Neutral
2017-07-31,0.0,2017-07-31,0.5858557224273682,Positive,0.5858557224273682,Positive
2017-07-30,0.0,,0.0,Neutral,0.2929278612136841,Positive
2017-07-27,0.0,,0.0,Neutral,0.14646393060684204,Slightly Positive
2017-07-26,0.0,,0.0,Neutral,0.0,Neutral
2017-07-25,0.0,,0.0,Neutral,0.0,Neutral
2017-07-24,0.0,,0.0,Neutral,0.0,Neutral
2017-07-23,0.0,,0.0,Neutral,0.0,Neutral
2017-07-20,0.0,2017-07-20,-0.3135278224945068,Negative,-0.3135278224945068,Negative
2017-07-19,0.0,,0.0,Neutral,-0.1567639112472534,Slightly Negative
2017-07-18,0.0,,0.0,Neutral,-0.0783819556236267,Slightly Negative
2017-07-17,0.0,2017-07-17,0.9291043877601624,Strongly Positive,0.9291043877601624,Strongly Positive
2017-07-11,0.0,,0.0,Neutral,0.4645521938800812,Positive
2017-07-10,0.0,,0.0,Neutral,0.2322760969400406,Positive
2017-07-09,0.0,,0.0,Neutral,0.0,Neutral
2017-07-06,0.0,2017-07-06,0.9184584617614746,Strongly Positive,0.9184584617614746,Strongly Positive
2017-07-02,0.0,2017-07-02,0.8309491276741028,Strongly Positive,1.29017835855484,Strongly Positive
2017-06-27,0.0,,0.0,Neutral,0.64508917927742,Strongly Positive
2017-06-25,0.0,,0.0,Neutral,0.2077372819185257,Positive
2017-06-21,0.0,,0.0,Neutral,0.0,Neutral
2017-06-20,0.0,,0.0,Neutral,0.0,Neutral
2017-06-19,0.0,2017-06-19,0.2736774682998657,Positive,0.2736774682998657,Positive
2017-06-18,0.0,,0.0,Neutral,0.13683873414993286,Slightly Positive
2017-06-15,0.0,,0.0,Neutral,0.06841936707496643,Slightly Positive
2017-06-14,0.0,2017-06-14,0.7516312599182129,Strongly Positive,0.7516312599182129,Strongly Positive
2017-06-13,0.0,,0.0,Neutral,0.37581562995910645,Positive
2017-06-12,0.0,,0.0,Neutral,0.18790781497955322,Slightly Positive
2017-06-11,0.0,,0.0,Neutral,0.0,Neutral
2017-06-08,0.0,,0.0,Neutral,0.0,Neutral
2017-06-07,0.0,,0.0,Neutral,0.0,Neutral
2017-06-06,0.0,,0.0,Neutral,0.0,Neutral
2017-06-05,0.0,,0.0,Neutral,0.0,Neutral
2017-06-04,0.0,,0.0,Neutral,0.0,Neutral
2017-06-01,0.0,,0.0,Neutral,0.0,Neutral
2017-05-31,0.0,,0.0,Neutral,0.0,Neutral
2017-05-30,0.0,,0.0,Neutral,0.0,Neutral
2017-05-28,0.0,,0.0,Neutral,0.0,Neutral
2017-05-24,0.0,,0.0,Neutral,0.0,Neutral
2017-05-23,0.0,,0.0,Neutral,0.0,Neutral
2017-05-22,0.0,,0.0,Neutral,0.0,Neutral
2017-05-21,0.0,2017-05-21,0.543536901473999,Positive,0.543536901473999,Positive
2017-05-18,0.0,,0.0,Neutral,0.2717684507369995,Positive
2017-05-17,0.0,2017-05-17,0.9115880727767944,Strongly Positive,1.0474722981452942,Strongly Positive
2017-05-16,0.0,,0.0,Neutral,0.4557940363883972,Positive
2017-05-15,0.0,,0.0,Neutral,0.2278970181941986,Positive
2017-05-11,0.0,2017-05-11,0.6874037981033325,Strongly Positive,0.6874037981033325,Strongly Positive
2017-05-07,0.0,,0.0,Neutral,0.34370189905166626,Positive
2017-05-04,0.0,,0.0,Neutral,0.17185094952583313,Slightly Positive
2017-05-03,0.0,,0.0,Neutral,0.0,Neutral
2017-05-02,0.0,,0.0,Neutral,0.0,Neutral
2017-04-27,0.0,,0.0,Neutral,0.0,Neutral
2017-04-25,0.0,2017-04-25,0.7321624755859375,Strongly Positive,0.7321624755859375,Strongly Positive
2017-04-23,0.0,,0.0,Neutral,0.36608123779296875,Positive
2017-04-20,0.0,2017-04-20,-0.3623961433768272,Negative,-0.1793555244803428,Slightly Negative
2017-04-19,0.0,,0.0,Neutral,-0.1811980716884136,Slightly Negative
2017-04-18,0.0,,0.0,Neutral,-0.0905990358442068,Slightly Negative
2017-04-13,0.0,,0.0,Neutral,0.0,Neutral
2017-04-12,0.0,,0.0,Neutral,0.0,Neutral
2017-04-11,0.0,,0.0,Neutral,0.0,Neutral
2017-04-10,0.0,,0.0,Neutral,0.0,Neutral
2017-04-09,0.0,,0.0,Neutral,0.0,Neutral
2017-04-06,0.0,2017-04-06,0.5967186689376831,Positive,0.5967186689376831,Positive
2017-03-29,0.0,,0.0,Neutral,0.29835933446884155,Positive
2017-03-28,0.0,,0.0,Neutral,0.14917966723442078,Slightly Positive
2017-03-15,0.0,,0.0,Neutral,0.0,Neutral
2017-03-06,0.0,,0.0,Neutral,0.0,Neutral
2017-03-02,0.0,2017-03-02,0.8856234550476074,Strongly Positive,0.8856234550476074,Strongly Positive
2017-02-26,0.0,,0.0,Neutral,0.4428117275238037,Positive
2017-02-23,0.0,2017-02-23,-0.5603695511817932,Negative,-0.33896368741989136,Negative
2017-02-16,0.0,,0.0,Neutral,-0.2801847755908966,Negative
2017-02-15,0.0,2017-02-15,-0.5029162764549255,Negative,-0.6430086642503738,Strongly Negative
2017-01-25,0.0,,0.0,Neutral,-0.25145813822746277,Negative
2017-01-02,0.0,,0.0,Neutral,-0.12572906911373138,Slightly Negative
2017-01-01,0.0,2017-01-01,0.1828947961330413,Slightly Positive,0.1828947961330413,Slightly Positive
2016-12-15,0.0,,0.0,Neutral,0.09144739806652065,Slightly Positive
2016-12-11,0.0,,0.0,Neutral,0.045723699033260325,Neutral
2016-12-04,0.0,,0.0,Neutral,0.0,Neutral
2016-12-01,0.0,,0.0,Neutral,0.0,Neutral
2016-11-29,0.0,,0.0,Neutral,0.0,Neutral
2016-11-28,0.0,,0.0,Neutral,0.0,Neutral
2016-11-24,0.0,,0.0,Neutral,0.0,Neutral
2016-11-23,0.0,,0.0,Neutral,0.0,Neutral
2016-11-20,0.0,,0.0,Neutral,0.0,Neutral
2016-11-15,0.0,,0.0,Neutral,0.0,Neutral
2016-11-14,0.0,,0.0,Neutral,0.0,Neutral
2016-10-20,0.0,,0.0,Neutral,0.0,Neutral
2016-10-19,0.0,,0.0,Neutral,0.0,Neutral
2016-10-05,0.0,,0.0,Neutral,0.0,Neutral
2016-10-03,0.0,2016-10-03,0.1059269905090332,Slightly Positive,0.1059269905090332,Slightly Positive
2016-09-29,0.0,2016-09-29,0.9111406207084656,Strongly Positive,0.9641041159629822,Strongly Positive
2016-09-28,0.0,,0.0,Neutral,0.4820520579814911,Positive
2016-09-27,0.0,,0.0,Neutral,0.2277851551771164,Positive
2016-09-25,0.0,,0.0,Neutral,0.0,Neutral
2016-09-14,0.0,,0.0,Neutral,0.0,Neutral
2016-09-07,0.0,,0.0,Neutral,0.0,Neutral
2016-09-06,0.0,,0.0,Neutral,0.0,Neutral
2016-09-05,0.0,,0.0,Neutral,0.0,Neutral
2016-09-04,0.0,,0.0,Neutral,0.0,Neutral
2016-09-03,0.0,,0.0,Neutral,0.0,Neutral
2016-09-01,0.0,2016-09-01,0.7710901498794556,Strongly Positive,0.7710901498794556,Strongly Positive
2016-08-31,0.0,,0.0,Neutral,0.3855450749397278,Positive
2016-08-30,0.0,2016-08-30,-0.0680882036685943,Slightly Negative,0.12468433380126959,Slightly Positive
2016-08-29,0.0,,0.0,Neutral,-0.03404410183429715,Neutral
2016-08-28,0.0,,0.0,Neutral,-0.017022050917148576,Neutral
2016-08-24,0.0,,0.0,Neutral,0.0,Neutral
2016-08-23,0.0,,0.0,Neutral,0.0,Neutral
2016-08-22,0.0,,0.0,Neutral,0.0,Neutral
2016-08-21,0.0,,0.0,Neutral,0.0,Neutral
2016-08-17,0.0,,0.0,Neutral,0.0,Neutral
2016-08-16,0.0,2016-08-16,0.0269997715950012,Neutral,0.0269997715950012,Neutral
2016-08-11,0.0,,0.0,Neutral,0.0134998857975006,Neutral
2016-08-10,0.0,,0.0,Neutral,0.0067499428987503,Neutral
2016-08-08,0.0,,0.0,Neutral,0.0,Neutral
2016-08-07,0.0,,0.0,Neutral,0.0,Neutral
2016-08-04,0.0,,0.0,Neutral,0.0,Neutral
2016-08-03,0.0,,0.0,Neutral,0.0,Neutral
2016-08-02,0.0,,0.0,Neutral,0.0,Neutral
2016-08-01,0.0,,0.0,Neutral,0.0,Neutral
2016-07-31,0.0,,0.0,Neutral,0.0,Neutral
2016-07-28,0.0,,0.0,Neutral,0.0,Neutral
2016-07-27,0.0,,0.0,Neutral,0.0,Neutral
2016-07-26,0.0,,0.0,Neutral,0.0,Neutral
2016-07-25,0.0,,0.0,Neutral,0.0,Neutral
2016-07-21,0.0,2016-07-21,-0.5415614247322083,Negative,-0.5415614247322083,Negative
2016-07-20,0.0,,0.0,Neutral,-0.2707807123661041,Negative
2016-07-19,0.0,2016-07-19,-0.5339106917381287,Negative,-0.6693010479211807,Strongly Negative
2016-07-18,0.0,,0.0,Neutral,-0.26695534586906433,Negative
2016-07-17,0.0,2016-07-17,0.8322827219963074,Strongly Positive,0.6988050490617752,Strongly Positive
2016-07-14,0.0,,0.0,Neutral,0.4161413609981537,Positive
2016-07-13,0.0,,0.0,Neutral,0.20807068049907684,Positive
2016-07-12,0.0,,0.0,Neutral,0.0,Neutral
2016-07-11,0.0,,0.0,Neutral,0.0,Neutral
2016-07-10,0.0,2016-07-10,0.8081753253936768,Strongly Positive,0.8081753253936768,Strongly Positive
2016-07-06,0.0,,0.0,Neutral,0.4040876626968384,Positive
2016-07-05,0.0,,0.0,Neutral,0.2020438313484192,Positive
2016-06-29,0.0,,0.0,Neutral,0.0,Neutral
2016-06-28,0.0,,0.0,Neutral,0.0,Neutral
2016-06-27,0.0,,0.0,Neutral,0.0,Neutral
2016-06-23,0.0,2016-06-23,0.581391453742981,Positive,0.581391453742981,Positive
2016-06-19,0.0,2016-06-19,0.8847450613975525,Strongly Positive,1.175440788269043,Strongly Positive
2016-06-16,0.0,,0.0,Neutral,0.5877203941345215,Positive
2016-06-15,0.0,2016-06-15,0.6763022541999817,Strongly Positive,0.8974885195493698,Strongly Positive
2016-06-14,0.0,,0.0,Neutral,0.33815112709999084,Positive
2016-05-23,0.0,,0.0,Neutral,0.16907556354999542,Slightly Positive
2016-01-12,0.0,,0.0,Neutral,0.0,Neutral
2015-12-13,0.0,,0.0,Neutral,0.0,Neutral
2015-09-28,0.0,,0.0,Neutral,0.0,Neutral
2015-09-24,0.0,2015-09-24,0.9214875102043152,Strongly Positive,0.9214875102043152,Strongly Positive
2015-09-23,0.0,2015-09-23,0.8798791170120239,Strongly Positive,1.3406228721141815,Strongly Positive
2015-09-22,0.0,2015-09-22,0.9070401191711426,Strongly Positive,1.5773515552282333,Strongly Positive
2015-09-16,0.0,,0.0,Neutral,0.6734898388385773,Strongly Positive
2015-09-15,0.0,,0.0,Neutral,0.22676002979278564,Positive
2015-09-14,0.0,,0.0,Neutral,0.0,Neutral
2015-08-18,0.0,,0.0,Neutral,0.0,Neutral
2015-08-13,0.0,,0.0,Neutral,0.0,Neutral
2015-08-09,0.0,,0.0,Neutral,0.0,Neutral
2015-07-28,0.0,,0.0,Neutral,0.0,Neutral
2015-07-27,0.0,,0.0,Neutral,0.0,Neutral
2015-04-12,0.0,,0.0,Neutral,0.0,Neutral
2015-04-07,0.0,,0.0,Neutral,0.0,Neutral
2015-04-06,0.0,,0.0,Neutral,0.0,Neutral
2015-03-16,0.0,,0.0,Neutral,0.0,Neutral
2015-02-10,0.0,,0.0,Neutral,0.0,Neutral
2015-02-08,0.0,,0.0,Neutral,0.0,Neutral
2015-02-05,0.0,,0.0,Neutral,0.0,Neutral
2015-02-04,0.0,,0.0,Neutral,0.0,Neutral
2015-02-03,0.0,,0.0,Neutral,0.0,Neutral
2015-02-02,0.0,,0.0,Neutral,0.0,Neutral
2014-12-23,0.0,,0.0,Neutral,0.0,Neutral
2014-11-17,0.0,2014-11-17,0.198180817067623,Slightly Positive,0.198180817067623,Slightly Positive
2014-11-10,0.0,,0.0,Neutral,0.0990904085338115,Slightly Positive
2014-11-09,0.0,,0.0,Neutral,0.04954520426690575,Neutral
2014-10-12,0.0,,0.0,Neutral,0.0,Neutral
2014-09-24,0.0,,0.0,Neutral,0.0,Neutral
2014-09-17,0.0,,0.0,Neutral,0.0,Neutral
2014-09-15,0.0,,0.0,Neutral,0.0,Neutral
2014-09-14,0.0,,0.0,Neutral,0.0,Neutral
2014-09-10,0.0,,0.0,Neutral,0.0,Neutral
2014-09-07,0.0,,0.0,Neutral,0.0,Neutral
2014-08-28,0.0,,0.0,Neutral,0.0,Neutral
2014-08-27,0.0,,0.0,Neutral,0.0,Neutral
2014-08-21,0.0,,0.0,Neutral,0.0,Neutral
2014-06-09,0.0,,0.0,Neutral,0.0,Neutral
2014-03-13,0.0,,0.0,Neutral,0.0,Neutral
2014-03-13,0.0,,0.0,Neutral,0.0,Neutral
2014-03-10,0.0,,0.0,Neutral,0.0,Neutral
2014-02-12,0.0,,0.0,Neutral,0.0,Neutral
2014-02-11,0.0,,0.0,Neutral,0.0,Neutral
2014-02-03,0.0,,0.0,Neutral,0.0,Neutral
2014-01-29,0.0,,0.0,Neutral,0.0,Neutral
2014-01-09,0.0,,0.0,Neutral,0.0,Neutral
2014-01-08,0.0,,0.0,Neutral,0.0,Neutral
2014-01-06,0.0,,0.0,Neutral,0.0,Neutral
2013-11-25,0.0,,0.0,Neutral,0.0,Neutral
2013-11-24,0.0,,0.0,Neutral,0.0,Neutral
2013-11-14,0.0,,0.0,Neutral,0.0,Neutral
2013-11-11,0.0,,0.0,Neutral,0.0,Neutral
2013-11-07,0.0,2013-11-07,0.8954075574874878,Strongly Positive,0.8954075574874878,Strongly Positive
2013-10-30,0.0,,0.0,Neutral,0.4477037787437439,Positive
2013-10-29,0.0,,0.0,Neutral,0.22385188937187195,Positive
2013-10-28,0.0,,0.0,Neutral,0.0,Neutral
2013-10-27,0.0,,0.0,Neutral,0.0,Neutral
2013-10-24,0.0,,0.0,Neutral,0.0,Neutral
2013-10-08,0.0,2013-10-08,-0.1359323263168335,Slightly Negative,-0.1359323263168335,Slightly Negative
2013-10-07,0.0,,0.0,Neutral,-0.06796616315841675,Slightly Negative
2013-10-06,0.0,,0.0,Neutral,-0.033983081579208374,Neutral
2013-10-01,0.0,,0.0,Neutral,0.0,Neutral
2013-09-26,0.0,,0.0,Neutral,0.0,Neutral
2013-09-22,0.0,,0.0,Neutral,0.0,Neutral
2013-08-04,0.0,,0.0,Neutral,0.0,Neutral
2013-07-18,0.0,,0.0,Neutral,0.0,Neutral
2013-07-15,0.0,,0.0,Neutral,0.0,Neutral
2013-07-02,0.0,,0.0,Neutral,0.0,Neutral
2013-06-19,0.0,,0.0,Neutral,0.0,Neutral
2013-06-16,0.0,,0.0,Neutral,0.0,Neutral
2013-06-04,0.0,,0.0,Neutral,0.0,Neutral
2013-05-09,0.0,,0.0,Neutral,0.0,Neutral
2013-03-27,0.0,,0.0,Neutral,0.0,Neutral
2013-03-20,0.0,,0.0,Neutral,0.0,Neutral
2013-03-06,0.0,,0.0,Neutral,0.0,Neutral
2013-02-07,0.0,,0.0,Neutral,0.0,Neutral
2013-01-20,0.0,,0.0,Neutral,0.0,Neutral
2013-01-08,0.0,2013-01-08,0.4011178910732269,Positive,0.4011178910732269,Positive
2012-12-27,0.0,,0.0,Neutral,0.20055894553661344,Positive
2012-12-16,0.0,,0.0,Neutral,0.10027947276830672,Slightly Positive
2012-12-13,0.0,,0.0,Neutral,0.0,Neutral
2012-12-04,0.0,,0.0,Neutral,0.0,Neutral
2012-12-02,0.0,,0.0,Neutral,0.0,Neutral
2012-09-11,0.0,2012-09-11,0.9140388369560242,Strongly Positive,0.9140388369560242,Strongly Positive
2011-12-11,0.0,,0.0,Neutral,0.4570194184780121,Positive
2011-12-07,0.0,,0.0,Neutral,0.22850970923900604,Positive
2011-11-17,989.0,,0.0,Neutral,0.0,Neutral
2011-07-11,989.0,,0.0,Neutral,0.0,Neutral
2011-07-06,958.0,,0.0,Neutral,0.0,Neutral
2011-07-05,887.0,,0.0,Neutral,0.0,Neutral
2011-07-04,853.0,,0.0,Neutral,0.0,Neutral
2011-07-03,805.0,,0.0,Neutral,0.0,Neutral
2011-06-12,775.0,,0.0,Neutral,0.0,Neutral
2011-04-27,775.0,,0.0,Neutral,0.0,Neutral
2011-03-25,745.0,,0.0,Neutral,0.0,Neutral
2026-03-03,0.0,,0.0,Neutral,0.0,Neutral
2026-03-01,0.0,,0.0,Neutral,0.0,Neutral
2026-02-26,0.0,,0.0,Neutral,0.0,Neutral
2026-02-23,0.0,,0.0,Neutral,0.0,Neutral
2026-02-17,0.0,,0.0,Neutral,0.0,Neutral
2026-02-12,0.0,2026-02-12,-0.2644221298396587,Negative,-0.2644221298396587,Negative
2026-02-11,0.0,2026-02-11,-0.4408624172210693,Negative,-0.5730734821408986,Negative
2026-02-10,0.0,2026-02-10,-0.5762443542480469,Negative,-0.8627810953184962,Strongly Negative
2026-02-09,0.0,,0.0,Neutral,-0.39833778142929077,Negative
2026-02-08,0.0,,0.0,Neutral,-0.14406108856201172,Slightly Negative
2026-02-05,0.0,,0.0,Neutral,0.0,Neutral
2026-02-04,0.0,,0.0,Neutral,0.0,Neutral
2026-02-03,0.0,,0.0,Neutral,0.0,Neutral
2026-02-02,0.0,,0.0,Neutral,0.0,Neutral
2026-02-01,0.0,,0.0,Neutral,0.0,Neutral
2026-01-29,0.0,,0.0,Neutral,0.0,Neutral
2026-01-28,0.0,2026-01-28,0.0113222198560833,Neutral,0.0113222198560833,Neutral
2026-01-27,0.0,,0.0,Neutral,0.00566110992804165,Neutral
2026-01-26,0.0,,0.0,Neutral,0.002830554964020825,Neutral
2026-01-25,0.0,,0.0,Neutral,0.0,Neutral
2026-01-22,0.0,,0.0,Neutral,0.0,Neutral
2026-01-20,0.0,,0.0,Neutral,0.0,Neutral
2026-01-18,0.0,,0.0,Neutral,0.0,Neutral
2026-01-13,0.0,,0.0,Neutral,0.0,Neutral
2026-01-12,0.0,,0.0,Neutral,0.0,Neutral
2026-01-05,0.0,2026-01-05,-0.8387445211410522,Strongly Negative,-0.8387445211410522,Strongly Negative
2026-01-01,0.0,,0.0,Neutral,-0.4193722605705261,Negative
2025-12-31,0.0,,0.0,Neutral,-0.20968613028526306,Negative
2025-12-24,0.0,,0.0,Neutral,0.0,Neutral
2025-12-22,0.0,,0.0,Neutral,0.0,Neutral
2025-12-18,0.0,,0.0,Neutral,0.0,Neutral
2025-12-16,0.0,,0.0,Neutral,0.0,Neutral
2025-12-15,0.0,2025-12-15,0.0156788323074579,Neutral,0.0156788323074579,Neutral
2025-12-11,0.0,2025-12-11,0.4957837536931038,Positive,0.5036231698468328,Positive
2025-12-09,0.0,,0.0,Neutral,0.2518115849234164,Positive
2025-12-08,0.0,,0.0,Neutral,0.12394593842327595,Slightly Positive
2025-12-07,0.0,,0.0,Neutral,0.0,Neutral
2025-12-03,0.0,,0.0,Neutral,0.0,Neutral
2025-12-01,0.0,,0.0,Neutral,0.0,Neutral
2025-11-30,0.0,2025-11-30,-0.5521965622901917,Negative,-0.5521965622901917,Negative
2025-11-27,0.0,,0.0,Neutral,-0.2760982811450958,Negative
2025-11-26,0.0,,0.0,Neutral,-0.1380491405725479,Slightly Negative
2025-11-24,0.0,,0.0,Neutral,0.0,Neutral
2025-11-23,0.0,,0.0,Neutral,0.0,Neutral
2025-11-20,0.0,,0.0,Neutral,0.0,Neutral
2025-11-16,0.0,,0.0,Neutral,0.0,Neutral
2025-11-11,0.0,2025-11-11,-0.5206417441368103,Negative,-0.5206417441368103,Negative
2025-11-06,0.0,,0.0,Neutral,-0.26032087206840515,Negative
2025-11-05,0.0,2025-11-05,0.9275050759315492,Strongly Positive,0.7973446398973466,Strongly Positive
2025-11-02,0.0,2025-11-02,0.8304534256458282,Strongly Positive,1.2942059636116028,Strongly Positive
2025-10-30,0.0,,0.0,Neutral,0.6471029818058014,Strongly Positive
2025-10-29,0.0,,0.0,Neutral,0.20761335641145706,Positive
2025-10-28,0.0,,0.0,Neutral,0.0,Neutral
2025-10-15,0.0,,0.0,Neutral,0.0,Neutral
2025-10-14,0.0,,0.0,Neutral,0.0,Neutral
2025-10-13,0.0,,0.0,Neutral,0.0,Neutral
2025-10-07,0.0,,0.0,Neutral,0.0,Neutral
2025-09-23,0.0,,0.0,Neutral,0.0,Neutral
2025-09-21,0.0,,0.0,Neutral,0.0,Neutral
2025-09-07,0.0,,0.0,Neutral,0.0,Neutral
2025-09-03,0.0,,0.0,Neutral,0.0,Neutral
2025-08-28,0.0,2025-08-28,0.9314732551574708,Strongly Positive,0.9314732551574708,Strongly Positive
2025-08-27,0.0,2025-08-27,-0.8449028730392456,Strongly Negative,-0.3791662454605102,Negative
2025-08-26,0.0,,0.0,Neutral,-0.1895831227302551,Slightly Negative
2025-08-18,0.0,,0.0,Neutral,-0.2112257182598114,Negative
2025-08-12,0.0,,0.0,Neutral,0.0,Neutral
2025-08-11,0.0,,0.0,Neutral,0.0,Neutral
2025-08-06,0.0,,0.0,Neutral,0.0,Neutral
2025-08-05,0.0,,0.0,Neutral,0.0,Neutral
2025-08-04,0.0,,0.0,Neutral,0.0,Neutral
2025-08-03,0.0,,0.0,Neutral,0.0,Neutral
2025-07-31,0.0,,0.0,Neutral,0.0,Neutral
2025-07-29,0.0,,0.0,Neutral,0.0,Neutral
2025-07-28,0.0,,0.0,Neutral,0.0,Neutral
2025-07-24,0.0,,0.0,Neutral,0.0,Neutral
2025-07-23,0.0,,0.0,Neutral,0.0,Neutral
2025-07-22,0.0,,0.0,Neutral,0.0,Neutral
2025-07-20,0.0,,0.0,Neutral,0.0,Neutral
2025-07-17,0.0,2025-07-17,0.0606837570667266,Slightly Positive,0.0606837570667266,Slightly Positive
2025-07-16,0.0,,0.0,Neutral,0.0303418785333633,Neutral
2025-07-15,0.0,,0.0,Neutral,0.01517093926668165,Neutral
2025-07-14,0.0,2025-07-14,0.3165594339370727,Positive,0.3165594339370727,Positive
2025-07-13,0.0,,0.0,Neutral,0.15827971696853635,Slightly Positive
2025-07-10,0.0,,0.0,Neutral,0.07913985848426817,Slightly Positive
2025-07-09,0.0,2025-07-09,0.5959690809249878,Positive,0.5959690809249878,Positive
2025-07-08,0.0,,0.0,Neutral,0.2979845404624939,Positive
2025-07-07,0.0,,0.0,Neutral,0.14899227023124695,Slightly Positive
2025-07-06,0.0,,0.0,Neutral,0.0,Neutral
2025-07-03,0.0,,0.0,Neutral,0.0,Neutral
2025-07-02,0.0,,0.0,Neutral,0.0,Neutral
2025-07-01,0.0,,0.0,Neutral,0.0,Neutral
2025-06-30,0.0,,0.0,Neutral,0.0,Neutral
2025-06-29,0.0,2025-06-29,0.0124993920326232,Neutral,0.0124993920326232,Neutral
2025-06-26,0.0,,0.0,Neutral,0.0062496960163116,Neutral
2025-06-24,0.0,,0.0,Neutral,0.0031248480081558,Neutral
2025-06-23,0.0,,0.0,Neutral,0.0,Neutral
2025-06-22,0.0,,0.0,Neutral,0.0,Neutral
2025-06-19,0.0,2025-06-19,0.9185822606086732,Strongly Positive,0.9185822606086732,Strongly Positive
2025-06-18,0.0,2025-06-18,0.134243756532669,Slightly Positive,0.5935348868370056,Positive
2025-06-16,0.0,,0.0,Neutral,0.2967674434185028,Positive
2025-06-15,0.0,,0.0,Neutral,0.03356093913316725,Neutral
2025-06-12,0.0,,0.0,Neutral,0.0,Neutral
2025-06-11,0.0,2025-06-11,-0.1211603879928588,Slightly Negative,-0.1211603879928588,Slightly Negative
2025-06-10,0.0,2025-06-10,-0.4339157342910766,Negative,-0.494495928287506,Negative
2025-06-09,0.0,2025-06-09,-0.3343536257743835,Negative,-0.5816015899181365,Negative
2025-06-08,0.0,,0.0,Neutral,-0.2756557464599609,Negative
2025-06-05,0.0,2025-06-05,-0.5912338495254517,Negative,-0.6748222559690475,Strongly Negative
2025-06-04,0.0,,0.0,Neutral,-0.29561692476272583,Negative
2025-06-03,0.0,2025-06-03,-0.2338424623012542,Negative,-0.3816509246826171,Negative
2025-06-02,0.0,2025-06-02,-0.5659517645835876,Negative,-0.6828729957342148,Strongly Negative
2025-05-26,0.0,2025-05-26,-0.7628889083862305,Strongly Negative,-1.1043254062533379,Strongly Negative
2025-05-25,0.0,,0.0,Neutral,-0.5229323953390121,Negative
2025-05-22,0.0,2025-05-22,-0.7128505706787109,Strongly Negative,-0.9035727977752686,Strongly Negative
2025-05-21,0.0,,0.0,Neutral,-0.35642528533935547,Negative
2025-05-19,0.0,,0.0,Neutral,-0.17821264266967773,Slightly Negative
2025-05-15,0.0,,0.0,Neutral,0.0,Neutral
2025-05-14,0.0,2025-05-14,-0.120438814163208,Slightly Negative,-0.120438814163208,Slightly Negative
2025-04-29,0.0,,0.0,Neutral,-0.060219407081604,Slightly Negative
2025-04-23,0.0,,0.0,Neutral,-0.030109703540802,Neutral
2025-04-22,0.0,2025-04-22,0.0065177381038665,Neutral,0.0065177381038665,Neutral
2025-04-21,0.0,2025-04-21,-0.1222520172595977,Slightly Negative,-0.11899314820766445,Slightly Negative
2025-04-20,0.0,2025-04-20,-0.9325382113456726,Strongly Negative,-0.9920347854495049,Strongly Negative
2025-04-17,0.0,,0.0,Neutral,-0.49683210998773575,Negative
2025-04-16,0.0,2025-04-16,-0.1533498167991638,Slightly Negative,-0.38648436963558197,Negative
2025-04-15,0.0,,0.0,Neutral,-0.0766749083995819,Slightly Negative
2025-04-13,0.0,2025-04-13,0.0838408172130584,Slightly Positive,0.045503363013267455,Neutral
2025-04-10,0.0,2025-04-10,0.1280533671379089,Slightly Positive,0.16997377574443812,Slightly Positive
2025-04-09,0.0,,0.0,Neutral,0.08498688787221906,Slightly Positive
2025-04-08,0.0,,0.0,Neutral,0.03201334178447723,Neutral
2025-04-07,0.0,,0.0,Neutral,0.0,Neutral
2025-04-03,0.0,,0.0,Neutral,0.0,Neutral
2025-04-02,0.0,,0.0,Neutral,0.0,Neutral
2025-03-30,0.0,2025-03-30,-0.4880945086479187,Negative,-0.4880945086479187,Negative
2025-03-25,0.0,2025-03-25,0.2815593183040619,Positive,0.03751206398010254,Neutral
2025-03-12,0.0,,0.0,Neutral,0.01875603199005127,Neutral
2025-03-11,0.0,,0.0,Neutral,0.07038982957601547,Slightly Positive
2025-03-05,0.0,,0.0,Neutral,0.0,Neutral
2025-03-04,0.0,,0.0,Neutral,0.0,Neutral
2025-03-03,0.0,,0.0,Neutral,0.0,Neutral
2025-03-02,0.0,,0.0,Neutral,0.0,Neutral
2025-02-27,0.0,,0.0,Neutral,0.0,Neutral
2025-02-25,0.0,,0.0,Neutral,0.0,Neutral
2025-02-24,0.0,2025-02-24,-0.3941380977630615,Negative,-0.3941380977630615,Negative
2025-02-23,0.0,,0.0,Neutral,-0.19706904888153076,Slightly Negative
2025-02-20,0.0,,0.0,Neutral,-0.09853452444076538,Slightly Negative
2025-02-18,0.0,,0.0,Neutral,0.0,Neutral
2025-02-17,0.0,,0.0,Neutral,0.0,Neutral
2025-02-13,0.0,2025-02-13,-0.6699524521827698,Strongly Negative,-0.6699524521827698,Strongly Negative
2025-02-12,0.0,2025-02-12,0.2080480456352233,Positive,-0.12692818045616158,Slightly Negative
2025-02-11,0.0,,0.0,Neutral,-0.06346409022808079,Slightly Negative
2025-02-10,0.0,,0.0,Neutral,0.052012011408805826,Slightly Positive
2025-01-28,0.0,,0.0,Neutral,0.0,Neutral
2025-01-27,0.0,,0.0,Neutral,0.0,Neutral
2025-01-26,0.0,,0.0,Neutral,0.0,Neutral
2025-01-23,0.0,2025-01-23,-0.2442322820425033,Negative,-0.2442322820425033,Negative
2025-01-21,0.0,,0.0,Neutral,-0.12211614102125165,Slightly Negative
2025-01-20,0.0,2025-01-20,-0.0088043892756104,Neutral,-0.06986245978623623,Slightly Negative
2025-01-19,0.0,,0.0,Neutral,-0.0044021946378052,Neutral
2025-01-16,0.0,,0.0,Neutral,-0.0022010973189026,Neutral
2025-01-13,0.0,,0.0,Neutral,0.0,Neutral
2025-01-12,0.0,,0.0,Neutral,0.0,Neutral
2025-01-07,0.0,,0.0,Neutral,0.0,Neutral
2025-01-05,0.0,,0.0,Neutral,0.0,Neutral
2025-01-02,0.0,2025-01-02,0.9056085348129272,Strongly Positive,0.9056085348129272,Strongly Positive
2024-12-31,0.0,,0.0,Neutral,0.4528042674064636,Positive
2024-12-29,0.0,,0.0,Neutral,0.2264021337032318,Positive
2024-12-24,0.0,,0.0,Neutral,0.0,Neutral
2024-12-23,0.0,,0.0,Neutral,0.0,Neutral
2024-12-16,0.0,2024-12-16,-0.1873531192541122,Slightly Negative,-0.1873531192541122,Slightly Negative
2024-12-12,0.0,2024-12-12,-0.7372568249702454,Strongly Negative,-0.8309333845973015,Strongly Negative
2024-12-09,0.0,2024-12-09,0.0543120503425598,Slightly Positive,-0.3611546419560909,Negative
2024-12-08,0.0,,0.0,Neutral,-0.15715818107128143,Slightly Negative
2024-12-05,0.0,2024-12-05,-0.8622756004333496,Strongly Negative,-0.8486975878477097,Strongly Negative
2024-12-04,0.0,,0.0,Neutral,-0.4311378002166748,Negative
2024-12-03,0.0,,0.0,Neutral,-0.2155689001083374,Negative
2024-12-02,0.0,,0.0,Neutral,0.0,Neutral
2024-12-01,0.0,,0.0,Neutral,0.0,Neutral
2024-11-28,0.0,,0.0,Neutral,0.0,Neutral
2024-11-27,0.0,,0.0,Neutral,0.0,Neutral
2024-11-26,0.0,,0.0,Neutral,0.0,Neutral
2024-11-25,0.0,,0.0,Neutral,0.0,Neutral
2024-11-24,0.0,,0.0,Neutral,0.0,Neutral
2024-11-21,0.0,2024-11-21,0.3522944152355194,Positive,0.3522944152355194,Positive
2024-11-19,0.0,,0.0,Neutral,0.1761472076177597,Slightly Positive
2024-11-14,0.0,,0.0,Neutral,0.08807360380887985,Slightly Positive
2024-11-13,0.0,,0.0,Neutral,0.0,Neutral
2024-11-12,0.0,,0.0,Neutral,0.0,Neutral
2024-11-11,0.0,2024-11-11,0.9224844574928284,Strongly Positive,0.9224844574928284,Strongly Positive
2024-11-10,0.0,2024-11-10,0.0913766026496887,Slightly Positive,0.5526188313961029,Positive
2024-11-06,0.0,2024-11-06,0.6941941380500793,Strongly Positive,0.9705035537481308,Strongly Positive
2024-10-30,0.0,,0.0,Neutral,0.36994121968746185,Positive
2024-10-24,0.0,,0.0,Neutral,0.17354853451251984,Slightly Positive
2024-10-22,0.0,,0.0,Neutral,0.0,Neutral
2024-10-21,0.0,,0.0,Neutral,0.0,Neutral
2024-10-17,0.0,2024-10-17,-0.5775560140609741,Negative,-0.5775560140609741,Negative
2024-10-16,0.0,2024-10-16,0.3032940030097961,Positive,0.014515995979309027,Neutral
2024-10-08,0.0,,0.0,Neutral,0.007257997989654513,Neutral
2024-10-07,0.0,2024-10-07,0.9075050950050354,Strongly Positive,0.9833285957574844,Strongly Positive
2024-10-06,0.0,,0.0,Neutral,0.4537525475025177,Positive
2024-10-02,0.0,,0.0,Neutral,0.22687627375125885,Positive
2024-10-01,0.0,2024-10-01,0.9054638147354126,Strongly Positive,0.9054638147354126,Strongly Positive
2024-09-30,0.0,,0.0,Neutral,0.4527319073677063,Positive
2024-09-29,0.0,,0.0,Neutral,0.22636595368385315,Positive
2024-09-26,0.0,,0.0,Neutral,0.0,Neutral
2024-09-25,0.0,,0.0,Neutral,0.0,Neutral
2024-09-24,0.0,2024-09-24,0.9053268432617188,Strongly Positive,0.9053268432617188,Strongly Positive
2024-09-23,0.0,,0.0,Neutral,0.4526634216308594,Positive
2024-09-22,0.0,,0.0,Neutral,0.2263317108154297,Positive
2024-09-18,0.0,2024-09-18,0.0292224586009979,Neutral,0.0292224586009979,Neutral
2024-09-16,0.0,2024-09-16,0.0701217502355575,Slightly Positive,0.08473297953605645,Slightly Positive
2024-09-15,0.0,,0.0,Neutral,0.042366489768028225,Neutral
2024-09-12,0.0,2024-09-12,0.7334011197090149,Strongly Positive,0.7509315572679043,Strongly Positive
2024-09-11,0.0,,0.0,Neutral,0.36670055985450745,Positive
2024-09-10,0.0,,0.0,Neutral,0.18335027992725372,Slightly Positive
2024-09-09,0.0,,0.0,Neutral,0.0,Neutral
2024-09-08,0.0,2024-09-08,0.0105989575386047,Neutral,0.0105989575386047,Neutral
2024-09-05,0.0,,0.0,Neutral,0.00529947876930235,Neutral
2024-09-04,0.0,,0.0,Neutral,0.002649739384651175,Neutral
2024-09-03,0.0,2024-09-03,-0.2997061610221863,Negative,-0.2997061610221863,Negative
2024-09-02,0.0,,0.0,Neutral,-0.14985308051109314,Slightly Negative
2024-09-01,0.0,,0.0,Neutral,-0.07492654025554657,Slightly Negative
2024-08-28,0.0,,0.0,Neutral,0.0,Neutral
2024-08-27,0.0,,0.0,Neutral,0.0,Neutral
2024-08-25,0.0,,0.0,Neutral,0.0,Neutral
2024-08-22,0.0,,0.0,Neutral,0.0,Neutral
2024-08-21,0.0,,0.0,Neutral,0.0,Neutral
2024-08-18,0.0,,0.0,Neutral,0.0,Neutral
2024-08-15,0.0,,0.0,Neutral,0.0,Neutral
2024-08-14,0.0,,0.0,Neutral,0.0,Neutral
2024-08-13,0.0,,0.0,Neutral,0.0,Neutral
2024-08-12,0.0,,0.0,Neutral,0.0,Neutral
2024-08-11,0.0,2024-08-11,-0.6217007637023926,Strongly Negative,-0.6217007637023926,Strongly Negative
2024-08-08,0.0,,0.0,Neutral,-0.3108503818511963,Negative
2024-08-07,0.0,,0.0,Neutral,-0.15542519092559814,Slightly Negative
2024-08-06,0.0,2024-08-06,0.06113051623106,Slightly Positive,0.06113051623106,Slightly Positive
2024-08-05,0.0,2024-08-05,-0.0004892461001873,Neutral,0.0300760120153427,Neutral
2024-08-01,0.0,,0.0,Neutral,0.01503800600767135,Neutral
2024-07-31,0.0,,0.0,Neutral,-0.000122311525046825,Neutral
2024-07-30,0.0,,0.0,Neutral,0.0,Neutral
2024-07-29,0.0,,0.0,Neutral,0.0,Neutral
2024-07-28,0.0,,0.0,Neutral,0.0,Neutral
2024-07-25,0.0,,0.0,Neutral,0.0,Neutral
2024-07-24,0.0,,0.0,Neutral,0.0,Neutral
2024-07-23,0.0,,0.0,Neutral,0.0,Neutral
2024-07-22,0.0,,0.0,Neutral,0.0,Neutral
2024-07-21,0.0,2024-07-21,0.2961920797824859,Positive,0.2961920797824859,Positive
2024-07-18,0.0,,0.0,Neutral,0.14809603989124295,Slightly Positive
2024-07-17,0.0,,0.0,Neutral,0.07404801994562148,Slightly Positive
2024-07-16,0.0,,0.0,Neutral,0.0,Neutral
2024-07-15,0.0,2024-07-15,0.0531130880117416,Slightly Positive,0.0531130880117416,Slightly Positive
2024-07-14,0.0,2024-07-14,0.4453930258750915,Positive,0.4719495698809623,Positive
2024-07-11,0.0,,0.0,Neutral,0.23597478494048116,Positive
2024-07-09,0.0,,0.0,Neutral,0.11134825646877287,Slightly Positive
2024-07-08,0.0,,0.0,Neutral,0.0,Neutral
2024-07-07,0.0,2024-07-07,-0.6083687543869019,Strongly Negative,-0.6083687543869019,Strongly Negative
2024-07-04,0.0,2024-07-04,-0.7496742010116577,Strongly Negative,-1.0538585782051086,Strongly Negative
2024-07-03,0.0,,0.0,Neutral,-0.5269292891025543,Negative
2024-07-02,0.0,,0.0,Neutral,-0.18741855025291443,Slightly Negative
2024-07-01,0.0,,0.0,Neutral,0.0,Neutral
2024-06-25,0.0,,0.0,Neutral,0.0,Neutral
2024-06-24,0.0,,0.0,Neutral,0.0,Neutral
2024-06-23,0.0,,0.0,Neutral,0.0,Neutral
2024-06-19,0.0,2024-06-19,0.928455650806427,Strongly Positive,0.928455650806427,Strongly Positive
2024-06-18,0.0,,0.0,Neutral,0.4642278254032135,Positive
2024-06-16,0.0,,0.0,Neutral,0.23211391270160675,Positive
2024-06-12,0.0,2024-06-12,-0.3344677183777093,Negative,-0.3344677183777093,Negative
2024-06-09,0.0,,0.0,Neutral,-0.16723385918885464,Slightly Negative
2024-06-06,0.0,,0.0,Neutral,-0.08361692959442732,Slightly Negative
2024-06-05,0.0,,0.0,Neutral,0.0,Neutral
2024-06-04,0.0,,0.0,Neutral,0.0,Neutral
2024-06-03,0.0,,0.0,Neutral,0.0,Neutral
2024-06-02,0.0,,0.0,Neutral,0.0,Neutral
2024-05-30,0.0,,0.0,Neutral,0.0,Neutral
2024-05-29,0.0,,0.0,Neutral,0.0,Neutral
2024-05-27,0.0,2024-05-27,-0.6427181959152222,Strongly Negative,-0.6427181959152222,Strongly Negative
2024-05-26,0.0,2024-05-26,-0.5461372137069702,Negative,-0.8674963116645813,Strongly Negative
2024-05-22,0.0,,0.0,Neutral,-0.43374815583229065,Negative
2024-05-19,0.0,,0.0,Neutral,-0.13653430342674255,Slightly Negative
2024-05-16,0.0,,0.0,Neutral,0.0,Neutral
2024-05-15,0.0,,0.0,Neutral,0.0,Neutral
2024-05-14,0.0,,0.0,Neutral,0.0,Neutral
2024-05-13,0.0,2024-05-13,-0.0147014185786247,Neutral,-0.0147014185786247,Neutral
2024-05-12,0.0,,0.0,Neutral,-0.00735070928931235,Neutral
2024-05-09,0.0,,0.0,Neutral,-0.003675354644656175,Neutral
2024-05-08,0.0,,0.0,Neutral,0.0,Neutral
2024-05-07,0.0,,0.0,Neutral,0.0,Neutral
2024-05-06,0.0,,0.0,Neutral,0.0,Neutral
2024-05-05,0.0,,0.0,Neutral,0.0,Neutral
2024-05-02,0.0,,0.0,Neutral,0.0,Neutral
2024-04-30,0.0,,0.0,Neutral,0.0,Neutral
2024-04-29,0.0,2024-04-29,-0.2238787710666656,Negative,-0.2238787710666656,Negative
2024-04-28,0.0,,0.0,Neutral,-0.1119393855333328,Slightly Negative
2024-04-24,0.0,,0.0,Neutral,-0.0559696927666664,Slightly Negative
2024-04-22,0.0,2024-04-22,-0.397852748632431,Negative,-0.397852748632431,Negative
2024-04-21,0.0,2024-04-21,-0.6756387948989868,Strongly Negative,-0.8745651692152023,Strongly Negative
2024-04-18,0.0,,0.0,Neutral,-0.43728258460760117,Negative
2024-04-16,0.0,2024-04-16,0.4685211181640625,Positive,0.2996114194393158,Positive
2024-04-15,0.0,2024-04-15,-0.5954660177230835,Negative,-0.36120545864105225,Negative
2024-04-14,0.0,2024-04-14,-0.4558782577514648,Negative,-0.636480987071991,Strongly Negative
2024-04-10,0.0,2024-04-10,-0.0239664651453495,Neutral,-0.40077209845185274,Negative
2024-04-09,0.0,,0.0,Neutral,-0.12595279701054093,Slightly Negative
2024-04-07,0.0,2024-04-07,-0.6892299056053162,Strongly Negative,-0.6952215218916535,Strongly Negative
2024-04-04,0.0,2024-04-04,-0.323227971792221,Negative,-0.6678429245948792,Strongly Negative
2024-04-03,0.0,,0.0,Neutral,-0.3339214622974396,Negative
2024-04-02,0.0,2024-04-02,-0.4733312129974365,Negative,-0.5541382059454918,Negative
2024-04-01,0.0,,0.0,Neutral,-0.23666560649871826,Negative
2024-03-31,0.0,,0.0,Neutral,-0.11833280324935913,Slightly Negative
2024-03-28,0.0,,0.0,Neutral,0.0,Neutral
2024-03-27,0.0,,0.0,Neutral,0.0,Neutral
2024-03-26,0.0,2024-03-26,-0.2324217855930328,Negative,-0.2324217855930328,Negative
2024-03-25,0.0,,0.0,Neutral,-0.1162108927965164,Slightly Negative
2024-03-21,0.0,2024-03-21,-0.3527610003948211,Negative,-0.4108664467930793,Negative
2024-03-20,0.0,,0.0,Neutral,-0.17638050019741056,Slightly Negative
2024-03-17,0.0,,0.0,Neutral,-0.08819025009870528,Slightly Negative
2024-03-14,0.0,2024-03-14,-0.0184712968766689,Neutral,-0.0184712968766689,Neutral
2024-03-12,0.0,,0.0,Neutral,-0.00923564843833445,Neutral
2024-03-07,0.0,,0.0,Neutral,-0.004617824219167225,Neutral
2024-03-06,0.0,,0.0,Neutral,0.0,Neutral
2024-03-05,0.0,,0.0,Neutral,0.0,Neutral
2024-03-04,0.0,,0.0,Neutral,0.0,Neutral
2024-03-03,0.0,2024-03-03,0.659336507320404,Strongly Positive,0.659336507320404,Strongly Positive
2024-02-29,0.0,2024-02-29,0.5973718166351318,Positive,0.9270400702953339,Strongly Positive
2024-02-28,0.0,,0.0,Neutral,0.46352003514766693,Positive
2024-02-27,0.0,,0.0,Neutral,0.14934295415878296,Slightly Positive
2024-02-26,0.0,2024-02-26,-0.6391295790672302,Strongly Negative,-0.6391295790672302,Strongly Negative
2024-02-25,0.0,2024-02-25,-0.7076578140258789,Strongly Negative,-1.027222603559494,Strongly Negative
2024-02-22,0.0,,0.0,Neutral,-0.513611301779747,Negative
2024-02-21,0.0,,0.0,Neutral,-0.17691445350646973,Slightly Negative
2024-02-20,0.0,,0.0,Neutral,0.0,Neutral
2024-02-18,0.0,,0.0,Neutral,0.0,Neutral
2024-02-15,0.0,,0.0,Neutral,0.0,Neutral
2024-02-14,0.0,,0.0,Neutral,0.0,Neutral
2024-02-13,0.0,,0.0,Neutral,0.0,Neutral
2024-02-12,0.0,2024-02-12,0.0213358532637357,Neutral,0.0213358532637357,Neutral
2024-01-31,0.0,,0.0,Neutral,0.01066792663186785,Neutral
2023-12-27,0.0,,0.0,Neutral,0.005333963315933925,Neutral
2023-12-24,0.0,,0.0,Neutral,0.0,Neutral
2023-12-21,0.0,,0.0,Neutral,0.0,Neutral
2023-12-20,0.0,,0.0,Neutral,0.0,Neutral
2023-12-19,0.0,2023-12-19,-0.0495426394045352,Neutral,-0.0495426394045352,Neutral
2023-12-18,0.0,,0.0,Neutral,-0.0247713197022676,Neutral
2023-12-17,0.0,2023-12-17,0.1858166120946406,Slightly Positive,0.1734309522435068,Slightly Positive
2023-12-14,0.0,2023-12-14,-0.3237503468990326,Negative,-0.23084204085171228,Negative
2023-12-13,0.0,,0.0,Neutral,-0.11542102042585614,Slightly Negative
2023-12-12,0.0,,0.0,Neutral,-0.08093758672475815,Slightly Negative
2023-12-11,0.0,2023-12-11,0.8129301071166992,Strongly Positive,0.8129301071166992,Strongly Positive
2023-09-24,0.0,2023-09-24,0.8438069820404053,Strongly Positive,1.2502720355987549,Strongly Positive
2023-08-07,0.0,2023-08-07,0.7810200452804565,Strongly Positive,1.406156063079834,Strongly Positive
2023-07-11,0.0,2023-07-11,-0.3590094149112701,Negative,0.2424523532390595,Positive
2022-09-25,0.0,,0.0,Neutral,0.015750303864479093,Neutral
2022-09-14,0.0,,0.0,Neutral,-0.08975235372781752,Slightly Negative
2022-09-13,0.0,,0.0,Neutral,0.0,Neutral
2022-05-17,0.0,,0.0,Neutral,0.0,Neutral
2021-08-01,0.0,,0.0,Neutral,0.0,Neutral
2019-10-10,0.0,,0.0,Neutral,0.0,Neutral
2019-05-06,0.0,,0.0,Neutral,0.0,Neutral
2014-09-10,0.0,,0.0,Neutral,0.0,Neutral
2014-08-26,0.0,,0.0,Neutral,0.0,Neutral
2013-07-15,0.0,,0.0,Neutral,0.0,Neutral
2013-05-26,0.0,,0.0,Neutral,0.0,Neutral
2012-09-11,0.0,2012-09-11,0.9140388369560242,Strongly Positive,0.9140388369560242,Strongly Positive
2012-04-12,0.0,,0.0,Neutral,0.4570194184780121,Positive
2011-11-28,0.0,,0.0,Neutral,0.22850970923900604,Positive
2011-10-10,0.0,,0.0,Neutral,0.0,Neutral
2011-08-30,0.0,,0.0,Neutral,0.0,Neutral
2011-08-18,0.0,,0.0,Neutral,0.0,Neutral
2011-08-16,0.0,,0.0,Neutral,0.0,Neutral
2011-08-10,0.0,,0.0,Neutral,0.0,Neutral
2011-08-04,0.0,,0.0,Neutral,0.0,Neutral
2011-07-17,0.0,,0.0,Neutral,0.0,Neutral
2011-07-14,0.0,,0.0,Neutral,0.0,Neutral
2011-07-13,0.0,,0.0,Neutral,0.0,Neutral
2011-07-11,0.0,,0.0,Neutral,0.0,Neutral
2011-07-10,0.0,,0.0,Neutral,0.0,Neutral
2011-07-05,0.0,,0.0,Neutral,0.0,Neutral
2011-06-30,0.0,,0.0,Neutral,0.0,Neutral
2011-06-29,0.0,,0.0,Neutral,0.0,Neutral
2011-06-27,0.0,,0.0,Neutral,0.0,Neutral
2011-06-26,0.0,,0.0,Neutral,0.0,Neutral
2011-06-23,0.0,,0.0,Neutral,0.0,Neutral
2011-06-21,0.0,,0.0,Neutral,0.0,Neutral
2011-06-20,952.0,,0.0,Neutral,0.0,Neutral
2011-06-19,952.0,,0.0,Neutral,0.0,Neutral
2011-06-16,907.0,,0.0,Neutral,0.0,Neutral
2011-06-15,890.0,,0.0,Neutral,0.0,Neutral
2011-06-14,848.0,,0.0,Neutral,0.0,Neutral
2011-06-13,832.0,,0.0,Neutral,0.0,Neutral
2011-06-12,816.0,,0.0,Neutral,0.0,Neutral
2011-06-09,785.0,,0.0,Neutral,0.0,Neutral
2011-06-08,755.0,,0.0,Neutral,0.0,Neutral
2011-04-26,727.0,,0.0,Neutral,0.0,Neutral
2011-04-19,713.0,,0.0,Neutral,0.0,Neutral
2016-01-07,269.0,,0.0,Neutral,0.0,Neutral
2016-01-06,257.0,,0.0,Neutral,0.0,Neutral
2015-11-18,264.0,,0.0,Neutral,0.0,Neutral
2015-11-16,264.0,,0.0,Neutral,0.0,Neutral
2015-11-15,260.0,,0.0,Neutral,0.0,Neutral
2015-11-10,255.0,,0.0,Neutral,0.0,Neutral
2015-11-09,256.0,,0.0,Neutral,0.0,Neutral
2015-11-08,254.0,,0.0,Neutral,0.0,Neutral
2015-11-05,255.0,,0.0,Neutral,0.0,Neutral
2015-11-04,250.0,,0.0,Neutral,0.0,Neutral
2015-11-03,257.0,,0.0,Neutral,0.0,Neutral
2015-10-27,267.0,,0.0,Neutral,0.0,Neutral
2015-10-19,277.0,,0.0,Neutral,0.0,Neutral
2015-10-18,272.0,,0.0,Neutral,0.0,Neutral
2015-10-15,277.0,2015-10-15,0.906463861465454,Strongly Positive,0.906463861465454,Strongly Positive
2015-10-14,272.0,,0.0,Neutral,0.453231930732727,Positive
2015-10-11,273.0,,0.0,Neutral,0.2266159653663635,Positive
2015-10-08,275.0,,0.0,Neutral,0.0,Neutral
2015-10-07,260.0,,0.0,Neutral,0.0,Neutral
2015-10-06,259.0,,0.0,Neutral,0.0,Neutral
2015-10-05,264.0,,0.0,Neutral,0.0,Neutral
2015-10-04,260.0,,0.0,Neutral,0.0,Neutral
2015-10-01,265.0,2015-10-01,-0.1944545805454254,Slightly Negative,-0.1944545805454254,Slightly Negative
2015-09-30,274.0,,0.0,Neutral,-0.0972272902727127,Slightly Negative
2015-09-28,279.0,,0.0,Neutral,-0.04861364513635635,Neutral
2015-09-24,280.0,2015-09-24,0.9214875102043152,Strongly Positive,0.9214875102043152,Strongly Positive
2015-09-23,279.0,2015-09-23,0.8798791170120239,Strongly Positive,1.3406228721141815,Strongly Positive
2015-09-22,280.0,2015-09-22,0.9070401191711426,Strongly Positive,1.5773515552282333,Strongly Positive
2015-09-17,280.0,,0.0,Neutral,0.6734898388385773,Strongly Positive
2015-09-16,280.0,,0.0,Neutral,0.22676002979278564,Positive
2015-09-15,286.0,,0.0,Neutral,0.0,Neutral
2015-09-14,260.0,,0.0,Neutral,0.0,Neutral
2015-09-09,265.0,,0.0,Neutral,0.0,Neutral
2015-09-08,263.0,,0.0,Neutral,0.0,Neutral
2015-09-06,270.0,,0.0,Neutral,0.0,Neutral
2015-09-03,265.0,2015-09-03,0.8332056999206543,Strongly Positive,0.8332056999206543,Strongly Positive
2015-09-02,270.0,,0.0,Neutral,0.41660284996032715,Positive
2015-08-27,288.0,,0.0,Neutral,0.20830142498016357,Positive
2015-08-26,286.0,2015-08-26,0.0012254416942596,Neutral,0.0012254416942596,Neutral
2015-08-24,281.0,,0.0,Neutral,0.0006127208471298,Neutral
2015-08-23,276.0,,0.0,Neutral,0.0003063604235649,Neutral
2015-08-20,280.0,,0.0,Neutral,0.0,Neutral
2015-08-19,279.0,,0.0,Neutral,0.0,Neutral
2015-08-18,271.0,,0.0,Neutral,0.0,Neutral
2015-08-17,254.0,,0.0,Neutral,0.0,Neutral
2015-08-16,231.0,,0.0,Neutral,0.0,Neutral
2015-08-13,225.0,,0.0,Neutral,0.0,Neutral
2015-08-12,217.0,,0.0,Neutral,0.0,Neutral
2015-08-11,222.0,,0.0,Neutral,0.0,Neutral
2015-08-10,229.0,,0.0,Neutral,0.0,Neutral
2015-08-09,228.0,,0.0,Neutral,0.0,Neutral
2015-08-06,232.0,,0.0,Neutral,0.0,Neutral
2015-08-05,226.0,,0.0,Neutral,0.0,Neutral
2015-08-04,232.0,,0.0,Neutral,0.0,Neutral
2015-08-03,234.0,2015-08-03,0.8893616795539856,Strongly Positive,0.8893616795539856,Strongly Positive
2015-08-02,229.0,,0.0,Neutral,0.4446808397769928,Positive
2015-07-30,226.0,,0.0,Neutral,0.2223404198884964,Positive
2015-07-29,222.0,,0.0,Neutral,0.0,Neutral
2015-07-28,226.0,,0.0,Neutral,0.0,Neutral
2015-07-27,236.0,,0.0,Neutral,0.0,Neutral
2015-07-26,239.0,,0.0,Neutral,0.0,Neutral
2015-07-23,231.0,,0.0,Neutral,0.0,Neutral
2015-07-22,219.0,2015-07-22,-0.7776907086372375,Strongly Negative,-0.7776907086372375,Strongly Negative
2015-07-16,205.0,,0.0,Neutral,-0.3888453543186188,Negative
2015-07-15,205.0,,0.0,Neutral,-0.1944226771593094,Slightly Negative
2015-07-14,201.0,,0.0,Neutral,0.0,Neutral
2015-07-13,202.0,,0.0,Neutral,0.0,Neutral
2015-07-12,200.0,,0.0,Neutral,0.0,Neutral
2015-07-09,200.0,,0.0,Neutral,0.0,Neutral
2015-07-08,201.0,,0.0,Neutral,0.0,Neutral
2015-07-07,201.0,,0.0,Neutral,0.0,Neutral
2015-07-06,200.0,,0.0,Neutral,0.0,Neutral
2015-07-05,197.0,,0.0,Neutral,0.0,Neutral
2015-07-02,199.0,,0.0,Neutral,0.0,Neutral
2015-07-01,200.0,2015-07-01,0.9069263339042664,Strongly Positive,0.9069263339042664,Strongly Positive
2015-06-30,200.0,,0.0,Neutral,0.4534631669521332,Positive
2015-06-29,203.0,,0.0,Neutral,0.2267315834760666,Positive
2015-06-28,198.0,,0.0,Neutral,0.0,Neutral
2015-06-25,198.0,,0.0,Neutral,0.0,Neutral
2015-06-23,197.0,,0.0,Neutral,0.0,Neutral
2015-06-22,198.0,,0.0,Neutral,0.0,Neutral
2015-06-18,200.0,,0.0,Neutral,0.0,Neutral
2015-06-17,198.0,,0.0,Neutral,0.0,Neutral
2015-06-16,198.0,,0.0,Neutral,0.0,Neutral
2015-06-15,201.0,,0.0,Neutral,0.0,Neutral
2015-06-14,209.0,,0.0,Neutral,0.0,Neutral
2015-06-09,213.0,,0.0,Neutral,0.0,Neutral
2015-06-08,201.0,,0.0,Neutral,0.0,Neutral
2015-06-07,200.0,,0.0,Neutral,0.0,Neutral
2015-06-04,209.0,2015-06-04,0.895082950592041,Strongly Positive,0.895082950592041,Strongly Positive
2015-06-03,206.0,,0.0,Neutral,0.4475414752960205,Positive
2015-06-02,205.0,,0.0,Neutral,0.22377073764801025,Positive
2015-06-01,189.0,,0.0,Neutral,0.0,Neutral
2015-05-31,172.0,,0.0,Neutral,0.0,Neutral
2015-05-28,166.0,,0.0,Neutral,0.0,Neutral
2015-05-27,163.0,,0.0,Neutral,0.0,Neutral
2015-05-26,171.0,,0.0,Neutral,0.0,Neutral
2015-05-25,189.0,,0.0,Neutral,0.0,Neutral
2015-04-23,209.0,,0.0,Neutral,0.0,Neutral
2015-04-22,205.0,2015-04-22,0.3517574965953827,Positive,0.3517574965953827,Positive
2015-04-20,202.0,2015-04-20,-0.9280198216438292,Strongly Negative,-0.7521410733461379,Strongly Negative
2015-04-19,205.0,,0.0,Neutral,-0.37607053667306894,Negative
2015-04-16,206.0,,0.0,Neutral,-0.2320049554109573,Negative
2015-04-15,210.0,,0.0,Neutral,0.0,Neutral
2015-04-13,208.0,,0.0,Neutral,0.0,Neutral
2015-04-09,211.0,,0.0,Neutral,0.0,Neutral
2015-04-07,208.0,,0.0,Neutral,0.0,Neutral
2015-04-02,210.0,,0.0,Neutral,0.0,Neutral
2015-04-01,214.0,,0.0,Neutral,0.0,Neutral
2015-03-31,217.0,,0.0,Neutral,0.0,Neutral
2015-03-30,209.0,,0.0,Neutral,0.0,Neutral
2015-03-29,213.0,,0.0,Neutral,0.0,Neutral
2015-03-26,213.0,,0.0,Neutral,0.0,Neutral
2015-03-25,205.0,,0.0,Neutral,0.0,Neutral
2015-03-23,210.0,,0.0,Neutral,0.0,Neutral
2015-03-18,220.0,,0.0,Neutral,0.0,Neutral
2015-03-17,213.0,,0.0,Neutral,0.0,Neutral
2015-03-16,219.0,,0.0,Neutral,0.0,Neutral
2015-03-15,225.0,,0.0,Neutral,0.0,Neutral
2015-03-12,229.0,,0.0,Neutral,0.0,Neutral
2015-03-11,229.0,,0.0,Neutral,0.0,Neutral
2015-03-10,225.0,,0.0,Neutral,0.0,Neutral
2015-03-09,232.0,,0.0,Neutral,0.0,Neutral
2015-03-04,230.0,,0.0,Neutral,0.0,Neutral
2015-03-03,233.0,,0.0,Neutral,0.0,Neutral
2015-03-02,234.0,,0.0,Neutral,0.0,Neutral
2015-03-01,232.0,,0.0,Neutral,0.0,Neutral
2015-02-26,241.0,,0.0,Neutral,0.0,Neutral
2015-02-25,233.0,,0.0,Neutral,0.0,Neutral
2015-02-24,230.0,,0.0,Neutral,0.0,Neutral
2015-02-23,231.0,,0.0,Neutral,0.0,Neutral
2015-02-22,230.0,,0.0,Neutral,0.0,Neutral
2015-02-18,244.0,,0.0,Neutral,0.0,Neutral
2015-02-16,230.0,,0.0,Neutral,0.0,Neutral
2015-02-15,233.0,,0.0,Neutral,0.0,Neutral
2015-02-12,225.0,,0.0,Neutral,0.0,Neutral
2015-02-10,222.0,,0.0,Neutral,0.0,Neutral
2015-02-09,219.0,,0.0,Neutral,0.0,Neutral
2015-02-08,225.0,,0.0,Neutral,0.0,Neutral
2015-02-05,222.0,,0.0,Neutral,0.0,Neutral
2015-02-04,229.0,,0.0,Neutral,0.0,Neutral
2015-02-03,232.0,,0.0,Neutral,0.0,Neutral
2015-02-02,239.0,,0.0,Neutral,0.0,Neutral
2015-02-01,232.0,,0.0,Neutral,0.0,Neutral
2015-01-29,215.0,,0.0,Neutral,0.0,Neutral
2015-01-28,215.0,,0.0,Neutral,0.0,Neutral
2015-01-27,206.0,,0.0,Neutral,0.0,Neutral
2015-01-26,213.0,,0.0,Neutral,0.0,Neutral
2015-01-25,209.0,,0.0,Neutral,0.0,Neutral
2015-01-22,190.0,,0.0,Neutral,0.0,Neutral
2015-01-20,187.0,,0.0,Neutral,0.0,Neutral
2015-01-19,178.0,2015-01-19,-0.893301248550415,Strongly Negative,-0.893301248550415,Strongly Negative
2015-01-14,175.0,,0.0,Neutral,-0.4466506242752075,Negative
2015-01-13,175.0,,0.0,Neutral,-0.22332531213760376,Negative
2015-01-11,178.0,,0.0,Neutral,0.0,Neutral
2015-01-06,175.0,,0.0,Neutral,0.0,Neutral
2015-01-05,181.0,,0.0,Neutral,0.0,Neutral
2015-01-04,184.0,2015-01-04,0.9143463969230652,Strongly Positive,0.9143463969230652,Strongly Positive
2015-01-01,185.0,,0.0,Neutral,0.4571731984615326,Positive
2014-12-31,182.0,,0.0,Neutral,0.2285865992307663,Positive
2014-12-29,178.0,,0.0,Neutral,0.0,Neutral
2014-12-28,184.0,,0.0,Neutral,0.0,Neutral
2014-12-24,182.0,,0.0,Neutral,0.0,Neutral
2014-12-23,182.0,,0.0,Neutral,0.0,Neutral
2014-12-21,185.0,,0.0,Neutral,0.0,Neutral
2014-12-18,187.0,,0.0,Neutral,0.0,Neutral
2014-12-17,188.0,,0.0,Neutral,0.0,Neutral
2014-12-15,179.0,,0.0,Neutral,0.0,Neutral
2014-12-14,176.0,,0.0,Neutral,0.0,Neutral
2014-12-11,170.0,,0.0,Neutral,0.0,Neutral
2014-12-09,170.0,,0.0,Neutral,0.0,Neutral
2014-12-08,173.0,,0.0,Neutral,0.0,Neutral
2014-12-07,170.0,,0.0,Neutral,0.0,Neutral
2014-12-03,170.0,,0.0,Neutral,0.0,Neutral
2014-11-30,175.0,,0.0,Neutral,0.0,Neutral
2014-11-25,172.0,,0.0,Neutral,0.0,Neutral
2014-11-24,172.0,,0.0,Neutral,0.0,Neutral
2014-11-23,172.0,,0.0,Neutral,0.0,Neutral
2014-11-20,170.0,,0.0,Neutral,0.0,Neutral
2014-11-18,169.0,,0.0,Neutral,0.0,Neutral
2014-11-17,172.0,2014-11-17,0.198180817067623,Slightly Positive,0.198180817067623,Slightly Positive
2014-11-13,178.0,,0.0,Neutral,0.0990904085338115,Slightly Positive
2014-11-12,179.0,,0.0,Neutral,0.04954520426690575,Neutral
2014-11-06,176.0,,0.0,Neutral,0.0,Neutral
2014-11-05,177.0,,0.0,Neutral,0.0,Neutral
2014-11-04,174.0,,0.0,Neutral,0.0,Neutral
2014-11-03,200.0,,0.0,Neutral,0.0,Neutral
2014-11-02,209.0,,0.0,Neutral,0.0,Neutral
2014-10-30,200.0,,0.0,Neutral,0.0,Neutral
2014-10-28,208.0,,0.0,Neutral,0.0,Neutral
2014-10-27,200.0,2014-10-27,-0.8635430335998535,Strongly Negative,-0.8635430335998535,Strongly Negative
2014-10-22,198.0,,0.0,Neutral,-0.43177151679992676,Negative
2014-10-20,196.0,,0.0,Neutral,-0.21588575839996338,Negative
2014-10-19,199.0,,0.0,Neutral,0.0,Neutral
2014-10-16,200.0,,0.0,Neutral,0.0,Neutral
2014-10-15,200.0,,0.0,Neutral,0.0,Neutral
2014-10-13,202.0,,0.0,Neutral,0.0,Neutral
2014-10-12,202.0,,0.0,Neutral,0.0,Neutral
2014-10-09,200.0,,0.0,Neutral,0.0,Neutral
2014-10-08,197.0,,0.0,Neutral,0.0,Neutral
2014-09-30,201.0,,0.0,Neutral,0.0,Neutral
2014-09-29,196.0,,0.0,Neutral,0.0,Neutral
2014-09-28,195.0,,0.0,Neutral,0.0,Neutral
2014-09-24,189.0,,0.0,Neutral,0.0,Neutral
2014-09-23,191.0,,0.0,Neutral,0.0,Neutral
2014-09-22,188.0,,0.0,Neutral,0.0,Neutral
2014-09-21,191.0,,0.0,Neutral,0.0,Neutral
2014-09-17,209.0,,0.0,Neutral,0.0,Neutral
2014-09-16,204.0,,0.0,Neutral,0.0,Neutral
2014-09-15,201.0,,0.0,Neutral,0.0,Neutral
2014-09-14,204.0,,0.0,Neutral,0.0,Neutral
2014-09-10,191.0,,0.0,Neutral,0.0,Neutral
2014-09-09,191.0,,0.0,Neutral,0.0,Neutral
2014-09-07,189.0,,0.0,Neutral,0.0,Neutral
2014-09-04,189.0,,0.0,Neutral,0.0,Neutral
2014-09-03,202.0,,0.0,Neutral,0.0,Neutral
2014-09-01,196.0,,0.0,Neutral,0.0,Neutral
2014-08-31,207.0,,0.0,Neutral,0.0,Neutral
2014-08-28,215.0,,0.0,Neutral,0.0,Neutral
2014-08-27,209.0,,0.0,Neutral,0.0,Neutral
2014-08-26,205.0,,0.0,Neutral,0.0,Neutral
2014-08-25,206.0,,0.0,Neutral,0.0,Neutral
2014-08-24,218.0,,0.0,Neutral,0.0,Neutral
2014-08-21,215.0,,0.0,Neutral,0.0,Neutral
2014-08-20,209.0,,0.0,Neutral,0.0,Neutral
2014-08-19,220.0,,0.0,Neutral,0.0,Neutral
2014-08-18,207.0,,0.0,Neutral,0.0,Neutral
2014-08-14,227.0,,0.0,Neutral,0.0,Neutral
2014-08-13,231.0,,0.0,Neutral,0.0,Neutral
2014-08-07,231.0,,0.0,Neutral,0.0,Neutral
2014-08-06,240.0,,0.0,Neutral,0.0,Neutral
2014-08-05,239.0,,0.0,Neutral,0.0,Neutral
2014-08-04,229.0,,0.0,Neutral,0.0,Neutral
2014-08-03,233.0,,0.0,Neutral,0.0,Neutral
2014-07-31,240.0,,0.0,Neutral,0.0,Neutral
2014-07-30,245.0,,0.0,Neutral,0.0,Neutral
2014-07-27,247.0,,0.0,Neutral,0.0,Neutral
2014-07-24,245.0,2014-07-24,-0.9164826273918152,Strongly Negative,-0.9164826273918152,Strongly Negative
2014-07-23,240.0,2014-07-23,-0.9311224818229676,Strongly Negative,-1.3893637955188751,Strongly Negative
2014-07-22,230.0,,0.0,Neutral,-0.6946818977594376,Strongly Negative
2014-07-21,232.0,,0.0,Neutral,-0.2327806204557419,Negative
2014-07-20,225.0,,0.0,Neutral,0.0,Neutral
2014-07-17,220.0,,0.0,Neutral,0.0,Neutral
2014-07-16,219.0,,0.0,Neutral,0.0,Neutral
2014-07-15,208.0,,0.0,Neutral,0.0,Neutral
2014-07-14,206.0,,0.0,Neutral,0.0,Neutral
2014-07-13,215.0,,0.0,Neutral,0.0,Neutral
2014-07-10,210.0,,0.0,Neutral,0.0,Neutral
2014-07-09,196.0,,0.0,Neutral,0.0,Neutral
2014-07-08,206.0,,0.0,Neutral,0.0,Neutral
2014-07-07,200.0,,0.0,Neutral,0.0,Neutral
2014-07-06,197.0,,0.0,Neutral,0.0,Neutral
2014-07-03,186.0,,0.0,Neutral,0.0,Neutral
2014-07-01,184.0,,0.0,Neutral,0.0,Neutral
2014-06-30,181.0,,0.0,Neutral,0.0,Neutral
2014-06-29,185.0,,0.0,Neutral,0.0,Neutral
2014-06-26,180.0,,0.0,Neutral,0.0,Neutral
2014-06-25,178.0,,0.0,Neutral,0.0,Neutral
2014-06-24,170.0,,0.0,Neutral,0.0,Neutral
2014-06-19,170.0,,0.0,Neutral,0.0,Neutral
2014-06-18,170.0,,0.0,Neutral,0.0,Neutral
2014-06-17,170.0,,0.0,Neutral,0.0,Neutral
2014-06-16,168.0,,0.0,Neutral,0.0,Neutral
2014-06-15,168.0,,0.0,Neutral,0.0,Neutral
2014-06-12,166.0,,0.0,Neutral,0.0,Neutral
2014-06-11,169.0,2014-06-11,0.2576161623001098,Positive,0.2576161623001098,Positive
2014-06-10,175.0,,0.0,Neutral,0.1288080811500549,Slightly Positive
2014-06-09,169.0,,0.0,Neutral,0.06440404057502745,Slightly Positive
2014-06-08,163.0,,0.0,Neutral,0.0,Neutral
2014-06-05,163.0,,0.0,Neutral,0.0,Neutral
2014-06-04,153.0,,0.0,Neutral,0.0,Neutral
2014-06-03,156.0,,0.0,Neutral,0.0,Neutral
2014-06-02,153.0,,0.0,Neutral,0.0,Neutral
2014-06-01,157.0,,0.0,Neutral,0.0,Neutral
2014-05-28,160.0,,0.0,Neutral,0.0,Neutral
2014-05-27,163.0,,0.0,Neutral,0.0,Neutral
2014-05-26,167.0,,0.0,Neutral,0.0,Neutral
2014-05-25,172.0,,0.0,Neutral,0.0,Neutral
2014-05-22,166.0,2014-05-22,0.4946221709251404,Positive,0.4946221709251404,Positive
2014-05-21,164.0,,0.0,Neutral,0.2473110854625702,Positive
2014-05-20,156.0,2014-05-20,0.872773289680481,Strongly Positive,0.996428832411766,Strongly Positive
2014-05-19,156.0,,0.0,Neutral,0.4363866448402405,Positive
2014-05-18,158.0,,0.0,Neutral,0.21819332242012024,Positive
2014-05-15,152.0,,0.0,Neutral,0.0,Neutral
2014-05-13,150.0,,0.0,Neutral,0.0,Neutral
2014-05-12,153.0,,0.0,Neutral,0.0,Neutral
2014-05-11,153.0,,0.0,Neutral,0.0,Neutral
2014-05-08,156.0,,0.0,Neutral,0.0,Neutral
2014-05-07,168.0,,0.0,Neutral,0.0,Neutral
2014-05-06,173.0,,0.0,Neutral,0.0,Neutral
2014-05-05,173.0,,0.0,Neutral,0.0,Neutral
2014-05-04,170.0,,0.0,Neutral,0.0,Neutral
2014-04-30,159.0,,0.0,Neutral,0.0,Neutral
2014-04-29,165.0,,0.0,Neutral,0.0,Neutral
2014-04-28,163.0,,0.0,Neutral,0.0,Neutral
2014-04-27,169.0,,0.0,Neutral,0.0,Neutral
2014-04-23,160.0,,0.0,Neutral,0.0,Neutral
2014-04-22,164.0,,0.0,Neutral,0.0,Neutral
2014-04-21,162.0,,0.0,Neutral,0.0,Neutral
2014-04-20,153.0,2014-04-20,-0.8709391951560974,Strongly Negative,-0.8709391951560974,Strongly Negative
2014-04-17,146.0,,0.0,Neutral,-0.4354695975780487,Negative
2014-04-16,144.0,,0.0,Neutral,-0.21773479878902435,Negative
2014-04-15,156.0,,0.0,Neutral,0.0,Neutral
2014-04-13,149.0,,0.0,Neutral,0.0,Neutral
2014-04-10,150.0,,0.0,Neutral,0.0,Neutral
2014-04-07,157.0,,0.0,Neutral,0.0,Neutral
2014-04-06,153.0,,0.0,Neutral,0.0,Neutral
2014-04-03,143.0,,0.0,Neutral,0.0,Neutral
2014-04-02,146.0,,0.0,Neutral,0.0,Neutral
2014-04-01,145.0,,0.0,Neutral,0.0,Neutral
2014-03-31,147.0,,0.0,Neutral,0.0,Neutral
2014-03-27,148.0,,0.0,Neutral,0.0,Neutral
2014-03-26,144.0,,0.0,Neutral,0.0,Neutral
2014-03-25,144.0,,0.0,Neutral,0.0,Neutral
2014-03-24,148.0,,0.0,Neutral,0.0,Neutral
2014-03-23,144.0,,0.0,Neutral,0.0,Neutral
2014-03-20,142.0,,0.0,Neutral,0.0,Neutral
2014-03-19,142.0,,0.0,Neutral,0.0,Neutral
2014-03-18,139.0,,0.0,Neutral,0.0,Neutral
2014-03-17,145.0,,0.0,Neutral,0.0,Neutral
2014-03-12,147.0,,0.0,Neutral,0.0,Neutral
2014-03-10,145.0,,0.0,Neutral,0.0,Neutral
2014-03-09,147.0,,0.0,Neutral,0.0,Neutral
2014-03-06,152.0,,0.0,Neutral,0.0,Neutral
2014-03-05,165.0,,0.0,Neutral,0.0,Neutral
2014-02-25,166.0,,0.0,Neutral,0.0,Neutral
2014-02-24,169.0,,0.0,Neutral,0.0,Neutral
2014-02-23,171.0,,0.0,Neutral,0.0,Neutral
2014-02-20,165.0,,0.0,Neutral,0.0,Neutral
2014-02-18,162.0,,0.0,Neutral,0.0,Neutral
2014-02-17,161.0,,0.0,Neutral,0.0,Neutral
2014-02-13,161.0,,0.0,Neutral,0.0,Neutral
2014-02-12,156.0,,0.0,Neutral,0.0,Neutral
2014-02-11,153.0,,0.0,Neutral,0.0,Neutral
2014-02-10,170.0,,0.0,Neutral,0.0,Neutral
2014-02-06,168.0,,0.0,Neutral,0.0,Neutral
2014-02-04,148.0,,0.0,Neutral,0.0,Neutral
2014-02-03,148.0,,0.0,Neutral,0.0,Neutral
2014-02-02,155.0,,0.0,Neutral,0.0,Neutral
2014-01-29,164.0,,0.0,Neutral,0.0,Neutral
2014-01-28,164.0,,0.0,Neutral,0.0,Neutral
2014-01-27,176.0,,0.0,Neutral,0.0,Neutral
2014-01-26,160.0,,0.0,Neutral,0.0,Neutral
2014-01-23,147.0,,0.0,Neutral,0.0,Neutral
2014-01-22,134.0,,0.0,Neutral,0.0,Neutral
2014-01-21,131.0,2014-01-21,-0.0663483887910842,Slightly Negative,-0.0663483887910842,Slightly Negative
2014-01-20,127.0,,0.0,Neutral,-0.0331741943955421,Neutral
2014-01-19,125.0,,0.0,Neutral,-0.01658709719777105,Neutral
2014-01-16,123.0,,0.0,Neutral,0.0,Neutral
2014-01-14,125.0,,0.0,Neutral,0.0,Neutral
2014-01-13,124.0,,0.0,Neutral,0.0,Neutral
2014-01-12,122.0,,0.0,Neutral,0.0,Neutral
2014-01-09,123.0,,0.0,Neutral,0.0,Neutral
2014-01-08,123.0,,0.0,Neutral,0.0,Neutral
2014-01-07,121.0,,0.0,Neutral,0.0,Neutral
2014-01-06,121.0,,0.0,Neutral,0.0,Neutral
2014-01-05,123.0,,0.0,Neutral,0.0,Neutral
2014-01-01,130.0,,0.0,Neutral,0.0,Neutral
2013-12-31,134.0,2013-12-31,0.9305623173713684,Strongly Positive,0.9305623173713684,Strongly Positive
2013-12-26,134.0,,0.0,Neutral,0.4652811586856842,Positive
2013-12-24,136.0,,0.0,Neutral,0.2326405793428421,Positive
2013-12-23,134.0,,0.0,Neutral,0.0,Neutral
2013-12-22,140.0,,0.0,Neutral,0.0,Neutral
2013-12-19,138.0,,0.0,Neutral,0.0,Neutral
2013-12-18,141.0,,0.0,Neutral,0.0,Neutral
2013-12-16,141.0,,0.0,Neutral,0.0,Neutral
2013-12-15,137.0,,0.0,Neutral,0.0,Neutral
2013-12-11,137.0,,0.0,Neutral,0.0,Neutral
2013-12-09,141.0,,0.0,Neutral,0.0,Neutral
2013-12-08,153.0,,0.0,Neutral,0.0,Neutral
2013-12-05,155.0,,0.0,Neutral,0.0,Neutral
2013-12-04,149.0,,0.0,Neutral,0.0,Neutral
2013-12-03,139.0,,0.0,Neutral,0.0,Neutral
2013-12-02,127.0,,0.0,Neutral,0.0,Neutral
2013-12-01,116.0,,0.0,Neutral,0.0,Neutral
2013-11-28,106.0,,0.0,Neutral,0.0,Neutral
2013-11-27,104.0,,0.0,Neutral,0.0,Neutral
2013-11-26,109.0,,0.0,Neutral,0.0,Neutral
2013-11-25,104.0,,0.0,Neutral,0.0,Neutral
2013-11-13,95.0,,0.0,Neutral,0.0,Neutral
2013-11-07,94.0,2013-11-07,0.8954075574874878,Strongly Positive,0.8954075574874878,Strongly Positive
2013-11-06,95.0,,0.0,Neutral,0.4477037787437439,Positive
2013-10-31,100.0,,0.0,Neutral,0.22385188937187195,Positive
2013-10-30,102.0,,0.0,Neutral,0.0,Neutral
2013-10-24,106.0,,0.0,Neutral,0.0,Neutral
2013-10-21,104.0,2013-10-21,0.8953396379947662,Strongly Positive,0.8953396379947662,Strongly Positive
2013-10-20,102.0,,0.0,Neutral,0.4476698189973831,Positive
2013-10-06,104.0,,0.0,Neutral,0.22383490949869156,Positive
2013-10-03,102.0,,0.0,Neutral,0.0,Neutral
2013-10-02,97.0,,0.0,Neutral,0.0,Neutral
2013-10-01,92.0,,0.0,Neutral,0.0,Neutral
2013-09-25,98.0,,0.0,Neutral,0.0,Neutral
2013-09-23,98.0,,0.0,Neutral,0.0,Neutral
2013-09-22,97.0,,0.0,Neutral,0.0,Neutral
2013-09-17,96.0,,0.0,Neutral,0.0,Neutral
2013-09-15,98.0,,0.0,Neutral,0.0,Neutral
2013-09-12,100.0,,0.0,Neutral,0.0,Neutral
2013-09-11,98.0,,0.0,Neutral,0.0,Neutral
2013-09-10,100.0,,0.0,Neutral,0.0,Neutral
2013-09-09,97.0,,0.0,Neutral,0.0,Neutral
2013-09-08,96.0,,0.0,Neutral,0.0,Neutral
2013-09-05,95.0,,0.0,Neutral,0.0,Neutral
2013-09-04,94.0,,0.0,Neutral,0.0,Neutral
2013-09-01,95.0,,0.0,Neutral,0.0,Neutral
2013-08-29,97.0,,0.0,Neutral,0.0,Neutral
2013-08-27,99.0,,0.0,Neutral,0.0,Neutral
2013-08-26,98.0,,0.0,Neutral,0.0,Neutral
2013-08-25,98.0,,0.0,Neutral,0.0,Neutral
2013-08-20,95.0,,0.0,Neutral,0.0,Neutral
2013-08-19,94.0,,0.0,Neutral,0.0,Neutral
2013-08-15,104.0,,0.0,Neutral,0.0,Neutral
2013-08-05,108.0,,0.0,Neutral,0.0,Neutral
2013-07-31,109.0,,0.0,Neutral,0.0,Neutral
2013-07-11,111.0,,0.0,Neutral,0.0,Neutral
2013-07-10,109.0,,0.0,Neutral,0.0,Neutral
2013-07-09,102.0,,0.0,Neutral,0.0,Neutral
2013-07-08,102.0,,0.0,Neutral,0.0,Neutral
2013-07-07,93.0,,0.0,Neutral,0.0,Neutral
2013-07-04,88.0,,0.0,Neutral,0.0,Neutral
2013-07-03,87.0,,0.0,Neutral,0.0,Neutral
2013-07-02,87.0,,0.0,Neutral,0.0,Neutral
2013-07-01,88.0,,0.0,Neutral,0.0,Neutral
2013-06-27,92.0,,0.0,Neutral,0.0,Neutral
2013-06-24,94.0,2013-06-24,0.81441730260849,Strongly Positive,0.81441730260849,Strongly Positive
2013-06-20,96.0,,0.0,Neutral,0.407208651304245,Positive
2013-06-18,94.0,,0.0,Neutral,0.2036043256521225,Positive
2013-06-17,95.0,,0.0,Neutral,0.0,Neutral
2013-06-13,94.0,,0.0,Neutral,0.0,Neutral
2013-06-12,94.0,,0.0,Neutral,0.0,Neutral
2013-06-11,95.0,,0.0,Neutral,0.0,Neutral
2013-06-10,94.0,,0.0,Neutral,0.0,Neutral
2013-06-09,96.0,,0.0,Neutral,0.0,Neutral
2013-06-03,95.0,,0.0,Neutral,0.0,Neutral
2013-05-28,98.0,,0.0,Neutral,0.0,Neutral
2013-05-27,98.0,,0.0,Neutral,0.0,Neutral
2013-05-26,98.0,,0.0,Neutral,0.0,Neutral
2013-05-23,98.0,,0.0,Neutral,0.0,Neutral
2013-05-22,99.0,,0.0,Neutral,0.0,Neutral
2013-05-21,101.0,,0.0,Neutral,0.0,Neutral
2013-05-20,102.0,,0.0,Neutral,0.0,Neutral
2013-05-19,101.0,,0.0,Neutral,0.0,Neutral
2013-05-15,100.0,,0.0,Neutral,0.0,Neutral
2013-05-13,101.0,,0.0,Neutral,0.0,Neutral
2013-05-12,100.0,,0.0,Neutral,0.0,Neutral
2013-05-09,101.0,,0.0,Neutral,0.0,Neutral
2013-05-08,100.0,,0.0,Neutral,0.0,Neutral
2013-05-07,99.0,,0.0,Neutral,0.0,Neutral
2013-05-06,98.0,,0.0,Neutral,0.0,Neutral
2013-05-05,100.0,,0.0,Neutral,0.0,Neutral
2013-05-02,99.0,,0.0,Neutral,0.0,Neutral
2013-04-30,100.0,,0.0,Neutral,0.0,Neutral
2013-04-28,98.0,,0.0,Neutral,0.0,Neutral
2013-04-22,100.0,2013-04-22,-0.2091480791568756,Negative,-0.2091480791568756,Negative
2013-04-21,103.0,2013-04-21,0.8760323524475098,Strongly Positive,0.771458312869072,Strongly Positive
2013-04-18,102.0,,0.0,Neutral,0.385729156434536,Positive
2013-04-17,101.0,,0.0,Neutral,0.21900808811187744,Positive
2013-04-11,103.0,,0.0,Neutral,0.0,Neutral
2013-04-07,101.0,,0.0,Neutral,0.0,Neutral
2013-04-04,100.0,,0.0,Neutral,0.0,Neutral
2013-04-03,102.0,,0.0,Neutral,0.0,Neutral
2013-03-28,102.0,,0.0,Neutral,0.0,Neutral
2013-03-27,103.0,,0.0,Neutral,0.0,Neutral
2013-03-25,102.0,,0.0,Neutral,0.0,Neutral
2013-03-24,102.0,,0.0,Neutral,0.0,Neutral
2013-03-21,108.0,,0.0,Neutral,0.0,Neutral
2013-03-20,104.0,,0.0,Neutral,0.0,Neutral
2013-03-19,100.0,,0.0,Neutral,0.0,Neutral
2013-03-18,102.0,,0.0,Neutral,0.0,Neutral
2013-03-17,102.0,,0.0,Neutral,0.0,Neutral
2013-03-14,102.0,,0.0,Neutral,0.0,Neutral
2013-03-13,100.0,2013-03-13,0.6635726094245911,Strongly Positive,0.6635726094245911,Strongly Positive
2013-03-11,102.0,,0.0,Neutral,0.33178630471229553,Positive
2013-03-07,101.0,,0.0,Neutral,0.16589315235614777,Slightly Positive
2013-03-06,101.0,,0.0,Neutral,0.0,Neutral
2013-03-05,101.0,,0.0,Neutral,0.0,Neutral
2013-03-04,100.0,,0.0,Neutral,0.0,Neutral
2013-03-03,100.0,,0.0,Neutral,0.0,Neutral
2013-02-28,99.0,,0.0,Neutral,0.0,Neutral
2013-02-27,98.0,,0.0,Neutral,0.0,Neutral
2013-02-26,100.0,,0.0,Neutral,0.0,Neutral
2013-02-24,99.0,,0.0,Neutral,0.0,Neutral
2013-02-21,99.0,,0.0,Neutral,0.0,Neutral
2013-02-19,100.0,,0.0,Neutral,0.0,Neutral
2013-02-12,100.0,,0.0,Neutral,0.0,Neutral
2013-02-10,98.0,,0.0,Neutral,0.0,Neutral
2013-02-07,98.0,,0.0,Neutral,0.0,Neutral
2013-02-06,99.0,,0.0,Neutral,0.0,Neutral
2013-02-04,100.0,,0.0,Neutral,0.0,Neutral
2013-02-03,100.0,,0.0,Neutral,0.0,Neutral
2013-01-31,97.0,,0.0,Neutral,0.0,Neutral
2013-01-30,99.0,,0.0,Neutral,0.0,Neutral
2013-01-28,100.0,2013-01-28,0.8766284584999084,Strongly Positive,0.8766284584999084,Strongly Positive
2013-01-27,100.0,,0.0,Neutral,0.4383142292499542,Positive
2013-01-24,100.0,,0.0,Neutral,0.2191571146249771,Positive
2013-01-23,101.0,,0.0,Neutral,0.0,Neutral
2013-01-22,101.0,,0.0,Neutral,0.0,Neutral
2013-01-21,102.0,2013-01-21,-0.8027498722076416,Strongly Negative,-0.8027498722076416,Strongly Negative
2013-01-20,100.0,,0.0,Neutral,-0.4013749361038208,Negative
2013-01-17,102.0,,0.0,Neutral,-0.2006874680519104,Negative
2013-01-16,102.0,2013-01-16,0.4959243834018707,Positive,0.4959243834018707,Positive
2013-01-13,101.0,,0.0,Neutral,0.24796219170093536,Positive
2013-01-10,101.0,,0.0,Neutral,0.12398109585046768,Slightly Positive
2013-01-07,107.0,,0.0,Neutral,0.0,Neutral
2013-01-06,109.0,,0.0,Neutral,0.0,Neutral
2013-01-03,107.0,,0.0,Neutral,0.0,Neutral
2013-01-01,104.0,,0.0,Neutral,0.0,Neutral
2012-12-31,108.0,,0.0,Neutral,0.0,Neutral
2012-12-27,109.0,,0.0,Neutral,0.0,Neutral
2012-12-26,111.0,,0.0,Neutral,0.0,Neutral
2012-12-24,112.0,,0.0,Neutral,0.0,Neutral
2012-12-18,120.0,,0.0,Neutral,0.0,Neutral
2012-12-17,116.0,,0.0,Neutral,0.0,Neutral
2012-12-16,111.0,,0.0,Neutral,0.0,Neutral
2012-12-13,109.0,,0.0,Neutral,0.0,Neutral
2012-12-11,113.0,,0.0,Neutral,0.0,Neutral
2012-12-10,113.0,,0.0,Neutral,0.0,Neutral
2012-12-06,112.0,,0.0,Neutral,0.0,Neutral
2012-12-05,111.0,,0.0,Neutral,0.0,Neutral
2012-12-04,110.0,,0.0,Neutral,0.0,Neutral
2012-12-03,113.0,,0.0,Neutral,0.0,Neutral
2012-12-02,115.0,,0.0,Neutral,0.0,Neutral
2012-11-29,117.0,,0.0,Neutral,0.0,Neutral
2012-11-28,118.0,,0.0,Neutral,0.0,Neutral
2012-11-27,116.0,,0.0,Neutral,0.0,Neutral
2012-11-26,116.0,,0.0,Neutral,0.0,Neutral
2012-11-25,118.0,,0.0,Neutral,0.0,Neutral
2012-11-21,116.0,,0.0,Neutral,0.0,Neutral
2012-11-20,122.0,,0.0,Neutral,0.0,Neutral
2012-11-18,116.0,,0.0,Neutral,0.0,Neutral
2012-11-12,118.0,,0.0,Neutral,0.0,Neutral
2012-11-11,118.0,,0.0,Neutral,0.0,Neutral
2012-11-08,116.0,,0.0,Neutral,0.0,Neutral
2012-11-07,117.0,,0.0,Neutral,0.0,Neutral
2012-11-06,117.0,,0.0,Neutral,0.0,Neutral
2012-11-05,115.0,,0.0,Neutral,0.0,Neutral
2012-11-04,110.0,,0.0,Neutral,0.0,Neutral
2012-11-01,112.0,,0.0,Neutral,0.0,Neutral
2012-10-31,116.0,,0.0,Neutral,0.0,Neutral
2012-10-30,114.0,2012-10-30,0.8767701387405396,Strongly Positive,0.8767701387405396,Strongly Positive
2012-10-15,112.0,,0.0,Neutral,0.4383850693702698,Positive
2012-10-11,112.0,,0.0,Neutral,0.2191925346851349,Positive
2012-10-10,110.0,,0.0,Neutral,0.0,Neutral
2012-10-09,110.0,,0.0,Neutral,0.0,Neutral
2012-10-08,106.0,2012-10-08,0.9025632739067078,Strongly Positive,0.9025632739067078,Strongly Positive
2012-10-07,110.0,,0.0,Neutral,0.4512816369533539,Positive
2012-10-04,110.0,,0.0,Neutral,0.22564081847667694,Positive
2012-10-03,110.0,,0.0,Neutral,0.0,Neutral
2012-10-02,108.0,,0.0,Neutral,0.0,Neutral
2012-09-30,110.0,,0.0,Neutral,0.0,Neutral
2012-09-26,110.0,,0.0,Neutral,0.0,Neutral
2012-09-25,109.0,,0.0,Neutral,0.0,Neutral
2012-09-24,113.0,,0.0,Neutral,0.0,Neutral
2012-09-23,114.0,,0.0,Neutral,0.0,Neutral
2012-09-20,108.0,2012-09-20,0.8236021995544434,Strongly Positive,0.8236021995544434,Strongly Positive
2012-09-19,115.0,,0.0,Neutral,0.4118010997772217,Positive
2012-09-18,115.0,,0.0,Neutral,0.20590054988861084,Positive
2012-09-16,113.0,,0.0,Neutral,0.0,Neutral
2012-09-13,117.0,,0.0,Neutral,0.0,Neutral
2012-09-12,113.0,,0.0,Neutral,0.0,Neutral
2012-09-11,114.0,2012-09-11,0.9140388369560242,Strongly Positive,0.9140388369560242,Strongly Positive
2012-09-09,113.0,,0.0,Neutral,0.4570194184780121,Positive
2012-09-06,115.0,,0.0,Neutral,0.22850970923900604,Positive
2012-09-04,117.0,,0.0,Neutral,0.0,Neutral
2012-09-03,119.0,,0.0,Neutral,0.0,Neutral
2012-09-02,117.0,,0.0,Neutral,0.0,Neutral
2012-08-30,114.0,,0.0,Neutral,0.0,Neutral
2012-08-29,115.0,,0.0,Neutral,0.0,Neutral
2012-08-28,114.0,,0.0,Neutral,0.0,Neutral
2012-08-27,115.0,2012-08-27,0.879736602306366,Strongly Positive,0.879736602306366,Strongly Positive
2012-08-26,116.0,,0.0,Neutral,0.439868301153183,Positive
2012-08-23,118.0,,0.0,Neutral,0.2199341505765915,Positive
2012-08-22,117.0,,0.0,Neutral,0.0,Neutral
2012-08-21,115.0,,0.0,Neutral,0.0,Neutral
2012-08-16,114.0,,0.0,Neutral,0.0,Neutral
2012-08-15,115.0,,0.0,Neutral,0.0,Neutral
2012-08-13,116.0,,0.0,Neutral,0.0,Neutral
2012-08-12,117.0,,0.0,Neutral,0.0,Neutral
2012-08-07,119.0,,0.0,Neutral,0.0,Neutral
2012-08-06,118.0,,0.0,Neutral,0.0,Neutral
2012-08-05,120.0,,0.0,Neutral,0.0,Neutral
2012-08-01,119.0,,0.0,Neutral,0.0,Neutral
2012-07-31,118.0,,0.0,Neutral,0.0,Neutral
2012-07-30,118.0,,0.0,Neutral,0.0,Neutral
2012-07-26,117.0,,0.0,Neutral,0.0,Neutral
2012-07-25,117.0,,0.0,Neutral,0.0,Neutral
2012-07-24,118.0,,0.0,Neutral,0.0,Neutral
2012-07-23,121.0,,0.0,Neutral,0.0,Neutral
2012-07-22,122.0,,0.0,Neutral,0.0,Neutral
2012-07-19,119.0,,0.0,Neutral,0.0,Neutral
2012-07-18,115.0,,0.0,Neutral,0.0,Neutral
2012-07-17,114.0,,0.0,Neutral,0.0,Neutral
2012-07-16,113.0,,0.0,Neutral,0.0,Neutral
2012-07-15,112.0,,0.0,Neutral,0.0,Neutral
2012-07-12,111.0,,0.0,Neutral,0.0,Neutral
2012-07-11,111.0,,0.0,Neutral,0.0,Neutral
2012-07-10,115.0,,0.0,Neutral,0.0,Neutral
2012-07-09,114.0,,0.0,Neutral,0.0,Neutral
2012-07-08,115.0,,0.0,Neutral,0.0,Neutral
2012-07-05,117.0,,0.0,Neutral,0.0,Neutral
2012-07-04,114.0,,0.0,Neutral,0.0,Neutral
2015-11-18,134.0,,0.0,Neutral,0.0,Neutral
2015-11-08,130.0,,0.0,Neutral,0.0,Neutral
2015-06-29,105.0,,0.0,Neutral,0.0,Neutral
2015-05-26,105.0,,0.0,Neutral,0.0,Neutral
2026-03-03,733.0,,0.0,Neutral,0.0,Neutral
2026-03-01,715.0,,0.0,Neutral,0.0,Neutral
2026-02-26,713.0,,0.0,Neutral,0.0,Neutral
2026-02-25,710.0,2026-02-25,0.8774493336677551,Strongly Positive,0.8774493336677551,Strongly Positive
2026-02-24,704.9,,0.0,Neutral,0.43872466683387756,Positive
2026-02-23,699.0,,0.0,Neutral,0.21936233341693878,Positive
2026-02-22,695.0,,0.0,Neutral,0.0,Neutral
2026-02-17,711.0,,0.0,Neutral,0.0,Neutral
2026-02-16,706.2,,0.0,Neutral,0.0,Neutral
2026-02-12,713.0,2026-02-12,-0.2644221298396587,Negative,-0.2644221298396587,Negative
2026-02-11,721.9,2026-02-11,-0.4408624172210693,Negative,-0.5730734821408986,Negative
2026-02-10,716.0,2026-02-10,-0.5762443542480469,Negative,-0.8627810953184962,Strongly Negative
2026-02-09,727.0,,0.0,Neutral,-0.39833778142929077,Negative
2026-02-08,743.0,,0.0,Neutral,-0.14406108856201172,Slightly Negative
2026-02-05,755.0,,0.0,Neutral,0.0,Neutral
2026-02-04,740.0,,0.0,Neutral,0.0,Neutral
2026-02-03,739.0,,0.0,Neutral,0.0,Neutral
2026-02-02,744.0,,0.0,Neutral,0.0,Neutral
2026-02-01,754.0,,0.0,Neutral,0.0,Neutral
2026-01-29,781.8,,0.0,Neutral,0.0,Neutral
2026-01-28,773.0,2026-01-28,0.0113222198560833,Neutral,0.0113222198560833,Neutral
2026-01-27,770.0,,0.0,Neutral,0.00566110992804165,Neutral
2026-01-26,776.0,,0.0,Neutral,0.002830554964020825,Neutral
2026-01-25,790.0,,0.0,Neutral,0.0,Neutral
2026-01-22,795.0,,0.0,Neutral,0.0,Neutral
2026-01-21,806.0,,0.0,Neutral,0.0,Neutral
2026-01-20,798.0,,0.0,Neutral,0.0,Neutral
2026-01-18,777.0,,0.0,Neutral,0.0,Neutral
2026-01-14,786.0,2026-01-14,0.0140300989151,Neutral,0.0140300989151,Neutral
2026-01-13,785.0,,0.0,Neutral,0.00701504945755,Neutral
2026-01-12,758.0,,0.0,Neutral,0.003507524728775,Neutral
2026-01-08,764.0,,0.0,Neutral,0.0,Neutral
2026-01-07,756.9,,0.0,Neutral,0.0,Neutral
2026-01-06,770.0,,0.0,Neutral,0.0,Neutral
2026-01-05,745.0,2026-01-05,-0.8387445211410522,Strongly Negative,-0.8387445211410522,Strongly Negative
2026-01-04,729.7,,0.0,Neutral,-0.4193722605705261,Negative
2026-01-01,745.1,,0.0,Neutral,-0.20968613028526306,Negative
2025-12-31,741.9,,0.0,Neutral,0.0,Neutral
2025-12-29,727.0,,0.0,Neutral,0.0,Neutral
2025-12-28,736.0,,0.0,Neutral,0.0,Neutral
2025-12-24,714.0,,0.0,Neutral,0.0,Neutral
2025-12-23,706.1,,0.0,Neutral,0.0,Neutral
2025-12-22,710.0,,0.0,Neutral,0.0,Neutral
2025-12-21,715.8,,0.0,Neutral,0.0,Neutral
2025-12-18,733.0,,0.0,Neutral,0.0,Neutral
2025-12-17,719.3,,0.0,Neutral,0.0,Neutral
2025-12-16,713.0,,0.0,Neutral,0.0,Neutral
2025-12-15,703.1,2025-12-15,0.0156788323074579,Neutral,0.0156788323074579,Neutral
2025-12-14,705.0,,0.0,Neutral,0.00783941615372895,Neutral
2025-12-11,706.7,2025-12-11,0.4957837536931038,Positive,0.49970346176996827,Positive
2025-12-10,714.0,,0.0,Neutral,0.2478918768465519,Positive
2025-12-09,713.0,,0.0,Neutral,0.12394593842327595,Slightly Positive
2025-12-08,704.0,,0.0,Neutral,0.0,Neutral
2025-12-07,706.5,,0.0,Neutral,0.0,Neutral
2025-12-03,718.0,,0.0,Neutral,0.0,Neutral
2025-12-02,715.0,,0.0,Neutral,0.0,Neutral
2025-12-01,715.0,,0.0,Neutral,0.0,Neutral
2025-11-30,720.4,2025-11-30,-0.5521965622901917,Negative,-0.5521965622901917,Negative
2025-11-27,727.0,,0.0,Neutral,-0.2760982811450958,Negative
2025-11-26,735.1,,0.0,Neutral,-0.1380491405725479,Slightly Negative
2025-11-25,745.0,2025-11-25,0.6663917303085327,Strongly Positive,0.6663917303085327,Strongly Positive
2025-11-24,738.0,,0.0,Neutral,0.33319586515426636,Positive
2025-11-23,735.0,,0.0,Neutral,0.16659793257713318,Slightly Positive
2025-11-20,716.5,,0.0,Neutral,0.0,Neutral
2025-11-19,719.7,,0.0,Neutral,0.0,Neutral
2025-11-18,731.0,,0.0,Neutral,0.0,Neutral
2025-11-17,737.0,,0.0,Neutral,0.0,Neutral
2025-11-16,712.7,,0.0,Neutral,0.0,Neutral
2025-11-13,701.0,,0.0,Neutral,0.0,Neutral
2025-11-12,705.0,,0.0,Neutral,0.0,Neutral
2025-11-11,725.0,2025-11-11,-0.5206417441368103,Negative,-0.5206417441368103,Negative
2025-11-10,737.0,2025-11-10,0.1399208903312683,Slightly Positive,-0.12039998173713684,Slightly Negative
2025-11-09,736.0,,0.0,Neutral,-0.06019999086856842,Slightly Negative
2025-11-06,762.0,,0.0,Neutral,0.03498022258281708,Neutral
2025-11-05,775.0,2025-11-05,0.9275050759315492,Strongly Positive,0.9275050759315492,Strongly Positive
2025-11-04,754.2,,0.0,Neutral,0.4637525379657746,Positive
2025-11-03,775.0,,0.0,Neutral,0.2318762689828873,Positive
2025-11-02,776.0,2025-11-02,0.8304534256458282,Strongly Positive,0.8304534256458282,Strongly Positive
2025-10-30,779.0,,0.0,Neutral,0.4152267128229141,Positive
2025-10-29,737.0,,0.0,Neutral,0.20761335641145706,Positive
2025-10-28,739.0,,0.0,Neutral,0.0,Neutral
2025-10-26,671.9,,0.0,Neutral,0.0,Neutral
2025-10-19,663.0,2025-10-19,-0.7027487754821777,Strongly Negative,-0.7027487754821777,Strongly Negative
2025-10-16,660.0,,0.0,Neutral,-0.35137438774108887,Negative
2025-10-15,674.0,,0.0,Neutral,-0.17568719387054443,Slightly Negative
2025-10-14,668.0,,0.0,Neutral,0.0,Neutral
2025-10-13,692.0,,0.0,Neutral,0.0,Neutral
2025-10-12,635.0,,0.0,Neutral,0.0,Neutral
2025-10-09,699.9,,0.0,Neutral,0.0,Neutral
2025-10-08,700.0,,0.0,Neutral,0.0,Neutral
2025-10-07,722.0,,0.0,Neutral,0.0,Neutral
2025-09-28,763.0,,0.0,Neutral,0.0,Neutral
2025-09-25,758.0,,0.0,Neutral,0.0,Neutral
2025-09-24,763.0,,0.0,Neutral,0.0,Neutral
2025-09-23,794.8,,0.0,Neutral,0.0,Neutral
2025-09-21,777.87,,0.0,Neutral,0.0,Neutral
2025-09-18,727.1,2025-09-18,0.0988965034484863,Slightly Positive,0.0988965034484863,Slightly Positive
2025-09-08,800.21,,0.0,Neutral,0.04944825172424315,Neutral
2025-09-07,815.76,,0.0,Neutral,0.024724125862121575,Neutral
2025-09-04,830.73,,0.0,Neutral,0.0,Neutral
2025-09-03,799.35,,0.0,Neutral,0.0,Neutral
2025-09-02,808.1,,0.0,Neutral,0.0,Neutral
2025-09-01,819.61,,0.0,Neutral,0.0,Neutral
2025-08-31,814.59,2025-08-31,-0.8702601194381714,Strongly Negative,-0.8702601194381714,Strongly Negative
2025-08-28,832.5,2025-08-28,0.9314732551574708,Strongly Positive,0.4963431954383851,Positive
2025-08-27,852.13,2025-08-27,-0.8449028730392456,Strongly Negative,-0.5967312753200531,Negative
2025-08-26,835.7,,0.0,Neutral,-0.1895831227302551,Slightly Negative
2025-08-25,815.85,,0.0,Neutral,-0.2112257182598114,Negative
2025-08-24,804.94,,0.0,Neutral,0.0,Neutral
2025-08-21,825.98,,0.0,Neutral,0.0,Neutral
2025-08-20,841.65,,0.0,Neutral,0.0,Neutral
2025-08-19,862.66,,0.0,Neutral,0.0,Neutral
2025-08-18,835.76,,0.0,Neutral,0.0,Neutral
2025-08-17,819.6,2025-08-17,-0.0869648940861225,Slightly Negative,-0.0869648940861225,Slightly Negative
2025-08-14,832.57,,0.0,Neutral,-0.04348244704306125,Neutral
2025-08-13,851.32,,0.0,Neutral,-0.021741223521530625,Neutral
2025-08-12,854.85,,0.0,Neutral,0.0,Neutral
2025-08-11,866.97,,0.0,Neutral,0.0,Neutral
2025-08-07,887.4,,0.0,Neutral,0.0,Neutral
2025-08-06,902.19,,0.0,Neutral,0.0,Neutral
2025-08-05,900.22,,0.0,Neutral,0.0,Neutral
2025-08-04,935.24,,0.0,Neutral,0.0,Neutral
2025-08-03,929.73,,0.0,Neutral,0.0,Neutral
2025-07-31,930.98,,0.0,Neutral,0.0,Neutral
2025-07-30,937.89,,0.0,Neutral,0.0,Neutral
2025-07-29,969.81,,0.0,Neutral,0.0,Neutral
2025-07-28,976.24,,0.0,Neutral,0.0,Neutral
2025-07-27,990.85,,0.0,Neutral,0.0,Neutral
2025-07-24,0.0,,0.0,Neutral,0.0,Neutral
2025-07-23,991.25,,0.0,Neutral,0.0,Neutral
2025-07-22,969.83,,0.0,Neutral,0.0,Neutral
2025-07-21,951.37,,0.0,Neutral,0.0,Neutral
2025-07-20,957.99,,0.0,Neutral,0.0,Neutral
2025-07-17,969.81,2025-07-17,0.0606837570667266,Slightly Positive,0.0606837570667266,Slightly Positive
2025-07-16,957.29,,0.0,Neutral,0.0303418785333633,Neutral
2025-07-15,896.45,,0.0,Neutral,0.01517093926668165,Neutral
2025-07-14,860.69,2025-07-14,0.3165594339370727,Positive,0.3165594339370727,Positive
2025-07-13,829.14,,0.0,Neutral,0.15827971696853635,Slightly Positive
2025-07-10,847.78,,0.0,Neutral,0.07913985848426817,Slightly Positive
2025-07-09,833.89,2025-07-09,0.5959690809249878,Positive,0.5959690809249878,Positive
2025-07-08,835.94,,0.0,Neutral,0.2979845404624939,Positive
2025-07-07,772.52,,0.0,Neutral,0.14899227023124695,Slightly Positive
2025-07-06,786.17,,0.0,Neutral,0.0,Neutral
2025-07-03,798.09,,0.0,Neutral,0.0,Neutral
2025-07-02,814.43,,0.0,Neutral,0.0,Neutral
2025-07-01,830.29,,0.0,Neutral,0.0,Neutral
2025-06-30,836.31,,0.0,Neutral,0.0,Neutral
2025-06-29,814.85,2025-06-29,0.0124993920326232,Neutral,0.0124993920326232,Neutral
2025-06-26,840.32,,0.0,Neutral,0.0062496960163116,Neutral
2025-06-25,844.14,2025-06-25,-0.5497723817825317,Negative,-0.5466475337743759,Negative
2025-06-24,809.25,,0.0,Neutral,-0.27488619089126587,Negative
2025-06-23,826.02,,0.0,Neutral,-0.13744309544563293,Slightly Negative
2025-06-22,830.37,,0.0,Neutral,0.0,Neutral
2025-06-19,867.81,2025-06-19,0.9185822606086732,Strongly Positive,0.9185822606086732,Strongly Positive
2025-06-18,877.13,2025-06-18,0.134243756532669,Slightly Positive,0.5935348868370056,Positive
2025-06-17,828.98,,0.0,Neutral,0.2967674434185028,Positive
2025-06-16,769.48,,0.0,Neutral,0.03356093913316725,Neutral
2025-06-15,794.34,,0.0,Neutral,0.0,Neutral
2025-06-12,764.88,,0.0,Neutral,0.0,Neutral
2025-06-11,761.62,2025-06-11,-0.1211603879928588,Slightly Negative,-0.1211603879928588,Slightly Negative
2025-06-10,692.85,2025-06-10,-0.4339157342910766,Negative,-0.494495928287506,Negative
2025-06-09,701.49,2025-06-09,-0.3343536257743835,Negative,-0.5816015899181365,Negative
2025-06-08,638.68,,0.0,Neutral,-0.2756557464599609,Negative
2025-06-05,632.1,2025-06-05,-0.5912338495254517,Negative,-0.6748222559690475,Strongly Negative
2025-06-04,574.72,,0.0,Neutral,-0.29561692476272583,Negative
2025-06-03,565.65,2025-06-03,-0.2338424623012542,Negative,-0.3816509246826171,Negative
2025-06-02,576.55,2025-06-02,-0.5659517645835876,Negative,-0.6828729957342148,Strongly Negative
2025-05-28,562.61,,0.0,Neutral,-0.3414364978671074,Negative
2025-05-27,531.72,,0.0,Neutral,-0.1414879411458969,Slightly Negative
2025-05-26,492.58,2025-05-26,-0.7628889083862305,Strongly Negative,-0.7628889083862305,Strongly Negative
2025-05-25,476.41,,0.0,Neutral,-0.38144445419311523,Negative
2025-05-22,458.49,2025-05-22,-0.7128505706787109,Strongly Negative,-0.9035727977752686,Strongly Negative
2025-05-21,459.17,,0.0,Neutral,-0.35642528533935547,Negative
2025-05-20,472.19,2025-05-20,-0.6116074919700623,Strongly Negative,-0.78982013463974,Strongly Negative
2025-05-19,450.92,,0.0,Neutral,-0.30580374598503113,Negative
2025-05-18,454.55,,0.0,Neutral,-0.15290187299251556,Slightly Negative
2025-05-15,463.73,,0.0,Neutral,0.0,Neutral
2025-05-14,474.98,2025-05-14,-0.120438814163208,Slightly Negative,-0.120438814163208,Slightly Negative
2025-05-13,505.96,,0.0,Neutral,-0.060219407081604,Slightly Negative
2025-05-11,528.76,,0.0,Neutral,-0.030109703540802,Neutral
2025-05-08,516.55,,0.0,Neutral,0.0,Neutral
2025-05-07,534.1,,0.0,Neutral,0.0,Neutral
2025-05-06,485.57,,0.0,Neutral,0.0,Neutral
2025-05-05,453.01,,0.0,Neutral,0.0,Neutral
2025-05-04,470.5,,0.0,Neutral,0.0,Neutral
2025-04-30,468.55,,0.0,Neutral,0.0,Neutral
2025-04-29,448.33,,0.0,Neutral,0.0,Neutral
2025-04-28,446.06,,0.0,Neutral,0.0,Neutral
2025-04-27,445.66,,0.0,Neutral,0.0,Neutral
2025-04-24,417.89,,0.0,Neutral,0.0,Neutral
2025-04-23,414.12,,0.0,Neutral,0.0,Neutral
2025-04-22,422.25,2025-04-22,0.0065177381038665,Neutral,0.0065177381038665,Neutral
2025-04-21,435.89,2025-04-21,-0.1222520172595977,Slightly Negative,-0.11899314820766445,Slightly Negative
2025-04-20,422.1,2025-04-20,-0.9325382113456726,Strongly Negative,-0.9920347854495049,Strongly Negative
2025-04-17,414.76,,0.0,Neutral,-0.49683210998773575,Negative
2025-04-16,408.71,2025-04-16,-0.1533498167991638,Slightly Negative,-0.38648436963558197,Negative
2025-04-15,403.34,,0.0,Neutral,-0.0766749083995819,Slightly Negative
2025-04-13,398.99,2025-04-13,0.0838408172130584,Slightly Positive,0.045503363013267455,Neutral
2025-04-10,404.45,2025-04-10,0.1280533671379089,Slightly Positive,0.16997377574443812,Slightly Positive
2025-04-09,414.3,,0.0,Neutral,0.08498688787221906,Slightly Positive
2025-04-08,417.59,,0.0,Neutral,0.03201334178447723,Neutral
2025-04-07,423.53,,0.0,Neutral,0.0,Neutral
2025-04-03,397.2,,0.0,Neutral,0.0,Neutral
2025-04-02,396.91,,0.0,Neutral,0.0,Neutral
2025-04-01,398.66,,0.0,Neutral,0.0,Neutral
2025-03-30,400.14,2025-03-30,-0.4880945086479187,Negative,-0.4880945086479187,Negative
2025-03-27,397.48,,0.0,Neutral,-0.24404725432395935,Negative
2025-03-26,388.85,2025-03-26,-0.6513763070106506,Strongly Negative,-0.7733999341726303,Strongly Negative
2025-03-25,384.9,2025-03-25,0.2815593183040619,Positive,-0.04412883520126343,Neutral
2025-03-24,394.93,,0.0,Neutral,-0.022064417600631714,Neutral
2025-03-23,389.6,2025-03-23,-0.6444237232208252,Strongly Negative,-0.5740338936448097,Negative
2025-03-20,390.9,2025-03-20,-0.406167596578598,Negative,-0.7283794581890106,Strongly Negative
2025-03-19,393.5,,0.0,Neutral,-0.3641897290945053,Negative
2025-03-18,398.0,,0.0,Neutral,-0.1015418991446495,Slightly Negative
2025-03-17,399.2,2025-03-17,-0.0320629775524139,Neutral,-0.0320629775524139,Neutral
2025-03-16,401.0,,0.0,Neutral,-0.01603148877620695,Neutral
2025-03-12,403.0,,0.0,Neutral,-0.008015744388103475,Neutral
2025-03-11,401.0,,0.0,Neutral,0.0,Neutral
2025-03-10,410.0,2025-03-10,-0.7477757930755615,Strongly Negative,-0.7477757930755615,Strongly Negative
2025-03-09,414.0,,0.0,Neutral,-0.37388789653778076,Negative
2025-03-06,420.0,,0.0,Neutral,-0.18694394826889038,Slightly Negative
2025-03-05,420.0,,0.0,Neutral,0.0,Neutral
2025-03-04,426.1,,0.0,Neutral,0.0,Neutral
2025-03-03,443.0,,0.0,Neutral,0.0,Neutral
2025-03-02,445.9,,0.0,Neutral,0.0,Neutral
2025-02-27,415.0,,0.0,Neutral,0.0,Neutral
2025-02-25,411.0,,0.0,Neutral,0.0,Neutral
2025-02-24,416.5,2025-02-24,-0.3941380977630615,Negative,-0.3941380977630615,Negative
2025-02-23,415.0,,0.0,Neutral,-0.19706904888153076,Slightly Negative
2025-02-20,416.0,,0.0,Neutral,-0.09853452444076538,Slightly Negative
2025-02-18,426.0,,0.0,Neutral,0.0,Neutral
2025-02-17,412.0,,0.0,Neutral,0.0,Neutral
2025-02-16,405.0,,0.0,Neutral,0.0,Neutral
2025-02-13,403.0,2025-02-13,-0.6699524521827698,Strongly Negative,-0.6699524521827698,Strongly Negative
2025-02-12,406.5,2025-02-12,0.2080480456352233,Positive,-0.12692818045616158,Slightly Negative
2025-02-11,412.9,,0.0,Neutral,-0.06346409022808079,Slightly Negative
2025-02-10,415.0,,0.0,Neutral,0.052012011408805826,Slightly Positive
2025-02-09,410.0,,0.0,Neutral,0.0,Neutral
2025-02-06,405.1,,0.0,Neutral,0.0,Neutral
2025-02-05,407.0,,0.0,Neutral,0.0,Neutral
2025-02-04,410.0,,0.0,Neutral,0.0,Neutral
2025-02-03,409.7,,0.0,Neutral,0.0,Neutral
2025-02-02,408.2,,0.0,Neutral,0.0,Neutral
2025-01-28,397.4,,0.0,Neutral,0.0,Neutral
2025-01-27,400.0,,0.0,Neutral,0.0,Neutral
2025-01-26,400.0,,0.0,Neutral,0.0,Neutral
2025-01-23,395.1,2025-01-23,-0.2442322820425033,Negative,-0.2442322820425033,Negative
2025-01-22,399.0,,0.0,Neutral,-0.12211614102125165,Slightly Negative
2025-01-21,383.8,,0.0,Neutral,-0.061058070510625825,Slightly Negative
2025-01-20,386.5,2025-01-20,-0.0088043892756104,Neutral,-0.0088043892756104,Neutral
2025-01-19,386.0,,0.0,Neutral,-0.0044021946378052,Neutral
2025-01-16,387.2,,0.0,Neutral,-0.0022010973189026,Neutral
2025-01-15,393.1,,0.0,Neutral,0.0,Neutral
2025-01-13,395.6,,0.0,Neutral,0.0,Neutral
2025-01-12,400.0,,0.0,Neutral,0.0,Neutral
2025-01-09,399.5,,0.0,Neutral,0.0,Neutral
2025-01-08,407.0,,0.0,Neutral,0.0,Neutral
2025-01-07,407.0,,0.0,Neutral,0.0,Neutral
2025-01-06,402.0,,0.0,Neutral,0.0,Neutral
2025-01-05,396.0,,0.0,Neutral,0.0,Neutral
2025-01-02,402.5,2025-01-02,0.9056085348129272,Strongly Positive,0.9056085348129272,Strongly Positive
2025-01-01,388.0,,0.0,Neutral,0.4528042674064636,Positive
2024-12-31,384.0,,0.0,Neutral,0.2264021337032318,Positive
2024-12-29,389.0,,0.0,Neutral,0.0,Neutral
2024-12-26,390.0,,0.0,Neutral,0.0,Neutral
2024-12-24,397.0,,0.0,Neutral,0.0,Neutral
2024-12-23,387.0,,0.0,Neutral,0.0,Neutral
2024-12-22,383.2,,0.0,Neutral,0.0,Neutral
2024-12-19,393.0,,0.0,Neutral,0.0,Neutral
2024-12-18,392.0,,0.0,Neutral,0.0,Neutral
2024-12-17,394.0,,0.0,Neutral,0.0,Neutral
2024-12-16,399.9,2024-12-16,-0.1873531192541122,Slightly Negative,-0.1873531192541122,Slightly Negative
2024-12-12,411.9,2024-12-12,-0.7372568249702454,Strongly Negative,-0.8309333845973015,Strongly Negative
2024-12-11,417.0,,0.0,Neutral,-0.41546669229865074,Negative
2024-12-10,414.0,2024-12-10,0.0605501011013984,Slightly Positive,-0.12376410514116294,Slightly Negative
2024-12-09,418.0,2024-12-09,0.0543120503425598,Slightly Positive,0.08458710089325899,Slightly Positive
2024-12-08,434.0,,0.0,Neutral,0.042293550446629496,Neutral
2024-12-05,442.5,2024-12-05,-0.8622756004333496,Strongly Negative,-0.8486975878477097,Strongly Negative
2024-12-04,446.0,,0.0,Neutral,-0.4311378002166748,Negative
2024-12-03,443.1,,0.0,Neutral,-0.2155689001083374,Negative
2024-12-02,439.0,,0.0,Neutral,0.0,Neutral
2024-12-01,441.4,,0.0,Neutral,0.0,Neutral
2024-11-28,449.0,,0.0,Neutral,0.0,Neutral
2024-11-27,455.5,,0.0,Neutral,0.0,Neutral
2024-11-26,446.1,,0.0,Neutral,0.0,Neutral
2024-11-25,438.5,,0.0,Neutral,0.0,Neutral
2024-11-24,443.0,,0.0,Neutral,0.0,Neutral
2024-11-21,441.0,2024-11-21,0.3522944152355194,Positive,0.3522944152355194,Positive
2024-11-20,447.0,,0.0,Neutral,0.1761472076177597,Slightly Positive
2024-11-19,446.4,,0.0,Neutral,0.08807360380887985,Slightly Positive
2024-11-17,455.3,,0.0,Neutral,0.0,Neutral
2024-11-14,453.8,,0.0,Neutral,0.0,Neutral
2024-11-13,451.0,,0.0,Neutral,0.0,Neutral
2024-11-12,468.0,,0.0,Neutral,0.0,Neutral
2024-11-11,459.0,2024-11-11,0.9224844574928284,Strongly Positive,0.9224844574928284,Strongly Positive
2024-11-10,467.5,2024-11-10,0.0913766026496887,Slightly Positive,0.5526188313961029,Positive
2024-11-06,450.0,2024-11-06,0.6941941380500793,Strongly Positive,0.9705035537481308,Strongly Positive
2024-11-05,455.0,,0.0,Neutral,0.36994121968746185,Positive
2024-10-30,450.0,,0.0,Neutral,0.17354853451251984,Slightly Positive
2024-10-29,455.2,2024-10-29,-0.4482151567935943,Negative,-0.4482151567935943,Negative
2024-10-28,450.0,,0.0,Neutral,-0.22410757839679715,Negative
2024-10-27,440.0,,0.0,Neutral,-0.11205378919839858,Slightly Negative
2024-10-24,450.1,,0.0,Neutral,0.0,Neutral
2024-10-23,449.0,2024-10-23,-0.5182260870933533,Negative,-0.5182260870933533,Negative
2024-10-22,456.0,,0.0,Neutral,-0.25911304354667664,Negative
2024-10-21,452.0,,0.0,Neutral,-0.12955652177333832,Slightly Negative
2024-10-20,463.0,2024-10-20,-0.0460387840867042,Neutral,-0.0460387840867042,Neutral
2024-10-17,487.5,2024-10-17,-0.5775560140609741,Negative,-0.6005754061043262,Strongly Negative
2024-10-16,477.0,2024-10-16,0.3032940030097961,Positive,0.003006299957632977,Neutral
2024-10-15,472.0,,0.0,Neutral,0.007257997989654513,Neutral
2024-10-09,475.3,2024-10-09,0.9219281077384948,Strongly Positive,0.9977516084909438,Strongly Positive
2024-10-08,485.0,,0.0,Neutral,0.4609640538692474,Positive
2024-10-07,454.0,2024-10-07,0.9075050950050354,Strongly Positive,1.1379871219396591,Strongly Positive
2024-10-06,449.0,,0.0,Neutral,0.4537525475025177,Positive
2024-10-02,428.0,,0.0,Neutral,0.22687627375125885,Positive
2024-10-01,429.0,2024-10-01,0.9054638147354126,Strongly Positive,0.9054638147354126,Strongly Positive
2024-09-30,390.0,,0.0,Neutral,0.4527319073677063,Positive
2024-09-29,385.1,,0.0,Neutral,0.22636595368385315,Positive
2024-09-26,392.0,,0.0,Neutral,0.0,Neutral
2024-09-25,410.0,,0.0,Neutral,0.0,Neutral
2024-09-24,390.5,2024-09-24,0.9053268432617188,Strongly Positive,0.9053268432617188,Strongly Positive
2024-09-23,396.0,,0.0,Neutral,0.4526634216308594,Positive
2024-09-22,418.0,,0.0,Neutral,0.2263317108154297,Positive
2024-09-18,415.0,2024-09-18,0.0292224586009979,Neutral,0.0292224586009979,Neutral
2024-09-16,423.0,2024-09-16,0.0701217502355575,Slightly Positive,0.08473297953605645,Slightly Positive
2024-09-15,441.0,,0.0,Neutral,0.042366489768028225,Neutral
2024-09-12,456.0,2024-09-12,0.7334011197090149,Strongly Positive,0.7509315572679043,Strongly Positive
2024-09-11,442.4,,0.0,Neutral,0.36670055985450745,Positive
2024-09-10,446.1,,0.0,Neutral,0.18335027992725372,Slightly Positive
2024-09-09,460.4,,0.0,Neutral,0.0,Neutral
2024-09-08,478.0,2024-09-08,0.0105989575386047,Neutral,0.0105989575386047,Neutral
2024-09-05,475.0,,0.0,Neutral,0.00529947876930235,Neutral
2024-09-04,490.0,,0.0,Neutral,0.002649739384651175,Neutral
2024-09-03,495.0,2024-09-03,-0.2997061610221863,Negative,-0.2997061610221863,Negative
2024-09-02,499.9,,0.0,Neutral,-0.14985308051109314,Slightly Negative
2024-09-01,455.0,,0.0,Neutral,-0.07492654025554657,Slightly Negative
2024-08-29,473.0,,0.0,Neutral,0.0,Neutral
2024-08-28,488.0,,0.0,Neutral,0.0,Neutral
2024-08-27,492.9,,0.0,Neutral,0.0,Neutral
2024-08-25,513.0,,0.0,Neutral,0.0,Neutral
2024-08-22,525.1,,0.0,Neutral,0.0,Neutral
2024-08-21,504.0,,0.0,Neutral,0.0,Neutral
2024-08-18,508.9,,0.0,Neutral,0.0,Neutral
2024-08-15,486.2,,0.0,Neutral,0.0,Neutral
2024-08-14,442.0,,0.0,Neutral,0.0,Neutral
2024-08-13,438.0,,0.0,Neutral,0.0,Neutral
2024-08-12,445.0,,0.0,Neutral,0.0,Neutral
2024-08-11,447.0,2024-08-11,-0.6217007637023926,Strongly Negative,-0.6217007637023926,Strongly Negative
2024-08-08,434.0,,0.0,Neutral,-0.3108503818511963,Negative
2024-08-07,440.0,,0.0,Neutral,-0.15542519092559814,Slightly Negative
2024-08-06,406.0,2024-08-06,0.06113051623106,Slightly Positive,0.06113051623106,Slightly Positive
2024-08-05,419.0,2024-08-05,-0.0004892461001873,Neutral,0.0300760120153427,Neutral
2024-08-01,386.0,,0.0,Neutral,0.01503800600767135,Neutral
2024-07-31,395.6,,0.0,Neutral,-0.000122311525046825,Neutral
2024-07-30,385.3,,0.0,Neutral,0.0,Neutral
2024-07-29,375.0,,0.0,Neutral,0.0,Neutral
2024-07-28,364.0,,0.0,Neutral,0.0,Neutral
2024-07-25,357.0,,0.0,Neutral,0.0,Neutral
2024-07-24,355.0,,0.0,Neutral,0.0,Neutral
2024-07-23,368.9,,0.0,Neutral,0.0,Neutral
2024-07-22,351.3,,0.0,Neutral,0.0,Neutral
2024-07-21,349.5,2024-07-21,0.2961920797824859,Positive,0.2961920797824859,Positive
2024-07-18,330.2,,0.0,Neutral,0.14809603989124295,Slightly Positive
2024-07-17,327.5,,0.0,Neutral,0.07404801994562148,Slightly Positive
2024-07-16,322.0,,0.0,Neutral,0.0,Neutral
2024-07-15,310.0,2024-07-15,0.0531130880117416,Slightly Positive,0.0531130880117416,Slightly Positive
2024-07-14,309.8,2024-07-14,0.4453930258750915,Positive,0.4719495698809623,Positive
2024-07-11,298.9,,0.0,Neutral,0.23597478494048116,Positive
2024-07-10,296.5,2024-07-10,-0.0372032523155212,Neutral,0.07414500415325168,Slightly Positive
2024-07-09,293.0,,0.0,Neutral,-0.0186016261577606,Neutral
2024-07-08,294.0,,0.0,Neutral,-0.0093008130788803,Neutral
2024-07-07,292.6,2024-07-07,-0.6083687543869019,Strongly Negative,-0.6083687543869019,Strongly Negative
2024-07-04,292.2,2024-07-04,-0.7496742010116577,Strongly Negative,-1.0538585782051086,Strongly Negative
2024-07-03,291.4,,0.0,Neutral,-0.5269292891025543,Negative
2024-07-02,291.0,,0.0,Neutral,-0.18741855025291443,Slightly Negative
2024-07-01,288.2,,0.0,Neutral,0.0,Neutral
2024-06-30,288.2,2024-06-30,-0.5555654168128967,Negative,-0.5555654168128967,Negative
2024-06-27,289.5,,0.0,Neutral,-0.27778270840644836,Negative
2024-06-26,290.0,,0.0,Neutral,-0.13889135420322418,Slightly Negative
2024-06-25,291.1,,0.0,Neutral,0.0,Neutral
2024-06-24,290.0,,0.0,Neutral,0.0,Neutral
2024-06-23,292.9,,0.0,Neutral,0.0,Neutral
2024-06-20,292.8,2024-06-20,-0.7754740715026855,Strongly Negative,-0.7754740715026855,Strongly Negative
2024-06-19,293.0,2024-06-19,0.928455650806427,Strongly Positive,0.5407186150550842,Positive
2024-06-18,293.0,,0.0,Neutral,0.2703593075275421,Positive
2024-06-16,293.3,,0.0,Neutral,0.23211391270160675,Positive
2024-06-13,293.0,,0.0,Neutral,0.0,Neutral
2024-06-12,296.9,2024-06-12,-0.3344677183777093,Negative,-0.3344677183777093,Negative
2024-06-11,297.0,2024-06-11,-0.703773021697998,Strongly Negative,-0.8710068808868527,Strongly Negative
2024-06-10,291.0,2024-06-10,0.0591075792908668,Slightly Positive,-0.3763958611525595,Negative
2024-06-09,289.9,,0.0,Neutral,-0.1463894657790661,Slightly Negative
2024-06-06,290.3,,0.0,Neutral,0.0147768948227167,Neutral
2024-06-05,292.0,,0.0,Neutral,0.0,Neutral
2024-06-04,294.0,,0.0,Neutral,0.0,Neutral
2024-06-03,292.0,,0.0,Neutral,0.0,Neutral
2024-06-02,295.9,,0.0,Neutral,0.0,Neutral
2024-05-30,294.4,,0.0,Neutral,0.0,Neutral
2024-05-29,297.7,,0.0,Neutral,0.0,Neutral
2024-05-27,299.2,2024-05-27,-0.6427181959152222,Strongly Negative,-0.6427181959152222,Strongly Negative
2024-05-26,301.0,2024-05-26,-0.5461372137069702,Negative,-0.8674963116645813,Strongly Negative
2024-05-22,299.6,,0.0,Neutral,-0.43374815583229065,Negative
2024-05-21,299.0,2024-05-21,0.9287891387939452,Strongly Positive,0.7922548353672026,Strongly Positive
2024-05-20,299.0,2024-05-20,-0.7473208904266357,Strongly Negative,-0.28292632102966314,Negative
2024-05-19,298.0,,0.0,Neutral,-0.14146316051483157,Slightly Negative
2024-05-16,295.0,,0.0,Neutral,-0.18683022260665894,Slightly Negative
2024-05-15,294.0,,0.0,Neutral,0.0,Neutral
2024-05-14,294.5,,0.0,Neutral,0.0,Neutral
2024-05-13,291.0,2024-05-13,-0.0147014185786247,Neutral,-0.0147014185786247,Neutral
2024-05-12,290.0,,0.0,Neutral,-0.00735070928931235,Neutral
2024-05-09,292.0,,0.0,Neutral,-0.003675354644656175,Neutral
2024-05-08,290.0,,0.0,Neutral,0.0,Neutral
2024-05-07,291.5,,0.0,Neutral,0.0,Neutral
2024-05-06,292.0,,0.0,Neutral,0.0,Neutral
2024-05-05,293.5,,0.0,Neutral,0.0,Neutral
2024-05-02,296.6,,0.0,Neutral,0.0,Neutral
2024-04-30,296.8,,0.0,Neutral,0.0,Neutral
2024-04-29,296.0,2024-04-29,-0.2238787710666656,Negative,-0.2238787710666656,Negative
2024-04-28,294.0,,0.0,Neutral,-0.1119393855333328,Slightly Negative
2024-04-25,292.8,,0.0,Neutral,-0.0559696927666664,Slightly Negative
2024-04-24,293.1,,0.0,Neutral,0.0,Neutral
2024-04-22,294.0,2024-04-22,-0.397852748632431,Negative,-0.397852748632431,Negative
2024-04-21,294.0,2024-04-21,-0.6756387948989868,Strongly Negative,-0.8745651692152023,Strongly Negative
2024-04-18,297.0,,0.0,Neutral,-0.43728258460760117,Negative
2024-04-16,298.0,2024-04-16,0.4685211181640625,Positive,0.2996114194393158,Positive
2024-04-15,298.0,2024-04-15,-0.5954660177230835,Negative,-0.36120545864105225,Negative
2024-04-14,299.8,2024-04-14,-0.4558782577514648,Negative,-0.636480987071991,Strongly Negative
2024-04-10,298.0,2024-04-10,-0.0239664651453495,Neutral,-0.40077209845185274,Negative
2024-04-09,300.0,,0.0,Neutral,-0.12595279701054093,Slightly Negative
2024-04-07,297.8,2024-04-07,-0.6892299056053162,Strongly Negative,-0.6952215218916535,Strongly Negative
2024-04-04,296.1,2024-04-04,-0.323227971792221,Negative,-0.6678429245948792,Strongly Negative
2024-04-03,299.1,,0.0,Neutral,-0.3339214622974396,Negative
2024-04-02,300.0,2024-04-02,-0.4733312129974365,Negative,-0.5541382059454918,Negative
2024-04-01,300.9,,0.0,Neutral,-0.23666560649871826,Negative
2024-03-31,301.0,,0.0,Neutral,-0.11833280324935913,Slightly Negative
2024-03-28,305.0,,0.0,Neutral,0.0,Neutral
2024-03-27,304.0,,0.0,Neutral,0.0,Neutral
2024-03-26,305.1,2024-03-26,-0.2324217855930328,Negative,-0.2324217855930328,Negative
2024-03-25,304.0,,0.0,Neutral,-0.1162108927965164,Slightly Negative
2024-03-21,307.0,2024-03-21,-0.3527610003948211,Negative,-0.4108664467930793,Negative
2024-03-20,306.1,,0.0,Neutral,-0.17638050019741056,Slightly Negative
2024-03-19,310.0,,0.0,Neutral,-0.08819025009870528,Slightly Negative
2024-03-18,309.2,,0.0,Neutral,0.0,Neutral
2024-03-17,310.0,,0.0,Neutral,0.0,Neutral
2024-03-14,311.1,2024-03-14,-0.0184712968766689,Neutral,-0.0184712968766689,Neutral
2024-03-13,314.5,2024-03-13,-0.5365344434976578,Negative,-0.5457700919359922,Negative
2024-03-12,316.0,,0.0,Neutral,-0.2728850459679961,Negative
2024-03-10,312.0,,0.0,Neutral,-0.13413361087441444,Slightly Negative
2024-03-07,310.0,,0.0,Neutral,0.0,Neutral
2024-03-06,309.0,,0.0,Neutral,0.0,Neutral
2024-03-05,311.0,,0.0,Neutral,0.0,Neutral
2024-03-04,329.0,,0.0,Neutral,0.0,Neutral
2024-03-03,301.0,2024-03-03,0.659336507320404,Strongly Positive,0.659336507320404,Strongly Positive
2024-02-29,300.2,2024-02-29,0.5973718166351318,Positive,0.9270400702953339,Strongly Positive
2024-02-28,303.7,,0.0,Neutral,0.46352003514766693,Positive
2024-02-27,303.8,,0.0,Neutral,0.14934295415878296,Slightly Positive
2024-02-26,302.0,2024-02-26,-0.6391295790672302,Strongly Negative,-0.6391295790672302,Strongly Negative
2024-02-25,300.5,2024-02-25,-0.7076578140258789,Strongly Negative,-1.027222603559494,Strongly Negative
2024-02-22,304.0,,0.0,Neutral,-0.513611301779747,Negative
2024-02-21,308.8,,0.0,Neutral,-0.17691445350646973,Slightly Negative
2024-02-20,308.3,,0.0,Neutral,0.0,Neutral
2024-02-18,307.5,,0.0,Neutral,0.0,Neutral
2024-02-15,311.3,,0.0,Neutral,0.0,Neutral
2024-02-14,310.0,,0.0,Neutral,0.0,Neutral
2024-02-13,311.5,,0.0,Neutral,0.0,Neutral
2024-02-12,318.0,2024-02-12,0.0213358532637357,Neutral,0.0213358532637357,Neutral
2024-02-11,317.5,,0.0,Neutral,0.01066792663186785,Neutral
2024-02-08,315.9,,0.0,Neutral,0.005333963315933925,Neutral
2024-02-07,315.1,2024-02-07,0.9190106987953186,Strongly Positive,0.9190106987953186,Strongly Positive
2024-02-06,314.1,,0.0,Neutral,0.4595053493976593,Positive
2024-02-05,313.0,,0.0,Neutral,0.22975267469882965,Positive
2024-02-04,312.0,,0.0,Neutral,0.0,Neutral
2024-02-01,310.0,2024-02-01,0.9017196297645568,Strongly Positive,0.9017196297645568,Strongly Positive
2024-01-31,316.0,,0.0,Neutral,0.4508598148822784,Positive
2024-01-30,318.9,,0.0,Neutral,0.2254299074411392,Positive
2024-01-29,318.0,,0.0,Neutral,0.0,Neutral
2024-01-28,314.9,2024-01-28,-0.5602532029151917,Negative,-0.5602532029151917,Negative
2024-01-25,313.6,2024-01-25,0.9305034875869752,Strongly Positive,0.6503768861293794,Strongly Positive
2024-01-24,316.0,,0.0,Neutral,0.3251884430646897,Positive
2024-01-23,316.0,,0.0,Neutral,0.2326258718967438,Positive
2024-01-22,320.0,2024-01-22,0.0955185890197753,Slightly Positive,0.0955185890197753,Slightly Positive
2024-01-21,327.0,2024-01-21,-0.0024153357371688,Neutral,0.045343958772718844,Neutral
2024-01-18,339.0,2024-01-18,0.7747501134872437,Strongly Positive,0.7974220928736031,Strongly Positive
2024-01-17,330.0,,0.0,Neutral,0.38677122280932963,Positive
2024-01-16,341.0,2024-01-16,-0.0303513295948505,Neutral,0.16333619877696043,Slightly Positive
2024-01-14,310.0,2024-01-14,-0.0015759468078613,Neutral,-0.01675161160528655,Neutral
2024-01-11,303.1,,0.0,Neutral,-0.008375805802643275,Neutral
2024-01-10,303.0,,0.0,Neutral,-0.000393986701965325,Neutral
2024-01-09,303.0,,0.0,Neutral,0.0,Neutral
2024-01-08,303.0,2024-01-08,0.3354699239134788,Positive,0.3354699239134788,Positive
2024-01-07,299.5,,0.0,Neutral,0.1677349619567394,Slightly Positive
2024-01-04,299.5,,0.0,Neutral,0.0838674809783697,Slightly Positive
2024-01-03,302.0,,0.0,Neutral,0.0,Neutral
2024-01-02,296.1,,0.0,Neutral,0.0,Neutral
2024-01-01,301.9,,0.0,Neutral,0.0,Neutral
2023-12-28,305.0,,0.0,Neutral,0.0,Neutral
2023-12-27,306.2,,0.0,Neutral,0.0,Neutral
2023-12-24,308.8,,0.0,Neutral,0.0,Neutral
2023-12-21,311.0,,0.0,Neutral,0.0,Neutral
2023-12-20,316.0,,0.0,Neutral,0.0,Neutral
2023-12-19,316.5,2023-12-19,-0.0495426394045352,Neutral,-0.0495426394045352,Neutral
2023-12-18,311.0,,0.0,Neutral,-0.0247713197022676,Neutral
2023-12-17,309.9,2023-12-17,0.1858166120946406,Slightly Positive,0.1734309522435068,Slightly Positive
2023-12-14,315.0,2023-12-14,-0.3237503468990326,Negative,-0.23084204085171228,Negative
2023-12-13,313.2,,0.0,Neutral,-0.11542102042585614,Slightly Negative
2023-12-12,315.1,,0.0,Neutral,-0.08093758672475815,Slightly Negative
2023-12-11,311.0,2023-12-11,0.8129301071166992,Strongly Positive,0.8129301071166992,Strongly Positive
2023-12-10,315.0,2023-12-10,0.3414733707904815,Positive,0.7479384243488312,Strongly Positive
2023-12-07,297.2,2023-12-07,0.7270581126213074,Strongly Positive,1.101027324795723,Strongly Positive
2023-12-06,296.5,,0.0,Neutral,0.4488973990082741,Positive
2023-12-05,297.3,,0.0,Neutral,0.18176452815532684,Slightly Positive
2023-12-04,295.2,2023-12-04,0.9314891695976256,Strongly Positive,0.9314891695976256,Strongly Positive
2023-12-03,297.1,,0.0,Neutral,0.4657445847988128,Positive
2023-11-30,298.9,,0.0,Neutral,0.2328722923994064,Positive
2023-11-29,301.0,2023-11-29,0.5706247091293335,Positive,0.5706247091293335,Positive
2023-11-28,303.0,2023-11-28,0.2470296770334244,Positive,0.5323420315980911,Positive
2023-11-27,302.0,,0.0,Neutral,0.26617101579904556,Positive
2023-11-26,305.5,,0.0,Neutral,0.0617574192583561,Slightly Positive
2023-11-23,299.0,,0.0,Neutral,0.0,Neutral
2023-11-22,296.1,,0.0,Neutral,0.0,Neutral
2023-11-21,294.0,,0.0,Neutral,0.0,Neutral
2023-11-20,295.3,2023-11-20,-0.0071662440896034,Neutral,-0.0071662440896034,Neutral
2023-11-09,297.1,,0.0,Neutral,-0.0035831220448017,Neutral
2023-11-08,298.0,,0.0,Neutral,-0.00179156102240085,Neutral
2023-11-07,297.7,,0.0,Neutral,0.0,Neutral
2023-11-06,296.0,,0.0,Neutral,0.0,Neutral
2023-11-05,294.1,2023-11-05,0.7400195002555847,Strongly Positive,0.7400195002555847,Strongly Positive
2023-11-02,297.0,,0.0,Neutral,0.37000975012779236,Positive
2023-11-01,296.9,2023-11-01,0.0985844135284423,Slightly Positive,0.28358928859233845,Positive
2023-10-31,297.6,,0.0,Neutral,0.04929220676422115,Neutral
2023-10-30,299.9,,0.0,Neutral,0.024646103382110575,Neutral
2023-10-29,299.9,,0.0,Neutral,0.0,Neutral
2023-10-19,300.7,2023-10-19,0.8292142748832703,Strongly Positive,0.8292142748832703,Strongly Positive
2023-10-18,300.5,2023-10-18,0.2993601306031147,Positive,0.7139672680447499,Strongly Positive
2023-10-17,296.3,2023-10-17,0.3895330764353275,Positive,0.7465167104577024,Strongly Positive
2023-10-16,294.5,2023-10-16,0.8377037644386292,Strongly Positive,1.1073103353070717,Strongly Positive
2023-10-12,297.0,,0.0,Neutral,0.5162351513281465,Positive
2023-10-11,298.0,,0.0,Neutral,0.2094259411096573,Positive
2023-10-10,296.0,,0.0,Neutral,0.0,Neutral
2023-10-09,299.5,2023-10-09,0.9241541624069214,Strongly Positive,0.9241541624069214,Strongly Positive
2023-10-08,301.0,2023-10-08,0.9193177223205566,Strongly Positive,1.3813948035240173,Strongly Positive
2023-10-05,304.0,,0.0,Neutral,0.6906974017620087,Strongly Positive
2023-10-04,306.5,2023-10-04,0.141101211309433,Slightly Positive,0.37093064188957214,Positive
2023-10-03,303.0,,0.0,Neutral,0.0705506056547165,Slightly Positive
2023-10-02,304.5,2023-10-02,0.8697748184204102,Strongly Positive,0.9050501212477684,Strongly Positive
2023-10-01,306.6,2023-10-01,0.9149264097213744,Strongly Positive,1.3498138189315796,Strongly Positive
2023-09-27,313.0,,0.0,Neutral,0.6749069094657898,Strongly Positive
2023-09-26,315.0,2023-09-26,0.1121289655566215,Slightly Positive,0.34086056798696507,Positive
2023-09-25,309.0,2023-09-25,0.9218896627426147,Strongly Positive,0.9779541455209255,Strongly Positive
2023-09-24,311.6,2023-09-24,0.8438069820404053,Strongly Positive,1.332784054800868,Strongly Positive
2023-09-21,316.4,,0.0,Neutral,0.6523759067058563,Strongly Positive
2023-09-19,309.0,,0.0,Neutral,0.21095174551010132,Positive
2023-09-18,307.0,2023-09-18,0.8191651403903961,Strongly Positive,0.8191651403903961,Strongly Positive
2023-09-17,305.9,2023-09-17,0.2316693365573883,Positive,0.6412519067525864,Strongly Positive
2023-09-13,310.0,,0.0,Neutral,0.3206259533762932,Positive
2023-09-12,303.8,,0.0,Neutral,0.057917334139347076,Slightly Positive
2023-09-11,304.1,2023-09-11,-0.1270755678415298,Slightly Negative,-0.1270755678415298,Slightly Negative
2023-09-10,299.7,,0.0,Neutral,-0.0635377839207649,Slightly Negative
2023-09-07,299.0,,0.0,Neutral,-0.03176889196038245,Neutral
2023-09-05,303.0,,0.0,Neutral,0.0,Neutral
2023-09-04,304.0,,0.0,Neutral,0.0,Neutral
2023-09-03,304.0,,0.0,Neutral,0.0,Neutral
2023-08-30,307.4,,0.0,Neutral,0.0,Neutral
2023-08-29,307.0,,0.0,Neutral,0.0,Neutral
2023-08-28,307.5,,0.0,Neutral,0.0,Neutral
2023-08-27,307.0,,0.0,Neutral,0.0,Neutral
2023-08-24,311.0,,0.0,Neutral,0.0,Neutral
2023-08-23,317.0,,0.0,Neutral,0.0,Neutral
2023-08-22,320.0,,0.0,Neutral,0.0,Neutral
2023-08-21,308.0,,0.0,Neutral,0.0,Neutral
2023-08-20,307.6,2023-08-20,0.4706372022628784,Positive,0.4706372022628784,Positive
2023-08-17,309.0,,0.0,Neutral,0.2353186011314392,Positive
2023-08-16,308.5,,0.0,Neutral,0.1176593005657196,Slightly Positive
2023-08-15,314.0,2023-08-15,0.0367373526096344,Neutral,0.0367373526096344,Neutral
2023-08-14,319.5,,0.0,Neutral,0.0183686763048172,Neutral
2023-08-13,321.0,2023-08-13,0.3550106883049011,Positive,0.3641950264573097,Positive
2023-08-10,321.5,2023-08-10,0.6593401432037354,Strongly Positive,0.8368454873561859,Strongly Positive
2023-08-09,321.0,,0.0,Neutral,0.41842274367809296,Positive
2023-08-08,317.0,2023-08-08,0.0437265634536743,Neutral,0.20856159925460815,Positive
2023-08-07,316.0,2023-08-07,0.7810200452804565,Strongly Positive,0.8028833270072937,Strongly Positive
2023-08-06,315.5,2023-08-06,0.2109157014638185,Positive,0.6123573649674654,Strongly Positive
2023-08-03,322.9,,0.0,Neutral,0.3007128620520234,Positive
2023-08-02,324.0,2023-08-02,-0.4065877497196197,Negative,-0.35385882435366506,Negative
2023-08-01,320.0,,0.0,Neutral,-0.20329387485980985,Negative
2023-07-31,324.0,,0.0,Neutral,-0.10164693742990492,Slightly Negative
2023-07-30,325.0,,0.0,Neutral,0.0,Neutral
2023-07-27,325.0,,0.0,Neutral,0.0,Neutral
2023-07-26,329.0,,0.0,Neutral,0.0,Neutral
2023-07-25,331.0,,0.0,Neutral,0.0,Neutral
2023-07-24,338.0,2023-07-24,-0.4698981344699859,Negative,-0.4698981344699859,Negative
2023-07-23,334.2,,0.0,Neutral,-0.23494906723499295,Negative
2023-07-20,333.3,,0.0,Neutral,-0.11747453361749648,Slightly Negative
2023-07-19,330.0,,0.0,Neutral,0.0,Neutral
2023-07-18,334.0,,0.0,Neutral,0.0,Neutral
2023-07-17,333.0,,0.0,Neutral,0.0,Neutral
2023-07-16,330.5,2023-07-16,0.883343517780304,Strongly Positive,0.883343517780304,Strongly Positive
2023-07-13,327.3,,0.0,Neutral,0.441671758890152,Positive
2023-07-12,331.0,,0.0,Neutral,0.220835879445076,Positive
2023-07-11,319.1,2023-07-11,-0.3590094149112701,Negative,-0.3590094149112701,Negative
2023-07-10,325.0,,0.0,Neutral,-0.17950470745563504,Slightly Negative
2023-07-09,326.9,2023-07-09,0.5350947976112366,Positive,0.44534244388341904,Positive
2023-07-06,317.0,,0.0,Neutral,0.2675473988056183,Positive
2023-07-05,322.0,2023-07-05,0.4177348017692566,Positive,0.5515085011720657,Positive
2023-07-04,325.0,2023-07-04,-0.20897176861763,Negative,-0.00010436773300170898,Neutral
2023-07-03,324.0,2023-07-03,0.7068891525268555,Strongly Positive,0.7068369686603546,Strongly Positive
2023-07-02,328.0,,0.0,Neutral,0.30120163410902023,Positive
2023-06-28,339.0,,0.0,Neutral,0.17672228813171387,Slightly Positive
2023-06-27,342.6,,0.0,Neutral,0.0,Neutral
2023-06-26,333.0,,0.0,Neutral,0.0,Neutral
2023-06-25,339.0,,0.0,Neutral,0.0,Neutral
2023-06-22,327.0,2023-06-22,0.873332142829895,Strongly Positive,0.873332142829895,Strongly Positive
2023-06-21,332.0,,0.0,Neutral,0.4366660714149475,Positive
2023-06-20,336.2,,0.0,Neutral,0.21833303570747375,Positive
2023-06-19,347.0,,0.0,Neutral,0.0,Neutral
2023-06-18,352.0,,0.0,Neutral,0.0,Neutral
2023-06-15,342.0,2023-06-15,0.4683806300163269,Positive,0.4683806300163269,Positive
2023-06-14,343.1,2023-06-14,0.4930647611618042,Positive,0.7272550761699677,Strongly Positive
2023-06-13,345.0,2023-06-13,0.7564454078674316,Strongly Positive,1.1200729459524155,Strongly Positive
2023-06-12,339.0,2023-06-12,0.7213075160980225,Strongly Positive,1.2227964103221893,Strongly Positive
2023-06-11,348.6,,0.0,Neutral,0.5497651100158691,Positive
2023-06-08,342.0,2023-06-08,0.7539471387863159,Strongly Positive,0.9342740178108215,Strongly Positive
2023-06-07,344.0,2023-06-07,0.4957673549652099,Positive,0.8727409243583679,Strongly Positive
2023-06-06,348.5,2023-06-06,0.7798135876655579,Strongly Positive,1.2161840498447418,Strongly Positive
2023-06-05,330.0,,0.0,Neutral,0.5138486325740814,Positive
2023-06-04,319.8,,0.0,Neutral,0.19495339691638947,Slightly Positive
2023-06-01,311.0,2023-06-01,0.4650955200195312,Positive,0.4650955200195312,Positive
2023-05-31,308.9,2023-05-31,0.9306153655052184,Strongly Positive,1.163163125514984,Strongly Positive
2023-05-30,315.1,,0.0,Neutral,0.581581562757492,Positive
2023-05-28,320.2,,0.0,Neutral,0.2326538413763046,Positive
2023-05-24,319.8,2023-05-24,0.6379044055938721,Strongly Positive,0.6379044055938721,Strongly Positive
2023-05-23,319.0,,0.0,Neutral,0.31895220279693604,Positive
2023-05-22,315.0,,0.0,Neutral,0.15947610139846802,Slightly Positive
2023-05-21,318.0,2023-05-21,0.2752208411693573,Positive,0.2752208411693573,Positive
2023-05-18,317.9,2023-05-18,-0.428337037563324,Negative,-0.2907266169786453,Negative
2023-05-17,311.9,2023-05-17,-0.1411273777484893,Slightly Negative,-0.28649068623781193,Negative
2023-05-16,311.0,,0.0,Neutral,-0.17764794826507563,Slightly Negative
2023-05-15,309.9,,0.0,Neutral,-0.035281844437122324,Neutral
2023-05-14,308.2,,0.0,Neutral,0.0,Neutral
2023-05-11,312.0,,0.0,Neutral,0.0,Neutral
2023-05-10,314.0,2023-05-10,0.3141437768936157,Positive,0.3141437768936157,Positive
2023-05-09,312.0,2023-05-09,0.6824951767921448,Strongly Positive,0.8395670652389526,Strongly Positive
2023-05-08,308.0,,0.0,Neutral,0.4197835326194763,Positive
2023-05-07,312.5,2023-05-07,-0.1594992876052856,Slightly Negative,0.011124506592750605,Neutral
2023-05-04,323.4,,0.0,Neutral,-0.0797496438026428,Slightly Negative
2023-05-03,307.1,2023-05-03,-0.3371529579162597,Negative,-0.3770277798175811,Negative
2023-05-02,309.0,,0.0,Neutral,-0.16857647895812986,Slightly Negative
2023-04-30,309.0,2023-04-30,0.5406634211540222,Positive,0.4563751816749573,Positive
2023-04-27,312.4,2023-04-27,0.3818577229976654,Positive,0.6521894335746765,Strongly Positive
2023-04-26,318.0,,0.0,Neutral,0.32609471678733826,Positive
2023-04-25,313.0,,0.0,Neutral,0.09546443074941635,Slightly Positive
2023-04-24,309.4,,0.0,Neutral,0.0,Neutral
2023-04-23,310.0,,0.0,Neutral,0.0,Neutral
2023-04-20,313.0,2023-04-20,0.1440556347370147,Slightly Positive,0.1440556347370147,Slightly Positive
2023-04-19,319.0,,0.0,Neutral,0.07202781736850734,Slightly Positive
2023-04-18,319.0,,0.0,Neutral,0.03601390868425367,Neutral
2023-04-17,319.0,,0.0,Neutral,0.0,Neutral
2023-04-16,320.0,,0.0,Neutral,0.0,Neutral
2023-04-13,320.0,,0.0,Neutral,0.0,Neutral
2023-04-12,320.0,,0.0,Neutral,0.0,Neutral
2023-04-11,309.0,,0.0,Neutral,0.0,Neutral
2023-04-10,306.3,,0.0,Neutral,0.0,Neutral
2023-04-09,308.0,,0.0,Neutral,0.0,Neutral
2023-04-06,314.0,,0.0,Neutral,0.0,Neutral
2023-04-05,315.1,,0.0,Neutral,0.0,Neutral
2023-04-04,313.0,,0.0,Neutral,0.0,Neutral
2023-04-03,312.6,,0.0,Neutral,0.0,Neutral
2023-04-02,315.0,,0.0,Neutral,0.0,Neutral
2023-03-30,317.6,,0.0,Neutral,0.0,Neutral
2023-03-29,319.5,,0.0,Neutral,0.0,Neutral
2023-03-28,319.2,,0.0,Neutral,0.0,Neutral
2023-03-27,318.0,,0.0,Neutral,0.0,Neutral
2023-03-26,314.0,,0.0,Neutral,0.0,Neutral
2023-03-23,320.0,2023-03-23,0.052819263190031,Slightly Positive,0.052819263190031,Slightly Positive
2023-03-22,320.1,,0.0,Neutral,0.0264096315950155,Neutral
2023-03-20,324.9,,0.0,Neutral,0.01320481579750775,Neutral
2023-03-19,319.0,,0.0,Neutral,0.0,Neutral
2023-03-16,318.0,,0.0,Neutral,0.0,Neutral
2023-03-15,318.0,,0.0,Neutral,0.0,Neutral
2023-03-14,320.0,,0.0,Neutral,0.0,Neutral
2023-03-13,320.0,,0.0,Neutral,0.0,Neutral
2023-03-12,325.1,,0.0,Neutral,0.0,Neutral
2023-03-09,329.0,,0.0,Neutral,0.0,Neutral
2023-03-07,324.0,,0.0,Neutral,0.0,Neutral
2023-03-05,317.5,,0.0,Neutral,0.0,Neutral
2023-03-02,312.7,,0.0,Neutral,0.0,Neutral
2023-03-01,318.0,,0.0,Neutral,0.0,Neutral
2023-02-28,321.0,,0.0,Neutral,0.0,Neutral
2023-02-27,318.0,,0.0,Neutral,0.0,Neutral
2023-02-26,319.0,,0.0,Neutral,0.0,Neutral
2023-02-23,318.0,,0.0,Neutral,0.0,Neutral
2023-02-22,325.0,,0.0,Neutral,0.0,Neutral
2023-02-20,313.3,,0.0,Neutral,0.0,Neutral
2023-02-16,318.1,,0.0,Neutral,0.0,Neutral
2023-02-15,325.0,,0.0,Neutral,0.0,Neutral
2023-02-14,326.0,,0.0,Neutral,0.0,Neutral
2023-02-12,325.0,,0.0,Neutral,0.0,Neutral
2023-02-09,338.5,,0.0,Neutral,0.0,Neutral
2023-02-08,336.0,,0.0,Neutral,0.0,Neutral
2023-02-07,335.5,,0.0,Neutral,0.0,Neutral
2023-02-06,322.0,,0.0,Neutral,0.0,Neutral
2023-02-05,323.0,,0.0,Neutral,0.0,Neutral
2023-02-02,320.0,2023-02-02,-0.6716222763061523,Strongly Negative,-0.6716222763061523,Strongly Negative
2023-02-01,328.0,,0.0,Neutral,-0.33581113815307617,Negative
2023-01-31,330.0,,0.0,Neutral,-0.16790556907653809,Slightly Negative
2023-01-30,330.0,,0.0,Neutral,0.0,Neutral
2023-01-29,338.0,2023-01-29,-0.4091926515102386,Negative,-0.4091926515102386,Negative
2023-01-26,332.9,2023-01-26,0.9144240617752076,Strongly Positive,0.7098277360200883,Strongly Positive
2023-01-25,327.0,,0.0,Neutral,0.35491386801004415,Positive
2023-01-24,325.0,,0.0,Neutral,0.2286060154438019,Positive
2023-01-23,326.4,,0.0,Neutral,0.0,Neutral
2023-01-19,334.0,,0.0,Neutral,0.0,Neutral
2023-01-18,336.1,,0.0,Neutral,0.0,Neutral
2023-01-17,340.0,2023-01-17,-0.623460054397583,Strongly Negative,-0.623460054397583,Strongly Negative
2023-01-12,332.0,2023-01-12,0.5015150904655457,Positive,0.18978506326675415,Slightly Positive
2023-01-10,340.0,2023-01-10,-0.2437212616205215,Negative,-0.14882872998714441,Slightly Negative
2023-01-09,335.0,,0.0,Neutral,0.0035181418061256686,Neutral
2023-01-08,326.0,,0.0,Neutral,-0.06093031540513037,Slightly Negative
2023-01-05,327.0,,0.0,Neutral,0.0,Neutral
2023-01-04,328.9,,0.0,Neutral,0.0,Neutral
2023-01-03,320.0,,0.0,Neutral,0.0,Neutral
2023-01-02,330.0,2023-01-02,-0.3848305940628052,Negative,-0.3848305940628052,Negative
2023-01-01,338.5,,0.0,Neutral,-0.1924152970314026,Slightly Negative
2022-12-29,336.0,,0.0,Neutral,-0.0962076485157013,Slightly Negative
2022-12-28,315.5,,0.0,Neutral,0.0,Neutral
2022-12-27,319.5,,0.0,Neutral,0.0,Neutral
2022-12-26,310.0,,0.0,Neutral,0.0,Neutral
2022-12-22,300.8,,0.0,Neutral,0.0,Neutral
2022-12-21,302.2,2022-12-21,0.6173017024993896,Strongly Positive,0.6173017024993896,Strongly Positive
2022-12-20,302.0,,0.0,Neutral,0.3086508512496948,Positive
2022-12-19,301.8,,0.0,Neutral,0.1543254256248474,Slightly Positive
2022-12-18,300.0,,0.0,Neutral,0.0,Neutral
2022-12-15,301.1,,0.0,Neutral,0.0,Neutral
2022-12-14,302.6,,0.0,Neutral,0.0,Neutral
2022-12-13,305.8,2022-12-13,0.7148497700691223,Strongly Positive,0.7148497700691223,Strongly Positive
2022-12-12,305.8,,0.0,Neutral,0.35742488503456116,Positive
2022-12-11,304.0,,0.0,Neutral,0.17871244251728058,Slightly Positive
2022-12-07,305.1,,0.0,Neutral,0.0,Neutral
2022-12-06,308.0,,0.0,Neutral,0.0,Neutral
2022-12-05,308.0,,0.0,Neutral,0.0,Neutral
2022-12-04,308.5,,0.0,Neutral,0.0,Neutral
2022-12-01,308.0,,0.0,Neutral,0.0,Neutral
2022-11-30,310.0,,0.0,Neutral,0.0,Neutral
2022-11-29,310.0,,0.0,Neutral,0.0,Neutral
2022-11-28,309.0,2022-11-28,0.1627677381038665,Slightly Positive,0.1627677381038665,Slightly Positive
2022-11-27,308.0,,0.0,Neutral,0.08138386905193325,Slightly Positive
2022-11-24,306.1,,0.0,Neutral,0.040691934525966623,Neutral
2022-11-23,306.0,,0.0,Neutral,0.0,Neutral
2022-11-22,305.0,,0.0,Neutral,0.0,Neutral
2022-11-17,307.0,,0.0,Neutral,0.0,Neutral
2022-11-16,304.0,,0.0,Neutral,0.0,Neutral
2022-11-15,305.0,2022-11-15,0.7105873227119446,Strongly Positive,0.7105873227119446,Strongly Positive
2022-11-14,302.0,2022-11-14,-0.6556950807571411,Strongly Negative,-0.3004014194011688,Negative
2022-11-13,300.5,,0.0,Neutral,-0.1502007097005844,Slightly Negative
2022-11-10,302.0,2022-11-10,0.6085646748542786,Strongly Positive,0.4446409046649933,Positive
2022-11-09,305.0,,0.0,Neutral,0.3042823374271393,Positive
2022-11-08,308.0,,0.0,Neutral,0.15214116871356964,Slightly Positive
2022-11-07,308.2,,0.0,Neutral,0.0,Neutral
2022-11-06,311.0,,0.0,Neutral,0.0,Neutral
2022-11-03,305.1,,0.0,Neutral,0.0,Neutral
2022-11-02,308.0,,0.0,Neutral,0.0,Neutral
2022-11-01,310.0,,0.0,Neutral,0.0,Neutral
2022-10-31,301.0,2022-10-31,0.1629264950752258,Slightly Positive,0.1629264950752258,Slightly Positive
2022-10-23,294.0,2022-10-23,-0.0040155053138732,Neutral,0.07744774222373971,Slightly Positive
2022-10-20,292.2,,0.0,Neutral,0.038723871111869854,Neutral
2022-10-19,293.2,2022-10-19,0.903040885925293,Strongly Positive,0.9020370095968246,Strongly Positive
2022-10-17,294.0,2022-10-17,0.71620774269104,Strongly Positive,1.1677281856536865,Strongly Positive
2022-10-16,295.0,,0.0,Neutral,0.5838640928268433,Positive
2022-10-13,298.0,2022-10-13,0.5541855245828629,Positive,0.7332374602556229,Strongly Positive
2022-10-12,295.8,,0.0,Neutral,0.2770927622914314,Positive
2022-10-11,296.1,,0.0,Neutral,0.1385463811457157,Slightly Positive
2022-10-10,299.0,,0.0,Neutral,0.0,Neutral
2022-10-09,301.0,,0.0,Neutral,0.0,Neutral
2022-09-29,296.0,2022-09-29,0.9351661205291748,Strongly Positive,0.9351661205291748,Strongly Positive
2022-09-28,292.0,,0.0,Neutral,0.4675830602645874,Positive
2022-09-27,291.0,,0.0,Neutral,0.2337915301322937,Positive
2022-09-25,290.0,,0.0,Neutral,0.0,Neutral
2022-09-22,291.0,2022-09-22,0.9082857966423036,Strongly Positive,0.9082857966423036,Strongly Positive
2022-09-21,292.0,2022-09-21,0.534334659576416,Positive,0.9884775578975677,Strongly Positive
2022-09-20,292.1,,0.0,Neutral,0.4942387789487839,Positive
2022-09-18,299.0,,0.0,Neutral,0.133583664894104,Slightly Positive
2022-09-16,302.0,,0.0,Neutral,0.0,Neutral
2022-09-15,303.5,,0.0,Neutral,0.0,Neutral
2022-09-14,314.0,,0.0,Neutral,0.0,Neutral
2022-09-13,308.0,,0.0,Neutral,0.0,Neutral
2022-09-12,307.5,,0.0,Neutral,0.0,Neutral
2022-09-11,306.0,,0.0,Neutral,0.0,Neutral
2022-09-08,308.0,,0.0,Neutral,0.0,Neutral
2022-09-07,306.3,2022-09-07,0.006325364112854,Neutral,0.006325364112854,Neutral
2022-09-06,308.0,,0.0,Neutral,0.003162682056427,Neutral
2022-09-05,309.1,,0.0,Neutral,0.0015813410282135,Neutral
2022-09-04,311.0,,0.0,Neutral,0.0,Neutral
2022-09-02,311.0,,0.0,Neutral,0.0,Neutral
2022-09-01,313.0,2022-09-01,-0.2566113471984863,Negative,-0.2566113471984863,Negative
2022-08-31,314.0,,0.0,Neutral,-0.12830567359924314,Slightly Negative
2022-08-30,314.0,2022-08-30,0.0258980691432952,Neutral,-0.03825476765632636,Neutral
2022-08-29,310.5,,0.0,Neutral,0.0129490345716476,Neutral
2022-08-28,310.3,,0.0,Neutral,0.0064745172858238,Neutral
2022-08-26,316.0,,0.0,Neutral,0.0,Neutral
2022-08-25,321.0,,0.0,Neutral,0.0,Neutral
2022-08-24,325.1,2022-08-24,0.6355215311050415,Strongly Positive,0.6355215311050415,Strongly Positive
2022-08-23,328.0,2022-08-23,0.894823431968689,Strongly Positive,1.2125841975212097,Strongly Positive
2022-08-22,332.0,,0.0,Neutral,0.6062920987606049,Strongly Positive
2022-08-21,338.0,,0.0,Neutral,0.22370585799217224,Positive
2022-08-18,329.0,,0.0,Neutral,0.0,Neutral
2022-08-17,321.0,,0.0,Neutral,0.0,Neutral
2022-08-16,323.0,,0.0,Neutral,0.0,Neutral
2022-08-15,328.0,,0.0,Neutral,0.0,Neutral
2022-08-14,318.9,,0.0,Neutral,0.0,Neutral
2022-08-11,331.3,2022-08-11,-0.061613380908966,Slightly Negative,-0.061613380908966,Slightly Negative
2022-08-10,338.0,,0.0,Neutral,-0.030806690454483,Neutral
2022-08-09,334.8,,0.0,Neutral,-0.0154033452272415,Neutral
2022-08-08,348.1,,0.0,Neutral,0.0,Neutral
2022-08-07,353.0,2022-08-07,0.0195572879165411,Neutral,0.0195572879165411,Neutral
2022-08-05,346.0,2022-08-05,0.2184320390224456,Positive,0.22821068298071615,Positive
2022-08-04,354.5,,0.0,Neutral,0.11410534149035807,Slightly Positive
2022-08-03,367.0,2022-08-03,0.7975225448608398,Strongly Positive,0.8521305546164513,Strongly Positive
2022-08-02,367.9,,0.0,Neutral,0.3987612724304199,Positive
2022-08-01,371.0,2022-08-01,-0.2906584739685058,Negative,-0.09127783775329584,Slightly Negative
2022-07-31,346.9,2022-07-31,-0.3070221543312073,Negative,-0.4523513913154602,Negative
2022-07-29,336.0,2022-07-29,-0.1990431249141693,Slightly Negative,-0.4252188205718994,Negative
2022-07-28,336.0,,0.0,Neutral,-0.17627710103988647,Slightly Negative
2022-07-27,338.0,,0.0,Neutral,-0.04976078122854233,Neutral
2022-07-26,329.0,,0.0,Neutral,0.0,Neutral
2022-07-25,339.0,,0.0,Neutral,0.0,Neutral
2022-07-24,329.0,,0.0,Neutral,0.0,Neutral
2022-07-22,318.0,,0.0,Neutral,0.0,Neutral
2022-07-21,324.0,,0.0,Neutral,0.0,Neutral
2022-07-20,329.0,,0.0,Neutral,0.0,Neutral
2022-07-19,327.1,,0.0,Neutral,0.0,Neutral
2022-07-18,326.0,,0.0,Neutral,0.0,Neutral
2022-07-17,322.0,,0.0,Neutral,0.0,Neutral
2022-07-15,322.0,2022-07-15,-0.1234379112720489,Slightly Negative,-0.1234379112720489,Slightly Negative
2022-07-14,320.0,,0.0,Neutral,-0.06171895563602445,Slightly Negative
2022-07-13,319.8,2022-07-13,0.9082242250442504,Strongly Positive,0.8773647472262381,Strongly Positive
2022-07-12,307.0,,0.0,Neutral,0.4541121125221252,Positive
2022-07-11,307.1,,0.0,Neutral,0.2270560562610626,Positive
2022-07-08,321.0,,0.0,Neutral,0.0,Neutral
2022-07-07,327.0,,0.0,Neutral,0.0,Neutral
2022-07-06,327.2,,0.0,Neutral,0.0,Neutral
2022-07-05,325.0,,0.0,Neutral,0.0,Neutral
2022-07-04,333.5,2022-07-04,-0.2904195189476013,Negative,-0.2904195189476013,Negative
2022-07-03,333.0,,0.0,Neutral,-0.14520975947380066,Slightly Negative
2022-07-01,324.0,,0.0,Neutral,-0.07260487973690033,Slightly Negative
2022-06-30,328.0,2022-06-30,-0.2598440945148468,Negative,-0.2598440945148468,Negative
2022-06-29,314.0,,0.0,Neutral,-0.1299220472574234,Slightly Negative
2022-06-28,307.5,2022-06-28,0.4208382070064544,Positive,0.3558771833777427,Positive
2022-06-27,313.0,,0.0,Neutral,0.2104191035032272,Positive
2022-06-26,322.9,2022-06-26,-0.4419355690479278,Negative,-0.3367260172963142,Negative
2022-06-24,301.0,2022-06-24,0.5870148539543152,Positive,0.36604706943035126,Positive
2022-06-23,298.5,,0.0,Neutral,0.18302353471517563,Slightly Positive
2022-06-22,306.0,,0.0,Neutral,0.1467537134885788,Slightly Positive
2022-06-21,309.0,,0.0,Neutral,0.0,Neutral
2022-06-20,300.6,2022-06-20,0.5693178772926331,Positive,0.5693178772926331,Positive
2022-06-19,310.0,,0.0,Neutral,0.28465893864631653,Positive
2022-06-17,318.1,,0.0,Neutral,0.14232946932315826,Slightly Positive
2022-06-16,319.0,2022-06-16,0.8982492685317993,Strongly Positive,0.8982492685317993,Strongly Positive
2022-06-15,314.5,,0.0,Neutral,0.44912463426589966,Positive
2022-06-14,325.0,,0.0,Neutral,0.22456231713294983,Positive
2022-06-13,330.0,,0.0,Neutral,0.0,Neutral
2022-06-10,334.0,,0.0,Neutral,0.0,Neutral
2022-06-09,338.0,,0.0,Neutral,0.0,Neutral
2022-06-08,341.0,,0.0,Neutral,0.0,Neutral
2022-06-07,327.5,2022-06-07,0.2998286485671997,Positive,0.2998286485671997,Positive
2022-06-06,336.0,2022-06-06,0.0207726825028657,Neutral,0.17068700678646556,Slightly Positive
2022-06-03,337.2,,0.0,Neutral,0.08534350339323278,Slightly Positive
2022-06-02,346.0,2022-06-02,0.8461382985115051,Strongly Positive,0.8513314691372216,Strongly Positive
2022-06-01,350.0,2022-06-01,0.3814393877983093,Positive,0.8045085370540619,Strongly Positive
2022-05-31,351.0,,0.0,Neutral,0.40225426852703094,Positive
2022-05-30,357.5,,0.0,Neutral,0.09535984694957733,Slightly Positive
2022-05-27,363.0,,0.0,Neutral,0.0,Neutral
2022-05-26,365.0,,0.0,Neutral,0.0,Neutral
2022-05-25,361.6,,0.0,Neutral,0.0,Neutral
2022-05-24,359.0,2022-05-24,0.0325568914413452,Neutral,0.0325568914413452,Neutral
2022-05-23,355.0,,0.0,Neutral,0.0162784457206726,Neutral
2022-05-20,366.0,,0.0,Neutral,0.0081392228603363,Neutral
2022-05-19,364.0,,0.0,Neutral,0.0,Neutral
2022-05-18,368.1,2022-05-18,0.2235666513442993,Positive,0.2235666513442993,Positive
2022-05-17,367.7,,0.0,Neutral,0.11178332567214964,Slightly Positive
2022-05-12,379.0,,0.0,Neutral,0.05589166283607482,Slightly Positive
2022-05-11,385.0,,0.0,Neutral,0.0,Neutral
2022-05-10,372.8,,0.0,Neutral,0.0,Neutral
2022-05-09,367.1,,0.0,Neutral,0.0,Neutral
2022-05-08,361.0,,0.0,Neutral,0.0,Neutral
2022-05-05,359.0,,0.0,Neutral,0.0,Neutral
2022-05-04,364.0,,0.0,Neutral,0.0,Neutral
2022-05-02,369.0,,0.0,Neutral,0.0,Neutral
2022-04-28,376.5,,0.0,Neutral,0.0,Neutral
2022-04-27,379.0,,0.0,Neutral,0.0,Neutral
2022-04-26,378.0,2022-04-26,0.0814896821975708,Slightly Positive,0.0814896821975708,Slightly Positive
2022-04-25,380.0,,0.0,Neutral,0.0407448410987854,Neutral
2022-04-24,385.0,2022-04-24,0.4896917045116424,Positive,0.5100641250610352,Positive
2022-04-21,366.0,2022-04-21,0.435576420277357,Positive,0.6804222725331782,Strongly Positive
2022-04-20,367.1,2022-04-20,0.1363096833229065,Slightly Positive,0.4765208195894956,Positive
2022-04-19,371.0,2022-04-19,0.9145817756652832,Strongly Positive,1.0916307223960757,Strongly Positive
2022-04-18,372.9,2022-04-18,0.6108980178833008,Strongly Positive,1.102266326546669,Strongly Positive
2022-04-17,377.0,,0.0,Neutral,0.5340944528579712,Positive
2022-04-13,376.0,,0.0,Neutral,0.1527245044708252,Slightly Positive
2022-04-12,372.0,2022-04-12,0.5773056745529175,Positive,0.5773056745529175,Positive
2022-04-11,375.1,2022-04-11,0.8681013584136963,Strongly Positive,1.156754195690155,Strongly Positive
2022-04-07,384.0,,0.0,Neutral,0.5783770978450775,Positive
2022-04-06,379.0,2022-04-06,0.3428605794906616,Positive,0.5598859190940857,Positive
2022-04-05,387.0,2022-04-05,0.651929497718811,Strongly Positive,0.8233597874641418,Strongly Positive
2022-04-04,395.0,,0.0,Neutral,0.4116798937320709,Positive
2022-04-03,397.0,2022-04-03,-0.0272224247455596,Neutral,0.13575994968414315,Slightly Positive
2022-03-31,401.0,,0.0,Neutral,-0.0136112123727798,Neutral
2022-03-30,406.0,,0.0,Neutral,-0.0068056061863899,Neutral
2022-03-29,401.0,2022-03-29,0.8759951591491699,Strongly Positive,0.8759951591491699,Strongly Positive
2022-03-28,400.3,2022-03-28,0.6411234736442566,Strongly Positive,1.0791210532188416,Strongly Positive
2022-03-27,402.0,,0.0,Neutral,0.5395605266094208,Positive
2022-03-24,410.0,,0.0,Neutral,0.16028086841106415,Slightly Positive
2022-03-23,411.0,2022-03-23,-0.0178897380828857,Neutral,-0.0178897380828857,Neutral
2022-03-22,415.5,,0.0,Neutral,-0.00894486904144285,Neutral
2022-03-21,417.0,,0.0,Neutral,-0.004472434520721425,Neutral
2022-03-20,410.0,2022-03-20,0.8301899433135986,Strongly Positive,0.8301899433135986,Strongly Positive
2022-03-16,415.0,,0.0,Neutral,0.4150949716567993,Positive
2022-03-15,412.0,,0.0,Neutral,0.20754748582839966,Positive
2022-03-14,419.0,2022-03-14,0.5405178843066096,Positive,0.5405178843066096,Positive
2022-03-13,421.0,,0.0,Neutral,0.2702589421533048,Positive
2022-03-10,410.0,,0.0,Neutral,0.1351294710766524,Slightly Positive
2022-03-09,399.0,2022-03-09,-0.5977263450622559,Negative,-0.5977263450622559,Negative
2022-03-07,405.0,,0.0,Neutral,-0.29886317253112793,Negative
2022-03-06,405.3,,0.0,Neutral,-0.14943158626556396,Slightly Negative
2022-03-02,410.0,,0.0,Neutral,0.0,Neutral
2022-02-28,425.0,2022-02-28,0.4970417022705078,Positive,0.4970417022705078,Positive
2022-02-27,431.0,,0.0,Neutral,0.2485208511352539,Positive
2022-02-24,425.0,2022-02-24,0.5140209197998047,Positive,0.6382813453674316,Strongly Positive
2022-02-23,437.0,,0.0,Neutral,0.25701045989990234,Positive
2022-02-22,439.0,,0.0,Neutral,0.12850522994995117,Slightly Positive
2022-02-21,438.5,2022-02-21,0.5519900321960449,Positive,0.5519900321960449,Positive
2022-02-20,427.8,,0.0,Neutral,0.27599501609802246,Positive
2022-02-17,429.1,,0.0,Neutral,0.13799750804901123,Slightly Positive
2022-02-16,429.0,2022-02-16,0.5795700550079346,Positive,0.5795700550079346,Positive
2022-02-15,435.0,2022-02-15,-0.3125604093074798,Negative,-0.022775381803512518,Neutral
2022-02-14,427.0,2022-02-14,-0.5765681266784668,Negative,-0.5879558175802231,Negative
2022-02-13,425.0,2022-02-13,0.4978555937608083,Positive,0.13143142809470493,Slightly Positive
2022-02-10,439.0,,0.0,Neutral,0.10478576521078745,Slightly Positive
2022-02-09,445.0,,0.0,Neutral,0.12446389844020207,Slightly Positive
2022-02-08,457.0,2022-02-08,-0.0566993355751037,Slightly Negative,-0.0566993355751037,Slightly Negative
2022-02-07,456.0,2022-02-07,0.5250307619571686,Positive,0.49668109416961675,Positive
2022-02-06,460.0,,0.0,Neutral,0.24834054708480838,Positive
2022-02-03,460.7,2022-02-03,0.908535659313202,Strongly Positive,1.039793349802494,Strongly Positive
2022-02-01,454.0,,0.0,Neutral,0.454267829656601,Positive
2022-01-31,440.0,,0.0,Neutral,0.2271339148283005,Positive
2022-01-30,450.0,,0.0,Neutral,0.0,Neutral
2022-01-27,426.0,,0.0,Neutral,0.0,Neutral
2022-01-26,426.5,2022-01-26,0.4082410056143999,Positive,0.4082410056143999,Positive
2022-01-25,435.0,,0.0,Neutral,0.20412050280719995,Positive
2022-01-24,437.0,,0.0,Neutral,0.10206025140359998,Slightly Positive
2022-01-23,459.0,,0.0,Neutral,0.0,Neutral
2022-01-20,465.0,,0.0,Neutral,0.0,Neutral
2022-01-19,460.0,2022-01-19,0.3360106647014618,Positive,0.3360106647014618,Positive
2022-01-18,473.0,2022-01-18,0.3734949231147766,Positive,0.5415002554655075,Positive
2022-01-17,476.0,2022-01-17,0.4422468543052673,Positive,0.7129969820380211,Strongly Positive
2022-01-16,479.0,,0.0,Neutral,0.3144971579313278,Positive
2022-01-13,459.0,,0.0,Neutral,0.11056171357631682,Slightly Positive
2022-01-12,454.0,2022-01-12,-0.4808397889137268,Negative,-0.4808397889137268,Negative
2022-01-11,457.0,,0.0,Neutral,-0.2404198944568634,Negative
2022-01-10,449.5,2022-01-10,0.519367516040802,Positive,0.3991575688123703,Positive
2022-01-09,451.0,2022-01-09,0.7907711267471313,Strongly Positive,1.0504548847675323,Strongly Positive
2022-01-06,430.9,,0.0,Neutral,0.5252274423837662,Positive
2022-01-05,425.0,,0.0,Neutral,0.19769278168678284,Slightly Positive
2022-01-04,424.0,2022-01-04,0.65803462266922,Strongly Positive,0.65803462266922,Strongly Positive
2022-01-03,418.0,2022-01-03,0.0013054907321929,Neutral,0.33032280206680287,Positive
2022-01-02,415.0,,0.0,Neutral,0.16516140103340143,Slightly Positive
2021-12-29,415.0,,0.0,Neutral,0.000326372683048225,Neutral
2021-12-28,409.1,,0.0,Neutral,0.0,Neutral
2021-12-27,416.0,2021-12-27,0.1544867753982544,Slightly Positive,0.1544867753982544,Slightly Positive
2021-12-26,432.0,,0.0,Neutral,0.0772433876991272,Slightly Positive
2021-12-23,482.6,,0.0,Neutral,0.0386216938495636,Neutral
2021-12-22,470.0,,0.0,Neutral,0.0,Neutral
2021-12-21,458.0,2021-12-21,-0.6907034516334534,Strongly Negative,-0.6907034516334534,Strongly Negative
2021-12-20,451.0,,0.0,Neutral,-0.3453517258167267,Negative
2021-12-16,460.0,2021-12-16,0.7056154310703278,Strongly Positive,0.5329395681619644,Positive
2021-12-15,462.9,2021-12-15,-0.3610247150063515,Negative,-0.008216999471187647,Neutral
2021-12-14,438.6,2021-12-14,0.0240390766412019,Neutral,0.019930576905608066,Neutral
2021-12-13,409.0,,0.0,Neutral,-0.07823664043098694,Slightly Negative
2021-12-12,430.0,,0.0,Neutral,0.006009769160300475,Neutral
2021-12-09,445.0,2021-12-09,0.7948119044303894,Strongly Positive,0.7948119044303894,Strongly Positive
2021-12-08,445.0,,0.0,Neutral,0.3974059522151947,Positive
2021-12-07,463.0,,0.0,Neutral,0.19870297610759735,Slightly Positive
2021-12-06,472.0,2021-12-06,-0.0454929023981094,Neutral,-0.0454929023981094,Neutral
2021-12-05,460.0,2021-12-05,-0.3157088458538055,Negative,-0.3384552970528602,Negative
2021-12-02,476.0,,0.0,Neutral,-0.1692276485264301,Slightly Negative
2021-12-01,480.2,,0.0,Neutral,-0.07892721146345137,Slightly Negative
2021-11-30,484.0,2021-11-30,0.0353909358382225,Neutral,0.0353909358382225,Neutral
2021-11-29,484.9,,0.0,Neutral,0.01769546791911125,Neutral
2021-11-28,485.0,,0.0,Neutral,0.008847733959555624,Neutral
2021-11-25,500.0,2021-11-25,-0.1864838898181915,Slightly Negative,-0.1864838898181915,Slightly Negative
2021-11-24,505.0,2021-11-24,-0.2785083949565887,Negative,-0.37175033986568445,Negative
2021-11-23,498.0,2021-11-23,0.6356387138366699,Strongly Positive,0.44976354390382767,Positive
2021-11-22,512.0,2021-11-22,0.0131739825010299,Neutral,0.2613662406802177,Positive
2021-11-21,515.0,,0.0,Neutral,0.16549666970968244,Slightly Positive
2021-11-18,510.0,,0.0,Neutral,0.003293495625257475,Neutral
2021-11-17,520.0,2021-11-17,0.6861373782157898,Strongly Positive,0.6861373782157898,Strongly Positive
2021-11-16,519.0,2021-11-16,0.8141272664070129,Strongly Positive,1.1571959555149078,Strongly Positive
2021-11-15,506.0,2021-11-15,0.4076647162437439,Positive,0.9862626940011978,Strongly Positive
2021-11-14,502.0,2021-11-14,0.0491418664654096,Neutral,0.45650604118903476,Positive
2021-11-11,497.0,2021-11-11,0.2226513624191284,Positive,0.34913847471276915,Positive
2021-11-09,515.0,,0.0,Neutral,0.12361114782591659,Slightly Positive
2021-11-08,536.0,2021-11-08,0.4568291008472442,Positive,0.5124919414520263,Positive
2021-11-03,530.2,2021-11-03,0.2788993418216705,Positive,0.5073138922452926,Positive
2021-11-02,536.0,,0.0,Neutral,0.2536569461226463,Positive
2021-11-01,538.0,2021-11-01,0.1046939715743064,Slightly Positive,0.174418807029724,Slightly Positive
2021-10-31,543.0,,0.0,Neutral,0.0523469857871532,Slightly Positive
2021-10-28,516.0,,0.0,Neutral,0.0261734928935766,Neutral
2021-10-27,517.6,,0.0,Neutral,0.0,Neutral
2021-10-26,518.0,,0.0,Neutral,0.0,Neutral
2021-10-25,498.0,,0.0,Neutral,0.0,Neutral
2021-10-24,470.0,,0.0,Neutral,0.0,Neutral
2021-10-21,466.0,2021-10-21,0.8713273406028748,Strongly Positive,0.8713273406028748,Strongly Positive
2021-10-20,473.0,2021-10-20,0.6123760342597961,Strongly Positive,1.0480397045612335,Strongly Positive
2021-10-19,463.0,,0.0,Neutral,0.5240198522806168,Positive
2021-10-18,485.1,2021-10-18,0.8018708229064941,Strongly Positive,0.9549648314714432,Strongly Positive
2021-10-17,500.0,2021-10-17,0.9213525056838988,Strongly Positive,1.322287917137146,Strongly Positive
2021-10-11,502.0,2021-10-11,0.857159435749054,Strongly Positive,1.518303394317627,Strongly Positive
2021-10-10,500.0,,0.0,Neutral,0.6589178442955017,Strongly Positive
2021-10-06,491.0,2021-10-06,0.9232880473136902,Strongly Positive,1.1375779062509537,Strongly Positive
2021-10-05,480.0,2021-10-05,0.4259742498397827,Positive,0.8876182734966278,Strongly Positive
2021-10-04,467.0,2021-10-04,-0.1786015033721923,Slightly Negative,0.26520763337612163,Positive
2021-10-03,478.0,,0.0,Neutral,0.01719281077384953,Neutral
2021-09-30,490.0,,0.0,Neutral,-0.044650375843048075,Neutral
2021-09-29,500.0,2021-09-29,0.9257281422615052,Strongly Positive,0.9257281422615052,Strongly Positive
2021-09-28,477.5,2021-09-28,0.261738121509552,Positive,0.7246021926403046,Strongly Positive
2021-09-27,500.3,,0.0,Neutral,0.3623010963201523,Positive
2021-09-26,511.0,,0.0,Neutral,0.065434530377388,Slightly Positive
2021-09-23,532.0,2021-09-23,-0.5558741092681885,Negative,-0.5558741092681885,Negative
2021-09-22,537.0,,0.0,Neutral,-0.27793705463409424,Negative
2021-09-21,508.0,,0.0,Neutral,-0.13896852731704712,Slightly Negative
2021-09-20,510.0,,0.0,Neutral,0.0,Neutral
2021-09-16,543.8,2021-09-16,0.5890231132507324,Positive,0.5890231132507324,Positive
2021-09-15,564.0,,0.0,Neutral,0.2945115566253662,Positive
2021-09-14,573.6,,0.0,Neutral,0.1472557783126831,Slightly Positive
2021-09-13,584.0,,0.0,Neutral,0.0,Neutral
2021-09-12,592.0,2021-09-12,0.4431141316890716,Positive,0.4431141316890716,Positive
2021-09-09,554.9,,0.0,Neutral,0.2215570658445358,Positive
2021-09-08,557.0,,0.0,Neutral,0.1107785329222679,Slightly Positive
2021-09-07,575.0,,0.0,Neutral,0.0,Neutral
2021-09-06,587.0,,0.0,Neutral,0.0,Neutral
2021-09-05,535.0,,0.0,Neutral,0.0,Neutral
2021-09-02,575.0,,0.0,Neutral,0.0,Neutral
2021-09-01,588.0,,0.0,Neutral,0.0,Neutral
2021-08-31,588.0,,0.0,Neutral,0.0,Neutral
2021-08-29,610.0,,0.0,Neutral,0.0,Neutral
2021-08-26,624.0,,0.0,Neutral,0.0,Neutral
2021-08-25,587.0,,0.0,Neutral,0.0,Neutral
2021-08-24,591.0,,0.0,Neutral,0.0,Neutral
2021-08-19,618.0,2021-08-19,0.5259397625923157,Positive,0.5259397625923157,Positive
2021-08-18,635.0,,0.0,Neutral,0.26296988129615784,Positive
2021-08-17,634.0,,0.0,Neutral,0.13148494064807892,Slightly Positive
2021-08-16,622.0,2021-08-16,0.146904706954956,Slightly Positive,0.146904706954956,Slightly Positive
2021-08-15,620.0,,0.0,Neutral,0.073452353477478,Slightly Positive
2021-08-12,655.0,,0.0,Neutral,0.036726176738739,Neutral
2021-08-11,660.0,,0.0,Neutral,0.0,Neutral
2021-08-10,652.1,,0.0,Neutral,0.0,Neutral
2021-08-09,679.0,,0.0,Neutral,0.0,Neutral
2021-08-08,669.0,,0.0,Neutral,0.0,Neutral
2021-08-05,614.0,,0.0,Neutral,0.0,Neutral
2021-08-04,589.9,2021-08-04,-0.4183864593505859,Negative,-0.4183864593505859,Negative
2021-08-03,563.0,,0.0,Neutral,-0.20919322967529294,Negative
2021-08-02,563.0,,0.0,Neutral,-0.10459661483764647,Slightly Negative
2021-08-01,560.0,,0.0,Neutral,0.0,Neutral
2021-07-29,549.0,,0.0,Neutral,0.0,Neutral
2021-07-28,556.0,,0.0,Neutral,0.0,Neutral
2021-07-27,558.0,,0.0,Neutral,0.0,Neutral
2021-07-26,535.9,,0.0,Neutral,0.0,Neutral
2021-07-25,526.0,2021-07-25,-0.1586503386497497,Slightly Negative,-0.1586503386497497,Slightly Negative
2021-07-22,528.0,,0.0,Neutral,-0.07932516932487485,Slightly Negative
2021-07-20,521.1,,0.0,Neutral,-0.039662584662437425,Neutral
2021-07-19,520.0,,0.0,Neutral,0.0,Neutral
2021-07-18,516.0,,0.0,Neutral,0.0,Neutral
2021-07-15,506.0,2021-07-15,0.2684071958065033,Positive,0.2684071958065033,Positive
2021-07-14,503.0,,0.0,Neutral,0.13420359790325165,Slightly Positive
2021-07-13,500.0,,0.0,Neutral,0.06710179895162582,Slightly Positive
2021-07-12,500.0,,0.0,Neutral,0.0,Neutral
2021-07-11,509.0,2021-07-11,0.7197643518447876,Strongly Positive,0.7197643518447876,Strongly Positive
2021-07-08,498.0,,0.0,Neutral,0.3598821759223938,Positive
2021-07-07,497.0,2021-07-07,0.0943080335855484,Slightly Positive,0.2742491215467453,Positive
2021-07-06,504.0,,0.0,Neutral,0.0471540167927742,Neutral
2021-07-05,506.0,,0.0,Neutral,0.0235770083963871,Neutral
2021-07-04,516.0,,0.0,Neutral,0.0,Neutral
2021-07-01,518.0,,0.0,Neutral,0.0,Neutral
2021-06-30,500.0,2021-06-30,0.864063024520874,Strongly Positive,0.864063024520874,Strongly Positive
2021-06-29,505.0,,0.0,Neutral,0.432031512260437,Positive
2021-06-28,514.0,,0.0,Neutral,0.2160157561302185,Positive
2021-06-27,525.0,,0.0,Neutral,0.0,Neutral
2021-06-24,499.0,,0.0,Neutral,0.0,Neutral
2021-06-23,504.0,,0.0,Neutral,0.0,Neutral
2021-06-22,513.0,,0.0,Neutral,0.0,Neutral
2021-06-21,491.0,,0.0,Neutral,0.0,Neutral
2021-06-20,518.0,,0.0,Neutral,0.0,Neutral
2021-06-17,533.0,,0.0,Neutral,0.0,Neutral
2021-06-16,520.0,,0.0,Neutral,0.0,Neutral
2021-06-15,537.0,,0.0,Neutral,0.0,Neutral
2021-06-14,551.0,2021-06-14,0.6951586504777273,Strongly Positive,0.6951586504777273,Strongly Positive
2021-06-13,562.0,,0.0,Neutral,0.34757932523886365,Positive
2021-06-10,539.0,,0.0,Neutral,0.17378966261943182,Slightly Positive
2021-06-09,526.0,,0.0,Neutral,0.0,Neutral
2021-06-08,524.0,,0.0,Neutral,0.0,Neutral
2021-06-07,520.0,,0.0,Neutral,0.0,Neutral
2021-06-06,517.0,,0.0,Neutral,0.0,Neutral
2021-06-03,525.0,,0.0,Neutral,0.0,Neutral
2021-06-02,540.0,,0.0,Neutral,0.0,Neutral
2021-06-01,515.0,,0.0,Neutral,0.0,Neutral
2021-05-31,519.0,,0.0,Neutral,0.0,Neutral
2021-05-30,558.0,,0.0,Neutral,0.0,Neutral
2021-05-27,526.0,2021-05-27,0.2186865657567978,Positive,0.2186865657567978,Positive
2021-05-25,479.0,2021-05-25,0.655621349811554,Strongly Positive,0.7649646326899529,Strongly Positive
2021-05-24,466.0,,0.0,Neutral,0.3824823163449764,Positive
2021-05-23,456.0,,0.0,Neutral,0.1639053374528885,Slightly Positive
2021-05-20,457.0,,0.0,Neutral,0.0,Neutral
2021-05-19,454.0,,0.0,Neutral,0.0,Neutral
2021-05-18,469.0,,0.0,Neutral,0.0,Neutral
2021-05-17,427.0,,0.0,Neutral,0.0,Neutral
2021-05-16,424.0,2021-05-16,0.8713140487670898,Strongly Positive,0.8713140487670898,Strongly Positive
2021-05-13,417.0,,0.0,Neutral,0.4356570243835449,Positive
2021-05-12,413.0,,0.0,Neutral,0.21782851219177246,Positive
2021-05-11,416.0,,0.0,Neutral,0.0,Neutral
2021-05-10,414.0,,0.0,Neutral,0.0,Neutral
2021-05-09,414.0,,0.0,Neutral,0.0,Neutral
2021-05-06,417.0,,0.0,Neutral,0.0,Neutral
2021-05-05,422.0,,0.0,Neutral,0.0,Neutral
2021-05-04,423.0,,0.0,Neutral,0.0,Neutral
2021-05-03,425.0,,0.0,Neutral,0.0,Neutral
2021-05-02,426.0,2021-05-02,0.1060797721147537,Slightly Positive,0.1060797721147537,Slightly Positive
2021-04-29,411.0,2021-04-29,-0.3356136381626129,Negative,-0.28257375210523605,Negative
2021-04-28,405.0,2021-04-28,0.0036563519388437,Neutral,-0.13763052411377433,Slightly Negative
2021-04-27,409.0,,0.0,Neutral,-0.08207523357123138,Slightly Negative
2021-04-26,398.0,,0.0,Neutral,0.000914087984710925,Neutral
2021-04-25,408.0,,0.0,Neutral,0.0,Neutral
2021-04-22,419.0,,0.0,Neutral,0.0,Neutral
2021-04-21,417.0,2021-04-21,-0.5364495515823364,Negative,-0.5364495515823364,Negative
2021-04-20,420.0,2021-04-20,-0.8707112669944763,Strongly Negative,-1.1389360427856445,Strongly Negative
2021-04-19,419.0,,0.0,Neutral,-0.5694680213928223,Negative
2021-04-18,423.0,2021-04-18,-0.4178709387779236,Negative,-0.6355487555265427,Strongly Negative
2021-04-15,427.0,,0.0,Neutral,-0.2089354693889618,Negative
2021-04-13,425.0,2021-04-13,-0.5402607917785645,Negative,-0.6447285264730453,Strongly Negative
2021-04-12,420.0,,0.0,Neutral,-0.2701303958892822,Negative
2021-04-08,422.0,,0.0,Neutral,-0.1350651979446411,Slightly Negative
2021-04-07,432.0,,0.0,Neutral,0.0,Neutral
2021-04-06,447.0,,0.0,Neutral,0.0,Neutral
2021-04-05,409.0,2021-04-05,-0.4910283088684082,Negative,-0.4910283088684082,Negative
2021-04-04,410.0,,0.0,Neutral,-0.2455141544342041,Negative
2021-04-01,407.0,2021-04-01,0.1322474330663681,Slightly Positive,0.009490355849266052,Neutral
2021-03-31,404.0,,0.0,Neutral,0.06612371653318405,Slightly Positive
2021-03-30,404.0,,0.0,Neutral,0.033061858266592026,Neutral
2021-03-29,404.0,2021-03-29,0.849197268486023,Strongly Positive,0.849197268486023,Strongly Positive
2021-03-25,407.0,,0.0,Neutral,0.4245986342430115,Positive
2021-03-24,408.0,2021-03-24,-0.4105883538722992,Negative,-0.19828903675079346,Slightly Negative
2021-03-23,405.0,2021-03-23,0.8062120676040649,Strongly Positive,0.6009178906679153,Strongly Positive
2021-03-22,396.0,2021-03-22,-0.3435660600662231,Negative,-0.04310711473226542,Neutral
2021-03-21,393.0,,0.0,Neutral,0.02976998686790469,Neutral
2021-03-18,392.0,,0.0,Neutral,-0.08589151501655577,Slightly Negative
2021-03-17,389.0,,0.0,Neutral,0.0,Neutral
2021-03-16,388.0,,0.0,Neutral,0.0,Neutral
2021-03-15,388.0,,0.0,Neutral,0.0,Neutral
2021-03-14,390.0,2021-03-14,0.3672319650650024,Positive,0.3672319650650024,Positive
2021-03-10,392.0,,0.0,Neutral,0.1836159825325012,Slightly Positive
2021-03-09,394.0,,0.0,Neutral,0.0918079912662506,Slightly Positive
2021-03-07,400.0,2021-03-07,0.8898645639419556,Strongly Positive,0.8898645639419556,Strongly Positive
2021-03-04,400.0,,0.0,Neutral,0.4449322819709778,Positive
2021-03-03,387.0,,0.0,Neutral,0.2224661409854889,Positive
2021-03-02,394.0,2021-03-02,-0.438233733177185,Negative,-0.438233733177185,Negative
2021-03-01,397.0,,0.0,Neutral,-0.2191168665885925,Negative
2021-02-28,394.0,,0.0,Neutral,-0.10955843329429625,Slightly Negative
2021-02-25,400.0,,0.0,Neutral,0.0,Neutral
2021-02-24,404.0,2021-02-24,-0.4131810963153839,Negative,-0.4131810963153839,Negative
2021-02-23,402.0,,0.0,Neutral,-0.20659054815769196,Negative
2021-02-22,404.0,,0.0,Neutral,-0.10329527407884598,Slightly Negative
2021-02-21,407.0,2021-02-21,-0.5976194143295288,Negative,-0.5976194143295288,Negative
2021-02-18,404.0,,0.0,Neutral,-0.2988097071647644,Negative
2021-02-17,404.0,,0.0,Neutral,-0.1494048535823822,Slightly Negative
2021-02-16,404.0,,0.0,Neutral,0.0,Neutral
2021-02-15,410.0,,0.0,Neutral,0.0,Neutral
2021-02-14,405.0,,0.0,Neutral,0.0,Neutral
2021-02-11,407.0,,0.0,Neutral,0.0,Neutral
2021-02-10,413.0,2021-02-10,0.4726470112800598,Positive,0.4726470112800598,Positive
2021-02-09,425.0,2021-02-09,-0.5642222166061401,Negative,-0.32789871096611023,Negative
2021-02-08,437.0,2021-02-08,-0.4620852768421173,Negative,-0.6260346323251724,Strongly Negative
2021-02-07,439.0,,0.0,Neutral,-0.3720981925725937,Negative
2021-02-04,418.0,2021-02-04,-0.4566866755485534,Negative,-0.5722079947590828,Negative
2021-02-03,416.0,,0.0,Neutral,-0.2283433377742767,Negative
2021-02-02,401.0,,0.0,Neutral,-0.11417166888713835,Slightly Negative
2021-02-01,398.0,,0.0,Neutral,0.0,Neutral
2021-01-31,393.0,2021-01-31,0.0300732478499412,Neutral,0.0300732478499412,Neutral
2021-01-28,400.0,2021-01-28,0.7391324043273926,Strongly Positive,0.7541690282523632,Strongly Positive
2021-01-27,405.0,2021-01-27,0.9172951579093932,Strongly Positive,1.294379672035575,Strongly Positive
2021-01-26,405.0,2021-01-26,-0.5346378684043884,Negative,0.10879281163215632,Slightly Positive
2021-01-25,407.0,,0.0,Neutral,-0.037995144724845914,Neutral
2021-01-24,406.0,,0.0,Neutral,-0.1336594671010971,Slightly Negative
2021-01-21,402.0,2021-01-21,-0.8496271967887878,Strongly Negative,-0.8496271967887878,Strongly Negative
2021-01-20,402.0,,0.0,Neutral,-0.4248135983943939,Negative
2021-01-19,399.0,,0.0,Neutral,-0.21240679919719696,Negative
2021-01-18,403.0,,0.0,Neutral,0.0,Neutral
2021-01-17,405.0,2021-01-17,0.3041101396083832,Positive,0.3041101396083832,Positive
2021-01-13,411.0,2021-01-13,0.4864499568939209,Positive,0.6385050266981125,Strongly Positive
2021-01-12,403.0,,0.0,Neutral,0.31925251334905624,Positive
2021-01-11,402.0,2021-01-11,-0.3791023790836334,Negative,-0.2574898898601532,Negative
2021-01-10,397.0,2021-01-10,-0.4561843276023865,Negative,-0.6457355171442032,Strongly Negative
2021-01-07,396.0,2021-01-07,0.698971003293991,Strongly Positive,0.3761032447218894,Positive
2021-01-06,398.0,,0.0,Neutral,0.23543941974639887,Positive
2021-01-05,398.0,,0.0,Neutral,0.17474275082349774,Slightly Positive
2021-01-04,399.0,,0.0,Neutral,0.0,Neutral
2021-01-03,396.0,2021-01-03,-0.3271416127681732,Negative,-0.3271416127681732,Negative
2020-12-31,445.0,,0.0,Neutral,-0.1635708063840866,Slightly Negative
2020-12-30,438.0,2020-12-30,-0.4411584436893463,Negative,-0.5229438468813896,Negative
2020-12-29,439.0,,0.0,Neutral,-0.22057922184467316,Negative
2020-12-28,440.0,,0.0,Neutral,-0.11028961092233658,Slightly Negative
2020-12-27,445.0,,0.0,Neutral,0.0,Neutral
2020-12-24,445.0,2020-12-24,0.512558102607727,Positive,0.512558102607727,Positive
2020-12-23,452.0,,0.0,Neutral,0.2562790513038635,Positive
2020-12-22,453.0,,0.0,Neutral,0.12813952565193176,Slightly Positive
2020-12-21,453.0,2020-12-21,-0.5311627984046936,Negative,-0.5311627984046936,Negative
2020-12-20,447.0,,0.0,Neutral,-0.2655813992023468,Negative
2020-12-17,447.0,2020-12-17,0.6602139472961426,Strongly Positive,0.5274232476949692,Positive
2020-12-16,449.0,2020-12-16,0.6675947904586792,Strongly Positive,0.9977017641067505,Strongly Positive
2020-12-15,454.0,,0.0,Neutral,0.49885088205337524,Positive
2020-12-14,454.0,,0.0,Neutral,0.1668986976146698,Slightly Positive
2020-12-13,452.0,,0.0,Neutral,0.0,Neutral
2020-12-10,450.0,,0.0,Neutral,0.0,Neutral
2020-12-09,451.0,2020-12-09,0.1103778183460235,Slightly Positive,0.1103778183460235,Slightly Positive
2020-12-08,465.0,,0.0,Neutral,0.05518890917301175,Slightly Positive
2020-12-07,460.0,2020-12-07,0.6842315196990967,Strongly Positive,0.7118259742856026,Strongly Positive
2020-12-06,450.0,,0.0,Neutral,0.34211575984954834,Positive
2020-12-03,463.0,,0.0,Neutral,0.17105787992477417,Slightly Positive
2020-12-02,450.0,,0.0,Neutral,0.0,Neutral
2020-12-01,445.0,,0.0,Neutral,0.0,Neutral
2020-11-30,450.0,,0.0,Neutral,0.0,Neutral
2020-11-29,434.0,,0.0,Neutral,0.0,Neutral
2020-11-26,428.0,,0.0,Neutral,0.0,Neutral
2020-11-25,428.0,2020-11-25,0.8829460740089417,Strongly Positive,0.8829460740089417,Strongly Positive
2020-11-24,429.0,,0.0,Neutral,0.4414730370044708,Positive
2020-11-23,413.0,,0.0,Neutral,0.2207365185022354,Positive
2020-11-22,411.0,,0.0,Neutral,0.0,Neutral
2020-11-19,413.0,,0.0,Neutral,0.0,Neutral
2020-11-18,410.0,2020-11-18,0.1508250832557678,Slightly Positive,0.1508250832557678,Slightly Positive
2020-11-12,414.0,,0.0,Neutral,0.0754125416278839,Slightly Positive
2020-11-11,414.0,,0.0,Neutral,0.03770627081394195,Neutral
2020-11-10,412.0,2020-11-10,0.0448877215385437,Neutral,0.0448877215385437,Neutral
2020-11-09,411.0,,0.0,Neutral,0.02244386076927185,Neutral
2020-11-08,413.0,,0.0,Neutral,0.011221930384635925,Neutral
2020-11-05,412.0,2020-11-05,0.9027197360992432,Strongly Positive,0.9027197360992432,Strongly Positive
2020-11-04,415.0,,0.0,Neutral,0.4513598680496216,Positive
2020-11-03,414.0,,0.0,Neutral,0.2256799340248108,Positive
2020-11-02,413.0,,0.0,Neutral,0.0,Neutral
2020-11-01,412.0,,0.0,Neutral,0.0,Neutral
2020-10-29,413.0,,0.0,Neutral,0.0,Neutral
2020-10-28,410.0,,0.0,Neutral,0.0,Neutral
2020-10-22,410.0,,0.0,Neutral,0.0,Neutral
2020-10-21,410.0,2020-10-21,0.8985637426376343,Strongly Positive,0.8985637426376343,Strongly Positive
2020-10-20,410.0,,0.0,Neutral,0.44928187131881714,Positive
2020-10-19,406.0,2020-10-19,0.906398057937622,Strongly Positive,1.1310389935970306,Strongly Positive
2020-10-18,400.0,2020-10-18,0.8729951977729797,Strongly Positive,1.3261942267417908,Strongly Positive
2020-10-15,401.0,2020-10-15,0.6376285552978516,Strongly Positive,1.300725668668747,Strongly Positive
2020-10-14,402.0,,0.0,Neutral,0.5370630770921707,Positive
2020-10-13,406.0,,0.0,Neutral,0.1594071388244629,Slightly Positive
2020-10-12,407.0,,0.0,Neutral,0.0,Neutral
2020-10-11,407.0,,0.0,Neutral,0.0,Neutral
2020-10-08,415.0,,0.0,Neutral,0.0,Neutral
2020-10-07,423.0,,0.0,Neutral,0.0,Neutral
2020-10-06,413.0,,0.0,Neutral,0.0,Neutral
2020-10-05,404.0,,0.0,Neutral,0.0,Neutral
2020-10-04,402.0,,0.0,Neutral,0.0,Neutral
2020-10-01,401.0,,0.0,Neutral,0.0,Neutral
2020-09-30,403.0,,0.0,Neutral,0.0,Neutral
2020-09-29,406.0,,0.0,Neutral,0.0,Neutral
2020-09-28,401.0,,0.0,Neutral,0.0,Neutral
2020-09-27,406.0,,0.0,Neutral,0.0,Neutral
2020-09-24,405.0,,0.0,Neutral,0.0,Neutral
2020-09-23,401.0,,0.0,Neutral,0.0,Neutral
2020-09-22,397.0,,0.0,Neutral,0.0,Neutral
2020-09-21,405.0,,0.0,Neutral,0.0,Neutral
2020-09-20,406.0,,0.0,Neutral,0.0,Neutral
2020-09-17,420.0,,0.0,Neutral,0.0,Neutral
2020-09-16,403.0,2020-09-16,0.859821081161499,Strongly Positive,0.859821081161499,Strongly Positive
2020-09-15,397.0,2020-09-15,0.88677579164505,Strongly Positive,1.3166863322257996,Strongly Positive
2020-09-14,400.0,,0.0,Neutral,0.6583431661128998,Strongly Positive
2020-09-13,393.0,,0.0,Neutral,0.2216939479112625,Positive
2020-09-10,390.0,,0.0,Neutral,0.0,Neutral
2020-09-09,386.0,,0.0,Neutral,0.0,Neutral
2020-09-08,389.0,,0.0,Neutral,0.0,Neutral
2020-09-07,380.0,,0.0,Neutral,0.0,Neutral
2020-09-06,379.0,,0.0,Neutral,0.0,Neutral
2020-09-03,383.0,,0.0,Neutral,0.0,Neutral
2020-09-02,399.0,,0.0,Neutral,0.0,Neutral
2020-08-31,379.0,,0.0,Neutral,0.0,Neutral
2020-08-30,366.0,,0.0,Neutral,0.0,Neutral
2020-08-27,366.0,,0.0,Neutral,0.0,Neutral
2020-08-26,370.0,2020-08-26,0.4787486214190721,Positive,0.4787486214190721,Positive
2020-08-25,364.0,,0.0,Neutral,0.23937431070953605,Positive
2020-08-24,363.0,,0.0,Neutral,0.11968715535476802,Slightly Positive
2020-08-23,360.0,,0.0,Neutral,0.0,Neutral
2020-08-20,360.0,2020-08-20,0.3619968295097351,Positive,0.3619968295097351,Positive
2020-08-19,358.0,,0.0,Neutral,0.18099841475486755,Slightly Positive
2020-08-18,361.0,,0.0,Neutral,0.09049920737743378,Slightly Positive
2020-08-17,364.0,,0.0,Neutral,0.0,Neutral
2020-08-16,364.0,2020-08-16,0.0681280344724655,Slightly Positive,0.0681280344724655,Slightly Positive
2020-08-13,365.0,2020-08-13,-0.0032728966325521,Neutral,0.030791120603680652,Neutral
2020-08-12,362.0,,0.0,Neutral,0.015395560301840326,Neutral
2020-08-11,358.0,,0.0,Neutral,-0.000818224158138025,Neutral
2020-08-10,360.0,,0.0,Neutral,0.0,Neutral
2020-08-09,351.0,,0.0,Neutral,0.0,Neutral
2020-08-06,350.0,,0.0,Neutral,0.0,Neutral
2020-08-05,351.0,,0.0,Neutral,0.0,Neutral
2020-08-03,355.0,,0.0,Neutral,0.0,Neutral
2020-08-02,351.0,,0.0,Neutral,0.0,Neutral
2020-07-30,358.0,,0.0,Neutral,0.0,Neutral
2020-07-29,356.0,2020-07-29,0.8600679636001587,Strongly Positive,0.8600679636001587,Strongly Positive
2020-07-28,364.0,,0.0,Neutral,0.43003398180007935,Positive
2020-07-27,367.0,,0.0,Neutral,0.21501699090003967,Positive
2020-07-26,367.0,,0.0,Neutral,0.0,Neutral
2020-07-23,358.0,,0.0,Neutral,0.0,Neutral
2020-07-22,356.0,2020-07-22,0.5365362167358398,Positive,0.5365362167358398,Positive
2020-07-21,364.0,,0.0,Neutral,0.2682681083679199,Positive
2020-07-20,374.0,,0.0,Neutral,0.13413405418395996,Slightly Positive
2020-07-19,379.0,,0.0,Neutral,0.0,Neutral
2020-07-16,365.0,,0.0,Neutral,0.0,Neutral
2020-07-15,359.0,,0.0,Neutral,0.0,Neutral
2020-07-14,357.0,,0.0,Neutral,0.0,Neutral
2020-07-13,353.0,,0.0,Neutral,0.0,Neutral
2020-07-12,356.0,,0.0,Neutral,0.0,Neutral
2020-07-09,357.0,2020-07-09,0.8973246514797211,Strongly Positive,0.8973246514797211,Strongly Positive
2020-07-08,360.0,,0.0,Neutral,0.44866232573986053,Positive
2020-07-07,357.0,,0.0,Neutral,0.22433116286993027,Positive
2020-07-06,345.0,,0.0,Neutral,0.0,Neutral
2020-07-05,336.0,2020-07-05,0.2238288819789886,Positive,0.2238288819789886,Positive
2020-07-02,334.0,,0.0,Neutral,0.1119144409894943,Slightly Positive
2020-07-01,365.0,2020-07-01,-0.564888060092926,Negative,-0.5089308395981789,Negative
2020-06-30,332.0,2020-06-30,0.916642129421234,Strongly Positive,0.634198099374771,Strongly Positive
2020-05-13,312.0,,0.0,Neutral,0.3170990496873855,Positive
2020-05-12,321.0,,0.0,Neutral,0.2291605323553085,Positive
2020-03-22,330.0,2020-03-22,0.5310344099998474,Positive,0.5310344099998474,Positive
2020-03-19,326.0,,0.0,Neutral,0.2655172049999237,Positive
2020-03-18,318.0,,0.0,Neutral,0.13275860249996185,Slightly Positive
2020-03-17,325.0,2020-03-17,0.8020090460777283,Strongly Positive,0.8020090460777283,Strongly Positive
2020-03-16,332.0,2020-03-16,0.6043878793716431,Strongly Positive,1.0053924024105072,Strongly Positive
2020-03-15,330.0,2020-03-15,0.8521060943603516,Strongly Positive,1.3548022955656052,Strongly Positive
2020-03-12,350.0,,0.0,Neutral,0.5771500170230865,Positive
2020-03-11,353.0,2020-03-11,0.6391243934631348,Strongly Positive,0.8521509170532227,Strongly Positive
2020-03-10,340.0,2020-03-10,-0.6497147083282471,Strongly Negative,-0.3301525115966797,Negative
2020-03-05,360.0,2020-03-05,0.7326845228672028,Strongly Positive,0.5676082670688629,Positive
2020-03-04,364.0,2020-03-04,-0.0493215024471282,Neutral,0.15459208190441143,Slightly Positive
2020-03-03,385.0,2020-03-03,0.9211212992668152,Strongly Positive,1.0796316787600517,Strongly Positive
2020-03-02,380.0,2020-03-02,0.7860763669013977,Strongly Positive,1.2343066409230232,Strongly Positive
2020-03-01,396.0,,0.0,Neutral,0.6233185082674026,Strongly Positive
2020-02-27,399.0,2020-02-27,0.4762963950634002,Positive,0.6728154867887497,Strongly Positive
2020-02-26,403.0,2020-02-26,-0.5152184963226318,Negative,-0.2770702987909317,Negative
2020-02-25,403.0,2020-02-25,0.9188093543052672,Strongly Positive,0.7802742049098014,Strongly Positive
2020-02-24,395.0,2020-02-24,0.0043060332536697,Neutral,0.33490608632564534,Positive
2020-02-23,405.0,2020-02-23,0.0224795639514923,Neutral,0.25433491915464396,Positive
2020-02-20,396.0,2020-02-20,0.7416114807128906,Strongly Positive,0.7539277710020542,Strongly Positive
2020-02-19,361.0,2020-02-19,0.5676307678222656,Positive,0.944056399166584,Strongly Positive
2020-02-18,347.0,,0.0,Neutral,0.46921825408935547,Positive
2020-02-17,350.0,2020-02-17,0.7569572925567627,Strongly Positive,0.8988649845123291,Strongly Positive
2020-02-16,339.0,2020-02-16,0.3593215346336365,Positive,0.7378001809120178,Strongly Positive
2020-02-13,338.0,2020-02-13,-0.1728152632713318,Slightly Negative,0.19608482718467712,Slightly Positive
2020-02-12,336.0,,0.0,Neutral,0.003422752022743225,Neutral
2020-02-11,335.0,2020-02-11,-0.6466630697250366,Strongly Negative,-0.6898668855428696,Strongly Negative
2020-02-10,330.0,,0.0,Neutral,-0.3233315348625183,Negative
2020-02-09,327.0,,0.0,Neutral,-0.16166576743125916,Slightly Negative
2020-02-06,334.0,,0.0,Neutral,0.0,Neutral
2020-02-05,335.0,2020-02-05,0.879252552986145,Strongly Positive,0.879252552986145,Strongly Positive
2020-02-04,332.0,,0.0,Neutral,0.4396262764930725,Positive
2020-02-03,346.0,,0.0,Neutral,0.21981313824653625,Positive
2020-02-02,330.0,,0.0,Neutral,0.0,Neutral
2020-01-30,323.0,,0.0,Neutral,0.0,Neutral
2020-01-29,318.0,,0.0,Neutral,0.0,Neutral
2020-01-28,317.0,2020-01-28,0.283295214176178,Positive,0.283295214176178,Positive
2020-01-27,322.0,,0.0,Neutral,0.141647607088089,Slightly Positive
2020-01-26,318.0,2020-01-26,0.8893269896507263,Strongly Positive,0.9601507931947708,Strongly Positive
2020-01-23,328.0,,0.0,Neutral,0.44466349482536316,Positive
2020-01-22,325.0,,0.0,Neutral,0.22233174741268158,Positive
2020-01-21,327.0,,0.0,Neutral,0.0,Neutral
2020-01-20,332.0,2020-01-20,-0.2280759774148464,Negative,-0.2280759774148464,Negative
2020-01-19,340.0,,0.0,Neutral,-0.1140379887074232,Slightly Negative
2020-01-16,332.0,,0.0,Neutral,-0.0570189943537116,Slightly Negative
2020-01-15,329.0,,0.0,Neutral,0.0,Neutral
2020-01-14,328.0,2020-01-14,0.5020753741264343,Positive,0.5020753741264343,Positive
2020-01-13,325.0,,0.0,Neutral,0.25103768706321716,Positive
2020-01-12,317.0,,0.0,Neutral,0.12551884353160858,Slightly Positive
2020-01-09,309.0,,0.0,Neutral,0.0,Neutral
2020-01-08,309.0,,0.0,Neutral,0.0,Neutral
2020-01-07,310.0,,0.0,Neutral,0.0,Neutral
2020-01-06,308.0,,0.0,Neutral,0.0,Neutral
2020-01-05,308.0,2020-01-05,0.5616716295480728,Positive,0.5616716295480728,Positive
2020-01-02,302.0,,0.0,Neutral,0.2808358147740364,Positive
2020-01-01,302.0,,0.0,Neutral,0.1404179073870182,Slightly Positive
2019-12-31,303.0,,0.0,Neutral,0.0,Neutral
2019-12-30,304.0,2019-12-30,0.7870628833770752,Strongly Positive,0.7870628833770752,Strongly Positive
2019-12-29,303.0,,0.0,Neutral,0.3935314416885376,Positive
2019-12-26,302.0,2019-12-26,0.3885568231344224,Positive,0.5853225439786912,Positive
2019-12-25,309.0,,0.0,Neutral,0.1942784115672112,Slightly Positive
2019-12-24,352.0,,0.0,Neutral,0.0971392057836056,Slightly Positive
2019-12-23,355.0,,0.0,Neutral,0.0,Neutral
2019-12-22,356.0,,0.0,Neutral,0.0,Neutral
2019-12-19,357.0,,0.0,Neutral,0.0,Neutral
2019-12-18,353.0,,0.0,Neutral,0.0,Neutral
2019-12-17,357.0,,0.0,Neutral,0.0,Neutral
2019-12-16,354.0,,0.0,Neutral,0.0,Neutral
2019-12-15,357.0,,0.0,Neutral,0.0,Neutral
2019-12-12,366.0,,0.0,Neutral,0.0,Neutral
2019-12-11,360.0,,0.0,Neutral,0.0,Neutral
2019-12-10,357.0,,0.0,Neutral,0.0,Neutral
2019-12-09,360.0,,0.0,Neutral,0.0,Neutral
2019-12-08,343.0,,0.0,Neutral,0.0,Neutral
2019-12-05,334.0,,0.0,Neutral,0.0,Neutral
2019-12-04,334.0,,0.0,Neutral,0.0,Neutral
2019-12-03,334.0,2019-12-03,0.618488609790802,Strongly Positive,0.618488609790802,Strongly Positive
2019-12-02,330.0,2019-12-02,0.6570655703544617,Strongly Positive,0.9663098752498627,Strongly Positive
2019-12-01,342.0,,0.0,Neutral,0.48315493762493134,Positive
2019-11-28,344.0,,0.0,Neutral,0.16426639258861542,Slightly Positive
2019-11-27,348.0,,0.0,Neutral,0.0,Neutral
2019-11-26,341.0,,0.0,Neutral,0.0,Neutral
2019-11-25,345.0,,0.0,Neutral,0.0,Neutral
2019-11-24,343.0,2019-11-24,0.7399795055389404,Strongly Positive,0.7399795055389404,Strongly Positive
2019-11-21,347.0,,0.0,Neutral,0.3699897527694702,Positive
2019-11-20,347.0,,0.0,Neutral,0.1849948763847351,Slightly Positive
2019-11-19,347.0,2019-11-19,0.4210245609283447,Positive,0.4210245609283447,Positive
2019-11-18,353.0,,0.0,Neutral,0.21051228046417236,Positive
2019-11-17,350.0,,0.0,Neutral,0.10525614023208618,Slightly Positive
2019-11-14,357.0,,0.0,Neutral,0.0,Neutral
2019-11-13,358.0,,0.0,Neutral,0.0,Neutral
2019-11-12,359.0,,0.0,Neutral,0.0,Neutral
2019-11-11,367.0,,0.0,Neutral,0.0,Neutral
2019-11-10,357.0,2019-11-10,-0.0885843336582183,Slightly Negative,-0.0885843336582183,Slightly Negative
2019-11-07,368.0,,0.0,Neutral,-0.04429216682910915,Neutral
2019-11-06,370.0,,0.0,Neutral,-0.022146083414554575,Neutral
2019-11-05,369.0,,0.0,Neutral,0.0,Neutral
2019-11-04,368.0,2019-11-04,-0.9058239459991456,Strongly Negative,-0.9058239459991456,Strongly Negative
2019-11-03,364.0,,0.0,Neutral,-0.4529119729995728,Negative
2019-10-31,367.0,,0.0,Neutral,-0.2264559864997864,Negative
2019-10-24,368.0,,0.0,Neutral,0.0,Neutral
2019-10-23,367.0,,0.0,Neutral,0.0,Neutral
2019-10-22,365.0,,0.0,Neutral,0.0,Neutral
2019-10-21,358.0,2019-10-21,0.7867043614387512,Strongly Positive,0.7867043614387512,Strongly Positive
2019-10-20,362.0,,0.0,Neutral,0.3933521807193756,Positive
2019-10-17,364.0,,0.0,Neutral,0.1966760903596878,Slightly Positive
2019-10-16,363.0,,0.0,Neutral,0.0,Neutral
2019-10-15,366.0,,0.0,Neutral,0.0,Neutral
2019-10-14,363.0,,0.0,Neutral,0.0,Neutral
2019-10-10,365.0,,0.0,Neutral,0.0,Neutral
2019-10-03,362.0,2019-10-03,0.6210771203041077,Strongly Positive,0.6210771203041077,Strongly Positive
2019-10-02,355.0,,0.0,Neutral,0.31053856015205383,Positive
2019-10-01,361.0,2019-10-01,-0.3024523556232452,Negative,-0.14718307554721827,Slightly Negative
2019-09-30,358.0,,0.0,Neutral,-0.1512261778116226,Slightly Negative
2019-09-29,359.0,2019-09-29,0.8132269978523254,Strongly Positive,0.7376139089465141,Strongly Positive
2019-09-26,357.0,2019-09-26,0.5172597169876099,Positive,0.9238732159137726,Strongly Positive
2019-09-25,354.0,,0.0,Neutral,0.4619366079568863,Positive
2019-09-24,357.0,2019-09-24,-0.0042473077774047,Neutral,0.12506762146949776,Slightly Positive
2019-09-23,362.0,,0.0,Neutral,-0.00212365388870235,Neutral
2019-09-22,360.0,,0.0,Neutral,-0.001061826944351175,Neutral
2019-09-19,370.0,,0.0,Neutral,0.0,Neutral
2019-09-18,375.0,,0.0,Neutral,0.0,Neutral
2019-09-17,367.0,2019-09-17,0.4095453321933746,Positive,0.4095453321933746,Positive
2019-09-16,357.0,2019-09-16,0.4361126124858857,Positive,0.6408852785825729,Strongly Positive
2019-09-15,367.0,2019-09-15,0.6814584136009216,Strongly Positive,1.001901052892208,Strongly Positive
2019-09-12,374.0,,0.0,Neutral,0.4497573599219322,Positive
2019-09-11,375.0,2019-09-11,0.869890034198761,Strongly Positive,1.0402546375989914,Strongly Positive
2019-09-10,377.0,,0.0,Neutral,0.4349450170993805,Positive
2019-09-09,382.0,,0.0,Neutral,0.21747250854969025,Positive
2019-09-08,384.0,2019-09-08,0.7852203249931335,Strongly Positive,0.7852203249931335,Strongly Positive
2019-09-05,380.0,,0.0,Neutral,0.3926101624965668,Positive
2019-09-04,380.0,2019-09-04,0.4178094565868377,Positive,0.6141145378351212,Strongly Positive
2019-09-03,390.0,,0.0,Neutral,0.20890472829341886,Positive
2019-09-02,380.0,2019-09-02,0.521414041519165,Positive,0.6258664056658745,Strongly Positive
2019-09-01,380.0,,0.0,Neutral,0.2607070207595825,Positive
2019-08-29,384.0,,0.0,Neutral,0.13035351037979126,Slightly Positive
2019-08-28,388.0,,0.0,Neutral,0.0,Neutral
2019-08-27,392.0,2019-08-27,0.3579877018928528,Positive,0.3579877018928528,Positive
2019-08-26,384.0,2019-08-26,0.7882136106491089,Strongly Positive,0.9672074615955353,Strongly Positive
2019-08-25,383.0,,0.0,Neutral,0.48360373079776764,Positive
2019-08-22,384.0,,0.0,Neutral,0.19705340266227722,Slightly Positive
2019-08-21,392.0,,0.0,Neutral,0.0,Neutral
2019-08-20,390.0,,0.0,Neutral,0.0,Neutral
2019-08-19,396.0,2019-08-19,0.8192152976989746,Strongly Positive,0.8192152976989746,Strongly Positive
2019-08-18,386.0,,0.0,Neutral,0.4096076488494873,Positive
2019-08-15,390.0,,0.0,Neutral,0.20480382442474365,Positive
2019-08-14,388.0,2019-08-14,0.8356881737709045,Strongly Positive,0.8356881737709045,Strongly Positive
2019-08-13,391.0,2019-08-13,0.6991210579872131,Strongly Positive,1.1169651448726654,Strongly Positive
2019-08-12,393.0,,0.0,Neutral,0.5584825724363327,Positive
2019-08-11,390.0,,0.0,Neutral,0.17478026449680328,Slightly Positive
2019-08-08,394.0,,0.0,Neutral,0.0,Neutral
2019-08-07,398.0,2019-08-07,-0.4570404589176178,Negative,-0.4570404589176178,Negative
2019-08-06,395.0,,0.0,Neutral,-0.2285202294588089,Negative
2019-08-05,400.0,,0.0,Neutral,-0.11426011472940445,Slightly Negative
2019-08-04,402.0,,0.0,Neutral,0.0,Neutral
2019-08-01,404.0,,0.0,Neutral,0.0,Neutral
2019-07-31,406.0,2019-07-31,-0.4471966624259949,Negative,-0.4471966624259949,Negative
2019-07-30,406.0,,0.0,Neutral,-0.22359833121299744,Negative
2019-07-29,404.0,2019-07-29,0.5511285066604614,Positive,0.4393293410539627,Positive
2019-07-28,404.0,,0.0,Neutral,0.2755642533302307,Positive
2019-07-25,405.0,,0.0,Neutral,0.13778212666511536,Slightly Positive
2019-07-24,405.0,2019-07-24,0.8770189881324768,Strongly Positive,0.8770189881324768,Strongly Positive
2019-07-23,408.0,,0.0,Neutral,0.4385094940662384,Positive
2019-07-22,413.0,,0.0,Neutral,0.2192547470331192,Positive
2019-07-21,409.0,2019-07-21,0.1339715123176574,Slightly Positive,0.1339715123176574,Slightly Positive
2019-07-18,411.0,,0.0,Neutral,0.0669857561588287,Slightly Positive
2019-07-17,413.0,2019-07-17,0.8922961354255676,Strongly Positive,0.925789013504982,Strongly Positive
2019-07-16,409.0,,0.0,Neutral,0.4461480677127838,Positive
2019-07-15,409.0,,0.0,Neutral,0.2230740338563919,Positive
2019-07-14,401.0,,0.0,Neutral,0.0,Neutral
2019-07-11,401.0,,0.0,Neutral,0.0,Neutral
2019-07-10,407.0,2019-07-10,-0.4849487543106079,Negative,-0.4849487543106079,Negative
2019-07-09,410.0,,0.0,Neutral,-0.24247437715530396,Negative
2019-07-08,408.0,2019-07-08,0.8237234354019165,Strongly Positive,0.7024862468242645,Strongly Positive
2019-07-07,408.0,2019-07-07,0.8937943577766418,Strongly Positive,1.3056560754776,Strongly Positive
2019-07-04,401.0,2019-07-04,0.6093844771385193,Strongly Positive,1.2622125148773193,Strongly Positive
2019-07-03,407.0,,0.0,Neutral,0.5281408280134201,Positive
2019-07-02,405.0,2019-07-02,-0.2368516623973846,Negative,-0.08450554311275477,Slightly Negative
2019-07-01,397.0,2019-07-01,-0.4330974519252777,Negative,-0.55152328312397,Negative
2019-06-30,395.0,,0.0,Neutral,-0.275761641561985,Negative
2019-06-27,405.0,,0.0,Neutral,-0.10827436298131943,Slightly Negative
2019-06-26,404.0,,0.0,Neutral,0.0,Neutral
2019-06-25,405.0,,0.0,Neutral,0.0,Neutral
2019-06-24,404.0,,0.0,Neutral,0.0,Neutral
2019-06-23,402.0,,0.0,Neutral,0.0,Neutral
2019-06-20,406.0,,0.0,Neutral,0.0,Neutral
2019-06-19,402.0,,0.0,Neutral,0.0,Neutral
2019-06-18,403.0,,0.0,Neutral,0.0,Neutral
2019-06-17,406.0,2019-06-17,-0.6195419430732727,Strongly Negative,-0.6195419430732727,Strongly Negative
2019-06-16,404.0,2019-06-16,0.0492241531610489,Neutral,-0.26054681837558746,Negative
2019-06-13,406.0,,0.0,Neutral,-0.13027340918779373,Slightly Negative
2019-06-12,405.0,,0.0,Neutral,0.012306038290262226,Neutral
2019-06-11,407.0,,0.0,Neutral,0.0,Neutral
2019-06-10,402.0,,0.0,Neutral,0.0,Neutral
2019-06-06,408.0,,0.0,Neutral,0.0,Neutral
2019-06-04,411.0,,0.0,Neutral,0.0,Neutral
2019-06-03,414.0,,0.0,Neutral,0.0,Neutral
2019-06-02,416.0,,0.0,Neutral,0.0,Neutral
2019-05-30,425.0,,0.0,Neutral,0.0,Neutral
2019-05-29,429.0,2019-05-29,0.3382772803306579,Positive,0.3382772803306579,Positive
2019-05-28,420.0,,0.0,Neutral,0.16913864016532895,Slightly Positive
2019-05-27,420.0,,0.0,Neutral,0.08456932008266448,Slightly Positive
2019-05-26,418.0,,0.0,Neutral,0.0,Neutral
2019-05-23,424.0,,0.0,Neutral,0.0,Neutral
2019-05-22,444.0,2019-05-22,0.9192432165145874,Strongly Positive,0.9192432165145874,Strongly Positive
2019-05-21,448.0,,0.0,Neutral,0.4596216082572937,Positive
2019-05-20,428.0,,0.0,Neutral,0.22981080412864685,Positive
2019-05-19,405.0,,0.0,Neutral,0.0,Neutral
2019-05-16,388.0,2019-05-16,0.6019901037216187,Strongly Positive,0.6019901037216187,Strongly Positive
2019-05-15,388.0,,0.0,Neutral,0.3009950518608093,Positive
2019-05-14,385.0,2019-05-14,-0.1161871999502182,Slightly Negative,0.03431032598018646,Neutral
2019-05-13,383.0,,0.0,Neutral,-0.0580935999751091,Slightly Negative
2019-05-12,371.0,,0.0,Neutral,-0.02904679998755455,Neutral
2019-05-09,367.0,,0.0,Neutral,0.0,Neutral
2019-05-08,373.0,,0.0,Neutral,0.0,Neutral
2019-05-07,380.0,,0.0,Neutral,0.0,Neutral
2019-05-06,375.0,,0.0,Neutral,0.0,Neutral
2019-05-05,372.0,,0.0,Neutral,0.0,Neutral
2019-05-02,390.0,,0.0,Neutral,0.0,Neutral
2019-04-30,395.0,,0.0,Neutral,0.0,Neutral
2019-04-29,381.0,2019-04-29,0.6715145111083984,Strongly Positive,0.6715145111083984,Strongly Positive
2019-04-28,381.0,,0.0,Neutral,0.3357572555541992,Positive
2019-04-25,366.0,,0.0,Neutral,0.1678786277770996,Slightly Positive
2019-04-24,358.0,2019-04-24,-0.2091304957866668,Negative,-0.2091304957866668,Negative
2019-04-23,360.0,,0.0,Neutral,-0.1045652478933334,Slightly Negative
2019-04-22,363.0,2019-04-22,0.7112140357494354,Strongly Positive,0.6589314118027687,Strongly Positive
2019-04-21,362.0,2019-04-21,0.2224275916814804,Positive,0.5780346095561981,Positive
2019-04-18,364.0,,0.0,Neutral,0.28901730477809906,Positive
2019-04-17,369.0,,0.0,Neutral,0.0556068979203701,Slightly Positive
2019-04-16,360.0,2019-04-16,0.7619708776473999,Strongly Positive,0.7619708776473999,Strongly Positive
2019-04-15,359.0,,0.0,Neutral,0.38098543882369995,Positive
2019-04-11,360.0,2019-04-11,0.5554110407829285,Positive,0.7459037601947784,Strongly Positive
2019-04-10,358.0,2019-04-10,0.8950625061988831,Strongly Positive,1.1727680265903473,Strongly Positive
2019-04-09,360.0,2019-04-09,0.8805367946624756,Strongly Positive,1.4669208079576492,Strongly Positive
2019-04-08,360.0,,0.0,Neutral,0.6640340238809586,Strongly Positive
2019-04-07,357.0,,0.0,Neutral,0.2201341986656189,Positive
2019-04-04,358.0,,0.0,Neutral,0.0,Neutral
2019-04-03,361.0,2019-04-03,0.8603233098983765,Strongly Positive,0.8603233098983765,Strongly Positive
2019-04-02,356.0,,0.0,Neutral,0.43016165494918823,Positive
2019-04-01,362.0,2019-04-01,0.6460291147232056,Strongly Positive,0.8611099421977997,Strongly Positive
2019-03-31,355.0,,0.0,Neutral,0.3230145573616028,Positive
2019-03-28,360.0,,0.0,Neutral,0.1615072786808014,Slightly Positive
2019-03-27,358.0,,0.0,Neutral,0.0,Neutral
2019-03-26,360.0,2019-03-26,0.5928543210029602,Positive,0.5928543210029602,Positive
2019-03-25,360.0,,0.0,Neutral,0.2964271605014801,Positive
2019-03-24,357.0,,0.0,Neutral,0.14821358025074005,Slightly Positive
2019-03-21,356.0,,0.0,Neutral,0.0,Neutral
2019-03-19,355.0,2019-03-19,0.4687463641166687,Positive,0.4687463641166687,Positive
2019-03-18,364.0,,0.0,Neutral,0.23437318205833435,Positive
2019-03-17,366.0,,0.0,Neutral,0.11718659102916718,Slightly Positive
2019-03-14,365.0,,0.0,Neutral,0.0,Neutral
2019-03-13,361.0,,0.0,Neutral,0.0,Neutral
2019-03-12,370.0,,0.0,Neutral,0.0,Neutral
2019-03-11,360.0,2019-03-11,-0.5805007219314575,Negative,-0.5805007219314575,Negative
2019-03-10,345.0,,0.0,Neutral,-0.29025036096572876,Negative
2019-03-07,350.0,2019-03-07,0.8529539108276367,Strongly Positive,0.7078287303447723,Strongly Positive
2019-03-06,342.0,,0.0,Neutral,0.42647695541381836,Positive
2019-03-05,340.0,2019-03-05,-0.6652853488922119,Strongly Negative,-0.45204687118530273,Negative
2019-03-03,336.0,,0.0,Neutral,-0.33264267444610596,Negative
2019-02-27,338.0,,0.0,Neutral,-0.16632133722305298,Slightly Negative
2019-02-26,340.0,,0.0,Neutral,0.0,Neutral
2019-02-25,346.0,,0.0,Neutral,0.0,Neutral
2019-02-24,347.0,,0.0,Neutral,0.0,Neutral
2019-02-21,345.0,,0.0,Neutral,0.0,Neutral
2019-02-20,345.0,2019-02-20,-0.000268280506134,Neutral,-0.000268280506134,Neutral
2019-02-19,350.0,,0.0,Neutral,-0.000134140253067,Neutral
2019-02-18,340.0,2019-02-18,0.5097264647483826,Positive,0.5096593946218491,Positive
2019-02-17,343.0,,0.0,Neutral,0.2548632323741913,Positive
2019-02-14,348.0,,0.0,Neutral,0.12743161618709564,Slightly Positive
2019-02-13,349.0,,0.0,Neutral,0.0,Neutral
2019-02-12,355.0,,0.0,Neutral,0.0,Neutral
2019-02-11,344.0,,0.0,Neutral,0.0,Neutral
2019-02-10,344.0,,0.0,Neutral,0.0,Neutral
2019-02-07,350.0,,0.0,Neutral,0.0,Neutral
2019-02-06,359.0,,0.0,Neutral,0.0,Neutral
2019-02-05,370.0,,0.0,Neutral,0.0,Neutral
2019-02-04,350.0,2019-02-04,-0.7323634028434753,Strongly Negative,-0.7323634028434753,Strongly Negative
2019-02-03,356.0,2019-02-03,0.4023022949695587,Positive,0.036120593547821045,Neutral
2019-01-31,360.0,,0.0,Neutral,0.018060296773910522,Neutral
2019-01-30,362.0,2019-01-30,0.127448558807373,Slightly Positive,0.22802413254976267,Positive
2019-01-29,362.0,,0.0,Neutral,0.0637242794036865,Slightly Positive
2019-01-28,363.0,,0.0,Neutral,0.03186213970184325,Neutral
2019-01-27,364.0,,0.0,Neutral,0.0,Neutral
2019-01-24,368.0,2019-01-24,0.6918145418167114,Strongly Positive,0.6918145418167114,Strongly Positive
2019-01-23,368.0,,0.0,Neutral,0.3459072709083557,Positive
2019-01-22,366.0,,0.0,Neutral,0.17295363545417786,Slightly Positive
2019-01-21,368.0,2019-01-21,0.4966762065887451,Positive,0.4966762065887451,Positive
2019-01-20,370.0,2019-01-20,0.7727754712104797,Strongly Positive,1.0211135745048523,Strongly Positive
2019-01-17,378.0,,0.0,Neutral,0.5105567872524261,Positive
2019-01-16,375.0,,0.0,Neutral,0.19319386780261993,Slightly Positive
2019-01-15,393.0,2019-01-15,0.519601047039032,Positive,0.519601047039032,Positive
2019-01-14,375.0,2019-01-14,0.9134968519210817,Strongly Positive,1.1732973754405975,Strongly Positive
2019-01-13,371.0,,0.0,Neutral,0.5866486877202988,Positive
2019-01-10,369.0,,0.0,Neutral,0.2283742129802704,Positive
2019-01-09,370.0,2019-01-09,0.7550469636917114,Strongly Positive,0.7550469636917114,Strongly Positive
2019-01-08,370.0,2019-01-08,0.7743663191795349,Strongly Positive,1.1518898010253906,Strongly Positive
2019-01-07,370.0,2019-01-07,0.7200121879577637,Strongly Positive,1.295957088470459,Strongly Positive
2019-01-06,374.0,2019-01-06,0.5872798562049866,Positive,1.1408775299787521,Strongly Positive
2019-01-03,373.0,,0.0,Neutral,0.4736429750919342,Positive
2019-01-02,375.0,2019-01-02,-0.4312562644481659,Negative,-0.28443630039691925,Negative
2019-01-01,375.0,2019-01-01,0.5289696455001831,Positive,0.31334151327610016,Positive
2018-12-31,380.0,2018-12-31,0.8081836700439453,Strongly Positive,0.9648544266819954,Strongly Positive
2018-12-30,377.0,2018-12-30,0.8666418790817261,Strongly Positive,1.4029761254787445,Strongly Positive
2018-12-27,375.0,2018-12-27,0.8413619995117188,Strongly Positive,1.4767288565635681,Strongly Positive
2018-12-26,382.0,2018-12-26,0.5205397605895996,Positive,1.1578812301158905,Strongly Positive
2018-12-25,378.0,,0.0,Neutral,0.4706103801727295,Positive
2018-12-24,389.0,2018-12-24,0.912123441696167,Strongly Positive,1.042258381843567,Strongly Positive
2018-12-23,394.0,,0.0,Neutral,0.4560617208480835,Positive
2018-12-20,439.0,2018-12-20,-0.2122925519943237,Negative,0.015738308429718045,Neutral
2018-12-19,438.0,2018-12-19,-0.3084029853343963,Negative,-0.41454926133155817,Negative
2018-12-18,432.0,,0.0,Neutral,-0.20727463066577909,Negative
2018-12-17,440.0,,0.0,Neutral,-0.07710074633359908,Slightly Negative
2018-12-16,438.0,2018-12-16,0.7137515544891357,Strongly Positive,0.7137515544891357,Strongly Positive
2018-12-13,438.0,2018-12-13,-0.1332300901412964,Slightly Negative,0.22364568710327148,Positive
2018-12-12,431.0,,0.0,Neutral,0.11182284355163574,Slightly Positive
2018-12-11,436.0,2018-12-11,0.8785602450370789,Strongly Positive,0.8452527225017548,Strongly Positive
2018-12-10,438.0,2018-12-10,0.7846078276634216,Strongly Positive,1.223887950181961,Strongly Positive
2018-12-09,437.0,,0.0,Neutral,0.6119439750909805,Strongly Positive
2018-12-06,429.0,,0.0,Neutral,0.1961519569158554,Slightly Positive
2018-12-05,426.0,,0.0,Neutral,0.0,Neutral
2018-12-04,434.0,2018-12-04,0.033573567867279,Neutral,0.033573567867279,Neutral
2018-12-03,434.0,,0.0,Neutral,0.0167867839336395,Neutral
2018-12-02,442.0,2018-12-02,0.0572157725691795,Slightly Positive,0.06560916453599924,Slightly Positive
2018-11-29,437.0,2018-11-29,0.8101602792739868,Strongly Positive,0.8387681655585766,Strongly Positive
2018-11-28,437.0,,0.0,Neutral,0.4193840827792883,Positive
2018-11-27,441.0,,0.0,Neutral,0.2025400698184967,Positive
2018-11-26,444.0,,0.0,Neutral,0.0,Neutral
2018-11-25,447.0,,0.0,Neutral,0.0,Neutral
2018-11-22,469.0,,0.0,Neutral,0.0,Neutral
2018-11-21,450.0,,0.0,Neutral,0.0,Neutral
2018-11-20,444.0,,0.0,Neutral,0.0,Neutral
2018-11-19,452.0,2018-11-19,0.5714744180440903,Positive,0.5714744180440903,Positive
2018-11-18,455.0,,0.0,Neutral,0.28573720902204514,Positive
2018-11-15,458.0,,0.0,Neutral,0.14286860451102257,Slightly Positive
2018-11-14,460.0,,0.0,Neutral,0.0,Neutral
2018-11-13,461.0,2018-11-13,-0.1938473582267761,Slightly Negative,-0.1938473582267761,Slightly Negative
2018-11-12,462.0,,0.0,Neutral,-0.09692367911338805,Slightly Negative
2018-11-11,468.0,,0.0,Neutral,-0.048461839556694024,Neutral
2018-11-06,470.0,2018-11-06,-0.1830361932516098,Slightly Negative,-0.1830361932516098,Slightly Negative
2018-11-05,469.0,,0.0,Neutral,-0.0915180966258049,Slightly Negative
2018-11-04,470.0,,0.0,Neutral,-0.04575904831290245,Neutral
2018-11-01,470.0,,0.0,Neutral,0.0,Neutral
2018-10-31,463.0,,0.0,Neutral,0.0,Neutral
2018-10-30,465.0,,0.0,Neutral,0.0,Neutral
2018-10-29,468.0,,0.0,Neutral,0.0,Neutral
2018-10-28,473.0,,0.0,Neutral,0.0,Neutral
2018-10-25,470.0,,0.0,Neutral,0.0,Neutral
2018-10-24,468.0,,0.0,Neutral,0.0,Neutral
2018-10-23,468.0,,0.0,Neutral,0.0,Neutral
2018-10-22,475.0,,0.0,Neutral,0.0,Neutral
2018-10-21,480.0,,0.0,Neutral,0.0,Neutral
2018-10-15,477.0,2018-10-15,-0.192320704460144,Slightly Negative,-0.192320704460144,Slightly Negative
2018-10-14,480.0,,0.0,Neutral,-0.096160352230072,Slightly Negative
2018-10-11,473.0,,0.0,Neutral,-0.048080176115036,Neutral
2018-10-10,475.0,2018-10-10,-0.1620651185512542,Slightly Negative,-0.1620651185512542,Slightly Negative
2018-10-09,474.0,,0.0,Neutral,-0.0810325592756271,Slightly Negative
2018-10-08,479.0,,0.0,Neutral,-0.04051627963781355,Neutral
2018-10-07,472.0,,0.0,Neutral,0.0,Neutral
2018-10-04,470.0,,0.0,Neutral,0.0,Neutral
2018-10-03,467.0,,0.0,Neutral,0.0,Neutral
2018-10-02,475.0,,0.0,Neutral,0.0,Neutral
2018-10-01,475.0,,0.0,Neutral,0.0,Neutral
2018-09-30,478.0,,0.0,Neutral,0.0,Neutral
2018-09-27,480.0,,0.0,Neutral,0.0,Neutral
2018-09-26,483.0,,0.0,Neutral,0.0,Neutral
2018-09-25,491.0,,0.0,Neutral,0.0,Neutral
2018-09-23,488.0,2018-09-23,0.8959836959838867,Strongly Positive,0.8959836959838867,Strongly Positive
2018-09-20,475.0,,0.0,Neutral,0.44799184799194336,Positive
2018-09-18,464.0,2018-09-18,0.4713515937328338,Positive,0.6953475177288055,Strongly Positive
2018-09-17,457.0,,0.0,Neutral,0.2356757968664169,Positive
2018-09-16,462.0,2018-09-16,0.4487057030200958,Positive,0.5665436014533043,Positive
2018-09-13,464.0,,0.0,Neutral,0.2243528515100479,Positive
2018-09-12,450.0,,0.0,Neutral,0.11217642575502396,Slightly Positive
2018-09-11,453.0,,0.0,Neutral,0.0,Neutral
2018-09-10,452.0,,0.0,Neutral,0.0,Neutral
2018-09-09,453.0,,0.0,Neutral,0.0,Neutral
2018-09-06,443.0,,0.0,Neutral,0.0,Neutral
2018-09-05,450.0,,0.0,Neutral,0.0,Neutral
2018-09-04,440.0,,0.0,Neutral,0.0,Neutral
2018-09-03,442.0,,0.0,Neutral,0.0,Neutral
2018-09-02,437.0,2018-09-02,0.9213955402374268,Strongly Positive,0.9213955402374268,Strongly Positive
2018-08-30,434.0,,0.0,Neutral,0.4606977701187134,Positive
2018-08-29,432.0,,0.0,Neutral,0.2303488850593567,Positive
2018-08-28,433.0,2018-08-28,0.8678902387619019,Strongly Positive,0.8678902387619019,Strongly Positive
2018-08-26,431.0,2018-08-26,0.908364236354828,Strongly Positive,1.3423093557357788,Strongly Positive
2018-08-23,434.0,2018-08-23,0.9118733406066896,Strongly Positive,1.583028018474579,Strongly Positive
2018-08-22,434.0,2018-08-22,0.9089189767837524,Strongly Positive,1.5919467061758041,Strongly Positive
2018-08-21,433.0,,0.0,Neutral,0.6824278235435486,Strongly Positive
2018-08-20,436.0,,0.0,Neutral,0.2272297441959381,Positive
2018-08-19,439.0,2018-08-19,0.6557104587554932,Strongly Positive,0.6557104587554932,Strongly Positive
2018-08-16,446.0,2018-08-16,0.8950644135475159,Strongly Positive,1.2229196429252625,Strongly Positive
2018-08-15,449.0,2018-08-15,-0.1866932809352874,Slightly Negative,0.42476654052734386,Positive
2018-08-14,438.0,,0.0,Neutral,0.13041946291923529,Slightly Positive
2018-08-13,437.0,2018-08-13,0.5976293087005615,Positive,0.5509559884667397,Positive
2018-08-12,438.0,,0.0,Neutral,0.29881465435028076,Positive
2018-08-09,440.0,2018-08-09,0.9233427047729492,Strongly Positive,1.0727500319480896,Strongly Positive
2018-08-08,443.0,,0.0,Neutral,0.4616713523864746,Positive
2018-08-07,441.0,,0.0,Neutral,0.2308356761932373,Positive
2018-08-06,441.0,,0.0,Neutral,0.0,Neutral
2018-08-05,440.0,,0.0,Neutral,0.0,Neutral
2018-08-02,440.0,2018-08-02,-0.2557297945022583,Negative,-0.2557297945022583,Negative
2018-08-01,437.0,2018-08-01,0.7616575956344604,Strongly Positive,0.6337926983833313,Strongly Positive
2018-07-31,438.0,2018-07-31,0.8481963723897934,Strongly Positive,1.165092721581459,Strongly Positive
2018-07-30,436.0,,0.0,Neutral,0.6145125851035118,Strongly Positive
2018-07-29,435.0,,0.0,Neutral,0.21204909309744835,Positive
2018-07-26,437.0,2018-07-26,0.8805007934570312,Strongly Positive,0.8805007934570312,Strongly Positive
2018-07-25,440.0,2018-07-25,0.5625090003013611,Positive,1.0027593970298767,Strongly Positive
2018-07-24,440.0,2018-07-24,0.8712472915649414,Strongly Positive,1.3726269900798798,Strongly Positive
2018-07-23,437.0,,0.0,Neutral,0.576250895857811,Positive
2018-07-22,435.0,2018-07-22,0.5804762393236159,Positive,0.7982880622148513,Strongly Positive
2018-07-19,442.0,,0.0,Neutral,0.29023811966180796,Positive
2018-07-18,440.0,2018-07-18,-0.6905643939971924,Strongly Negative,-0.5454453341662884,Negative
2018-07-17,442.0,2018-07-17,0.8452868461608887,Strongly Positive,0.5000046491622925,Positive
2018-07-16,457.0,,0.0,Neutral,0.25000232458114624,Positive
2018-07-15,438.0,2018-07-15,-0.0455491840839386,Neutral,0.16577252745628357,Slightly Positive
2018-07-12,438.0,2018-07-12,-0.1427455693483352,Slightly Negative,-0.1655201613903045,Slightly Negative
2018-07-11,441.0,2018-07-11,0.1307443678379058,Slightly Positive,0.047984287142753546,Neutral
2018-07-10,444.0,,0.0,Neutral,0.029685791581869098,Neutral
2018-07-09,439.0,,0.0,Neutral,0.03268609195947645,Neutral
2018-07-08,447.0,2018-07-08,0.7769768834114075,Strongly Positive,0.7769768834114075,Strongly Positive
2018-07-05,450.0,,0.0,Neutral,0.38848844170570374,Positive
2018-07-04,435.0,2018-07-04,0.3696541786193847,Positive,0.5638983994722366,Positive
2018-07-03,435.0,,0.0,Neutral,0.18482708930969236,Slightly Positive
2018-07-02,436.0,,0.0,Neutral,0.09241354465484618,Slightly Positive
2018-07-01,441.0,,0.0,Neutral,0.0,Neutral
2018-06-28,440.0,,0.0,Neutral,0.0,Neutral
2018-06-27,439.0,2018-06-27,0.6418185830116272,Strongly Positive,0.6418185830116272,Strongly Positive
2018-06-26,439.0,,0.0,Neutral,0.3209092915058136,Positive
2018-06-25,440.0,,0.0,Neutral,0.1604546457529068,Slightly Positive
2018-06-24,449.0,,0.0,Neutral,0.0,Neutral
2018-06-21,444.0,,0.0,Neutral,0.0,Neutral
2018-06-20,443.0,,0.0,Neutral,0.0,Neutral
2018-06-19,443.0,,0.0,Neutral,0.0,Neutral
2018-06-18,442.0,,0.0,Neutral,0.0,Neutral
2018-06-17,441.0,2018-06-17,0.508649468421936,Positive,0.508649468421936,Positive
2018-06-14,450.0,,0.0,Neutral,0.254324734210968,Positive
2018-06-13,441.0,2018-06-13,-0.3404492735862732,Negative,-0.21328690648078918,Negative
2018-06-12,443.0,,0.0,Neutral,-0.1702246367931366,Slightly Negative
2018-06-11,443.0,,0.0,Neutral,-0.0851123183965683,Slightly Negative
2018-06-10,446.0,,0.0,Neutral,0.0,Neutral
2018-06-07,450.0,2018-06-07,0.787387490272522,Strongly Positive,0.787387490272522,Strongly Positive
2018-06-06,459.0,,0.0,Neutral,0.393693745136261,Positive
2018-06-04,452.0,2018-06-04,0.8630961179733276,Strongly Positive,1.0599429905414581,Strongly Positive
2018-06-03,453.0,2018-06-03,0.3452410101890564,Positive,0.7767890691757202,Strongly Positive
2018-05-31,465.0,,0.0,Neutral,0.3883945345878601,Positive
2018-05-30,468.0,2018-05-30,0.7039557695388794,Strongly Positive,0.7902660220861435,Strongly Positive
2018-05-29,465.0,,0.0,Neutral,0.3519778847694397,Positive
2018-05-28,470.0,,0.0,Neutral,0.17598894238471985,Slightly Positive
2018-05-27,467.0,,0.0,Neutral,0.0,Neutral
2018-05-24,471.0,,0.0,Neutral,0.0,Neutral
2018-05-23,475.0,,0.0,Neutral,0.0,Neutral
2018-05-22,480.0,2018-05-22,0.7939203977584839,Strongly Positive,0.7939203977584839,Strongly Positive
2018-05-21,479.0,,0.0,Neutral,0.39696019887924194,Positive
2018-05-20,474.0,,0.0,Neutral,0.19848009943962097,Slightly Positive
2018-05-17,479.0,,0.0,Neutral,0.0,Neutral
2018-05-16,483.0,,0.0,Neutral,0.0,Neutral
2018-05-15,479.0,,0.0,Neutral,0.0,Neutral
2018-05-14,481.0,2018-05-14,0.7037050724029541,Strongly Positive,0.7037050724029541,Strongly Positive
2018-05-10,485.0,,0.0,Neutral,0.35185253620147705,Positive
2018-05-09,502.0,,0.0,Neutral,0.17592626810073853,Slightly Positive
2018-05-08,504.0,2018-05-08,0.7442371547222137,Strongly Positive,0.7442371547222137,Strongly Positive
2018-05-07,504.0,,0.0,Neutral,0.3721185773611069,Positive
2018-05-06,492.0,,0.0,Neutral,0.18605928868055344,Slightly Positive
2018-05-03,504.0,,0.0,Neutral,0.0,Neutral
2018-05-02,510.0,,0.0,Neutral,0.0,Neutral
2018-04-29,491.0,,0.0,Neutral,0.0,Neutral
2018-04-26,480.0,2018-04-26,-0.1422680616378784,Slightly Negative,-0.1422680616378784,Slightly Negative
2018-04-25,485.0,,0.0,Neutral,-0.0711340308189392,Slightly Negative
2018-04-24,487.0,,0.0,Neutral,-0.0355670154094696,Neutral
2018-04-23,495.0,,0.0,Neutral,0.0,Neutral
2018-04-22,515.0,,0.0,Neutral,0.0,Neutral
2018-04-19,485.0,,0.0,Neutral,0.0,Neutral
2018-04-18,476.0,2018-04-18,0.7243727445602417,Strongly Positive,0.7243727445602417,Strongly Positive
2018-04-17,469.0,2018-04-17,-0.4689792692661285,Negative,-0.10679289698600763,Slightly Negative
2018-04-16,460.0,,0.0,Neutral,-0.05339644849300382,Slightly Negative
2018-04-15,455.0,2018-04-15,0.9221633076667786,Strongly Positive,0.8049184903502464,Strongly Positive
2018-04-12,456.0,2018-04-12,-0.6430073976516724,Strongly Negative,-0.18192574381828308,Slightly Negative
2018-04-11,462.0,,0.0,Neutral,-0.09096287190914154,Slightly Negative
2018-04-10,461.0,,0.0,Neutral,-0.1607518494129181,Slightly Negative
2018-04-09,470.0,,0.0,Neutral,0.0,Neutral
2018-04-08,500.0,2018-04-08,0.4547261595726013,Positive,0.4547261595726013,Positive
2018-04-05,488.0,,0.0,Neutral,0.22736307978630066,Positive
2018-04-04,471.0,2018-04-04,0.8857042789459229,Strongly Positive,0.9993858188390732,Strongly Positive
2018-04-03,469.0,2018-04-03,0.8998837769031525,Strongly Positive,1.342735916376114,Strongly Positive
2018-04-02,451.0,2018-04-02,0.6707487106323242,Strongly Positive,1.3421166688203812,Strongly Positive
2018-04-01,459.0,,0.0,Neutral,0.5603452995419502,Positive
2018-03-29,470.0,,0.0,Neutral,0.16768717765808105,Slightly Positive
2018-03-28,457.0,2018-03-28,0.6803320646286011,Strongly Positive,0.6803320646286011,Strongly Positive
2018-03-27,468.0,2018-03-27,-0.2121085226535797,Negative,0.12805750966072083,Slightly Positive
2018-03-26,436.0,,0.0,Neutral,0.06402875483036041,Slightly Positive
2018-03-22,464.0,2018-03-22,0.6458000540733337,Strongly Positive,0.5927729234099388,Positive
2018-03-21,482.0,,0.0,Neutral,0.32290002703666687,Positive
2018-03-20,484.0,,0.0,Neutral,0.16145001351833344,Slightly Positive
2018-03-19,483.0,,0.0,Neutral,0.0,Neutral
2018-03-18,483.0,2018-03-18,-0.5104734301567078,Negative,-0.5104734301567078,Negative
2018-03-15,490.0,,0.0,Neutral,-0.2552367150783539,Negative
2018-03-14,489.0,,0.0,Neutral,-0.12761835753917694,Slightly Negative
2018-03-13,490.0,,0.0,Neutral,0.0,Neutral
2018-03-12,481.0,,0.0,Neutral,0.0,Neutral
2018-03-11,485.0,,0.0,Neutral,0.0,Neutral
2018-03-07,500.0,2018-03-07,-0.3192073702812195,Negative,-0.3192073702812195,Negative
2018-03-06,494.0,,0.0,Neutral,-0.15960368514060974,Slightly Negative
2018-03-05,497.0,,0.0,Neutral,-0.07980184257030487,Slightly Negative
2018-03-04,507.0,,0.0,Neutral,0.0,Neutral
2018-02-28,518.0,2018-02-28,-0.4559577703475952,Negative,-0.4559577703475952,Negative
2018-02-27,530.0,2018-02-27,-0.5017960667610168,Negative,-0.7297749519348145,Strongly Negative
2018-02-26,534.0,,0.0,Neutral,-0.3648874759674072,Negative
2018-02-25,542.0,,0.0,Neutral,-0.1254490166902542,Slightly Negative
2018-02-22,545.0,,0.0,Neutral,0.0,Neutral
2018-02-21,545.0,,0.0,Neutral,0.0,Neutral
2018-02-20,540.0,,0.0,Neutral,0.0,Neutral
2018-02-18,557.0,2018-02-18,-0.7218689322471619,Strongly Negative,-0.7218689322471619,Strongly Negative
2018-02-15,568.0,2018-02-15,0.89710932970047,Strongly Positive,0.536174863576889,Positive
2018-02-14,559.0,,0.0,Neutral,0.2680874317884445,Positive
2018-02-12,563.0,2018-02-12,0.1932896673679351,Slightly Positive,0.41756699979305256,Positive
2018-02-11,551.0,,0.0,Neutral,0.09664483368396755,Slightly Positive
2018-02-08,549.0,,0.0,Neutral,0.048322416841983774,Neutral
2018-02-07,558.0,,0.0,Neutral,0.0,Neutral
2018-02-06,557.0,,0.0,Neutral,0.0,Neutral
2018-02-05,558.0,2018-02-05,0.8875495791435242,Strongly Positive,0.8875495791435242,Strongly Positive
2018-02-04,580.0,,0.0,Neutral,0.4437747895717621,Positive
2018-02-01,611.0,,0.0,Neutral,0.22188739478588104,Positive
2018-01-31,617.0,,0.0,Neutral,0.0,Neutral
2018-01-29,633.0,,0.0,Neutral,0.0,Neutral
2018-01-28,628.0,2018-01-28,0.9140734672546388,Strongly Positive,0.9140734672546388,Strongly Positive
2018-01-25,636.0,,0.0,Neutral,0.4570367336273194,Positive
2018-01-24,635.0,,0.0,Neutral,0.2285183668136597,Positive
2018-01-23,640.0,,0.0,Neutral,0.0,Neutral
2018-01-22,654.0,,0.0,Neutral,0.0,Neutral
2018-01-21,651.0,2018-01-21,0.326934814453125,Positive,0.326934814453125,Positive
2018-01-17,665.0,,0.0,Neutral,0.1634674072265625,Slightly Positive
2018-01-16,660.0,2018-01-16,0.912229597568512,Strongly Positive,0.9939633011817932,Strongly Positive
2018-01-14,711.0,,0.0,Neutral,0.456114798784256,Positive
2018-01-10,677.0,2018-01-10,-0.1146869361400604,Slightly Negative,0.1133704632520676,Slightly Positive
2018-01-09,670.0,,0.0,Neutral,-0.0573434680700302,Slightly Negative
2018-01-08,668.0,2018-01-08,0.5098813772201538,Positive,0.4812096431851387,Positive
2018-01-07,680.0,2018-01-07,0.9193395376205444,Strongly Positive,1.1742802262306213,Strongly Positive
2018-01-04,680.0,,0.0,Neutral,0.5871401131153107,Positive
2018-01-03,677.0,,0.0,Neutral,0.2298348844051361,Positive
2018-01-02,685.0,2018-01-02,0.907924234867096,Strongly Positive,0.907924234867096,Strongly Positive
2018-01-01,691.0,,0.0,Neutral,0.453962117433548,Positive
2017-12-31,675.0,,0.0,Neutral,0.226981058716774,Positive
2017-12-28,671.0,,0.0,Neutral,0.0,Neutral
2017-12-27,672.0,,0.0,Neutral,0.0,Neutral
2017-12-26,685.0,,0.0,Neutral,0.0,Neutral
2017-12-24,700.0,2017-12-24,0.5628668665885925,Positive,0.5628668665885925,Positive
2017-12-21,702.0,,0.0,Neutral,0.28143343329429626,Positive
2017-12-20,706.0,,0.0,Neutral,0.14071671664714813,Slightly Positive
2017-12-19,719.0,,0.0,Neutral,0.0,Neutral
2017-12-18,725.0,,0.0,Neutral,0.0,Neutral
2017-12-17,721.0,,0.0,Neutral,0.0,Neutral
2017-12-14,735.0,,0.0,Neutral,0.0,Neutral
2017-12-13,742.0,,0.0,Neutral,0.0,Neutral
2017-12-12,735.0,,0.0,Neutral,0.0,Neutral
2017-12-11,745.0,2017-12-11,0.5815926194190979,Positive,0.5815926194190979,Positive
2017-12-10,746.0,,0.0,Neutral,0.29079630970954895,Positive
2017-12-06,739.0,,0.0,Neutral,0.14539815485477448,Slightly Positive
2017-12-05,740.0,2017-12-05,0.1702946424484253,Slightly Positive,0.1702946424484253,Slightly Positive
2017-12-04,725.0,,0.0,Neutral,0.08514732122421265,Slightly Positive
2017-11-30,729.0,,0.0,Neutral,0.04257366061210632,Neutral
2017-11-29,718.0,,0.0,Neutral,0.0,Neutral
2017-11-28,704.0,2017-11-28,-0.5181993842124939,Negative,-0.5181993842124939,Negative
2017-11-27,681.0,,0.0,Neutral,-0.25909969210624695,Negative
2017-11-26,679.0,,0.0,Neutral,-0.12954984605312347,Slightly Negative
2017-11-23,650.0,2017-11-23,0.5980113744735718,Positive,0.5980113744735718,Positive
2017-11-22,628.0,,0.0,Neutral,0.2990056872367859,Positive
2017-11-21,615.0,,0.0,Neutral,0.14950284361839294,Slightly Positive
2017-11-20,615.0,,0.0,Neutral,0.0,Neutral
2017-11-19,615.0,,0.0,Neutral,0.0,Neutral
2017-11-16,619.0,,0.0,Neutral,0.0,Neutral
2017-11-15,630.0,,0.0,Neutral,0.0,Neutral
2017-11-14,633.0,2017-11-14,-0.7073986530303955,Strongly Negative,-0.7073986530303955,Strongly Negative
2017-11-13,620.0,,0.0,Neutral,-0.35369932651519775,Negative
2017-11-12,625.0,2017-11-12,0.9169417023658752,Strongly Positive,0.7400920391082764,Strongly Positive
2017-11-09,610.0,,0.0,Neutral,0.4584708511829376,Positive
2017-11-08,605.0,,0.0,Neutral,0.2292354255914688,Positive
2017-11-07,605.0,2017-11-07,0.3921329081058502,Positive,0.3921329081058502,Positive
2017-11-06,605.0,2017-11-06,0.2062046229839325,Positive,0.4022710770368576,Positive
2017-11-05,605.0,,0.0,Neutral,0.2011355385184288,Positive
2017-11-02,617.0,,0.0,Neutral,0.051551155745983124,Slightly Positive
2017-11-01,613.0,,0.0,Neutral,0.0,Neutral
2017-10-31,615.0,,0.0,Neutral,0.0,Neutral
2017-10-30,628.0,,0.0,Neutral,0.0,Neutral
2017-10-29,621.0,2017-10-29,-0.1552224159240722,Slightly Negative,-0.1552224159240722,Slightly Negative
2017-10-25,633.0,,0.0,Neutral,-0.0776112079620361,Slightly Negative
2017-10-24,640.0,2017-10-24,0.3031669482588768,Positive,0.26436134427785873,Positive
2017-10-23,645.0,,0.0,Neutral,0.1515834741294384,Slightly Positive
2017-10-22,644.0,,0.0,Neutral,0.0757917370647192,Slightly Positive
2017-10-18,642.0,,0.0,Neutral,0.0,Neutral
2017-10-17,642.0,,0.0,Neutral,0.0,Neutral
2017-10-16,646.0,2017-10-16,0.7397989630699158,Strongly Positive,0.7397989630699158,Strongly Positive
2017-10-15,615.0,,0.0,Neutral,0.3698994815349579,Positive
2017-10-11,610.0,,0.0,Neutral,0.18494974076747894,Slightly Positive
2017-10-10,611.0,,0.0,Neutral,0.0,Neutral
2017-10-09,628.0,,0.0,Neutral,0.0,Neutral
2017-10-08,615.0,,0.0,Neutral,0.0,Neutral
2017-10-04,640.0,,0.0,Neutral,0.0,Neutral
2017-10-03,635.0,,0.0,Neutral,0.0,Neutral
2017-09-26,620.0,,0.0,Neutral,0.0,Neutral
2017-09-25,624.0,2017-09-25,0.6380407959222794,Strongly Positive,0.6380407959222794,Strongly Positive
2017-09-24,612.0,,0.0,Neutral,0.3190203979611397,Positive
2017-09-20,620.0,,0.0,Neutral,0.15951019898056984,Slightly Positive
2017-09-18,619.0,,0.0,Neutral,0.0,Neutral
2017-09-17,625.0,,0.0,Neutral,0.0,Neutral
2017-09-14,619.0,,0.0,Neutral,0.0,Neutral
2017-09-13,618.0,,0.0,Neutral,0.0,Neutral
2017-09-12,607.0,2017-09-12,0.1277060508728027,Slightly Positive,0.1277060508728027,Slightly Positive
2017-09-11,616.0,,0.0,Neutral,0.06385302543640135,Slightly Positive
2017-09-10,616.0,,0.0,Neutral,0.03192651271820068,Neutral
2017-09-07,634.0,,0.0,Neutral,0.0,Neutral
2017-09-06,630.0,2017-09-06,0.8836968541145325,Strongly Positive,0.8836968541145325,Strongly Positive
2017-09-04,625.0,2017-09-04,0.0743787288665771,Slightly Positive,0.5162271559238434,Positive
2017-08-31,640.0,,0.0,Neutral,0.2581135779619217,Positive
2017-08-30,640.0,,0.0,Neutral,0.018594682216644277,Neutral
2017-08-28,617.0,,0.0,Neutral,0.0,Neutral
2017-08-27,635.0,2017-08-27,0.9203059077262878,Strongly Positive,0.9203059077262878,Strongly Positive
2017-08-24,636.0,,0.0,Neutral,0.4601529538631439,Positive
2017-08-23,626.0,,0.0,Neutral,0.23007647693157196,Positive
2017-08-22,635.0,,0.0,Neutral,0.0,Neutral
2017-08-21,623.0,2017-08-21,0.9056445956230164,Strongly Positive,0.9056445956230164,Strongly Positive
2017-08-20,632.0,,0.0,Neutral,0.4528222978115082,Positive
2017-08-17,636.0,2017-08-17,0.7896273136138916,Strongly Positive,1.0160384625196457,Strongly Positive
2017-08-16,640.0,,0.0,Neutral,0.3948136568069458,Positive
2017-08-15,642.0,,0.0,Neutral,0.1974068284034729,Slightly Positive
2017-08-13,645.0,,0.0,Neutral,0.0,Neutral
2017-08-10,653.0,2017-08-10,0.8426941633224487,Strongly Positive,0.8426941633224487,Strongly Positive
2017-08-09,650.0,,0.0,Neutral,0.42134708166122437,Positive
2017-08-07,654.0,,0.0,Neutral,0.21067354083061218,Positive
2017-08-06,652.0,,0.0,Neutral,0.0,Neutral
2017-08-03,666.0,,0.0,Neutral,0.0,Neutral
2017-08-02,668.0,,0.0,Neutral,0.0,Neutral
2017-08-01,655.0,,0.0,Neutral,0.0,Neutral
2017-07-31,650.0,2017-07-31,0.5858557224273682,Positive,0.5858557224273682,Positive
2017-07-30,650.0,,0.0,Neutral,0.2929278612136841,Positive
2017-07-27,634.0,,0.0,Neutral,0.14646393060684204,Slightly Positive
2017-07-26,635.0,,0.0,Neutral,0.0,Neutral
2017-07-25,635.0,,0.0,Neutral,0.0,Neutral
2017-07-24,635.0,,0.0,Neutral,0.0,Neutral
2017-07-23,630.0,,0.0,Neutral,0.0,Neutral
2017-07-20,630.0,2017-07-20,-0.3135278224945068,Negative,-0.3135278224945068,Negative
2017-07-19,640.0,,0.0,Neutral,-0.1567639112472534,Slightly Negative
2017-07-18,626.0,,0.0,Neutral,-0.0783819556236267,Slightly Negative
2017-07-17,632.0,2017-07-17,0.9291043877601624,Strongly Positive,0.9291043877601624,Strongly Positive
2017-07-16,620.0,,0.0,Neutral,0.4645521938800812,Positive
2017-07-13,620.0,,0.0,Neutral,0.2322760969400406,Positive
2017-07-12,626.0,,0.0,Neutral,0.0,Neutral
2017-07-11,629.0,,0.0,Neutral,0.0,Neutral
2017-07-10,625.0,,0.0,Neutral,0.0,Neutral
2017-07-09,625.0,,0.0,Neutral,0.0,Neutral
2017-07-06,630.0,2017-07-06,0.9184584617614746,Strongly Positive,0.9184584617614746,Strongly Positive
2017-07-05,615.0,2017-07-05,0.925973892211914,Strongly Positive,1.3852031230926514,Strongly Positive
2017-07-04,611.0,,0.0,Neutral,0.6926015615463257,Strongly Positive
2017-07-03,615.0,,0.0,Neutral,0.2314934730529785,Positive
2017-07-02,621.0,2017-07-02,0.8309491276741028,Strongly Positive,0.8309491276741028,Strongly Positive
2017-06-28,640.0,,0.0,Neutral,0.4154745638370514,Positive
2017-06-27,630.0,,0.0,Neutral,0.2077372819185257,Positive
2017-06-25,640.0,,0.0,Neutral,0.0,Neutral
2017-06-22,641.0,,0.0,Neutral,0.0,Neutral
2017-06-21,652.0,,0.0,Neutral,0.0,Neutral
2017-06-18,650.0,,0.0,Neutral,0.0,Neutral
2017-06-15,670.0,,0.0,Neutral,0.0,Neutral
2017-06-14,651.0,2017-06-14,0.7516312599182129,Strongly Positive,0.7516312599182129,Strongly Positive
2017-06-13,654.0,,0.0,Neutral,0.37581562995910645,Positive
2017-06-12,660.0,,0.0,Neutral,0.18790781497955322,Slightly Positive
2017-06-11,666.0,,0.0,Neutral,0.0,Neutral
2017-06-08,685.0,,0.0,Neutral,0.0,Neutral
2017-06-07,675.0,,0.0,Neutral,0.0,Neutral
2017-06-06,677.0,,0.0,Neutral,0.0,Neutral
2017-06-05,654.0,,0.0,Neutral,0.0,Neutral
2017-06-04,648.0,,0.0,Neutral,0.0,Neutral
2017-06-01,669.0,,0.0,Neutral,0.0,Neutral
2017-05-30,693.0,,0.0,Neutral,0.0,Neutral
2017-05-28,667.0,,0.0,Neutral,0.0,Neutral
2017-05-24,675.0,,0.0,Neutral,0.0,Neutral
2017-05-23,680.0,,0.0,Neutral,0.0,Neutral
2017-05-22,667.0,,0.0,Neutral,0.0,Neutral
2017-05-21,654.0,2017-05-21,0.543536901473999,Positive,0.543536901473999,Positive
2017-05-18,679.0,,0.0,Neutral,0.2717684507369995,Positive
2017-05-17,666.0,2017-05-17,0.9115880727767944,Strongly Positive,1.0474722981452942,Strongly Positive
2017-05-16,669.0,,0.0,Neutral,0.4557940363883972,Positive
2017-05-15,683.0,,0.0,Neutral,0.2278970181941986,Positive
2017-05-11,666.0,2017-05-11,0.6874037981033325,Strongly Positive,0.6874037981033325,Strongly Positive
2017-05-09,692.0,,0.0,Neutral,0.34370189905166626,Positive
2017-05-08,638.0,,0.0,Neutral,0.17185094952583313,Slightly Positive
2017-05-07,650.0,,0.0,Neutral,0.0,Neutral
2017-05-04,657.0,,0.0,Neutral,0.0,Neutral
2017-05-03,679.0,,0.0,Neutral,0.0,Neutral
2017-05-02,690.0,,0.0,Neutral,0.0,Neutral
2017-04-30,683.0,,0.0,Neutral,0.0,Neutral
2017-04-27,696.0,,0.0,Neutral,0.0,Neutral
2017-04-26,670.0,,0.0,Neutral,0.0,Neutral
2017-04-25,688.0,2017-04-25,0.7321624755859375,Strongly Positive,0.7321624755859375,Strongly Positive
2017-04-24,675.0,,0.0,Neutral,0.36608123779296875,Positive
2017-04-23,686.0,,0.0,Neutral,0.18304061889648438,Slightly Positive
2017-04-20,685.0,2017-04-20,-0.3623961433768272,Negative,-0.3623961433768272,Negative
2017-04-19,689.0,,0.0,Neutral,-0.1811980716884136,Slightly Negative
2017-04-18,660.0,,0.0,Neutral,-0.0905990358442068,Slightly Negative
2017-04-16,703.0,,0.0,Neutral,0.0,Neutral
2017-04-13,678.0,,0.0,Neutral,0.0,Neutral
2017-04-12,679.0,,0.0,Neutral,0.0,Neutral
2017-04-11,677.0,,0.0,Neutral,0.0,Neutral
2017-04-10,699.0,,0.0,Neutral,0.0,Neutral
2017-04-09,665.0,,0.0,Neutral,0.0,Neutral
2017-04-06,656.0,2017-04-06,0.5967186689376831,Positive,0.5967186689376831,Positive
2017-04-04,670.0,,0.0,Neutral,0.29835933446884155,Positive
2017-04-03,686.0,,0.0,Neutral,0.14917966723442078,Slightly Positive
2017-04-02,705.0,2017-04-02,0.903369665145874,Strongly Positive,0.903369665145874,Strongly Positive
2017-03-30,675.0,2017-03-30,-0.1716672480106353,Slightly Negative,0.28001758456230175,Positive
2017-03-29,682.0,,0.0,Neutral,0.14000879228115087,Slightly Positive
2017-03-28,693.0,,0.0,Neutral,-0.04291681200265882,Neutral
2017-03-26,630.0,,0.0,Neutral,0.0,Neutral
2017-03-23,575.0,,0.0,Neutral,0.0,Neutral
2017-03-22,560.0,2017-03-22,0.6236251592636108,Strongly Positive,0.6236251592636108,Strongly Positive
2017-03-21,566.0,,0.0,Neutral,0.3118125796318054,Positive
2017-03-20,540.0,,0.0,Neutral,0.1559062898159027,Slightly Positive
2017-03-19,523.0,,0.0,Neutral,0.0,Neutral
2017-03-16,520.0,,0.0,Neutral,0.0,Neutral
2017-03-15,520.0,,0.0,Neutral,0.0,Neutral
2017-03-14,491.0,,0.0,Neutral,0.0,Neutral
2017-03-13,496.0,,0.0,Neutral,0.0,Neutral
2017-03-09,501.0,,0.0,Neutral,0.0,Neutral
2017-03-07,500.0,2017-03-07,0.2491500675678253,Positive,0.2491500675678253,Positive
2017-03-06,492.0,,0.0,Neutral,0.12457503378391264,Slightly Positive
2017-03-05,500.0,,0.0,Neutral,0.06228751689195632,Slightly Positive
2017-03-02,512.0,2017-03-02,0.8856234550476074,Strongly Positive,0.8856234550476074,Strongly Positive
2017-03-01,475.0,2017-03-01,0.7320932149887085,Strongly Positive,1.1749049425125122,Strongly Positive
2017-02-28,490.0,,0.0,Neutral,0.5874524712562561,Positive
2017-02-26,478.0,,0.0,Neutral,0.18302330374717712,Slightly Positive
2017-02-23,495.0,2017-02-23,-0.5603695511817932,Negative,-0.5603695511817932,Negative
2017-02-22,490.0,,0.0,Neutral,-0.2801847755908966,Negative
2017-02-21,498.0,,0.0,Neutral,-0.1400923877954483,Slightly Negative
2017-02-20,510.0,,0.0,Neutral,0.0,Neutral
2017-02-19,510.0,,0.0,Neutral,0.0,Neutral
2017-02-16,505.0,,0.0,Neutral,0.0,Neutral
2017-02-15,498.0,2017-02-15,-0.5029162764549255,Negative,-0.5029162764549255,Negative
2017-02-14,481.0,,0.0,Neutral,-0.25145813822746277,Negative
2017-02-13,499.0,,0.0,Neutral,-0.12572906911373138,Slightly Negative
2017-02-12,490.0,,0.0,Neutral,0.0,Neutral
2017-02-09,508.0,,0.0,Neutral,0.0,Neutral
2017-02-08,524.0,,0.0,Neutral,0.0,Neutral
2017-02-07,523.0,2017-02-07,0.7273648977279663,Strongly Positive,0.7273648977279663,Strongly Positive
2017-02-05,530.0,,0.0,Neutral,0.36368244886398315,Positive
2017-02-02,530.0,,0.0,Neutral,0.18184122443199158,Slightly Positive
2017-02-01,532.0,,0.0,Neutral,0.0,Neutral
2017-01-31,512.0,,0.0,Neutral,0.0,Neutral
2017-01-30,500.0,,0.0,Neutral,0.0,Neutral
2017-01-26,515.0,,0.0,Neutral,0.0,Neutral
2017-01-25,518.0,,0.0,Neutral,0.0,Neutral
2017-01-24,538.0,,0.0,Neutral,0.0,Neutral
2017-01-23,550.0,,0.0,Neutral,0.0,Neutral
2017-01-22,542.0,,0.0,Neutral,0.0,Neutral
2017-01-17,544.0,,0.0,Neutral,0.0,Neutral
2017-01-16,549.0,,0.0,Neutral,0.0,Neutral
2017-01-15,559.0,2017-01-15,0.8086245059967041,Strongly Positive,0.8086245059967041,Strongly Positive
2017-01-12,560.0,,0.0,Neutral,0.40431225299835205,Positive
2017-01-11,550.0,,0.0,Neutral,0.20215612649917603,Positive
2017-01-10,555.0,,0.0,Neutral,0.0,Neutral
2017-01-09,559.0,,0.0,Neutral,0.0,Neutral
2017-01-08,554.0,,0.0,Neutral,0.0,Neutral
2017-01-05,553.0,,0.0,Neutral,0.0,Neutral
2017-01-04,560.0,,0.0,Neutral,0.0,Neutral
2017-01-03,550.0,,0.0,Neutral,0.0,Neutral
2017-01-02,559.0,,0.0,Neutral,0.0,Neutral
2017-01-01,559.0,2017-01-01,0.1828947961330413,Slightly Positive,0.1828947961330413,Slightly Positive
2016-12-29,550.0,,0.0,Neutral,0.09144739806652065,Slightly Positive
2016-12-28,560.0,2016-12-28,0.881725013256073,Strongly Positive,0.9274487122893333,Strongly Positive
2016-12-27,560.0,,0.0,Neutral,0.4408625066280365,Positive
2016-12-26,565.0,,0.0,Neutral,0.22043125331401825,Positive
2016-12-22,575.0,,0.0,Neutral,0.0,Neutral
2016-12-21,571.0,,0.0,Neutral,0.0,Neutral
2016-12-20,572.0,,0.0,Neutral,0.0,Neutral
2016-12-19,595.0,,0.0,Neutral,0.0,Neutral
2016-12-18,619.0,,0.0,Neutral,0.0,Neutral
2016-12-15,607.0,,0.0,Neutral,0.0,Neutral
2016-12-14,580.0,,0.0,Neutral,0.0,Neutral
2016-12-12,577.0,,0.0,Neutral,0.0,Neutral
2016-12-11,575.0,,0.0,Neutral,0.0,Neutral
2016-12-08,600.0,,0.0,Neutral,0.0,Neutral
2016-12-07,588.0,,0.0,Neutral,0.0,Neutral
2016-12-06,577.0,,0.0,Neutral,0.0,Neutral
2016-12-05,603.0,2016-12-05,0.7129253149032593,Strongly Positive,0.7129253149032593,Strongly Positive
2016-12-04,655.0,,0.0,Neutral,0.35646265745162964,Positive
2016-12-01,670.0,,0.0,Neutral,0.17823132872581482,Slightly Positive
2016-11-30,680.0,,0.0,Neutral,0.0,Neutral
2016-11-29,638.0,,0.0,Neutral,0.0,Neutral
2016-11-28,580.0,,0.0,Neutral,0.0,Neutral
2016-11-27,585.0,,0.0,Neutral,0.0,Neutral
2016-11-24,600.0,,0.0,Neutral,0.0,Neutral
2016-11-23,624.0,,0.0,Neutral,0.0,Neutral
2016-11-22,613.0,,0.0,Neutral,0.0,Neutral
2016-11-21,620.0,2016-11-21,0.8399505615234375,Strongly Positive,0.8399505615234375,Strongly Positive
2016-11-20,620.0,,0.0,Neutral,0.41997528076171875,Positive
2016-11-17,660.0,,0.0,Neutral,0.20998764038085938,Positive
2016-11-16,685.0,,0.0,Neutral,0.0,Neutral
2016-11-15,683.0,,0.0,Neutral,0.0,Neutral
2016-11-13,718.0,,0.0,Neutral,0.0,Neutral
2016-11-10,705.0,,0.0,Neutral,0.0,Neutral
2016-11-09,711.0,2016-11-09,-0.9314858317375184,Strongly Negative,-0.9314858317375184,Strongly Negative
2016-11-08,725.0,,0.0,Neutral,-0.4657429158687592,Negative
2016-11-07,778.0,,0.0,Neutral,-0.2328714579343796,Negative
2016-11-03,785.0,,0.0,Neutral,0.0,Neutral
2016-10-27,790.0,2016-10-27,0.7380070686340332,Strongly Positive,0.7380070686340332,Strongly Positive
2016-10-26,795.0,,0.0,Neutral,0.3690035343170166,Positive
2016-10-25,810.0,,0.0,Neutral,0.1845017671585083,Slightly Positive
2016-10-24,809.0,,0.0,Neutral,0.0,Neutral
2016-10-23,815.0,2016-10-23,-0.9054261445999146,Strongly Negative,-0.9054261445999146,Strongly Negative
2016-10-20,824.0,,0.0,Neutral,-0.4527130722999573,Negative
2016-10-19,810.0,,0.0,Neutral,-0.22635653614997864,Negative
2016-10-18,820.0,,0.0,Neutral,0.0,Neutral
2016-10-17,817.0,,0.0,Neutral,0.0,Neutral
2016-10-16,801.0,,0.0,Neutral,0.0,Neutral
2016-10-06,812.0,,0.0,Neutral,0.0,Neutral
2016-10-05,810.0,,0.0,Neutral,0.0,Neutral
2016-10-04,806.0,,0.0,Neutral,0.0,Neutral
2016-10-03,810.0,2016-10-03,0.1059269905090332,Slightly Positive,0.1059269905090332,Slightly Positive
2016-09-29,804.0,2016-09-29,0.9111406207084656,Strongly Positive,0.9641041159629822,Strongly Positive
2016-09-28,805.0,,0.0,Neutral,0.4820520579814911,Positive
2016-09-27,810.0,,0.0,Neutral,0.2277851551771164,Positive
2016-09-26,801.0,,0.0,Neutral,0.0,Neutral
2016-09-25,790.0,,0.0,Neutral,0.0,Neutral
2016-09-22,818.0,2016-09-22,0.0431180894374847,Neutral,0.0431180894374847,Neutral
2016-09-21,825.0,2016-09-21,0.8862911760807037,Strongly Positive,0.9078502207994461,Strongly Positive
2016-09-20,829.0,2016-09-20,0.9242508411407472,Strongly Positive,1.3781759515404701,Strongly Positive
2016-09-18,825.0,2016-09-18,0.8751511573791504,Strongly Positive,1.5588493719696999,Strongly Positive
2016-09-14,823.0,,0.0,Neutral,0.668638288974762,Strongly Positive
2016-09-12,829.0,2016-09-12,0.902121365070343,Strongly Positive,1.1209091544151306,Strongly Positive
2016-09-11,830.0,2016-09-11,0.8642315864562988,Strongly Positive,1.3152922689914703,Strongly Positive
2016-09-08,833.0,,0.0,Neutral,0.6576461344957352,Strongly Positive
2016-09-07,840.0,,0.0,Neutral,0.2160578966140747,Positive
2016-09-06,835.0,,0.0,Neutral,0.0,Neutral
2016-09-05,840.0,,0.0,Neutral,0.0,Neutral
2016-09-04,845.0,,0.0,Neutral,0.0,Neutral
2016-09-03,845.0,,0.0,Neutral,0.0,Neutral
2016-09-01,841.0,2016-09-01,0.7710901498794556,Strongly Positive,0.7710901498794556,Strongly Positive
2016-08-31,839.0,,0.0,Neutral,0.3855450749397278,Positive
2016-08-30,877.0,2016-08-30,-0.0680882036685943,Slightly Negative,0.12468433380126959,Slightly Positive
2016-08-29,862.0,,0.0,Neutral,-0.03404410183429715,Neutral
2016-08-28,862.0,,0.0,Neutral,-0.017022050917148576,Neutral
2016-08-24,878.0,,0.0,Neutral,0.0,Neutral
2016-08-23,865.0,,0.0,Neutral,0.0,Neutral
2016-08-22,840.0,,0.0,Neutral,0.0,Neutral
2016-08-21,882.0,,0.0,Neutral,0.0,Neutral
2016-08-17,904.0,,0.0,Neutral,0.0,Neutral
2016-08-16,895.0,2016-08-16,0.0269997715950012,Neutral,0.0269997715950012,Neutral
2016-08-15,875.0,,0.0,Neutral,0.0134998857975006,Neutral
2016-08-14,882.0,,0.0,Neutral,0.0067499428987503,Neutral
2016-08-11,910.0,,0.0,Neutral,0.0,Neutral
2016-08-10,922.0,,0.0,Neutral,0.0,Neutral
2016-08-09,922.0,,0.0,Neutral,0.0,Neutral
2016-08-08,870.0,,0.0,Neutral,0.0,Neutral
2016-08-07,915.0,,0.0,Neutral,0.0,Neutral
2016-08-04,908.0,,0.0,Neutral,0.0,Neutral
2016-08-03,940.0,,0.0,Neutral,0.0,Neutral
2016-08-02,949.0,,0.0,Neutral,0.0,Neutral
2016-08-01,970.0,,0.0,Neutral,0.0,Neutral
2016-07-31,995.0,,0.0,Neutral,0.0,Neutral
2016-07-28,938.0,,0.0,Neutral,0.0,Neutral
2016-07-27,921.0,,0.0,Neutral,0.0,Neutral
2016-07-26,892.0,,0.0,Neutral,0.0,Neutral
2016-07-25,875.0,,0.0,Neutral,0.0,Neutral
2016-07-21,898.0,2016-07-21,-0.5415614247322083,Negative,-0.5415614247322083,Negative
2016-07-20,904.0,,0.0,Neutral,-0.2707807123661041,Negative
2016-07-19,895.0,2016-07-19,-0.5339106917381287,Negative,-0.6693010479211807,Strongly Negative
2016-07-18,920.0,,0.0,Neutral,-0.26695534586906433,Negative
2016-07-17,875.0,2016-07-17,0.8322827219963074,Strongly Positive,0.6988050490617752,Strongly Positive
2016-07-14,894.0,,0.0,Neutral,0.4161413609981537,Positive
2016-07-13,885.0,,0.0,Neutral,0.20807068049907684,Positive
2016-07-12,885.0,,0.0,Neutral,0.0,Neutral
2016-07-11,906.0,,0.0,Neutral,0.0,Neutral
2016-07-10,910.0,2016-07-10,0.8081753253936768,Strongly Positive,0.8081753253936768,Strongly Positive
2016-07-06,924.0,,0.0,Neutral,0.4040876626968384,Positive
2016-07-05,919.0,,0.0,Neutral,0.2020438313484192,Positive
2016-07-04,910.0,,0.0,Neutral,0.0,Neutral
2016-07-03,920.0,,0.0,Neutral,0.0,Neutral
2016-06-30,929.0,,0.0,Neutral,0.0,Neutral
2016-06-29,930.0,,0.0,Neutral,0.0,Neutral
2016-06-28,925.0,,0.0,Neutral,0.0,Neutral
2016-06-27,920.0,,0.0,Neutral,0.0,Neutral
2016-06-26,924.0,,0.0,Neutral,0.0,Neutral
2016-06-23,885.0,2016-06-23,0.581391453742981,Positive,0.581391453742981,Positive
2016-06-22,872.0,,0.0,Neutral,0.2906957268714905,Positive
2016-06-21,845.0,,0.0,Neutral,0.14534786343574524,Slightly Positive
2016-06-20,824.0,,0.0,Neutral,0.0,Neutral
2016-06-19,837.0,2016-06-19,0.8847450613975525,Strongly Positive,0.8847450613975525,Strongly Positive
2016-06-16,849.0,,0.0,Neutral,0.44237253069877625,Positive
2016-06-15,850.0,2016-06-15,0.6763022541999817,Strongly Positive,0.8974885195493698,Strongly Positive
2016-06-14,773.0,,0.0,Neutral,0.33815112709999084,Positive
2016-06-13,703.0,,0.0,Neutral,0.16907556354999542,Slightly Positive
2016-06-12,709.0,,0.0,Neutral,0.0,Neutral
2016-06-09,700.0,,0.0,Neutral,0.0,Neutral
2016-06-08,704.0,,0.0,Neutral,0.0,Neutral
2016-06-07,700.0,,0.0,Neutral,0.0,Neutral
2016-06-06,708.0,,0.0,Neutral,0.0,Neutral
2016-06-05,685.0,2016-06-05,0.9090322256088256,Strongly Positive,0.9090322256088256,Strongly Positive
2016-06-02,748.0,2016-06-02,0.8896958827972412,Strongly Positive,1.344211995601654,Strongly Positive
2016-06-01,760.0,,0.0,Neutral,0.672105997800827,Strongly Positive
2016-05-31,738.0,,0.0,Neutral,0.2224239706993103,Positive
2016-05-30,683.0,2016-05-30,0.9280319213867188,Strongly Positive,0.9280319213867188,Strongly Positive
2016-05-29,635.0,,0.0,Neutral,0.4640159606933594,Positive
2016-05-26,618.0,,0.0,Neutral,0.2320079803466797,Positive
2016-05-25,620.0,,0.0,Neutral,0.0,Neutral
2016-05-24,610.0,,0.0,Neutral,0.0,Neutral
2016-05-23,608.0,,0.0,Neutral,0.0,Neutral
2016-05-22,612.0,,0.0,Neutral,0.0,Neutral
2016-05-19,620.0,,0.0,Neutral,0.0,Neutral
2016-05-18,610.0,,0.0,Neutral,0.0,Neutral
2016-05-17,602.0,2016-05-17,0.9240453839302064,Strongly Positive,0.9240453839302064,Strongly Positive
2016-05-16,610.0,,0.0,Neutral,0.4620226919651032,Positive
2016-05-15,613.0,,0.0,Neutral,0.2310113459825516,Positive
2016-05-12,619.0,,0.0,Neutral,0.0,Neutral
2016-05-11,606.0,,0.0,Neutral,0.0,Neutral
2016-05-10,605.0,2016-05-10,0.8823189735412598,Strongly Positive,0.8823189735412598,Strongly Positive
2016-05-09,601.0,,0.0,Neutral,0.4411594867706299,Positive
2016-05-08,601.0,,0.0,Neutral,0.22057974338531494,Positive
2016-05-05,610.0,,0.0,Neutral,0.0,Neutral
2016-05-04,610.0,,0.0,Neutral,0.0,Neutral
2016-05-03,610.0,,0.0,Neutral,0.0,Neutral
2016-05-02,608.0,,0.0,Neutral,0.0,Neutral
2016-04-28,602.0,2016-04-28,-0.6809363961219788,Strongly Negative,-0.6809363961219788,Strongly Negative
2016-04-27,601.0,2016-04-27,0.1160554587841034,Slightly Positive,-0.224412739276886,Negative
2016-04-26,610.0,,0.0,Neutral,-0.112206369638443,Slightly Negative
2016-04-25,600.0,,0.0,Neutral,0.02901386469602585,Neutral
2016-04-24,605.0,,0.0,Neutral,0.0,Neutral
2016-04-21,608.0,,0.0,Neutral,0.0,Neutral
2016-04-20,612.0,2016-04-20,0.7522884607315063,Strongly Positive,0.7522884607315063,Strongly Positive
2016-04-19,615.0,2016-04-19,-0.926275670528412,Strongly Negative,-0.5501314401626588,Negative
2016-04-18,614.0,2016-04-18,0.0300204027444124,Neutral,-0.24504531733691698,Negative
2016-04-17,612.0,2016-04-17,0.9084632992744446,Strongly Positive,0.6919045830145478,Strongly Positive
2016-04-14,610.0,,0.0,Neutral,0.4617367503233254,Positive
2016-04-12,610.0,,0.0,Neutral,0.22711582481861115,Positive
2016-04-11,608.0,,0.0,Neutral,0.0,Neutral
2016-04-10,617.0,,0.0,Neutral,0.0,Neutral
2016-04-06,605.0,,0.0,Neutral,0.0,Neutral
2016-04-05,612.0,,0.0,Neutral,0.0,Neutral
2016-04-04,605.0,,0.0,Neutral,0.0,Neutral
2016-04-03,625.0,,0.0,Neutral,0.0,Neutral
2016-03-31,630.0,,0.0,Neutral,0.0,Neutral
2016-03-30,616.0,,0.0,Neutral,0.0,Neutral
2016-03-29,625.0,,0.0,Neutral,0.0,Neutral
2016-03-28,617.0,2016-03-28,0.5935075283050537,Positive,0.5935075283050537,Positive
2016-03-27,620.0,,0.0,Neutral,0.29675376415252686,Positive
2016-03-24,611.0,2016-03-24,0.9060111045837402,Strongly Positive,1.0543879866600037,Strongly Positive
2016-03-23,621.0,,0.0,Neutral,0.4530055522918701,Positive
2016-03-21,644.0,,0.0,Neutral,0.22650277614593506,Positive
2016-03-20,654.0,,0.0,Neutral,0.0,Neutral
2016-03-17,595.0,2016-03-17,0.7216230034828186,Strongly Positive,0.7216230034828186,Strongly Positive
2016-03-16,585.0,2016-03-16,-0.7536658644676208,Strongly Negative,-0.39285436272621155,Negative
2016-03-15,591.0,2016-03-15,0.789482593536377,Strongly Positive,0.5930554121732712,Positive
2016-03-14,601.0,,0.0,Neutral,0.20632483065128326,Positive
2016-03-13,605.0,,0.0,Neutral,0.19737064838409424,Slightly Positive
2016-03-10,610.0,,0.0,Neutral,0.0,Neutral
2016-03-06,590.0,,0.0,Neutral,0.0,Neutral
2016-03-03,590.0,2016-03-03,0.7107265591621399,Strongly Positive,0.7107265591621399,Strongly Positive
2016-03-02,596.0,,0.0,Neutral,0.35536327958106995,Positive
2016-03-01,575.0,,0.0,Neutral,0.17768163979053497,Slightly Positive
2016-02-29,580.0,2016-02-29,0.6740023493766785,Strongly Positive,0.6740023493766785,Strongly Positive
2016-02-28,575.0,,0.0,Neutral,0.33700117468833923,Positive
2016-02-25,589.0,2016-02-25,0.8789723515510559,Strongly Positive,1.0474729388952255,Strongly Positive
2016-02-22,590.0,,0.0,Neutral,0.43948617577552795,Positive
2016-02-21,600.0,,0.0,Neutral,0.21974308788776398,Positive
2016-02-18,599.0,,0.0,Neutral,0.0,Neutral
2016-02-17,595.0,,0.0,Neutral,0.0,Neutral
2016-02-16,610.0,,0.0,Neutral,0.0,Neutral
2016-02-15,608.0,,0.0,Neutral,0.0,Neutral
2016-02-14,602.0,2016-02-14,0.8966696262359619,Strongly Positive,0.8966696262359619,Strongly Positive
2016-02-11,610.0,,0.0,Neutral,0.44833481311798096,Positive
2016-02-08,622.0,,0.0,Neutral,0.22416740655899048,Positive
2016-02-07,606.0,,0.0,Neutral,0.0,Neutral
2016-02-04,615.0,,0.0,Neutral,0.0,Neutral
2016-02-03,574.0,,0.0,Neutral,0.0,Neutral
2016-02-02,585.0,2016-02-02,0.6775474548339844,Strongly Positive,0.6775474548339844,Strongly Positive
2016-02-01,589.0,,0.0,Neutral,0.3387737274169922,Positive
2016-01-31,588.0,,0.0,Neutral,0.1693868637084961,Slightly Positive
2016-01-28,584.0,,0.0,Neutral,0.0,Neutral
2016-01-27,584.0,,0.0,Neutral,0.0,Neutral
2016-01-26,585.0,,0.0,Neutral,0.0,Neutral
2016-01-25,592.0,,0.0,Neutral,0.0,Neutral
2016-01-21,595.0,2016-01-21,-0.93006694316864,Strongly Negative,-0.93006694316864,Strongly Negative
2016-01-20,593.0,,0.0,Neutral,-0.46503347158432,Negative
2016-01-19,583.0,,0.0,Neutral,-0.23251673579216,Negative
2016-01-18,600.0,,0.0,Neutral,0.0,Neutral
2016-01-17,601.0,,0.0,Neutral,0.0,Neutral
2016-01-14,601.0,,0.0,Neutral,0.0,Neutral
2016-01-13,601.0,,0.0,Neutral,0.0,Neutral
2016-01-12,592.0,,0.0,Neutral,0.0,Neutral
2016-01-11,581.0,2016-01-11,0.6818904876708984,Strongly Positive,0.6818904876708984,Strongly Positive
2016-01-10,560.0,,0.0,Neutral,0.3409452438354492,Positive
2016-01-07,555.0,,0.0,Neutral,0.1704726219177246,Slightly Positive
2016-01-06,545.0,,0.0,Neutral,0.0,Neutral
2016-01-05,550.0,,0.0,Neutral,0.0,Neutral
2016-01-04,540.0,,0.0,Neutral,0.0,Neutral
2016-01-03,540.0,,0.0,Neutral,0.0,Neutral
2015-12-31,540.0,,0.0,Neutral,0.0,Neutral
2015-12-29,539.0,,0.0,Neutral,0.0,Neutral
2015-12-28,539.0,,0.0,Neutral,0.0,Neutral
2015-12-27,535.0,,0.0,Neutral,0.0,Neutral
2015-12-24,552.0,,0.0,Neutral,0.0,Neutral
2015-12-23,555.0,,0.0,Neutral,0.0,Neutral
2015-12-22,549.0,,0.0,Neutral,0.0,Neutral
2015-12-21,560.0,,0.0,Neutral,0.0,Neutral
2015-12-20,541.0,,0.0,Neutral,0.0,Neutral
2015-12-16,521.0,,0.0,Neutral,0.0,Neutral
2015-12-15,533.0,,0.0,Neutral,0.0,Neutral
2015-12-13,524.0,,0.0,Neutral,0.0,Neutral
2015-12-10,533.0,,0.0,Neutral,0.0,Neutral
2015-12-09,543.0,,0.0,Neutral,0.0,Neutral
2015-12-08,520.0,,0.0,Neutral,0.0,Neutral
2015-12-07,535.0,2015-12-07,0.9273107945919036,Strongly Positive,0.9273107945919036,Strongly Positive
2015-12-06,540.0,,0.0,Neutral,0.4636553972959518,Positive
2015-12-03,539.0,2015-12-03,0.9220194220542908,Strongly Positive,1.1538471207022667,Strongly Positive
2015-12-02,529.0,,0.0,Neutral,0.4610097110271454,Positive
2015-12-01,528.0,2015-12-01,-0.5810050964355469,Negative,-0.3505002409219742,Negative
2015-11-30,530.0,,0.0,Neutral,-0.29050254821777344,Negative
2015-11-29,518.0,2015-11-29,0.923660397529602,Strongly Positive,0.7784091234207153,Strongly Positive
2015-11-26,527.0,,0.0,Neutral,0.461830198764801,Positive
2015-11-25,538.0,,0.0,Neutral,0.2309150993824005,Positive
2015-11-24,533.0,,0.0,Neutral,0.0,Neutral
2015-11-23,540.0,,0.0,Neutral,0.0,Neutral
2015-11-19,572.0,,0.0,Neutral,0.0,Neutral
2015-11-18,576.0,,0.0,Neutral,0.0,Neutral
2015-11-08,587.0,,0.0,Neutral,0.0,Neutral
2015-11-05,598.0,,0.0,Neutral,0.0,Neutral
2015-11-03,603.0,,0.0,Neutral,0.0,Neutral
2015-11-01,615.0,,0.0,Neutral,0.0,Neutral
2015-10-29,603.0,,0.0,Neutral,0.0,Neutral
2015-10-28,570.0,,0.0,Neutral,0.0,Neutral
2015-10-27,580.0,,0.0,Neutral,0.0,Neutral
2015-10-19,600.0,,0.0,Neutral,0.0,Neutral
2015-10-18,595.0,,0.0,Neutral,0.0,Neutral
2015-10-15,595.0,2015-10-15,0.906463861465454,Strongly Positive,0.906463861465454,Strongly Positive
2015-10-14,600.0,,0.0,Neutral,0.453231930732727,Positive
2015-10-11,590.0,,0.0,Neutral,0.2266159653663635,Positive
2015-10-08,604.0,,0.0,Neutral,0.0,Neutral
2015-10-06,590.0,,0.0,Neutral,0.0,Neutral
2015-10-05,611.0,,0.0,Neutral,0.0,Neutral
2015-10-04,609.0,,0.0,Neutral,0.0,Neutral
2015-10-01,619.0,2015-10-01,-0.1944545805454254,Slightly Negative,-0.1944545805454254,Slightly Negative
2015-09-30,618.0,,0.0,Neutral,-0.0972272902727127,Slightly Negative
2015-09-29,610.0,2015-09-29,0.6452875137329102,Strongly Positive,0.5966738685965538,Positive
2015-09-28,610.0,,0.0,Neutral,0.3226437568664551,Positive
2015-09-24,623.0,2015-09-24,0.9214875102043152,Strongly Positive,1.0828093886375427,Strongly Positive
2015-09-23,621.0,2015-09-23,0.8798791170120239,Strongly Positive,1.3406228721141815,Strongly Positive
2015-09-22,621.0,2015-09-22,0.9070401191711426,Strongly Positive,1.5773515552282333,Strongly Positive
2015-09-17,633.0,,0.0,Neutral,0.6734898388385773,Strongly Positive
2015-09-16,639.0,,0.0,Neutral,0.22676002979278564,Positive
2015-09-15,635.0,,0.0,Neutral,0.0,Neutral
2015-09-14,635.0,,0.0,Neutral,0.0,Neutral
2015-09-13,625.0,,0.0,Neutral,0.0,Neutral
2015-09-10,615.0,,0.0,Neutral,0.0,Neutral
2015-09-09,615.0,,0.0,Neutral,0.0,Neutral
2015-09-08,615.0,,0.0,Neutral,0.0,Neutral
2015-09-07,628.0,,0.0,Neutral,0.0,Neutral
2015-09-06,632.0,,0.0,Neutral,0.0,Neutral
2015-09-02,628.0,,0.0,Neutral,0.0,Neutral
2015-09-01,631.0,,0.0,Neutral,0.0,Neutral
2015-08-31,645.0,,0.0,Neutral,0.0,Neutral
2015-08-27,634.0,,0.0,Neutral,0.0,Neutral
2015-08-26,625.0,2015-08-26,0.0012254416942596,Neutral,0.0012254416942596,Neutral
2015-08-25,633.0,,0.0,Neutral,0.0006127208471298,Neutral
2015-08-24,636.0,,0.0,Neutral,0.0003063604235649,Neutral
2015-08-20,629.0,,0.0,Neutral,0.0,Neutral
2015-08-19,636.0,,0.0,Neutral,0.0,Neutral
2015-08-18,645.0,,0.0,Neutral,0.0,Neutral
2015-08-17,650.0,,0.0,Neutral,0.0,Neutral
2015-08-16,640.0,,0.0,Neutral,0.0,Neutral
2015-08-13,582.0,,0.0,Neutral,0.0,Neutral
2015-08-12,600.0,,0.0,Neutral,0.0,Neutral
2015-08-11,592.0,,0.0,Neutral,0.0,Neutral
2015-08-09,590.0,,0.0,Neutral,0.0,Neutral
2015-08-06,600.0,,0.0,Neutral,0.0,Neutral
2015-08-05,600.0,,0.0,Neutral,0.0,Neutral
2015-08-04,589.0,,0.0,Neutral,0.0,Neutral
2015-08-03,595.0,2015-08-03,0.8893616795539856,Strongly Positive,0.8893616795539856,Strongly Positive
2015-08-02,607.0,,0.0,Neutral,0.4446808397769928,Positive
2015-07-30,619.0,,0.0,Neutral,0.2223404198884964,Positive
2015-07-29,628.0,,0.0,Neutral,0.0,Neutral
2015-07-27,679.0,,0.0,Neutral,0.0,Neutral
2015-07-26,666.0,,0.0,Neutral,0.0,Neutral
2015-07-23,606.0,,0.0,Neutral,0.0,Neutral
2015-07-22,609.0,2015-07-22,-0.7776907086372375,Strongly Negative,-0.7776907086372375,Strongly Negative
2015-07-16,617.0,,0.0,Neutral,-0.3888453543186188,Negative
2015-07-15,609.0,,0.0,Neutral,-0.1944226771593094,Slightly Negative
2015-07-14,601.0,,0.0,Neutral,0.0,Neutral
2015-07-13,600.0,,0.0,Neutral,0.0,Neutral
2015-07-08,601.0,,0.0,Neutral,0.0,Neutral
2015-07-07,600.0,,0.0,Neutral,0.0,Neutral
2015-07-06,600.0,,0.0,Neutral,0.0,Neutral
2015-07-05,606.0,,0.0,Neutral,0.0,Neutral
2015-07-02,605.0,,0.0,Neutral,0.0,Neutral
2015-07-01,610.0,2015-07-01,0.9069263339042664,Strongly Positive,0.9069263339042664,Strongly Positive
2015-06-29,630.0,,0.0,Neutral,0.4534631669521332,Positive
2015-06-28,632.0,,0.0,Neutral,0.2267315834760666,Positive
2015-06-25,644.0,,0.0,Neutral,0.0,Neutral
2015-06-24,632.0,,0.0,Neutral,0.0,Neutral
2015-06-23,606.0,,0.0,Neutral,0.0,Neutral
2015-06-22,613.0,,0.0,Neutral,0.0,Neutral
2015-06-17,601.0,,0.0,Neutral,0.0,Neutral
2015-06-16,620.0,,0.0,Neutral,0.0,Neutral
2015-06-15,630.0,,0.0,Neutral,0.0,Neutral
2015-06-14,633.0,,0.0,Neutral,0.0,Neutral
2015-06-11,630.0,,0.0,Neutral,0.0,Neutral
2015-06-10,640.0,,0.0,Neutral,0.0,Neutral
2015-06-09,602.0,,0.0,Neutral,0.0,Neutral
2015-06-07,591.0,,0.0,Neutral,0.0,Neutral
2015-06-02,600.0,,0.0,Neutral,0.0,Neutral
2015-05-31,610.0,,0.0,Neutral,0.0,Neutral
2015-04-23,601.0,,0.0,Neutral,0.0,Neutral
2015-04-22,600.0,2015-04-22,0.3517574965953827,Positive,0.3517574965953827,Positive
2015-04-21,613.0,,0.0,Neutral,0.17587874829769135,Slightly Positive
2015-04-20,610.0,2015-04-20,-0.9280198216438292,Strongly Negative,-0.8400804474949836,Strongly Negative
2015-04-19,610.0,,0.0,Neutral,-0.4640099108219146,Negative
2015-04-16,605.0,,0.0,Neutral,-0.2320049554109573,Negative
2015-04-15,608.0,,0.0,Neutral,0.0,Neutral
2015-04-12,608.0,,0.0,Neutral,0.0,Neutral
2015-04-09,610.0,,0.0,Neutral,0.0,Neutral
2015-04-08,615.0,,0.0,Neutral,0.0,Neutral
2015-04-07,612.0,,0.0,Neutral,0.0,Neutral
2015-04-06,600.0,,0.0,Neutral,0.0,Neutral
2015-04-05,600.0,,0.0,Neutral,0.0,Neutral
2015-04-02,605.0,,0.0,Neutral,0.0,Neutral
2015-04-01,600.0,,0.0,Neutral,0.0,Neutral
2015-03-31,604.0,,0.0,Neutral,0.0,Neutral
2015-03-30,600.0,,0.0,Neutral,0.0,Neutral
2015-03-29,606.0,,0.0,Neutral,0.0,Neutral
2015-03-26,595.0,,0.0,Neutral,0.0,Neutral
2015-03-25,590.0,,0.0,Neutral,0.0,Neutral
2015-03-24,600.0,,0.0,Neutral,0.0,Neutral
2015-03-23,607.0,,0.0,Neutral,0.0,Neutral
2015-03-22,606.0,,0.0,Neutral,0.0,Neutral
2015-03-19,605.0,,0.0,Neutral,0.0,Neutral
2015-03-18,605.0,,0.0,Neutral,0.0,Neutral
2015-03-17,610.0,,0.0,Neutral,0.0,Neutral
2015-03-16,607.0,,0.0,Neutral,0.0,Neutral
2015-03-15,615.0,,0.0,Neutral,0.0,Neutral
2015-03-12,608.0,,0.0,Neutral,0.0,Neutral
2015-03-11,604.0,,0.0,Neutral,0.0,Neutral
2015-03-10,616.0,,0.0,Neutral,0.0,Neutral
2015-03-04,615.0,,0.0,Neutral,0.0,Neutral
2015-03-03,633.0,,0.0,Neutral,0.0,Neutral
2015-03-02,630.0,,0.0,Neutral,0.0,Neutral
2015-02-25,630.0,,0.0,Neutral,0.0,Neutral
2015-02-24,645.0,,0.0,Neutral,0.0,Neutral
2015-02-23,635.0,,0.0,Neutral,0.0,Neutral
2015-02-22,600.0,,0.0,Neutral,0.0,Neutral
2015-02-18,599.0,,0.0,Neutral,0.0,Neutral
2015-02-16,620.0,,0.0,Neutral,0.0,Neutral
2015-02-15,630.0,,0.0,Neutral,0.0,Neutral
2015-02-12,635.0,,0.0,Neutral,0.0,Neutral
2015-02-11,648.0,,0.0,Neutral,0.0,Neutral
2015-02-10,649.0,,0.0,Neutral,0.0,Neutral
2015-02-08,650.0,,0.0,Neutral,0.0,Neutral
2015-02-05,655.0,,0.0,Neutral,0.0,Neutral
2015-02-04,650.0,,0.0,Neutral,0.0,Neutral
2015-02-03,645.0,,0.0,Neutral,0.0,Neutral
2015-02-02,642.0,,0.0,Neutral,0.0,Neutral
2015-02-01,648.0,,0.0,Neutral,0.0,Neutral
2015-01-29,640.0,,0.0,Neutral,0.0,Neutral
2015-01-28,635.0,,0.0,Neutral,0.0,Neutral
2015-01-27,600.0,,0.0,Neutral,0.0,Neutral
2015-01-26,620.0,,0.0,Neutral,0.0,Neutral
2015-01-25,626.0,,0.0,Neutral,0.0,Neutral
2015-01-22,628.0,,0.0,Neutral,0.0,Neutral
2015-01-20,664.0,,0.0,Neutral,0.0,Neutral
2015-01-19,616.0,2015-01-19,-0.893301248550415,Strongly Negative,-0.893301248550415,Strongly Negative
2015-01-18,605.0,,0.0,Neutral,-0.4466506242752075,Negative
2015-01-14,605.0,,0.0,Neutral,-0.22332531213760376,Negative
2015-01-12,610.0,,0.0,Neutral,0.0,Neutral
2015-01-11,600.0,,0.0,Neutral,0.0,Neutral
2015-01-08,605.0,,0.0,Neutral,0.0,Neutral
2015-01-07,610.0,,0.0,Neutral,0.0,Neutral
2015-01-04,566.0,2015-01-04,0.9143463969230652,Strongly Positive,0.9143463969230652,Strongly Positive
2015-01-01,555.0,,0.0,Neutral,0.4571731984615326,Positive
2014-12-31,574.0,,0.0,Neutral,0.2285865992307663,Positive
2014-12-28,585.0,,0.0,Neutral,0.0,Neutral
2014-12-24,560.0,,0.0,Neutral,0.0,Neutral
2014-12-23,560.0,,0.0,Neutral,0.0,Neutral
2014-12-22,572.0,,0.0,Neutral,0.0,Neutral
2014-12-21,581.0,,0.0,Neutral,0.0,Neutral
2014-12-18,592.0,,0.0,Neutral,0.0,Neutral
2014-12-17,595.0,,0.0,Neutral,0.0,Neutral
2014-12-16,598.0,,0.0,Neutral,0.0,Neutral
2014-12-15,587.0,,0.0,Neutral,0.0,Neutral
2014-12-14,598.0,,0.0,Neutral,0.0,Neutral
2014-12-11,571.0,,0.0,Neutral,0.0,Neutral
2014-12-10,565.0,,0.0,Neutral,0.0,Neutral
2014-12-09,565.0,,0.0,Neutral,0.0,Neutral
2014-12-08,550.0,,0.0,Neutral,0.0,Neutral
2014-12-07,581.0,,0.0,Neutral,0.0,Neutral
2014-12-04,588.0,,0.0,Neutral,0.0,Neutral
2014-12-03,592.0,,0.0,Neutral,0.0,Neutral
2014-12-02,595.0,,0.0,Neutral,0.0,Neutral
2014-12-01,601.0,,0.0,Neutral,0.0,Neutral
2014-11-30,625.0,,0.0,Neutral,0.0,Neutral
2014-11-25,623.0,,0.0,Neutral,0.0,Neutral
2014-11-24,628.0,,0.0,Neutral,0.0,Neutral
2014-11-23,620.0,,0.0,Neutral,0.0,Neutral
2014-11-20,620.0,,0.0,Neutral,0.0,Neutral
2014-11-19,595.0,,0.0,Neutral,0.0,Neutral
2014-11-18,600.0,,0.0,Neutral,0.0,Neutral
2014-11-17,606.0,2014-11-17,0.198180817067623,Slightly Positive,0.198180817067623,Slightly Positive
2014-11-16,630.0,,0.0,Neutral,0.0990904085338115,Slightly Positive
2014-11-13,630.0,,0.0,Neutral,0.04954520426690575,Neutral
2014-11-12,640.0,,0.0,Neutral,0.0,Neutral
2014-11-11,654.0,,0.0,Neutral,0.0,Neutral
2014-11-10,645.0,,0.0,Neutral,0.0,Neutral
2014-11-09,652.0,,0.0,Neutral,0.0,Neutral
2014-11-06,650.0,,0.0,Neutral,0.0,Neutral
2014-11-05,648.0,,0.0,Neutral,0.0,Neutral
2014-11-04,637.0,,0.0,Neutral,0.0,Neutral
2014-11-03,650.0,,0.0,Neutral,0.0,Neutral
2014-11-02,674.0,,0.0,Neutral,0.0,Neutral
2014-10-30,670.0,,0.0,Neutral,0.0,Neutral
2014-10-28,665.0,,0.0,Neutral,0.0,Neutral
2014-10-27,679.0,2014-10-27,-0.8635430335998535,Strongly Negative,-0.8635430335998535,Strongly Negative
2014-10-26,674.0,,0.0,Neutral,-0.43177151679992676,Negative
2014-10-22,665.0,,0.0,Neutral,-0.21588575839996338,Negative
2014-10-21,650.0,,0.0,Neutral,0.0,Neutral
2014-10-20,660.0,,0.0,Neutral,0.0,Neutral
2014-10-19,681.0,,0.0,Neutral,0.0,Neutral
2014-10-16,690.0,,0.0,Neutral,0.0,Neutral
2014-10-15,665.0,,0.0,Neutral,0.0,Neutral
2014-10-14,650.0,,0.0,Neutral,0.0,Neutral
2014-10-13,661.0,,0.0,Neutral,0.0,Neutral
2014-10-12,654.0,,0.0,Neutral,0.0,Neutral
2014-10-09,656.0,,0.0,Neutral,0.0,Neutral
2014-10-08,644.0,,0.0,Neutral,0.0,Neutral
2014-09-30,680.0,,0.0,Neutral,0.0,Neutral
2014-09-29,660.0,,0.0,Neutral,0.0,Neutral
2014-09-28,644.0,,0.0,Neutral,0.0,Neutral
2014-09-24,650.0,,0.0,Neutral,0.0,Neutral
2014-09-23,650.0,,0.0,Neutral,0.0,Neutral
2014-09-22,649.0,,0.0,Neutral,0.0,Neutral
2014-09-21,652.0,,0.0,Neutral,0.0,Neutral
2014-09-18,640.0,,0.0,Neutral,0.0,Neutral
2014-09-17,660.0,,0.0,Neutral,0.0,Neutral
2014-09-16,676.0,,0.0,Neutral,0.0,Neutral
2014-09-15,676.0,,0.0,Neutral,0.0,Neutral
2014-09-14,673.0,,0.0,Neutral,0.0,Neutral
2014-09-11,660.0,2014-09-11,-0.7906786203384399,Strongly Negative,-0.7906786203384399,Strongly Negative
2014-09-10,683.0,,0.0,Neutral,-0.39533931016921997,Negative
2014-09-09,685.0,,0.0,Neutral,-0.19766965508460999,Slightly Negative
2014-09-07,672.0,,0.0,Neutral,0.0,Neutral
2014-09-04,709.0,,0.0,Neutral,0.0,Neutral
2014-09-03,720.0,,0.0,Neutral,0.0,Neutral
2014-09-01,701.0,,0.0,Neutral,0.0,Neutral
2014-08-31,711.0,,0.0,Neutral,0.0,Neutral
2014-08-28,759.0,,0.0,Neutral,0.0,Neutral
2014-08-27,735.0,,0.0,Neutral,0.0,Neutral
2014-08-26,706.0,,0.0,Neutral,0.0,Neutral
2014-08-25,716.0,,0.0,Neutral,0.0,Neutral
2014-08-24,738.0,,0.0,Neutral,0.0,Neutral
2014-08-21,769.0,,0.0,Neutral,0.0,Neutral
2014-08-20,800.0,,0.0,Neutral,0.0,Neutral
2014-08-19,796.0,,0.0,Neutral,0.0,Neutral
2014-08-18,825.0,,0.0,Neutral,0.0,Neutral
2014-08-14,830.0,,0.0,Neutral,0.0,Neutral
2014-08-13,821.0,,0.0,Neutral,0.0,Neutral
2014-08-12,835.0,,0.0,Neutral,0.0,Neutral
2014-08-07,845.0,,0.0,Neutral,0.0,Neutral
2014-08-06,839.0,,0.0,Neutral,0.0,Neutral
2014-08-05,824.0,,0.0,Neutral,0.0,Neutral
2014-08-04,800.0,,0.0,Neutral,0.0,Neutral
2014-08-03,820.0,,0.0,Neutral,0.0,Neutral
2014-07-31,884.0,,0.0,Neutral,0.0,Neutral
2014-07-30,880.0,,0.0,Neutral,0.0,Neutral
2014-07-28,890.0,,0.0,Neutral,0.0,Neutral
2014-07-27,886.0,,0.0,Neutral,0.0,Neutral
2014-07-24,875.0,2014-07-24,-0.9164826273918152,Strongly Negative,-0.9164826273918152,Strongly Negative
2014-07-23,888.0,2014-07-23,-0.9311224818229676,Strongly Negative,-1.3893637955188751,Strongly Negative
2014-07-22,874.0,,0.0,Neutral,-0.6946818977594376,Strongly Negative
2014-07-21,885.0,,0.0,Neutral,-0.2327806204557419,Negative
2014-07-20,890.0,,0.0,Neutral,0.0,Neutral
2014-07-17,880.0,,0.0,Neutral,0.0,Neutral
2014-07-16,859.0,,0.0,Neutral,0.0,Neutral
2014-07-15,839.0,,0.0,Neutral,0.0,Neutral
2014-07-14,853.0,,0.0,Neutral,0.0,Neutral
2014-07-13,860.0,,0.0,Neutral,0.0,Neutral
2014-07-10,864.0,,0.0,Neutral,0.0,Neutral
2014-07-09,860.0,,0.0,Neutral,0.0,Neutral
2014-07-08,880.0,,0.0,Neutral,0.0,Neutral
2014-07-07,885.0,,0.0,Neutral,0.0,Neutral
2014-07-06,870.0,,0.0,Neutral,0.0,Neutral
2014-07-03,838.0,,0.0,Neutral,0.0,Neutral
2014-07-02,762.0,,0.0,Neutral,0.0,Neutral
2014-07-01,759.0,,0.0,Neutral,0.0,Neutral
2014-06-30,756.0,,0.0,Neutral,0.0,Neutral
2014-06-29,771.0,,0.0,Neutral,0.0,Neutral
2014-06-26,775.0,,0.0,Neutral,0.0,Neutral
2014-06-25,775.0,,0.0,Neutral,0.0,Neutral
2014-06-24,770.0,,0.0,Neutral,0.0,Neutral
2014-06-23,760.0,2014-06-23,0.8464714288711548,Strongly Positive,0.8464714288711548,Strongly Positive
2014-06-19,777.0,,0.0,Neutral,0.4232357144355774,Positive
2014-06-18,778.0,,0.0,Neutral,0.2116178572177887,Positive
2014-06-17,770.0,,0.0,Neutral,0.0,Neutral
2014-06-16,774.0,,0.0,Neutral,0.0,Neutral
2014-06-15,770.0,,0.0,Neutral,0.0,Neutral
2014-06-12,750.0,,0.0,Neutral,0.0,Neutral
2014-06-11,775.0,2014-06-11,0.2576161623001098,Positive,0.2576161623001098,Positive
2014-06-10,766.0,,0.0,Neutral,0.1288080811500549,Slightly Positive
2014-06-09,765.0,,0.0,Neutral,0.06440404057502745,Slightly Positive
2014-06-08,760.0,,0.0,Neutral,0.0,Neutral
2014-06-05,775.0,,0.0,Neutral,0.0,Neutral
2014-06-04,778.0,,0.0,Neutral,0.0,Neutral
2014-06-03,771.0,,0.0,Neutral,0.0,Neutral
2014-06-02,780.0,,0.0,Neutral,0.0,Neutral
2014-06-01,760.0,,0.0,Neutral,0.0,Neutral
2014-05-28,800.0,,0.0,Neutral,0.0,Neutral
2014-05-27,766.0,,0.0,Neutral,0.0,Neutral
2014-05-26,760.0,,0.0,Neutral,0.0,Neutral
2014-05-25,775.0,,0.0,Neutral,0.0,Neutral
2014-05-22,760.0,2014-05-22,0.4946221709251404,Positive,0.4946221709251404,Positive
2014-05-21,772.0,,0.0,Neutral,0.2473110854625702,Positive
2014-05-20,765.0,2014-05-20,0.872773289680481,Strongly Positive,0.996428832411766,Strongly Positive
2014-05-19,769.0,,0.0,Neutral,0.4363866448402405,Positive
2014-05-18,770.0,,0.0,Neutral,0.21819332242012024,Positive
2014-05-15,756.0,,0.0,Neutral,0.0,Neutral
2014-05-13,755.0,,0.0,Neutral,0.0,Neutral
2014-05-12,740.0,,0.0,Neutral,0.0,Neutral
2014-05-11,766.0,,0.0,Neutral,0.0,Neutral
2014-05-07,775.0,,0.0,Neutral,0.0,Neutral
2014-05-06,775.0,,0.0,Neutral,0.0,Neutral
2014-05-05,781.0,,0.0,Neutral,0.0,Neutral
2014-05-04,780.0,,0.0,Neutral,0.0,Neutral
2014-04-30,785.0,,0.0,Neutral,0.0,Neutral
2014-04-29,790.0,,0.0,Neutral,0.0,Neutral
2014-04-28,785.0,,0.0,Neutral,0.0,Neutral
2014-04-27,795.0,,0.0,Neutral,0.0,Neutral
2014-04-23,780.0,,0.0,Neutral,0.0,Neutral
2014-04-22,775.0,,0.0,Neutral,0.0,Neutral
2014-04-21,774.0,,0.0,Neutral,0.0,Neutral
2014-04-20,791.0,2014-04-20,-0.8709391951560974,Strongly Negative,-0.8709391951560974,Strongly Negative
2014-04-17,798.0,,0.0,Neutral,-0.4354695975780487,Negative
2014-04-16,790.0,,0.0,Neutral,-0.21773479878902435,Negative
2014-04-15,789.0,,0.0,Neutral,0.0,Neutral
2014-04-13,800.0,,0.0,Neutral,0.0,Neutral
2014-04-10,800.0,,0.0,Neutral,0.0,Neutral
2014-04-09,800.0,,0.0,Neutral,0.0,Neutral
2014-04-07,794.0,,0.0,Neutral,0.0,Neutral
2014-04-06,800.0,,0.0,Neutral,0.0,Neutral
2014-04-03,800.0,,0.0,Neutral,0.0,Neutral
2014-04-02,805.0,,0.0,Neutral,0.0,Neutral
2014-04-01,843.0,,0.0,Neutral,0.0,Neutral
2014-03-27,860.0,,0.0,Neutral,0.0,Neutral
2014-03-26,877.0,,0.0,Neutral,0.0,Neutral
2014-02-25,912.0,,0.0,Neutral,0.0,Neutral
2014-02-24,947.0,,0.0,Neutral,0.0,Neutral
2014-02-23,966.0,,0.0,Neutral,0.0,Neutral
2014-02-20,980.0,,0.0,Neutral,0.0,Neutral
2014-02-18,963.0,,0.0,Neutral,0.0,Neutral
2014-02-17,945.0,,0.0,Neutral,0.0,Neutral
2014-02-13,930.0,,0.0,Neutral,0.0,Neutral
2014-02-12,926.0,,0.0,Neutral,0.0,Neutral
2014-02-11,890.0,,0.0,Neutral,0.0,Neutral
2014-02-10,890.0,,0.0,Neutral,0.0,Neutral
2014-02-09,837.0,,0.0,Neutral,0.0,Neutral
2014-02-06,821.0,,0.0,Neutral,0.0,Neutral
2014-02-04,0.0,,0.0,Neutral,0.0,Neutral
2014-02-03,0.0,,0.0,Neutral,0.0,Neutral
2014-02-02,0.0,,0.0,Neutral,0.0,Neutral
2014-01-29,0.0,,0.0,Neutral,0.0,Neutral
2014-01-28,0.0,,0.0,Neutral,0.0,Neutral
2014-01-27,0.0,,0.0,Neutral,0.0,Neutral
2014-01-26,0.0,,0.0,Neutral,0.0,Neutral
2014-01-23,0.0,,0.0,Neutral,0.0,Neutral
2014-01-22,0.0,,0.0,Neutral,0.0,Neutral
2014-01-21,0.0,2014-01-21,-0.0663483887910842,Slightly Negative,-0.0663483887910842,Slightly Negative
2014-01-20,0.0,,0.0,Neutral,-0.0331741943955421,Neutral
2014-01-19,0.0,,0.0,Neutral,-0.01658709719777105,Neutral
2014-01-16,0.0,,0.0,Neutral,0.0,Neutral
2014-01-14,0.0,,0.0,Neutral,0.0,Neutral
2014-01-13,0.0,,0.0,Neutral,0.0,Neutral
2014-01-12,0.0,,0.0,Neutral,0.0,Neutral
2014-01-09,0.0,,0.0,Neutral,0.0,Neutral
2014-01-08,0.0,,0.0,Neutral,0.0,Neutral
2014-01-07,0.0,,0.0,Neutral,0.0,Neutral
2014-01-06,0.0,,0.0,Neutral,0.0,Neutral
2014-01-05,0.0,,0.0,Neutral,0.0,Neutral
2014-01-02,0.0,,0.0,Neutral,0.0,Neutral
2014-01-01,0.0,,0.0,Neutral,0.0,Neutral
2013-12-31,0.0,2013-12-31,0.9305623173713684,Strongly Positive,0.9305623173713684,Strongly Positive
2013-12-29,0.0,,0.0,Neutral,0.4652811586856842,Positive
2013-12-26,0.0,,0.0,Neutral,0.2326405793428421,Positive
2013-12-24,0.0,,0.0,Neutral,0.0,Neutral
2013-12-23,0.0,,0.0,Neutral,0.0,Neutral
2013-12-22,0.0,,0.0,Neutral,0.0,Neutral
2013-12-19,0.0,,0.0,Neutral,0.0,Neutral
2013-12-18,0.0,,0.0,Neutral,0.0,Neutral
2013-12-16,0.0,,0.0,Neutral,0.0,Neutral
2013-12-15,0.0,,0.0,Neutral,0.0,Neutral
2013-12-12,0.0,,0.0,Neutral,0.0,Neutral
2013-12-11,0.0,,0.0,Neutral,0.0,Neutral
2013-12-10,0.0,,0.0,Neutral,0.0,Neutral
2013-12-09,0.0,,0.0,Neutral,0.0,Neutral
2013-12-08,0.0,,0.0,Neutral,0.0,Neutral
2013-12-05,0.0,,0.0,Neutral,0.0,Neutral
2013-12-04,0.0,,0.0,Neutral,0.0,Neutral
2013-12-03,0.0,,0.0,Neutral,0.0,Neutral
2013-12-02,999.0,,0.0,Neutral,0.0,Neutral
2013-12-01,982.0,,0.0,Neutral,0.0,Neutral
2013-11-28,926.0,,0.0,Neutral,0.0,Neutral
2013-11-27,921.0,,0.0,Neutral,0.0,Neutral
2013-11-26,921.0,,0.0,Neutral,0.0,Neutral
2013-11-25,907.0,,0.0,Neutral,0.0,Neutral
2013-11-24,881.0,,0.0,Neutral,0.0,Neutral
2013-11-14,801.0,,0.0,Neutral,0.0,Neutral
2013-11-13,800.0,,0.0,Neutral,0.0,Neutral
2013-11-07,775.0,2013-11-07,0.8954075574874878,Strongly Positive,0.8954075574874878,Strongly Positive
2013-10-31,780.0,,0.0,Neutral,0.4477037787437439,Positive
2013-10-30,780.0,,0.0,Neutral,0.22385188937187195,Positive
2013-10-27,782.0,,0.0,Neutral,0.0,Neutral
2013-10-24,790.0,,0.0,Neutral,0.0,Neutral
2013-10-23,800.0,,0.0,Neutral,0.0,Neutral
2013-10-22,800.0,,0.0,Neutral,0.0,Neutral
2013-10-21,795.0,2013-10-21,0.8953396379947662,Strongly Positive,0.8953396379947662,Strongly Positive
2013-10-20,805.0,,0.0,Neutral,0.4476698189973831,Positive
2013-10-17,800.0,,0.0,Neutral,0.22383490949869156,Positive
2013-10-10,795.0,,0.0,Neutral,0.0,Neutral
2013-10-07,782.0,,0.0,Neutral,0.0,Neutral
2013-10-01,790.0,,0.0,Neutral,0.0,Neutral
2013-09-30,795.0,,0.0,Neutral,0.0,Neutral
2013-09-29,816.0,,0.0,Neutral,0.0,Neutral
2013-09-23,791.0,,0.0,Neutral,0.0,Neutral
2013-09-22,782.0,,0.0,Neutral,0.0,Neutral
2013-09-19,789.0,2013-09-19,0.9179192781448364,Strongly Positive,0.9179192781448364,Strongly Positive
2013-09-17,805.0,,0.0,Neutral,0.4589596390724182,Positive
2013-09-16,800.0,,0.0,Neutral,0.2294798195362091,Positive
2013-09-15,800.0,,0.0,Neutral,0.0,Neutral
2013-09-12,810.0,,0.0,Neutral,0.0,Neutral
2013-09-11,790.0,,0.0,Neutral,0.0,Neutral
2013-09-10,800.0,,0.0,Neutral,0.0,Neutral
2013-09-08,814.0,,0.0,Neutral,0.0,Neutral
2013-09-04,830.0,,0.0,Neutral,0.0,Neutral
2013-09-03,840.0,2013-09-03,0.819646954536438,Strongly Positive,0.819646954536438,Strongly Positive
2013-09-02,853.0,,0.0,Neutral,0.409823477268219,Positive
2013-09-01,845.0,,0.0,Neutral,0.2049117386341095,Positive
2013-08-29,840.0,,0.0,Neutral,0.0,Neutral
2013-08-27,841.0,,0.0,Neutral,0.0,Neutral
2013-08-26,810.0,,0.0,Neutral,0.0,Neutral
2013-08-25,789.0,,0.0,Neutral,0.0,Neutral
2013-08-20,803.0,,0.0,Neutral,0.0,Neutral
2013-08-19,835.0,,0.0,Neutral,0.0,Neutral
2013-08-14,840.0,,0.0,Neutral,0.0,Neutral
2013-08-13,871.0,,0.0,Neutral,0.0,Neutral
2013-08-12,880.0,,0.0,Neutral,0.0,Neutral
2013-08-11,880.0,,0.0,Neutral,0.0,Neutral
2013-08-08,882.0,,0.0,Neutral,0.0,Neutral
2013-08-07,890.0,,0.0,Neutral,0.0,Neutral
2013-08-06,884.0,,0.0,Neutral,0.0,Neutral
2013-08-05,882.0,,0.0,Neutral,0.0,Neutral
2013-08-04,917.0,,0.0,Neutral,0.0,Neutral
2013-08-01,919.0,,0.0,Neutral,0.0,Neutral
2013-07-31,915.0,,0.0,Neutral,0.0,Neutral
2013-07-30,900.0,,0.0,Neutral,0.0,Neutral
2013-07-29,880.0,,0.0,Neutral,0.0,Neutral
2013-07-28,877.0,,0.0,Neutral,0.0,Neutral
2013-07-25,840.0,2013-07-25,0.3480015099048614,Positive,0.3480015099048614,Positive
2013-07-24,820.0,,0.0,Neutral,0.1740007549524307,Slightly Positive
2013-07-23,798.0,,0.0,Neutral,0.08700037747621535,Slightly Positive
2013-07-22,799.0,,0.0,Neutral,0.0,Neutral
2013-07-21,798.0,2013-07-21,-0.0085532963275909,Neutral,-0.0085532963275909,Neutral
2013-07-18,797.0,,0.0,Neutral,-0.00427664816379545,Neutral
2013-07-17,792.0,,0.0,Neutral,-0.002138324081897725,Neutral
2013-07-16,785.0,,0.0,Neutral,0.0,Neutral
2013-07-15,830.0,,0.0,Neutral,0.0,Neutral
2013-07-14,785.0,,0.0,Neutral,0.0,Neutral
2013-07-11,780.0,,0.0,Neutral,0.0,Neutral
2013-07-10,775.0,,0.0,Neutral,0.0,Neutral
2013-07-08,785.0,,0.0,Neutral,0.0,Neutral
2013-07-07,795.0,,0.0,Neutral,0.0,Neutral
2013-07-04,785.0,,0.0,Neutral,0.0,Neutral
2013-07-03,790.0,,0.0,Neutral,0.0,Neutral
2013-07-02,786.0,,0.0,Neutral,0.0,Neutral
2013-07-01,789.0,,0.0,Neutral,0.0,Neutral
2013-06-30,775.0,,0.0,Neutral,0.0,Neutral
2013-06-27,790.0,,0.0,Neutral,0.0,Neutral
2013-06-26,760.0,,0.0,Neutral,0.0,Neutral
2013-06-25,790.0,,0.0,Neutral,0.0,Neutral
2013-06-20,788.0,,0.0,Neutral,0.0,Neutral
2013-06-19,775.0,,0.0,Neutral,0.0,Neutral
2013-06-18,789.0,,0.0,Neutral,0.0,Neutral
2013-06-17,778.0,,0.0,Neutral,0.0,Neutral
2013-06-16,765.0,,0.0,Neutral,0.0,Neutral
2013-06-13,780.0,,0.0,Neutral,0.0,Neutral
2013-06-12,795.0,,0.0,Neutral,0.0,Neutral
2013-06-10,795.0,,0.0,Neutral,0.0,Neutral
2013-06-06,785.0,,0.0,Neutral,0.0,Neutral
2013-06-05,800.0,,0.0,Neutral,0.0,Neutral
2013-06-04,770.0,,0.0,Neutral,0.0,Neutral
2013-06-02,765.0,,0.0,Neutral,0.0,Neutral
2013-05-30,770.0,,0.0,Neutral,0.0,Neutral
2013-05-28,761.0,,0.0,Neutral,0.0,Neutral
2013-05-27,760.0,,0.0,Neutral,0.0,Neutral
2013-05-26,760.0,,0.0,Neutral,0.0,Neutral
2013-05-23,763.0,,0.0,Neutral,0.0,Neutral
2013-05-22,760.0,,0.0,Neutral,0.0,Neutral
2013-05-21,770.0,,0.0,Neutral,0.0,Neutral
2013-05-20,765.0,,0.0,Neutral,0.0,Neutral
2013-05-19,765.0,,0.0,Neutral,0.0,Neutral
2013-05-16,758.0,,0.0,Neutral,0.0,Neutral
2013-05-15,760.0,,0.0,Neutral,0.0,Neutral
2013-05-14,751.0,,0.0,Neutral,0.0,Neutral
2013-05-13,750.0,,0.0,Neutral,0.0,Neutral
2013-05-12,740.0,,0.0,Neutral,0.0,Neutral
2013-05-08,740.0,,0.0,Neutral,0.0,Neutral
2013-05-07,740.0,,0.0,Neutral,0.0,Neutral
2013-05-02,750.0,,0.0,Neutral,0.0,Neutral
2013-04-30,754.0,,0.0,Neutral,0.0,Neutral
2013-04-29,765.0,,0.0,Neutral,0.0,Neutral
2013-04-28,750.0,,0.0,Neutral,0.0,Neutral
2013-04-25,750.0,,0.0,Neutral,0.0,Neutral
2013-04-23,750.0,,0.0,Neutral,0.0,Neutral
2013-04-22,755.0,2013-04-22,-0.2091480791568756,Negative,-0.2091480791568756,Negative
2013-04-17,770.0,,0.0,Neutral,-0.1045740395784378,Slightly Negative
2013-04-16,757.0,,0.0,Neutral,-0.0522870197892189,Slightly Negative
2013-04-15,769.0,,0.0,Neutral,0.0,Neutral
2013-04-11,775.0,,0.0,Neutral,0.0,Neutral
2013-04-09,770.0,,0.0,Neutral,0.0,Neutral
2013-04-08,760.0,,0.0,Neutral,0.0,Neutral
2013-04-07,750.0,,0.0,Neutral,0.0,Neutral
2013-04-04,740.0,,0.0,Neutral,0.0,Neutral
2013-04-03,755.0,,0.0,Neutral,0.0,Neutral
2013-04-02,755.0,,0.0,Neutral,0.0,Neutral
2013-04-01,760.0,,0.0,Neutral,0.0,Neutral
2013-03-28,760.0,,0.0,Neutral,0.0,Neutral
2013-03-27,765.0,,0.0,Neutral,0.0,Neutral
2013-03-25,775.0,,0.0,Neutral,0.0,Neutral
2013-03-24,755.0,,0.0,Neutral,0.0,Neutral
2013-03-21,762.0,,0.0,Neutral,0.0,Neutral
2013-03-20,760.0,,0.0,Neutral,0.0,Neutral
2013-03-19,760.0,,0.0,Neutral,0.0,Neutral
2013-03-18,755.0,,0.0,Neutral,0.0,Neutral
2013-03-17,765.0,,0.0,Neutral,0.0,Neutral
2013-03-14,775.0,,0.0,Neutral,0.0,Neutral
2013-03-11,760.0,,0.0,Neutral,0.0,Neutral
2013-03-07,775.0,,0.0,Neutral,0.0,Neutral
2013-03-06,789.0,,0.0,Neutral,0.0,Neutral
2013-03-05,790.0,,0.0,Neutral,0.0,Neutral
2013-03-03,803.0,,0.0,Neutral,0.0,Neutral
2013-02-26,805.0,,0.0,Neutral,0.0,Neutral
2013-02-25,775.0,,0.0,Neutral,0.0,Neutral
2013-02-24,780.0,,0.0,Neutral,0.0,Neutral
2013-02-21,798.0,,0.0,Neutral,0.0,Neutral
2013-02-20,803.0,,0.0,Neutral,0.0,Neutral
2013-02-19,805.0,,0.0,Neutral,0.0,Neutral
2013-02-17,790.0,,0.0,Neutral,0.0,Neutral
2013-02-13,770.0,,0.0,Neutral,0.0,Neutral
2013-02-12,760.0,,0.0,Neutral,0.0,Neutral
2013-02-10,750.0,,0.0,Neutral,0.0,Neutral
2013-02-07,763.0,,0.0,Neutral,0.0,Neutral
2013-02-05,770.0,,0.0,Neutral,0.0,Neutral
2013-01-24,780.0,,0.0,Neutral,0.0,Neutral
2013-01-23,790.0,,0.0,Neutral,0.0,Neutral
2013-01-20,784.0,,0.0,Neutral,0.0,Neutral
2013-01-17,800.0,,0.0,Neutral,0.0,Neutral
2013-01-15,800.0,,0.0,Neutral,0.0,Neutral
2013-01-13,805.0,,0.0,Neutral,0.0,Neutral
2013-01-10,805.0,,0.0,Neutral,0.0,Neutral
2013-01-09,810.0,,0.0,Neutral,0.0,Neutral
2013-01-07,805.0,,0.0,Neutral,0.0,Neutral
2013-01-01,805.0,,0.0,Neutral,0.0,Neutral
2012-12-31,805.0,,0.0,Neutral,0.0,Neutral
2012-12-27,805.0,,0.0,Neutral,0.0,Neutral
2012-12-26,800.0,,0.0,Neutral,0.0,Neutral
2012-12-20,800.0,,0.0,Neutral,0.0,Neutral
2012-12-19,787.0,,0.0,Neutral,0.0,Neutral
2012-12-18,800.0,,0.0,Neutral,0.0,Neutral
2012-12-17,794.0,,0.0,Neutral,0.0,Neutral
2012-12-16,800.0,,0.0,Neutral,0.0,Neutral
2012-12-13,785.0,,0.0,Neutral,0.0,Neutral
2012-12-11,725.0,,0.0,Neutral,0.0,Neutral
2012-12-09,735.0,,0.0,Neutral,0.0,Neutral
2012-12-05,740.0,,0.0,Neutral,0.0,Neutral
2012-12-04,728.0,,0.0,Neutral,0.0,Neutral
2012-12-03,700.0,,0.0,Neutral,0.0,Neutral
2012-12-02,733.0,,0.0,Neutral,0.0,Neutral
2012-11-29,781.0,,0.0,Neutral,0.0,Neutral
2012-11-28,787.0,,0.0,Neutral,0.0,Neutral
2012-11-27,790.0,,0.0,Neutral,0.0,Neutral
2012-11-26,807.0,,0.0,Neutral,0.0,Neutral
2012-11-25,819.0,,0.0,Neutral,0.0,Neutral
2012-11-22,819.0,,0.0,Neutral,0.0,Neutral
2012-11-21,820.0,,0.0,Neutral,0.0,Neutral
2012-11-20,835.0,,0.0,Neutral,0.0,Neutral
2012-11-18,805.0,,0.0,Neutral,0.0,Neutral
2012-11-12,796.0,,0.0,Neutral,0.0,Neutral
2012-11-11,795.0,,0.0,Neutral,0.0,Neutral
2012-11-08,800.0,,0.0,Neutral,0.0,Neutral
2012-11-07,799.0,,0.0,Neutral,0.0,Neutral
2012-11-06,788.0,,0.0,Neutral,0.0,Neutral
2012-11-05,790.0,,0.0,Neutral,0.0,Neutral
2012-11-04,788.0,,0.0,Neutral,0.0,Neutral
2012-11-01,795.0,,0.0,Neutral,0.0,Neutral
2012-10-31,794.0,,0.0,Neutral,0.0,Neutral
2012-10-30,780.0,2012-10-30,0.8767701387405396,Strongly Positive,0.8767701387405396,Strongly Positive
2012-10-18,770.0,2012-10-18,0.8931323885917664,Strongly Positive,1.3315174579620361,Strongly Positive
2012-10-17,779.0,,0.0,Neutral,0.6657587289810181,Strongly Positive
2012-10-15,755.0,,0.0,Neutral,0.2232830971479416,Positive
2012-10-14,752.0,,0.0,Neutral,0.0,Neutral
2012-10-11,750.0,,0.0,Neutral,0.0,Neutral
2012-10-10,754.0,,0.0,Neutral,0.0,Neutral
2012-10-09,750.0,,0.0,Neutral,0.0,Neutral
2012-10-08,770.0,2012-10-08,0.9025632739067078,Strongly Positive,0.9025632739067078,Strongly Positive
2012-10-07,790.0,,0.0,Neutral,0.4512816369533539,Positive
2012-10-04,748.0,,0.0,Neutral,0.22564081847667694,Positive
2012-10-03,733.0,,0.0,Neutral,0.0,Neutral
2012-10-02,733.0,,0.0,Neutral,0.0,Neutral
2012-10-01,725.0,,0.0,Neutral,0.0,Neutral
2012-10-01,725.0,,0.0,Neutral,0.0,Neutral
2012-09-30,723.0,,0.0,Neutral,0.0,Neutral
2012-09-26,714.0,,0.0,Neutral,0.0,Neutral
2012-09-25,703.0,,0.0,Neutral,0.0,Neutral
2012-09-24,695.0,,0.0,Neutral,0.0,Neutral
2012-09-23,697.0,,0.0,Neutral,0.0,Neutral
2012-09-20,706.0,2012-09-20,0.8236021995544434,Strongly Positive,0.8236021995544434,Strongly Positive
2012-09-19,710.0,,0.0,Neutral,0.4118010997772217,Positive
2012-09-18,745.0,,0.0,Neutral,0.20590054988861084,Positive
2012-09-17,705.0,,0.0,Neutral,0.0,Neutral
2012-09-16,689.0,,0.0,Neutral,0.0,Neutral
2012-09-13,685.0,,0.0,Neutral,0.0,Neutral
2012-09-12,690.0,,0.0,Neutral,0.0,Neutral
2012-09-11,689.0,2012-09-11,0.9140388369560242,Strongly Positive,0.9140388369560242,Strongly Positive
2012-09-10,689.0,,0.0,Neutral,0.4570194184780121,Positive
2012-09-09,695.0,,0.0,Neutral,0.22850970923900604,Positive
2012-09-06,690.0,,0.0,Neutral,0.0,Neutral
2012-09-05,670.0,,0.0,Neutral,0.0,Neutral
2012-09-04,685.0,,0.0,Neutral,0.0,Neutral
2012-09-03,685.0,,0.0,Neutral,0.0,Neutral
2012-09-02,682.0,,0.0,Neutral,0.0,Neutral
2012-08-30,665.0,,0.0,Neutral,0.0,Neutral
2012-08-29,662.0,,0.0,Neutral,0.0,Neutral
2012-08-28,661.0,,0.0,Neutral,0.0,Neutral
2012-08-27,658.0,2012-08-27,0.879736602306366,Strongly Positive,0.879736602306366,Strongly Positive
2012-08-26,651.0,,0.0,Neutral,0.439868301153183,Positive
2012-08-23,652.0,,0.0,Neutral,0.2199341505765915,Positive
2012-08-22,640.0,,0.0,Neutral,0.0,Neutral
2012-08-21,616.0,,0.0,Neutral,0.0,Neutral
2012-08-19,599.0,,0.0,Neutral,0.0,Neutral
2012-08-16,589.0,,0.0,Neutral,0.0,Neutral
2012-08-15,589.0,,0.0,Neutral,0.0,Neutral
2012-08-14,604.0,,0.0,Neutral,0.0,Neutral
2012-08-13,570.0,,0.0,Neutral,0.0,Neutral
2012-08-12,578.0,,0.0,Neutral,0.0,Neutral
2012-08-08,571.0,2012-08-08,0.8763875365257263,Strongly Positive,0.8763875365257263,Strongly Positive
2012-08-07,527.0,,0.0,Neutral,0.43819376826286316,Positive
2012-08-06,515.0,,0.0,Neutral,0.21909688413143158,Positive
2012-08-05,531.0,,0.0,Neutral,0.0,Neutral
2012-08-01,542.0,,0.0,Neutral,0.0,Neutral
2012-07-31,512.0,,0.0,Neutral,0.0,Neutral
2012-07-30,515.0,,0.0,Neutral,0.0,Neutral
2012-07-26,518.0,,0.0,Neutral,0.0,Neutral
2012-07-25,528.0,,0.0,Neutral,0.0,Neutral
2012-07-24,540.0,,0.0,Neutral,0.0,Neutral
2012-07-23,541.0,,0.0,Neutral,0.0,Neutral
2012-07-12,577.0,,0.0,Neutral,0.0,Neutral
2012-07-11,555.0,,0.0,Neutral,0.0,Neutral
2012-07-10,556.0,,0.0,Neutral,0.0,Neutral
2012-07-09,547.0,,0.0,Neutral,0.0,Neutral
2012-07-08,537.0,,0.0,Neutral,0.0,Neutral
2012-07-05,517.0,,0.0,Neutral,0.0,Neutral
2012-07-04,497.0,,0.0,Neutral,0.0,Neutral
2012-07-03,479.0,,0.0,Neutral,0.0,Neutral
2012-07-02,471.0,,0.0,Neutral,0.0,Neutral
2012-06-28,496.0,,0.0,Neutral,0.0,Neutral
2012-06-27,488.0,,0.0,Neutral,0.0,Neutral
2012-06-26,480.0,,0.0,Neutral,0.0,Neutral
2012-06-25,481.0,,0.0,Neutral,0.0,Neutral
2012-06-21,472.0,,0.0,Neutral,0.0,Neutral
2012-06-20,490.0,,0.0,Neutral,0.0,Neutral
2012-06-14,473.0,,0.0,Neutral,0.0,Neutral
2012-06-11,462.0,,0.0,Neutral,0.0,Neutral
2012-06-10,460.0,,0.0,Neutral,0.0,Neutral
2012-06-07,475.0,,0.0,Neutral,0.0,Neutral
2012-06-06,461.0,,0.0,Neutral,0.0,Neutral
2012-06-05,475.0,,0.0,Neutral,0.0,Neutral
2012-06-04,493.0,,0.0,Neutral,0.0,Neutral
2012-06-03,524.0,,0.0,Neutral,0.0,Neutral
2012-05-31,504.0,,0.0,Neutral,0.0,Neutral
2012-05-27,540.0,,0.0,Neutral,0.0,Neutral
2012-05-24,520.0,,0.0,Neutral,0.0,Neutral
2012-05-23,542.0,,0.0,Neutral,0.0,Neutral
2012-05-22,553.0,,0.0,Neutral,0.0,Neutral
2012-05-21,555.0,,0.0,Neutral,0.0,Neutral
2012-05-20,561.0,,0.0,Neutral,0.0,Neutral
2012-05-17,605.0,,0.0,Neutral,0.0,Neutral
2012-05-16,583.0,,0.0,Neutral,0.0,Neutral
2012-05-15,561.0,,0.0,Neutral,0.0,Neutral
2012-05-13,540.0,,0.0,Neutral,0.0,Neutral
2012-05-10,549.0,,0.0,Neutral,0.0,Neutral
2012-05-09,560.0,,0.0,Neutral,0.0,Neutral
2012-05-08,541.0,,0.0,Neutral,0.0,Neutral
2012-05-03,532.0,,0.0,Neutral,0.0,Neutral
2012-05-02,515.0,,0.0,Neutral,0.0,Neutral
2012-04-30,496.0,,0.0,Neutral,0.0,Neutral
2012-04-29,454.0,,0.0,Neutral,0.0,Neutral
2012-04-18,414.0,,0.0,Neutral,0.0,Neutral
2012-04-17,450.0,,0.0,Neutral,0.0,Neutral
2012-04-15,405.0,,0.0,Neutral,0.0,Neutral
2012-04-12,434.0,,0.0,Neutral,0.0,Neutral
2012-04-11,395.0,,0.0,Neutral,0.0,Neutral
2012-04-10,385.0,,0.0,Neutral,0.0,Neutral
2012-04-09,396.0,,0.0,Neutral,0.0,Neutral
2012-04-08,420.0,,0.0,Neutral,0.0,Neutral
2012-04-05,417.0,,0.0,Neutral,0.0,Neutral
2012-04-03,425.0,,0.0,Neutral,0.0,Neutral
2012-04-02,430.0,,0.0,Neutral,0.0,Neutral
2012-04-01,414.0,,0.0,Neutral,0.0,Neutral
2012-03-29,383.0,,0.0,Neutral,0.0,Neutral
2012-03-28,392.0,,0.0,Neutral,0.0,Neutral
2012-03-26,415.0,,0.0,Neutral,0.0,Neutral
2012-03-21,431.0,,0.0,Neutral,0.0,Neutral
2012-03-20,439.0,,0.0,Neutral,0.0,Neutral
2012-03-19,460.0,,0.0,Neutral,0.0,Neutral
2012-03-18,460.0,,0.0,Neutral,0.0,Neutral
2012-03-11,455.0,,0.0,Neutral,0.0,Neutral
2012-03-06,455.0,,0.0,Neutral,0.0,Neutral
2012-03-04,455.0,,0.0,Neutral,0.0,Neutral
2012-02-28,450.0,,0.0,Neutral,0.0,Neutral
2012-02-27,468.0,,0.0,Neutral,0.0,Neutral
2012-02-07,520.0,,0.0,Neutral,0.0,Neutral
2012-01-12,536.0,,0.0,Neutral,0.0,Neutral
2012-01-11,506.0,,0.0,Neutral,0.0,Neutral
2012-01-10,516.0,,0.0,Neutral,0.0,Neutral
2012-01-09,497.0,,0.0,Neutral,0.0,Neutral
2012-01-04,479.0,,0.0,Neutral,0.0,Neutral
2012-01-03,476.0,,0.0,Neutral,0.0,Neutral
2012-01-02,485.0,,0.0,Neutral,0.0,Neutral
2012-01-01,494.0,,0.0,Neutral,0.0,Neutral
2011-12-29,504.0,,0.0,Neutral,0.0,Neutral
2011-12-28,484.0,,0.0,Neutral,0.0,Neutral
2011-12-27,460.0,,0.0,Neutral,0.0,Neutral
2011-12-15,460.0,,0.0,Neutral,0.0,Neutral
2011-12-13,460.0,,0.0,Neutral,0.0,Neutral
2011-12-11,480.0,,0.0,Neutral,0.0,Neutral
2011-12-06,490.0,,0.0,Neutral,0.0,Neutral
2011-12-05,505.0,,0.0,Neutral,0.0,Neutral
2011-12-01,496.0,,0.0,Neutral,0.0,Neutral
2011-11-24,496.0,,0.0,Neutral,0.0,Neutral
2011-11-23,501.0,,0.0,Neutral,0.0,Neutral
2011-11-21,511.0,,0.0,Neutral,0.0,Neutral
2011-11-20,501.0,,0.0,Neutral,0.0,Neutral
2011-11-16,492.0,,0.0,Neutral,0.0,Neutral
2011-11-15,520.0,,0.0,Neutral,0.0,Neutral
2011-11-14,530.0,,0.0,Neutral,0.0,Neutral
2011-11-13,540.0,,0.0,Neutral,0.0,Neutral
2011-11-10,530.0,,0.0,Neutral,0.0,Neutral
2011-11-08,540.0,,0.0,Neutral,0.0,Neutral
2011-11-06,526.0,,0.0,Neutral,0.0,Neutral
2011-11-03,540.0,,0.0,Neutral,0.0,Neutral
2011-10-24,548.0,,0.0,Neutral,0.0,Neutral
2011-10-23,548.0,2011-10-23,0.885678768157959,Strongly Positive,0.885678768157959,Strongly Positive
2011-10-20,559.0,,0.0,Neutral,0.4428393840789795,Positive
2011-10-19,549.0,,0.0,Neutral,0.22141969203948975,Positive
2011-10-18,539.0,,0.0,Neutral,0.0,Neutral
2011-09-21,519.0,,0.0,Neutral,0.0,Neutral
2011-09-19,510.0,,0.0,Neutral,0.0,Neutral
2011-09-18,516.0,,0.0,Neutral,0.0,Neutral
2011-09-07,520.0,,0.0,Neutral,0.0,Neutral
2011-09-05,510.0,,0.0,Neutral,0.0,Neutral
2011-09-04,510.0,,0.0,Neutral,0.0,Neutral
2011-08-23,510.0,,0.0,Neutral,0.0,Neutral
2011-08-17,500.0,2011-08-17,0.8718088865280151,Strongly Positive,0.8718088865280151,Strongly Positive
2011-08-11,491.0,,0.0,Neutral,0.43590444326400757,Positive
2011-08-09,501.0,,0.0,Neutral,0.21795222163200378,Positive
2011-08-08,511.0,,0.0,Neutral,0.0,Neutral
2011-08-07,500.0,,0.0,Neutral,0.0,Neutral
2011-08-03,505.0,,0.0,Neutral,0.0,Neutral
2011-08-02,528.0,,0.0,Neutral,0.0,Neutral
2011-07-31,518.0,,0.0,Neutral,0.0,Neutral
2011-07-28,542.0,2011-07-28,0.9249092936515808,Strongly Positive,0.9249092936515808,Strongly Positive
2011-07-27,542.0,,0.0,Neutral,0.4624546468257904,Positive
2011-07-25,553.0,,0.0,Neutral,0.2312273234128952,Positive
2011-07-24,609.0,,0.0,Neutral,0.0,Neutral
2011-07-21,671.0,,0.0,Neutral,0.0,Neutral
2011-07-14,739.0,,0.0,Neutral,0.0,Neutral
2011-07-13,686.0,,0.0,Neutral,0.0,Neutral
2011-07-12,687.0,,0.0,Neutral,0.0,Neutral
2011-07-11,630.0,,0.0,Neutral,0.0,Neutral
2011-07-10,590.0,,0.0,Neutral,0.0,Neutral
2011-07-07,586.0,,0.0,Neutral,0.0,Neutral
2011-07-06,570.0,,0.0,Neutral,0.0,Neutral
2011-07-05,530.0,,0.0,Neutral,0.0,Neutral
2011-07-04,540.0,,0.0,Neutral,0.0,Neutral
2011-07-03,550.0,,0.0,Neutral,0.0,Neutral
2011-06-30,550.0,,0.0,Neutral,0.0,Neutral
2011-06-29,571.0,,0.0,Neutral,0.0,Neutral
2011-06-27,523.0,,0.0,Neutral,0.0,Neutral
2011-06-26,523.0,,0.0,Neutral,0.0,Neutral
2011-06-23,533.0,,0.0,Neutral,0.0,Neutral
2011-06-21,485.0,,0.0,Neutral,0.0,Neutral
2011-06-20,474.0,,0.0,Neutral,0.0,Neutral
2011-06-19,474.0,,0.0,Neutral,0.0,Neutral
2011-06-16,440.0,,0.0,Neutral,0.0,Neutral
2011-06-15,432.0,,0.0,Neutral,0.0,Neutral
2011-06-14,421.0,,0.0,Neutral,0.0,Neutral
2011-06-13,428.0,,0.0,Neutral,0.0,Neutral
2011-06-12,428.0,,0.0,Neutral,0.0,Neutral
2011-06-09,420.0,,0.0,Neutral,0.0,Neutral
2011-06-08,428.0,,0.0,Neutral,0.0,Neutral
2011-06-07,420.0,,0.0,Neutral,0.0,Neutral
2011-06-06,411.0,,0.0,Neutral,0.0,Neutral
2011-06-05,410.0,,0.0,Neutral,0.0,Neutral
2011-06-02,410.0,,0.0,Neutral,0.0,Neutral
2011-05-31,413.0,,0.0,Neutral,0.0,Neutral
2011-05-30,409.0,,0.0,Neutral,0.0,Neutral
2011-05-26,436.0,,0.0,Neutral,0.0,Neutral
2011-05-25,447.0,,0.0,Neutral,0.0,Neutral
2011-05-24,479.0,,0.0,Neutral,0.0,Neutral
2011-05-23,497.0,,0.0,Neutral,0.0,Neutral
2011-05-22,546.0,,0.0,Neutral,0.0,Neutral
2011-05-19,602.0,,0.0,Neutral,0.0,Neutral
2011-05-18,668.0,,0.0,Neutral,0.0,Neutral
2011-05-15,736.0,,0.0,Neutral,0.0,Neutral
2011-04-13,796.0,,0.0,Neutral,0.0,Neutral
2011-04-11,759.0,,0.0,Neutral,0.0,Neutral
2011-04-10,724.0,,0.0,Neutral,0.0,Neutral
2011-04-05,671.0,,0.0,Neutral,0.0,Neutral
2011-03-03,661.0,,0.0,Neutral,0.0,Neutral
2011-02-17,687.0,,0.0,Neutral,0.0,Neutral
2011-02-13,700.0,,0.0,Neutral,0.0,Neutral
2011-02-10,696.0,,0.0,Neutral,0.0,Neutral
2011-01-12,704.0,,0.0,Neutral,0.0,Neutral
2011-01-03,674.0,,0.0,Neutral,0.0,Neutral
2010-12-19,760.0,,0.0,Neutral,0.0,Neutral
2010-12-16,775.0,,0.0,Neutral,0.0,Neutral
2010-12-02,800.0,,0.0,Neutral,0.0,Neutral
2010-11-25,785.0,,0.0,Neutral,0.0,Neutral
2010-11-21,800.0,,0.0,Neutral,0.0,Neutral
2010-11-18,810.0,,0.0,Neutral,0.0,Neutral
2010-10-20,826.0,,0.0,Neutral,0.0,Neutral
2010-09-30,842.0,,0.0,Neutral,0.0,Neutral
2010-09-23,842.0,,0.0,Neutral,0.0,Neutral
2010-09-19,826.0,,0.0,Neutral,0.0,Neutral
2010-09-16,810.0,,0.0,Neutral,0.0,Neutral
2010-09-15,780.0,,0.0,Neutral,0.0,Neutral
2010-09-14,749.0,,0.0,Neutral,0.0,Neutral
2010-09-09,794.0,,0.0,Neutral,0.0,Neutral
2010-07-27,0.0,,0.0,Neutral,0.0,Neutral
2010-07-22,988.0,,0.0,Neutral,0.0,Neutral
2010-07-15,0.0,,0.0,Neutral,0.0,Neutral
2010-07-14,0.0,,0.0,Neutral,0.0,Neutral
2010-07-12,938.0,,0.0,Neutral,0.0,Neutral
2010-07-11,902.0,,0.0,Neutral,0.0,Neutral
2010-07-08,928.0,,0.0,Neutral,0.0,Neutral
2010-07-07,877.0,,0.0,Neutral,0.0,Neutral
2010-07-06,894.0,,0.0,Neutral,0.0,Neutral
2010-07-04,930.0,,0.0,Neutral,0.0,Neutral
2010-07-01,863.0,,0.0,Neutral,0.0,Neutral
2010-06-30,815.0,,0.0,Neutral,0.0,Neutral
2010-06-26,815.0,,0.0,Neutral,0.0,Neutral
2010-06-22,804.0,,0.0,Neutral,0.0,Neutral
2010-06-21,810.0,,0.0,Neutral,0.0,Neutral
2010-06-15,795.0,,0.0,Neutral,0.0,Neutral
2010-06-09,802.0,,0.0,Neutral,0.0,Neutral
2010-06-08,800.0,,0.0,Neutral,0.0,Neutral
2010-06-06,802.0,,0.0,Neutral,0.0,Neutral
2010-06-03,790.0,,0.0,Neutral,0.0,Neutral
2010-06-02,820.0,,0.0,Neutral,0.0,Neutral
2010-06-01,804.0,,0.0,Neutral,0.0,Neutral
2010-05-31,821.0,,0.0,Neutral,0.0,Neutral
2010-05-30,821.0,,0.0,Neutral,0.0,Neutral
2010-05-26,805.0,,0.0,Neutral,0.0,Neutral
2010-05-25,790.0,,0.0,Neutral,0.0,Neutral
2010-05-24,775.0,,0.0,Neutral,0.0,Neutral
2010-05-23,748.0,,0.0,Neutral,0.0,Neutral
2010-05-20,748.0,,0.0,Neutral,0.0,Neutral
2010-05-18,734.0,,0.0,Neutral,0.0,Neutral
2010-05-17,734.0,,0.0,Neutral,0.0,Neutral
2010-05-11,706.0,,0.0,Neutral,0.0,Neutral
2010-05-10,720.0,,0.0,Neutral,0.0,Neutral
2010-04-29,730.0,,0.0,Neutral,0.0,Neutral
2010-04-28,725.0,,0.0,Neutral,0.0,Neutral
2010-04-27,739.0,,0.0,Neutral,0.0,Neutral
2010-04-25,800.0,,0.0,Neutral,0.0,Neutral
2010-04-22,813.0,,0.0,Neutral,0.0,Neutral
2010-04-20,800.0,,0.0,Neutral,0.0,Neutral
2010-04-19,785.0,,0.0,Neutral,0.0,Neutral
2010-04-15,801.0,,0.0,Neutral,0.0,Neutral
2010-04-11,850.0,,0.0,Neutral,0.0,Neutral
2010-04-08,824.0,,0.0,Neutral,0.0,Neutral
2010-04-07,770.0,,0.0,Neutral,0.0,Neutral
2010-04-06,801.0,,0.0,Neutral,0.0,Neutral
2010-03-28,817.0,,0.0,Neutral,0.0,Neutral
2010-03-25,833.0,,0.0,Neutral,0.0,Neutral
2010-03-23,817.0,,0.0,Neutral,0.0,Neutral
2010-03-22,833.0,,0.0,Neutral,0.0,Neutral
2010-03-17,850.0,,0.0,Neutral,0.0,Neutral
2010-03-16,865.0,,0.0,Neutral,0.0,Neutral
2010-03-14,882.0,,0.0,Neutral,0.0,Neutral
2010-03-10,900.0,,0.0,Neutral,0.0,Neutral
2010-01-28,919.0,,0.0,Neutral,0.0,Neutral
2010-01-12,887.0,,0.0,Neutral,0.0,Neutral
2010-01-06,870.0,,0.0,Neutral,0.0,Neutral
2009-12-17,975.0,,0.0,Neutral,0.0,Neutral
2009-12-16,975.0,,0.0,Neutral,0.0,Neutral
2009-12-14,960.0,,0.0,Neutral,0.0,Neutral
2009-12-10,950.0,,0.0,Neutral,0.0,Neutral
2009-12-08,950.0,,0.0,Neutral,0.0,Neutral
2009-12-07,945.0,,0.0,Neutral,0.0,Neutral
2009-12-06,950.0,,0.0,Neutral,0.0,Neutral
2009-12-01,951.0,,0.0,Neutral,0.0,Neutral
2009-11-30,924.0,,0.0,Neutral,0.0,Neutral
2009-11-17,942.0,,0.0,Neutral,0.0,Neutral
2009-11-08,941.0,,0.0,Neutral,0.0,Neutral
2009-11-05,950.0,,0.0,Neutral,0.0,Neutral
2009-11-01,960.0,,0.0,Neutral,0.0,Neutral
2009-10-13,960.0,,0.0,Neutral,0.0,Neutral
2009-09-14,952.0,,0.0,Neutral,0.0,Neutral
2009-09-09,971.0,,0.0,Neutral,0.0,Neutral
2009-09-08,975.0,,0.0,Neutral,0.0,Neutral
2009-09-07,975.0,,0.0,Neutral,0.0,Neutral
2009-09-01,975.0,,0.0,Neutral,0.0,Neutral
2009-08-30,975.0,,0.0,Neutral,0.0,Neutral
2009-08-27,980.0,,0.0,Neutral,0.0,Neutral
2009-08-25,980.0,,0.0,Neutral,0.0,Neutral
2009-08-24,971.0,,0.0,Neutral,0.0,Neutral
2009-08-23,999.0,,0.0,Neutral,0.0,Neutral
2009-08-20,0.0,,0.0,Neutral,0.0,Neutral
2009-08-19,0.0,,0.0,Neutral,0.0,Neutral
2009-08-17,0.0,,0.0,Neutral,0.0,Neutral
2009-08-16,0.0,,0.0,Neutral,0.0,Neutral
2009-08-12,0.0,,0.0,Neutral,0.0,Neutral
2009-08-09,0.0,,0.0,Neutral,0.0,Neutral
2009-08-02,0.0,,0.0,Neutral,0.0,Neutral
2009-07-23,0.0,,0.0,Neutral,0.0,Neutral
2009-07-20,0.0,,0.0,Neutral,0.0,Neutral
2009-07-15,0.0,,0.0,Neutral,0.0,Neutral
2009-07-14,0.0,,0.0,Neutral,0.0,Neutral
2009-07-05,0.0,,0.0,Neutral,0.0,Neutral
2009-06-30,0.0,,0.0,Neutral,0.0,Neutral
2009-06-29,0.0,,0.0,Neutral,0.0,Neutral
2009-06-24,0.0,,0.0,Neutral,0.0,Neutral
2009-06-22,0.0,,0.0,Neutral,0.0,Neutral
2009-06-21,0.0,,0.0,Neutral,0.0,Neutral
2009-06-18,983.0,,0.0,Neutral,0.0,Neutral
2009-06-17,983.0,,0.0,Neutral,0.0,Neutral
2009-06-16,983.0,,0.0,Neutral,0.0,Neutral
2009-06-15,946.0,,0.0,Neutral,0.0,Neutral
2009-06-12,0.0,,0.0,Neutral,0.0,Neutral
2009-06-10,910.0,,0.0,Neutral,0.0,Neutral
2009-06-07,900.0,,0.0,Neutral,0.0,Neutral
2009-06-04,915.0,,0.0,Neutral,0.0,Neutral
2009-06-01,915.0,,0.0,Neutral,0.0,Neutral
2009-05-31,950.0,,0.0,Neutral,0.0,Neutral
2009-05-21,951.0,,0.0,Neutral,0.0,Neutral
2009-05-20,970.0,,0.0,Neutral,0.0,Neutral
2009-05-17,970.0,,0.0,Neutral,0.0,Neutral
2009-05-14,994.0,,0.0,Neutral,0.0,Neutral
2009-05-13,959.0,,0.0,Neutral,0.0,Neutral
2009-05-12,930.0,,0.0,Neutral,0.0,Neutral
2009-05-07,895.0,,0.0,Neutral,0.0,Neutral
2009-05-06,890.0,,0.0,Neutral,0.0,Neutral
2009-05-05,884.0,,0.0,Neutral,0.0,Neutral
2009-04-07,980.0,,0.0,Neutral,0.0,Neutral
2009-04-05,980.0,,0.0,Neutral,0.0,Neutral
2009-04-02,0.0,,0.0,Neutral,0.0,Neutral
2009-03-22,0.0,,0.0,Neutral,0.0,Neutral
2009-03-19,0.0,,0.0,Neutral,0.0,Neutral
2009-03-17,987.0,,0.0,Neutral,0.0,Neutral
2009-03-16,968.0,,0.0,Neutral,0.0,Neutral
2009-03-15,950.0,,0.0,Neutral,0.0,Neutral
2009-03-08,933.0,,0.0,Neutral,0.0,Neutral
2009-03-03,915.0,,0.0,Neutral,0.0,Neutral
2009-03-02,917.0,,0.0,Neutral,0.0,Neutral
2009-03-01,935.0,,0.0,Neutral,0.0,Neutral
2009-02-24,939.0,,0.0,Neutral,0.0,Neutral
2009-02-19,921.0,,0.0,Neutral,0.0,Neutral
2009-02-17,920.0,,0.0,Neutral,0.0,Neutral
2009-02-16,938.0,,0.0,Neutral,0.0,Neutral
2009-02-15,920.0,,0.0,Neutral,0.0,Neutral
2009-02-12,920.0,,0.0,Neutral,0.0,Neutral
2009-02-09,920.0,,0.0,Neutral,0.0,Neutral
2009-02-04,920.0,,0.0,Neutral,0.0,Neutral
2009-02-02,905.0,,0.0,Neutral,0.0,Neutral
2009-02-01,920.0,,0.0,Neutral,0.0,Neutral
2009-01-28,930.0,,0.0,Neutral,0.0,Neutral
2009-01-26,900.0,,0.0,Neutral,0.0,Neutral
2009-01-22,951.0,,0.0,Neutral,0.0,Neutral
2009-01-21,0.0,,0.0,Neutral,0.0,Neutral
2009-01-20,0.0,,0.0,Neutral,0.0,Neutral
2009-01-08,0.0,,0.0,Neutral,0.0,Neutral
2008-12-18,0.0,,0.0,Neutral,0.0,Neutral
2008-12-16,0.0,,0.0,Neutral,0.0,Neutral
2008-12-15,0.0,,0.0,Neutral,0.0,Neutral
2008-12-10,0.0,,0.0,Neutral,0.0,Neutral
2008-12-03,0.0,,0.0,Neutral,0.0,Neutral
2008-12-02,0.0,,0.0,Neutral,0.0,Neutral
2008-12-01,0.0,,0.0,Neutral,0.0,Neutral
2008-11-27,0.0,,0.0,Neutral,0.0,Neutral
2008-11-26,0.0,,0.0,Neutral,0.0,Neutral
2008-11-25,0.0,,0.0,Neutral,0.0,Neutral
2008-11-24,0.0,,0.0,Neutral,0.0,Neutral
2008-11-23,0.0,,0.0,Neutral,0.0,Neutral
2008-11-19,0.0,,0.0,Neutral,0.0,Neutral
2008-11-16,0.0,,0.0,Neutral,0.0,Neutral
2008-11-12,0.0,,0.0,Neutral,0.0,Neutral
2008-11-11,0.0,,0.0,Neutral,0.0,Neutral
2008-11-06,0.0,,0.0,Neutral,0.0,Neutral
2008-11-02,0.0,,0.0,Neutral,0.0,Neutral
2008-09-25,0.0,,0.0,Neutral,0.0,Neutral
2008-09-24,0.0,,0.0,Neutral,0.0,Neutral
2008-09-22,0.0,,0.0,Neutral,0.0,Neutral
2008-09-21,0.0,,0.0,Neutral,0.0,Neutral
2008-08-14,0.0,,0.0,Neutral,0.0,Neutral
2008-08-12,0.0,,0.0,Neutral,0.0,Neutral
2008-08-04,0.0,,0.0,Neutral,0.0,Neutral
2008-07-31,0.0,,0.0,Neutral,0.0,Neutral
2008-07-30,0.0,,0.0,Neutral,0.0,Neutral
2008-07-27,0.0,,0.0,Neutral,0.0,Neutral
2008-07-21,0.0,,0.0,Neutral,0.0,Neutral
2008-07-20,0.0,,0.0,Neutral,0.0,Neutral
2008-07-16,0.0,,0.0,Neutral,0.0,Neutral
2008-07-15,0.0,,0.0,Neutral,0.0,Neutral
2008-07-14,0.0,,0.0,Neutral,0.0,Neutral
2008-07-13,0.0,,0.0,Neutral,0.0,Neutral
2008-07-10,0.0,,0.0,Neutral,0.0,Neutral
2008-07-02,0.0,,0.0,Neutral,0.0,Neutral
2008-06-30,0.0,,0.0,Neutral,0.0,Neutral
2008-06-25,0.0,,0.0,Neutral,0.0,Neutral
2008-06-16,0.0,,0.0,Neutral,0.0,Neutral
2008-06-12,0.0,,0.0,Neutral,0.0,Neutral
2008-06-09,0.0,,0.0,Neutral,0.0,Neutral
2008-06-08,0.0,,0.0,Neutral,0.0,Neutral
2008-06-05,0.0,,0.0,Neutral,0.0,Neutral
2008-06-03,0.0,,0.0,Neutral,0.0,Neutral
2008-06-02,0.0,,0.0,Neutral,0.0,Neutral
2008-05-25,0.0,,0.0,Neutral,0.0,Neutral
2008-05-22,0.0,,0.0,Neutral,0.0,Neutral
2008-05-18,0.0,,0.0,Neutral,0.0,Neutral
2008-05-14,0.0,,0.0,Neutral,0.0,Neutral
2008-05-12,0.0,,0.0,Neutral,0.0,Neutral
2008-05-11,0.0,,0.0,Neutral,0.0,Neutral
2008-05-08,0.0,,0.0,Neutral,0.0,Neutral
2008-05-07,0.0,,0.0,Neutral,0.0,Neutral
2008-05-06,0.0,,0.0,Neutral,0.0,Neutral
2008-04-30,0.0,,0.0,Neutral,0.0,Neutral
2008-04-27,0.0,,0.0,Neutral,0.0,Neutral
2008-04-20,0.0,,0.0,Neutral,0.0,Neutral
2008-04-15,0.0,,0.0,Neutral,0.0,Neutral
2008-04-06,0.0,,0.0,Neutral,0.0,Neutral
2008-04-03,0.0,,0.0,Neutral,0.0,Neutral
2008-04-02,0.0,,0.0,Neutral,0.0,Neutral
2008-04-01,0.0,,0.0,Neutral,0.0,Neutral
2008-03-31,0.0,,0.0,Neutral,0.0,Neutral
2008-03-26,0.0,,0.0,Neutral,0.0,Neutral
2008-03-25,0.0,,0.0,Neutral,0.0,Neutral
2008-03-24,0.0,,0.0,Neutral,0.0,Neutral
2008-03-23,0.0,,0.0,Neutral,0.0,Neutral
2008-03-20,0.0,,0.0,Neutral,0.0,Neutral
2008-03-19,0.0,,0.0,Neutral,0.0,Neutral
2008-03-18,0.0,,0.0,Neutral,0.0,Neutral
2008-03-17,0.0,,0.0,Neutral,0.0,Neutral
2008-03-16,0.0,,0.0,Neutral,0.0,Neutral
2008-03-12,0.0,,0.0,Neutral,0.0,Neutral
2008-03-11,0.0,,0.0,Neutral,0.0,Neutral
2008-03-10,0.0,,0.0,Neutral,0.0,Neutral
2008-03-09,0.0,,0.0,Neutral,0.0,Neutral
2008-03-05,0.0,,0.0,Neutral,0.0,Neutral
2008-03-04,0.0,,0.0,Neutral,0.0,Neutral
2008-03-03,0.0,,0.0,Neutral,0.0,Neutral
2008-02-17,0.0,,0.0,Neutral,0.0,Neutral
2008-02-12,0.0,,0.0,Neutral,0.0,Neutral
2008-01-29,0.0,,0.0,Neutral,0.0,Neutral
2008-01-27,0.0,,0.0,Neutral,0.0,Neutral
2008-01-21,0.0,,0.0,Neutral,0.0,Neutral
2008-01-20,0.0,,0.0,Neutral,0.0,Neutral
2008-01-10,0.0,,0.0,Neutral,0.0,Neutral
2008-01-09,0.0,,0.0,Neutral,0.0,Neutral
2007-12-24,0.0,,0.0,Neutral,0.0,Neutral
2007-12-23,0.0,,0.0,Neutral,0.0,Neutral
2007-12-19,0.0,,0.0,Neutral,0.0,Neutral
2007-12-18,0.0,,0.0,Neutral,0.0,Neutral
2007-12-17,0.0,,0.0,Neutral,0.0,Neutral
2007-12-13,0.0,,0.0,Neutral,0.0,Neutral
2007-12-12,0.0,,0.0,Neutral,0.0,Neutral
2007-12-11,0.0,,0.0,Neutral,0.0,Neutral
2007-12-10,0.0,,0.0,Neutral,0.0,Neutral
2007-12-09,0.0,,0.0,Neutral,0.0,Neutral
2007-12-06,0.0,,0.0,Neutral,0.0,Neutral
2007-12-05,0.0,,0.0,Neutral,0.0,Neutral
2007-12-04,0.0,,0.0,Neutral,0.0,Neutral
2007-12-03,0.0,,0.0,Neutral,0.0,Neutral
2007-12-01,0.0,,0.0,Neutral,0.0,Neutral
2007-11-29,0.0,,0.0,Neutral,0.0,Neutral
2007-11-28,0.0,,0.0,Neutral,0.0,Neutral
2007-11-27,0.0,,0.0,Neutral,0.0,Neutral
2007-11-22,0.0,,0.0,Neutral,0.0,Neutral
2007-11-20,0.0,,0.0,Neutral,0.0,Neutral
2007-11-19,0.0,,0.0,Neutral,0.0,Neutral
2007-11-18,0.0,,0.0,Neutral,0.0,Neutral
2007-11-06,0.0,,0.0,Neutral,0.0,Neutral
2007-11-05,0.0,,0.0,Neutral,0.0,Neutral
2007-10-31,0.0,,0.0,Neutral,0.0,Neutral
2007-10-10,0.0,,0.0,Neutral,0.0,Neutral
2007-09-30,0.0,,0.0,Neutral,0.0,Neutral
2007-09-26,0.0,,0.0,Neutral,0.0,Neutral
2007-09-24,0.0,,0.0,Neutral,0.0,Neutral
2007-09-18,0.0,,0.0,Neutral,0.0,Neutral
2007-09-17,0.0,,0.0,Neutral,0.0,Neutral
2007-09-16,0.0,,0.0,Neutral,0.0,Neutral
2007-09-13,0.0,,0.0,Neutral,0.0,Neutral
2007-09-12,0.0,,0.0,Neutral,0.0,Neutral
2007-09-11,0.0,,0.0,Neutral,0.0,Neutral
2007-09-10,0.0,,0.0,Neutral,0.0,Neutral
2007-09-06,0.0,,0.0,Neutral,0.0,Neutral
2007-09-05,0.0,,0.0,Neutral,0.0,Neutral
2007-09-03,0.0,,0.0,Neutral,0.0,Neutral
2007-09-02,0.0,,0.0,Neutral,0.0,Neutral
2007-08-30,0.0,,0.0,Neutral,0.0,Neutral
2007-08-27,0.0,,0.0,Neutral,0.0,Neutral
2007-08-23,0.0,,0.0,Neutral,0.0,Neutral
2007-08-22,0.0,,0.0,Neutral,0.0,Neutral
2007-08-21,0.0,,0.0,Neutral,0.0,Neutral
2007-08-19,0.0,,0.0,Neutral,0.0,Neutral
2007-08-16,0.0,,0.0,Neutral,0.0,Neutral
2007-08-14,0.0,,0.0,Neutral,0.0,Neutral
2007-08-09,0.0,,0.0,Neutral,0.0,Neutral
2007-08-08,0.0,,0.0,Neutral,0.0,Neutral
2007-08-07,0.0,,0.0,Neutral,0.0,Neutral
2007-08-06,0.0,,0.0,Neutral,0.0,Neutral
2007-08-05,0.0,,0.0,Neutral,0.0,Neutral
2007-08-02,0.0,,0.0,Neutral,0.0,Neutral
2007-08-01,0.0,,0.0,Neutral,0.0,Neutral
2007-07-31,0.0,,0.0,Neutral,0.0,Neutral
2007-07-29,0.0,,0.0,Neutral,0.0,Neutral
2007-07-26,0.0,,0.0,Neutral,0.0,Neutral
2007-07-25,0.0,,0.0,Neutral,0.0,Neutral
2007-07-23,0.0,,0.0,Neutral,0.0,Neutral
2007-07-22,0.0,,0.0,Neutral,0.0,Neutral
2007-07-19,0.0,,0.0,Neutral,0.0,Neutral
2007-07-18,0.0,,0.0,Neutral,0.0,Neutral
2007-07-17,0.0,,0.0,Neutral,0.0,Neutral
2007-07-15,0.0,,0.0,Neutral,0.0,Neutral
2007-07-04,0.0,,0.0,Neutral,0.0,Neutral
2007-07-03,988.0,,0.0,Neutral,0.0,Neutral
2007-07-01,970.0,,0.0,Neutral,0.0,Neutral
2007-06-27,955.0,,0.0,Neutral,0.0,Neutral
2007-06-20,910.0,,0.0,Neutral,0.0,Neutral
2007-06-19,910.0,,0.0,Neutral,0.0,Neutral
2007-06-18,910.0,,0.0,Neutral,0.0,Neutral
2007-06-17,910.0,,0.0,Neutral,0.0,Neutral
2007-06-12,901.0,,0.0,Neutral,0.0,Neutral
2007-06-11,900.0,,0.0,Neutral,0.0,Neutral
2007-06-06,905.0,,0.0,Neutral,0.0,Neutral
2007-06-04,900.0,,0.0,Neutral,0.0,Neutral
2007-05-30,900.0,,0.0,Neutral,0.0,Neutral
2007-05-29,900.0,,0.0,Neutral,0.0,Neutral
2007-05-24,900.0,,0.0,Neutral,0.0,Neutral
2007-05-23,890.0,,0.0,Neutral,0.0,Neutral
2007-05-17,868.0,,0.0,Neutral,0.0,Neutral
2007-05-16,850.0,,0.0,Neutral,0.0,Neutral
2007-05-09,830.0,,0.0,Neutral,0.0,Neutral
2007-04-26,810.0,,0.0,Neutral,0.0,Neutral
2007-04-23,810.0,,0.0,Neutral,0.0,Neutral
2007-04-22,802.0,,0.0,Neutral,0.0,Neutral
2007-04-18,803.0,,0.0,Neutral,0.0,Neutral
2007-04-17,800.0,,0.0,Neutral,0.0,Neutral
2007-04-15,800.0,,0.0,Neutral,0.0,Neutral
2007-04-11,815.0,,0.0,Neutral,0.0,Neutral
2007-04-10,820.0,,0.0,Neutral,0.0,Neutral
2007-04-09,810.0,,0.0,Neutral,0.0,Neutral
2007-04-02,800.0,,0.0,Neutral,0.0,Neutral
2007-04-01,800.0,,0.0,Neutral,0.0,Neutral
2007-03-25,800.0,,0.0,Neutral,0.0,Neutral
2007-03-22,775.0,,0.0,Neutral,0.0,Neutral
2007-03-21,760.0,,0.0,Neutral,0.0,Neutral
2007-03-15,750.0,,0.0,Neutral,0.0,Neutral
2007-03-14,725.0,,0.0,Neutral,0.0,Neutral
2007-03-13,760.0,,0.0,Neutral,0.0,Neutral
2007-02-27,760.0,,0.0,Neutral,0.0,Neutral
2007-02-15,750.0,,0.0,Neutral,0.0,Neutral
2007-02-08,750.0,,0.0,Neutral,0.0,Neutral
2007-02-06,760.0,,0.0,Neutral,0.0,Neutral
2007-01-31,780.0,,0.0,Neutral,0.0,Neutral
2007-01-21,790.0,,0.0,Neutral,0.0,Neutral
2007-01-18,800.0,,0.0,Neutral,0.0,Neutral
2006-12-27,845.0,,0.0,Neutral,0.0,Neutral
2006-12-21,845.0,,0.0,Neutral,0.0,Neutral
2006-12-19,805.0,,0.0,Neutral,0.0,Neutral
2006-12-18,770.0,,0.0,Neutral,0.0,Neutral
2006-12-13,735.0,,0.0,Neutral,0.0,Neutral
2006-12-11,700.0,,0.0,Neutral,0.0,Neutral
2006-12-07,672.0,,0.0,Neutral,0.0,Neutral
2006-11-20,638.0,,0.0,Neutral,0.0,Neutral
2006-11-19,638.0,,0.0,Neutral,0.0,Neutral
2006-11-15,638.0,,0.0,Neutral,0.0,Neutral
2006-11-13,550.0,,0.0,Neutral,0.0,Neutral
2006-11-07,550.0,,0.0,Neutral,0.0,Neutral
2006-09-14,585.0,,0.0,Neutral,0.0,Neutral
2006-09-10,560.0,,0.0,Neutral,0.0,Neutral
2006-09-09,0.0,,0.0,Neutral,0.0,Neutral
2006-08-31,560.0,,0.0,Neutral,0.0,Neutral
2006-08-24,570.0,,0.0,Neutral,0.0,Neutral
2006-08-07,565.0,,0.0,Neutral,0.0,Neutral
2006-08-03,530.0,,0.0,Neutral,0.0,Neutral
2006-07-09,540.0,,0.0,Neutral,0.0,Neutral
2006-06-29,530.0,,0.0,Neutral,0.0,Neutral
2006-06-28,513.0,,0.0,Neutral,0.0,Neutral
2006-06-23,470.0,,0.0,Neutral,0.0,Neutral
2006-05-16,540.0,,0.0,Neutral,0.0,Neutral
2006-05-03,540.0,,0.0,Neutral,0.0,Neutral
2006-04-30,525.0,,0.0,Neutral,0.0,Neutral
2006-04-26,500.0,,0.0,Neutral,0.0,Neutral
2006-03-28,490.0,,0.0,Neutral,0.0,Neutral
2006-03-16,470.0,,0.0,Neutral,0.0,Neutral
2006-03-12,470.0,,0.0,Neutral,0.0,Neutral
2006-03-06,500.0,,0.0,Neutral,0.0,Neutral
2006-02-21,490.0,,0.0,Neutral,0.0,Neutral
2006-02-16,475.0,,0.0,Neutral,0.0,Neutral
2006-02-13,500.0,,0.0,Neutral,0.0,Neutral
2006-02-09,483.0,,0.0,Neutral,0.0,Neutral
2006-02-05,475.0,,0.0,Neutral,0.0,Neutral
2006-02-02,475.0,,0.0,Neutral,0.0,Neutral
2006-01-25,480.0,,0.0,Neutral,0.0,Neutral
2006-01-05,500.0,,0.0,Neutral,0.0,Neutral
2006-01-04,480.0,,0.0,Neutral,0.0,Neutral
2006-01-03,469.0,,0.0,Neutral,0.0,Neutral
2006-01-02,450.0,,0.0,Neutral,0.0,Neutral
2005-12-29,446.0,,0.0,Neutral,0.0,Neutral
2005-12-27,418.0,,0.0,Neutral,0.0,Neutral
2005-12-25,399.0,,0.0,Neutral,0.0,Neutral
2005-12-21,380.0,,0.0,Neutral,0.0,Neutral
2005-11-29,460.0,,0.0,Neutral,0.0,Neutral
2005-11-28,460.0,,0.0,Neutral,0.0,Neutral
2005-11-16,452.0,,0.0,Neutral,0.0,Neutral
2005-11-14,475.0,,0.0,Neutral,0.0,Neutral
2005-11-10,500.0,,0.0,Neutral,0.0,Neutral
2005-10-27,490.0,,0.0,Neutral,0.0,Neutral
2005-10-26,470.0,,0.0,Neutral,0.0,Neutral
2005-10-23,470.0,,0.0,Neutral,0.0,Neutral
2005-10-06,450.0,,0.0,Neutral,0.0,Neutral
2005-10-02,450.0,,0.0,Neutral,0.0,Neutral
2005-09-28,472.0,,0.0,Neutral,0.0,Neutral
2005-09-11,450.0,,0.0,Neutral,0.0,Neutral
2005-09-08,450.0,,0.0,Neutral,0.0,Neutral
2005-09-01,450.0,,0.0,Neutral,0.0,Neutral
2005-08-30,460.0,,0.0,Neutral,0.0,Neutral
2005-08-10,470.0,,0.0,Neutral,0.0,Neutral
2005-08-09,450.0,,0.0,Neutral,0.0,Neutral
2005-07-31,455.0,,0.0,Neutral,0.0,Neutral
2005-07-28,462.0,,0.0,Neutral,0.0,Neutral
2005-07-27,455.0,,0.0,Neutral,0.0,Neutral
2005-07-18,476.0,,0.0,Neutral,0.0,Neutral
2005-07-14,490.0,,0.0,Neutral,0.0,Neutral
2005-07-12,490.0,,0.0,Neutral,0.0,Neutral
2005-07-10,490.0,,0.0,Neutral,0.0,Neutral
2005-07-06,485.0,,0.0,Neutral,0.0,Neutral
2005-07-03,470.0,,0.0,Neutral,0.0,Neutral
2005-06-30,460.0,,0.0,Neutral,0.0,Neutral
2005-06-29,460.0,,0.0,Neutral,0.0,Neutral
2005-06-28,470.0,,0.0,Neutral,0.0,Neutral
2005-06-22,460.0,,0.0,Neutral,0.0,Neutral
2005-06-21,470.0,,0.0,Neutral,0.0,Neutral
2005-06-20,460.0,,0.0,Neutral,0.0,Neutral
2005-05-18,470.0,,0.0,Neutral,0.0,Neutral
2005-05-15,480.0,,0.0,Neutral,0.0,Neutral
2005-05-11,460.0,,0.0,Neutral,0.0,Neutral
2005-05-01,460.0,,0.0,Neutral,0.0,Neutral
2005-04-26,470.0,,0.0,Neutral,0.0,Neutral
2005-04-25,480.0,,0.0,Neutral,0.0,Neutral
2005-04-24,475.0,,0.0,Neutral,0.0,Neutral
2005-04-18,470.0,,0.0,Neutral,0.0,Neutral
2005-04-13,460.0,,0.0,Neutral,0.0,Neutral
2005-04-12,453.0,,0.0,Neutral,0.0,Neutral
2005-04-11,438.0,,0.0,Neutral,0.0,Neutral
2005-04-08,446.0,,0.0,Neutral,0.0,Neutral
2005-04-06,425.0,,0.0,Neutral,0.0,Neutral
2005-04-05,425.0,,0.0,Neutral,0.0,Neutral
2005-04-01,446.0,,0.0,Neutral,0.0,Neutral
2005-03-31,427.0,,0.0,Neutral,0.0,Neutral
2005-03-24,419.0,,0.0,Neutral,0.0,Neutral
2005-03-18,440.0,,0.0,Neutral,0.0,Neutral
2005-03-16,430.0,,0.0,Neutral,0.0,Neutral
2005-03-15,452.0,,0.0,Neutral,0.0,Neutral
2005-03-03,475.0,,0.0,Neutral,0.0,Neutral
2005-02-23,500.0,,0.0,Neutral,0.0,Neutral
2005-02-21,500.0,,0.0,Neutral,0.0,Neutral
2005-02-17,500.0,,0.0,Neutral,0.0,Neutral
2005-02-15,479.0,,0.0,Neutral,0.0,Neutral
2005-02-14,460.0,,0.0,Neutral,0.0,Neutral
2005-02-11,478.0,,0.0,Neutral,0.0,Neutral
2005-02-10,456.0,,0.0,Neutral,0.0,Neutral
2005-02-09,460.0,,0.0,Neutral,0.0,Neutral
2005-02-08,480.0,,0.0,Neutral,0.0,Neutral
2005-02-04,490.0,,0.0,Neutral,0.0,Neutral
2005-02-03,480.0,,0.0,Neutral,0.0,Neutral
2005-01-31,460.0,,0.0,Neutral,0.0,Neutral
2005-01-28,459.0,,0.0,Neutral,0.0,Neutral
2005-01-27,460.0,,0.0,Neutral,0.0,Neutral
2005-01-26,465.0,,0.0,Neutral,0.0,Neutral
2005-01-25,427.0,,0.0,Neutral,0.0,Neutral
2005-01-24,371.0,,0.0,Neutral,0.0,Neutral
2005-01-21,328.0,,0.0,Neutral,0.0,Neutral
2005-01-20,280.0,,0.0,Neutral,0.0,Neutral
2026-03-03,538.0,,0.0,Neutral,0.0,Neutral
2026-03-01,537.0,,0.0,Neutral,0.0,Neutral
2026-02-26,522.3,,0.0,Neutral,0.0,Neutral
2026-02-25,523.0,2026-02-25,0.8774493336677551,Strongly Positive,0.8774493336677551,Strongly Positive
2026-02-24,535.9,,0.0,Neutral,0.43872466683387756,Positive
2026-02-23,527.0,,0.0,Neutral,0.21936233341693878,Positive
2026-02-22,534.0,,0.0,Neutral,0.0,Neutral
2026-02-17,535.0,,0.0,Neutral,0.0,Neutral
2026-02-16,554.0,,0.0,Neutral,0.0,Neutral
2026-02-12,525.0,2026-02-12,-0.2644221298396587,Negative,-0.2644221298396587,Negative
2026-02-11,527.9,2026-02-11,-0.4408624172210693,Negative,-0.5730734821408986,Negative
2026-02-10,534.9,2026-02-10,-0.5762443542480469,Negative,-0.8627810953184962,Strongly Negative
2026-02-09,543.0,,0.0,Neutral,-0.39833778142929077,Negative
2026-02-08,566.0,,0.0,Neutral,-0.14406108856201172,Slightly Negative
2026-02-05,559.9,,0.0,Neutral,0.0,Neutral
2026-02-04,560.0,,0.0,Neutral,0.0,Neutral
2026-02-03,555.0,,0.0,Neutral,0.0,Neutral
2026-02-02,553.1,,0.0,Neutral,0.0,Neutral
2026-02-01,560.0,,0.0,Neutral,0.0,Neutral
2026-01-29,580.0,,0.0,Neutral,0.0,Neutral
2026-01-28,592.0,2026-01-28,0.0113222198560833,Neutral,0.0113222198560833,Neutral
2026-01-27,579.9,,0.0,Neutral,0.00566110992804165,Neutral
2026-01-26,572.1,,0.0,Neutral,0.002830554964020825,Neutral
2026-01-25,577.9,,0.0,Neutral,0.0,Neutral
2026-01-22,570.0,,0.0,Neutral,0.0,Neutral
2026-01-21,543.9,,0.0,Neutral,0.0,Neutral
2026-01-20,550.1,,0.0,Neutral,0.0,Neutral
2026-01-18,555.3,,0.0,Neutral,0.0,Neutral
2026-01-14,510.0,2026-01-14,0.0140300989151,Neutral,0.0140300989151,Neutral
2026-01-13,494.0,,0.0,Neutral,0.00701504945755,Neutral
2026-01-12,498.0,,0.0,Neutral,0.003507524728775,Neutral
2026-01-08,501.8,,0.0,Neutral,0.0,Neutral
2026-01-07,495.2,,0.0,Neutral,0.0,Neutral
2026-01-06,486.8,,0.0,Neutral,0.0,Neutral
2026-01-05,475.0,2026-01-05,-0.8387445211410522,Strongly Negative,-0.8387445211410522,Strongly Negative
2026-01-04,471.3,,0.0,Neutral,-0.4193722605705261,Negative
2026-01-01,470.0,,0.0,Neutral,-0.20968613028526306,Negative
2025-12-31,477.0,,0.0,Neutral,0.0,Neutral
2025-12-29,477.0,,0.0,Neutral,0.0,Neutral
2025-12-28,475.0,,0.0,Neutral,0.0,Neutral
2025-12-24,462.1,,0.0,Neutral,0.0,Neutral
2025-12-23,470.0,,0.0,Neutral,0.0,Neutral
2025-12-22,469.0,,0.0,Neutral,0.0,Neutral
2025-12-21,470.0,,0.0,Neutral,0.0,Neutral
2025-12-18,475.5,,0.0,Neutral,0.0,Neutral
2025-12-17,480.0,,0.0,Neutral,0.0,Neutral
2025-12-16,469.0,,0.0,Neutral,0.0,Neutral
2025-12-15,469.0,2025-12-15,0.0156788323074579,Neutral,0.0156788323074579,Neutral
2025-12-14,474.0,,0.0,Neutral,0.00783941615372895,Neutral
2025-12-11,479.0,2025-12-11,0.4957837536931038,Positive,0.49970346176996827,Positive
2025-12-10,476.0,,0.0,Neutral,0.2478918768465519,Positive
2025-12-09,483.0,,0.0,Neutral,0.12394593842327595,Slightly Positive
2025-12-08,482.2,,0.0,Neutral,0.0,Neutral
2025-12-07,496.0,,0.0,Neutral,0.0,Neutral
2025-12-03,500.0,,0.0,Neutral,0.0,Neutral
2025-12-02,494.7,,0.0,Neutral,0.0,Neutral
2025-12-01,494.9,,0.0,Neutral,0.0,Neutral
2025-11-30,485.0,2025-11-30,-0.5521965622901917,Negative,-0.5521965622901917,Negative
2025-11-27,484.9,,0.0,Neutral,-0.2760982811450958,Negative
2025-11-26,482.3,,0.0,Neutral,-0.1380491405725479,Slightly Negative
2025-11-25,487.9,2025-11-25,0.6663917303085327,Strongly Positive,0.6663917303085327,Strongly Positive
2025-11-24,485.1,,0.0,Neutral,0.33319586515426636,Positive
2025-11-23,484.0,,0.0,Neutral,0.16659793257713318,Slightly Positive
2025-11-20,472.0,,0.0,Neutral,0.0,Neutral
2025-11-19,476.5,,0.0,Neutral,0.0,Neutral
2025-11-18,476.0,,0.0,Neutral,0.0,Neutral
2025-11-17,474.0,,0.0,Neutral,0.0,Neutral
2025-11-16,475.0,,0.0,Neutral,0.0,Neutral
2025-11-13,482.0,,0.0,Neutral,0.0,Neutral
2025-11-12,483.0,,0.0,Neutral,0.0,Neutral
2025-11-11,485.6,2025-11-11,-0.5206417441368103,Negative,-0.5206417441368103,Negative
2025-11-10,486.0,2025-11-10,0.1399208903312683,Slightly Positive,-0.12039998173713684,Slightly Negative
2025-11-09,492.0,,0.0,Neutral,-0.06019999086856842,Slightly Negative
2025-11-06,505.0,,0.0,Neutral,0.03498022258281708,Neutral
2025-11-05,510.0,2025-11-05,0.9275050759315492,Strongly Positive,0.9275050759315492,Strongly Positive
2025-11-04,489.5,,0.0,Neutral,0.4637525379657746,Positive
2025-11-03,504.9,,0.0,Neutral,0.2318762689828873,Positive
2025-11-02,502.8,2025-11-02,0.8304534256458282,Strongly Positive,0.8304534256458282,Strongly Positive
2025-10-30,479.0,,0.0,Neutral,0.4152267128229141,Positive
2025-10-29,470.4,,0.0,Neutral,0.20761335641145706,Positive
2025-10-28,482.0,,0.0,Neutral,0.0,Neutral
2025-10-26,463.8,,0.0,Neutral,0.0,Neutral
2025-10-19,464.0,2025-10-19,-0.7027487754821777,Strongly Negative,-0.7027487754821777,Strongly Negative
2025-10-16,463.0,,0.0,Neutral,-0.35137438774108887,Negative
2025-10-15,472.0,,0.0,Neutral,-0.17568719387054443,Slightly Negative
2025-10-14,472.0,,0.0,Neutral,0.0,Neutral
2025-10-13,475.0,,0.0,Neutral,0.0,Neutral
2025-10-12,468.1,,0.0,Neutral,0.0,Neutral
2025-10-09,483.0,,0.0,Neutral,0.0,Neutral
2025-10-08,479.0,,0.0,Neutral,0.0,Neutral
2025-10-07,490.0,,0.0,Neutral,0.0,Neutral
2025-09-28,495.0,,0.0,Neutral,0.0,Neutral
2025-09-25,494.0,,0.0,Neutral,0.0,Neutral
2025-09-24,498.1,,0.0,Neutral,0.0,Neutral
2025-09-23,507.0,,0.0,Neutral,0.0,Neutral
2025-09-21,500.05,,0.0,Neutral,0.0,Neutral
2025-09-18,467.0,2025-09-18,0.0988965034484863,Slightly Positive,0.0988965034484863,Slightly Positive
2025-09-08,483.35,,0.0,Neutral,0.04944825172424315,Neutral
2025-09-07,489.88,,0.0,Neutral,0.024724125862121575,Neutral
2025-09-04,493.78,,0.0,Neutral,0.0,Neutral
2025-09-03,492.92,,0.0,Neutral,0.0,Neutral
2025-09-02,500.12,,0.0,Neutral,0.0,Neutral
2025-09-01,502.32,,0.0,Neutral,0.0,Neutral
2025-08-31,501.14,2025-08-31,-0.8702601194381714,Strongly Negative,-0.8702601194381714,Strongly Negative
2025-08-28,506.82,2025-08-28,0.9314732551574708,Strongly Positive,0.4963431954383851,Positive
2025-08-27,518.65,2025-08-27,-0.8449028730392456,Strongly Negative,-0.5967312753200531,Negative
2025-08-26,505.31,,0.0,Neutral,-0.1895831227302551,Slightly Negative
2025-08-25,506.73,,0.0,Neutral,-0.2112257182598114,Negative
2025-08-24,507.54,,0.0,Neutral,0.0,Neutral
2025-08-21,508.2,,0.0,Neutral,0.0,Neutral
2025-08-20,509.59,,0.0,Neutral,0.0,Neutral
2025-08-19,515.6,,0.0,Neutral,0.0,Neutral
2025-08-18,516.5,,0.0,Neutral,0.0,Neutral
2025-08-17,515.9,2025-08-17,-0.0869648940861225,Slightly Negative,-0.0869648940861225,Slightly Negative
2025-08-14,518.59,,0.0,Neutral,-0.04348244704306125,Neutral
2025-08-13,523.99,,0.0,Neutral,-0.021741223521530625,Neutral
2025-08-12,522.2,,0.0,Neutral,0.0,Neutral
2025-08-11,525.47,,0.0,Neutral,0.0,Neutral
2025-08-07,531.56,,0.0,Neutral,0.0,Neutral
2025-08-06,530.0,,0.0,Neutral,0.0,Neutral
2025-08-05,532.48,,0.0,Neutral,0.0,Neutral
2025-08-04,539.52,,0.0,Neutral,0.0,Neutral
2025-08-03,542.54,,0.0,Neutral,0.0,Neutral
2025-07-31,558.07,,0.0,Neutral,0.0,Neutral
2025-07-30,554.36,,0.0,Neutral,0.0,Neutral
2025-07-29,570.16,,0.0,Neutral,0.0,Neutral
2025-07-28,575.04,,0.0,Neutral,0.0,Neutral
2025-07-27,562.18,,0.0,Neutral,0.0,Neutral
2025-07-24,571.63,,0.0,Neutral,0.0,Neutral
2025-07-23,579.67,,0.0,Neutral,0.0,Neutral
2025-07-22,562.24,,0.0,Neutral,0.0,Neutral
2025-07-21,554.49,,0.0,Neutral,0.0,Neutral
2025-07-20,551.05,,0.0,Neutral,0.0,Neutral
2025-07-17,563.74,2025-07-17,0.0606837570667266,Slightly Positive,0.0606837570667266,Slightly Positive
2025-07-16,549.96,,0.0,Neutral,0.0303418785333633,Neutral
2025-07-15,547.74,,0.0,Neutral,0.01517093926668165,Neutral
2025-07-14,545.36,2025-07-14,0.3165594339370727,Positive,0.3165594339370727,Positive
2025-07-13,545.59,,0.0,Neutral,0.15827971696853635,Slightly Positive
2025-07-10,525.45,,0.0,Neutral,0.07913985848426817,Slightly Positive
2025-07-09,533.38,2025-07-09,0.5959690809249878,Positive,0.5959690809249878,Positive
2025-07-08,534.45,,0.0,Neutral,0.2979845404624939,Positive
2025-07-07,519.22,,0.0,Neutral,0.14899227023124695,Slightly Positive
2025-07-06,543.3,,0.0,Neutral,0.0,Neutral
2025-07-03,534.51,,0.0,Neutral,0.0,Neutral
2025-07-02,510.36,,0.0,Neutral,0.0,Neutral
2025-07-01,496.38,,0.0,Neutral,0.0,Neutral
2025-06-30,495.49,,0.0,Neutral,0.0,Neutral
2025-06-29,498.48,2025-06-29,0.0124993920326232,Neutral,0.0124993920326232,Neutral
2025-06-26,498.18,,0.0,Neutral,0.0062496960163116,Neutral
2025-06-25,504.85,2025-06-25,-0.5497723817825317,Negative,-0.5466475337743759,Negative
2025-06-24,502.47,,0.0,Neutral,-0.27488619089126587,Negative
2025-06-23,507.63,,0.0,Neutral,-0.13744309544563293,Slightly Negative
2025-06-22,508.07,,0.0,Neutral,0.0,Neutral
2025-06-19,511.15,2025-06-19,0.9185822606086732,Strongly Positive,0.9185822606086732,Strongly Positive
2025-06-18,514.0,2025-06-18,0.134243756532669,Slightly Positive,0.5935348868370056,Positive
2025-06-17,511.07,,0.0,Neutral,0.2967674434185028,Positive
2025-06-16,516.77,,0.0,Neutral,0.03356093913316725,Neutral
2025-06-15,526.78,,0.0,Neutral,0.0,Neutral
2025-06-12,531.62,,0.0,Neutral,0.0,Neutral
2025-06-11,529.21,2025-06-11,-0.1211603879928588,Slightly Negative,-0.1211603879928588,Slightly Negative
2025-06-10,532.98,2025-06-10,-0.4339157342910766,Negative,-0.494495928287506,Negative
2025-06-09,508.92,2025-06-09,-0.3343536257743835,Negative,-0.5816015899181365,Negative
2025-06-08,501.61,,0.0,Neutral,-0.2756557464599609,Negative
2025-06-05,510.03,2025-06-05,-0.5912338495254517,Negative,-0.6748222559690475,Strongly Negative
2025-06-04,514.93,,0.0,Neutral,-0.29561692476272583,Negative
2025-06-03,521.95,2025-06-03,-0.2338424623012542,Negative,-0.3816509246826171,Negative
2025-06-02,529.18,2025-06-02,-0.5659517645835876,Negative,-0.6828729957342148,Strongly Negative
2025-05-28,524.48,,0.0,Neutral,-0.3414364978671074,Negative
2025-05-27,523.06,,0.0,Neutral,-0.1414879411458969,Slightly Negative
2025-05-26,526.69,2025-05-26,-0.7628889083862305,Strongly Negative,-0.7628889083862305,Strongly Negative
2025-05-25,526.1,,0.0,Neutral,-0.38144445419311523,Negative
2025-05-22,532.27,2025-05-22,-0.7128505706787109,Strongly Negative,-0.9035727977752686,Strongly Negative
2025-05-21,532.62,,0.0,Neutral,-0.35642528533935547,Negative
2025-05-20,538.78,2025-05-20,-0.6116074919700623,Strongly Negative,-0.78982013463974,Strongly Negative
2025-05-19,525.45,,0.0,Neutral,-0.30580374598503113,Negative
2025-05-18,520.23,,0.0,Neutral,-0.15290187299251556,Slightly Negative
2025-05-15,525.27,,0.0,Neutral,0.0,Neutral
2025-05-14,532.93,2025-05-14,-0.120438814163208,Slightly Negative,-0.120438814163208,Slightly Negative
2025-05-13,536.09,,0.0,Neutral,-0.060219407081604,Slightly Negative
2025-05-11,547.36,,0.0,Neutral,-0.030109703540802,Neutral
2025-05-08,563.18,,0.0,Neutral,0.0,Neutral
2025-05-07,550.65,,0.0,Neutral,0.0,Neutral
2025-05-06,532.19,,0.0,Neutral,0.0,Neutral
2025-05-05,542.64,,0.0,Neutral,0.0,Neutral
2025-05-04,540.24,,0.0,Neutral,0.0,Neutral
2025-04-30,550.46,,0.0,Neutral,0.0,Neutral
2025-04-29,556.75,,0.0,Neutral,0.0,Neutral
2025-04-28,561.68,,0.0,Neutral,0.0,Neutral
2025-04-27,551.76,,0.0,Neutral,0.0,Neutral
2025-04-24,565.81,,0.0,Neutral,0.0,Neutral
2025-04-23,572.02,,0.0,Neutral,0.0,Neutral
2025-04-22,572.45,2025-04-22,0.0065177381038665,Neutral,0.0065177381038665,Neutral
2025-04-21,572.97,2025-04-21,-0.1222520172595977,Slightly Negative,-0.11899314820766445,Slightly Negative
2025-04-20,584.84,2025-04-20,-0.9325382113456726,Strongly Negative,-0.9920347854495049,Strongly Negative
2025-04-17,602.17,,0.0,Neutral,-0.49683210998773575,Negative
2025-04-16,602.31,2025-04-16,-0.1533498167991638,Slightly Negative,-0.38648436963558197,Negative
2025-04-15,610.31,,0.0,Neutral,-0.0766749083995819,Slightly Negative
2025-04-13,606.88,2025-04-13,0.0838408172130584,Slightly Positive,0.045503363013267455,Neutral
2025-04-10,609.16,2025-04-10,0.1280533671379089,Slightly Positive,0.16997377574443812,Slightly Positive
2025-04-09,600.51,,0.0,Neutral,0.08498688787221906,Slightly Positive
2025-04-08,600.2,,0.0,Neutral,0.03201334178447723,Neutral
2025-04-07,590.1,,0.0,Neutral,0.0,Neutral
2025-04-03,613.21,,0.0,Neutral,0.0,Neutral
2025-04-02,613.6,,0.0,Neutral,0.0,Neutral
2025-04-01,557.82,,0.0,Neutral,0.0,Neutral
2025-03-30,567.43,2025-03-30,-0.4880945086479187,Negative,-0.4880945086479187,Negative
2025-03-27,552.11,,0.0,Neutral,-0.24404725432395935,Negative
2025-03-26,544.19,2025-03-26,-0.6513763070106506,Strongly Negative,-0.7733999341726303,Strongly Negative
2025-03-25,538.08,2025-03-25,0.2815593183040619,Positive,-0.04412883520126343,Neutral
2025-03-24,560.66,,0.0,Neutral,-0.022064417600631714,Neutral
2025-03-23,535.78,2025-03-23,-0.6444237232208252,Strongly Negative,-0.5740338936448097,Negative
2025-03-20,552.88,2025-03-20,-0.406167596578598,Negative,-0.7283794581890106,Strongly Negative
2025-03-19,554.0,,0.0,Neutral,-0.3641897290945053,Negative
2025-03-18,578.3,,0.0,Neutral,-0.1015418991446495,Slightly Negative
2025-03-17,578.0,2025-03-17,-0.0320629775524139,Neutral,-0.0320629775524139,Neutral
2025-03-16,570.0,,0.0,Neutral,-0.01603148877620695,Neutral
2025-03-12,598.0,,0.0,Neutral,-0.008015744388103475,Neutral
2025-03-11,596.5,,0.0,Neutral,0.0,Neutral
2025-03-10,607.1,2025-03-10,-0.7477757930755615,Strongly Negative,-0.7477757930755615,Strongly Negative
2025-03-09,611.0,,0.0,Neutral,-0.37388789653778076,Negative
2025-03-06,619.8,,0.0,Neutral,-0.18694394826889038,Slightly Negative
2025-03-05,622.1,,0.0,Neutral,0.0,Neutral
2025-03-04,634.0,,0.0,Neutral,0.0,Neutral
2025-03-03,649.9,,0.0,Neutral,0.0,Neutral
2025-03-02,663.1,,0.0,Neutral,0.0,Neutral
2025-02-27,659.5,,0.0,Neutral,0.0,Neutral
2025-02-25,654.0,,0.0,Neutral,0.0,Neutral
2025-02-24,634.0,2025-02-24,-0.3941380977630615,Negative,-0.3941380977630615,Negative
2025-02-23,633.0,,0.0,Neutral,-0.19706904888153076,Slightly Negative
2025-02-20,616.0,,0.0,Neutral,-0.09853452444076538,Slightly Negative
2025-02-18,615.0,,0.0,Neutral,0.0,Neutral
2025-02-17,627.0,,0.0,Neutral,0.0,Neutral
2025-02-16,657.0,,0.0,Neutral,0.0,Neutral
2025-02-13,656.0,2025-02-13,-0.6699524521827698,Strongly Negative,-0.6699524521827698,Strongly Negative
2025-02-12,673.0,2025-02-12,0.2080480456352233,Positive,-0.12692818045616158,Slightly Negative
2025-02-11,664.8,,0.0,Neutral,-0.06346409022808079,Slightly Negative
2025-02-10,655.1,,0.0,Neutral,0.052012011408805826,Slightly Positive
2025-02-09,673.2,,0.0,Neutral,0.0,Neutral
2025-02-06,612.0,,0.0,Neutral,0.0,Neutral
2025-02-05,574.6,,0.0,Neutral,0.0,Neutral
2025-02-04,522.4,,0.0,Neutral,0.0,Neutral
2025-02-03,530.0,,0.0,Neutral,0.0,Neutral
2025-02-02,530.0,,0.0,Neutral,0.0,Neutral
2025-01-28,510.0,,0.0,Neutral,0.0,Neutral
2025-01-27,498.0,,0.0,Neutral,0.0,Neutral
2025-01-26,486.0,,0.0,Neutral,0.0,Neutral
2025-01-23,519.0,2025-01-23,-0.2442322820425033,Negative,-0.2442322820425033,Negative
2025-01-22,538.0,,0.0,Neutral,-0.12211614102125165,Slightly Negative
2025-01-21,540.1,,0.0,Neutral,-0.061058070510625825,Slightly Negative
2025-01-20,555.0,2025-01-20,-0.0088043892756104,Neutral,-0.0088043892756104,Neutral
2025-01-19,568.1,,0.0,Neutral,-0.0044021946378052,Neutral
2025-01-16,558.0,,0.0,Neutral,-0.0022010973189026,Neutral
2025-01-15,589.0,,0.0,Neutral,0.0,Neutral
2025-01-13,595.0,,0.0,Neutral,0.0,Neutral
2025-01-12,606.0,,0.0,Neutral,0.0,Neutral
2025-01-09,630.0,,0.0,Neutral,0.0,Neutral
2025-01-08,638.1,,0.0,Neutral,0.0,Neutral
2025-01-07,602.0,,0.0,Neutral,0.0,Neutral
2025-01-06,587.0,,0.0,Neutral,0.0,Neutral
2025-01-05,580.0,,0.0,Neutral,0.0,Neutral
2025-01-02,570.4,2025-01-02,0.9056085348129272,Strongly Positive,0.9056085348129272,Strongly Positive
2025-01-01,568.0,,0.0,Neutral,0.4528042674064636,Positive
2024-12-31,540.0,,0.0,Neutral,0.2264021337032318,Positive
2024-12-29,582.0,,0.0,Neutral,0.0,Neutral
2024-12-26,605.0,,0.0,Neutral,0.0,Neutral
2024-12-24,618.0,,0.0,Neutral,0.0,Neutral
2024-12-23,613.0,,0.0,Neutral,0.0,Neutral
2024-12-22,596.0,,0.0,Neutral,0.0,Neutral
2024-12-19,606.0,,0.0,Neutral,0.0,Neutral
2024-12-18,620.1,,0.0,Neutral,0.0,Neutral
2024-12-17,618.0,,0.0,Neutral,0.0,Neutral
2024-12-16,612.6,2024-12-16,-0.1873531192541122,Slightly Negative,-0.1873531192541122,Slightly Negative
2024-12-12,641.0,2024-12-12,-0.7372568249702454,Strongly Negative,-0.8309333845973015,Strongly Negative
2024-12-11,665.0,,0.0,Neutral,-0.41546669229865074,Negative
2024-12-10,646.0,2024-12-10,0.0605501011013984,Slightly Positive,-0.12376410514116294,Slightly Negative
2024-12-09,647.0,2024-12-09,0.0543120503425598,Slightly Positive,0.08458710089325899,Slightly Positive
2024-12-08,645.0,,0.0,Neutral,0.042293550446629496,Neutral
2024-12-05,669.0,2024-12-05,-0.8622756004333496,Strongly Negative,-0.8486975878477097,Strongly Negative
2024-12-04,690.0,,0.0,Neutral,-0.4311378002166748,Negative
2024-12-03,700.0,,0.0,Neutral,-0.2155689001083374,Negative
2024-12-02,675.0,,0.0,Neutral,0.0,Neutral
2024-12-01,685.0,,0.0,Neutral,0.0,Neutral
2024-11-28,698.0,,0.0,Neutral,0.0,Neutral
2024-11-27,707.0,,0.0,Neutral,0.0,Neutral
2024-11-26,702.9,,0.0,Neutral,0.0,Neutral
2024-11-25,690.0,,0.0,Neutral,0.0,Neutral
2024-11-24,680.0,,0.0,Neutral,0.0,Neutral
2024-11-21,676.4,2024-11-21,0.3522944152355194,Positive,0.3522944152355194,Positive
2024-11-20,690.0,,0.0,Neutral,0.1761472076177597,Slightly Positive
2024-11-19,690.0,,0.0,Neutral,0.08807360380887985,Slightly Positive
2024-11-17,711.0,,0.0,Neutral,0.0,Neutral
2024-11-14,727.4,,0.0,Neutral,0.0,Neutral
2024-11-13,723.0,,0.0,Neutral,0.0,Neutral
2024-11-12,697.0,,0.0,Neutral,0.0,Neutral
2024-11-11,688.0,2024-11-11,0.9224844574928284,Strongly Positive,0.9224844574928284,Strongly Positive
2024-11-10,697.0,2024-11-10,0.0913766026496887,Slightly Positive,0.5526188313961029,Positive
2024-11-06,689.0,2024-11-06,0.6941941380500793,Strongly Positive,0.9705035537481308,Strongly Positive
2024-11-05,659.0,,0.0,Neutral,0.36994121968746185,Positive
2024-10-30,670.0,,0.0,Neutral,0.17354853451251984,Slightly Positive
2024-10-29,679.0,2024-10-29,-0.4482151567935943,Negative,-0.4482151567935943,Negative
2024-10-28,692.0,,0.0,Neutral,-0.22410757839679715,Negative
2024-10-27,656.8,,0.0,Neutral,-0.11205378919839858,Slightly Negative
2024-10-24,650.0,,0.0,Neutral,0.0,Neutral
2024-10-23,641.0,2024-10-23,-0.5182260870933533,Negative,-0.5182260870933533,Negative
2024-10-22,619.9,,0.0,Neutral,-0.25911304354667664,Negative
2024-10-21,598.1,,0.0,Neutral,-0.12955652177333832,Slightly Negative
2024-10-20,618.0,2024-10-20,-0.0460387840867042,Neutral,-0.0460387840867042,Neutral
2024-10-17,640.0,2024-10-17,-0.5775560140609741,Negative,-0.6005754061043262,Strongly Negative
2024-10-16,645.0,2024-10-16,0.3032940030097961,Positive,0.003006299957632977,Neutral
2024-10-15,652.0,,0.0,Neutral,0.007257997989654513,Neutral
2024-10-09,613.0,2024-10-09,0.9219281077384948,Strongly Positive,0.9977516084909438,Strongly Positive
2024-10-08,609.0,,0.0,Neutral,0.4609640538692474,Positive
2024-10-07,617.9,2024-10-07,0.9075050950050354,Strongly Positive,1.1379871219396591,Strongly Positive
2024-10-06,626.0,,0.0,Neutral,0.4537525475025177,Positive
2024-10-02,593.0,,0.0,Neutral,0.22687627375125885,Positive
2024-10-01,579.7,2024-10-01,0.9054638147354126,Strongly Positive,0.9054638147354126,Strongly Positive
2024-09-30,527.0,,0.0,Neutral,0.4527319073677063,Positive
2024-09-29,503.0,,0.0,Neutral,0.22636595368385315,Positive
2024-09-26,506.2,,0.0,Neutral,0.0,Neutral
2024-09-25,521.9,,0.0,Neutral,0.0,Neutral
2024-09-24,499.1,2024-09-24,0.9053268432617188,Strongly Positive,0.9053268432617188,Strongly Positive
2024-09-23,524.0,,0.0,Neutral,0.4526634216308594,Positive
2024-09-22,568.0,,0.0,Neutral,0.2263317108154297,Positive
2024-09-18,568.5,2024-09-18,0.0292224586009979,Neutral,0.0292224586009979,Neutral
2024-09-16,586.0,2024-09-16,0.0701217502355575,Slightly Positive,0.08473297953605645,Slightly Positive
2024-09-15,620.0,,0.0,Neutral,0.042366489768028225,Neutral
2024-09-12,644.0,2024-09-12,0.7334011197090149,Strongly Positive,0.7509315572679043,Strongly Positive
2024-09-11,625.0,,0.0,Neutral,0.36670055985450745,Positive
2024-09-10,618.0,,0.0,Neutral,0.18335027992725372,Slightly Positive
2024-09-09,613.0,,0.0,Neutral,0.0,Neutral
2024-09-08,632.0,2024-09-08,0.0105989575386047,Neutral,0.0105989575386047,Neutral
2024-09-05,650.0,,0.0,Neutral,0.00529947876930235,Neutral
2024-09-04,655.0,,0.0,Neutral,0.002649739384651175,Neutral
2024-09-03,700.5,2024-09-03,-0.2997061610221863,Negative,-0.2997061610221863,Negative
2024-09-02,706.0,,0.0,Neutral,-0.14985308051109314,Slightly Negative
2024-09-01,649.0,,0.0,Neutral,-0.07492654025554657,Slightly Negative
2024-08-29,668.0,,0.0,Neutral,0.0,Neutral
2024-08-28,690.0,,0.0,Neutral,0.0,Neutral
2024-08-27,700.1,,0.0,Neutral,0.0,Neutral
2024-08-25,744.0,,0.0,Neutral,0.0,Neutral
2024-08-22,800.0,,0.0,Neutral,0.0,Neutral
2024-08-21,791.0,,0.0,Neutral,0.0,Neutral
2024-08-18,759.0,,0.0,Neutral,0.0,Neutral
2024-08-15,763.0,,0.0,Neutral,0.0,Neutral
2024-08-14,743.6,,0.0,Neutral,0.0,Neutral
2024-08-13,676.0,,0.0,Neutral,0.0,Neutral
2024-08-12,665.0,,0.0,Neutral,0.0,Neutral
2024-08-11,635.0,2024-08-11,-0.6217007637023926,Strongly Negative,-0.6217007637023926,Strongly Negative
2024-08-08,626.0,,0.0,Neutral,-0.3108503818511963,Negative
2024-08-07,638.5,,0.0,Neutral,-0.15542519092559814,Slightly Negative
2024-08-06,580.5,2024-08-06,0.06113051623106,Slightly Positive,0.06113051623106,Slightly Positive
2024-08-05,645.0,2024-08-05,-0.0004892461001873,Neutral,0.0300760120153427,Neutral
2024-08-01,675.0,,0.0,Neutral,0.01503800600767135,Neutral
2024-07-31,699.0,,0.0,Neutral,-0.000122311525046825,Neutral
2024-07-30,659.0,,0.0,Neutral,0.0,Neutral
2024-07-29,620.0,,0.0,Neutral,0.0,Neutral
2024-07-28,599.0,,0.0,Neutral,0.0,Neutral
2024-07-25,599.0,,0.0,Neutral,0.0,Neutral
2024-07-24,600.0,,0.0,Neutral,0.0,Neutral
2024-07-23,608.0,,0.0,Neutral,0.0,Neutral
2024-07-22,603.0,,0.0,Neutral,0.0,Neutral
2024-07-21,610.0,2024-07-21,0.2961920797824859,Positive,0.2961920797824859,Positive
2024-07-18,590.2,,0.0,Neutral,0.14809603989124295,Slightly Positive
2024-07-17,603.9,,0.0,Neutral,0.07404801994562148,Slightly Positive
2024-07-16,549.0,,0.0,Neutral,0.0,Neutral
2024-07-15,532.0,2024-07-15,0.0531130880117416,Slightly Positive,0.0531130880117416,Slightly Positive
2024-07-14,533.0,2024-07-14,0.4453930258750915,Positive,0.4719495698809623,Positive
2024-07-11,527.0,,0.0,Neutral,0.23597478494048116,Positive
2024-07-10,527.0,2024-07-10,-0.0372032523155212,Neutral,0.07414500415325168,Slightly Positive
2024-07-09,524.0,,0.0,Neutral,-0.0186016261577606,Neutral
2024-07-08,516.0,,0.0,Neutral,-0.0093008130788803,Neutral
2024-07-07,510.0,2024-07-07,-0.6083687543869019,Strongly Negative,-0.6083687543869019,Strongly Negative
2024-07-04,528.0,2024-07-04,-0.7496742010116577,Strongly Negative,-1.0538585782051086,Strongly Negative
2024-07-03,526.9,,0.0,Neutral,-0.5269292891025543,Negative
2024-07-02,479.0,,0.0,Neutral,-0.18741855025291443,Slightly Negative
2024-07-01,459.0,,0.0,Neutral,0.0,Neutral
2024-06-30,452.0,2024-06-30,-0.5555654168128967,Negative,-0.5555654168128967,Negative
2024-06-27,455.2,,0.0,Neutral,-0.27778270840644836,Negative
2024-06-26,461.0,,0.0,Neutral,-0.13889135420322418,Slightly Negative
2024-06-25,460.0,,0.0,Neutral,0.0,Neutral
2024-06-24,476.0,,0.0,Neutral,0.0,Neutral
2024-06-23,464.0,,0.0,Neutral,0.0,Neutral
2024-06-20,438.0,2024-06-20,-0.7754740715026855,Strongly Negative,-0.7754740715026855,Strongly Negative
2024-06-19,433.0,2024-06-19,0.928455650806427,Strongly Positive,0.5407186150550842,Positive
2024-06-18,423.0,,0.0,Neutral,0.2703593075275421,Positive
2024-06-16,436.1,,0.0,Neutral,0.23211391270160675,Positive
2024-06-13,445.0,,0.0,Neutral,0.0,Neutral
2024-06-12,443.5,2024-06-12,-0.3344677183777093,Negative,-0.3344677183777093,Negative
2024-06-11,426.0,2024-06-11,-0.703773021697998,Strongly Negative,-0.8710068808868527,Strongly Negative
2024-06-10,420.0,2024-06-10,0.0591075792908668,Slightly Positive,-0.3763958611525595,Negative
2024-06-09,412.1,,0.0,Neutral,-0.1463894657790661,Slightly Negative
2024-06-06,411.8,,0.0,Neutral,0.0147768948227167,Neutral
2024-06-05,425.5,,0.0,Neutral,0.0,Neutral
2024-06-04,429.0,,0.0,Neutral,0.0,Neutral
2024-06-03,409.0,,0.0,Neutral,0.0,Neutral
2024-06-02,410.0,,0.0,Neutral,0.0,Neutral
2024-05-30,392.0,,0.0,Neutral,0.0,Neutral
2024-05-29,380.0,,0.0,Neutral,0.0,Neutral
2024-05-27,387.0,2024-05-27,-0.6427181959152222,Strongly Negative,-0.6427181959152222,Strongly Negative
2024-05-26,386.6,2024-05-26,-0.5461372137069702,Negative,-0.8674963116645813,Strongly Negative
2024-05-22,395.9,,0.0,Neutral,-0.43374815583229065,Negative
2024-05-21,403.0,2024-05-21,0.9287891387939452,Strongly Positive,0.7922548353672026,Strongly Positive
2024-05-20,387.0,2024-05-20,-0.7473208904266357,Strongly Negative,-0.28292632102966314,Negative
2024-05-19,388.0,,0.0,Neutral,-0.14146316051483157,Slightly Negative
2024-05-16,387.0,,0.0,Neutral,-0.18683022260665894,Slightly Negative
2024-05-15,394.0,,0.0,Neutral,0.0,Neutral
2024-05-14,396.0,,0.0,Neutral,0.0,Neutral
2024-05-13,393.3,2024-05-13,-0.0147014185786247,Neutral,-0.0147014185786247,Neutral
2024-05-12,394.1,,0.0,Neutral,-0.00735070928931235,Neutral
2024-05-09,401.0,,0.0,Neutral,-0.003675354644656175,Neutral
2024-05-08,395.0,,0.0,Neutral,0.0,Neutral
2024-05-07,383.0,,0.0,Neutral,0.0,Neutral
2024-05-06,389.0,,0.0,Neutral,0.0,Neutral
2024-05-05,386.0,,0.0,Neutral,0.0,Neutral
2024-05-02,399.0,,0.0,Neutral,0.0,Neutral
2024-04-30,412.5,,0.0,Neutral,0.0,Neutral
2024-04-29,408.5,2024-04-29,-0.2238787710666656,Negative,-0.2238787710666656,Negative
2024-04-28,389.0,,0.0,Neutral,-0.1119393855333328,Slightly Negative
2024-04-25,374.0,,0.0,Neutral,-0.0559696927666664,Slightly Negative
2024-04-24,368.0,,0.0,Neutral,0.0,Neutral
2024-04-22,363.5,2024-04-22,-0.397852748632431,Negative,-0.397852748632431,Negative
2024-04-21,368.5,2024-04-21,-0.6756387948989868,Strongly Negative,-0.8745651692152023,Strongly Negative
2024-04-18,361.1,,0.0,Neutral,-0.43728258460760117,Negative
2024-04-16,368.0,2024-04-16,0.4685211181640625,Positive,0.2996114194393158,Positive
2024-04-15,370.6,2024-04-15,-0.5954660177230835,Negative,-0.36120545864105225,Negative
2024-04-14,378.0,2024-04-14,-0.4558782577514648,Negative,-0.636480987071991,Strongly Negative
2024-04-10,377.0,2024-04-10,-0.0239664651453495,Neutral,-0.40077209845185274,Negative
2024-04-09,386.0,,0.0,Neutral,-0.12595279701054093,Slightly Negative
2024-04-07,363.0,2024-04-07,-0.6892299056053162,Strongly Negative,-0.6952215218916535,Strongly Negative
2024-04-04,339.2,2024-04-04,-0.323227971792221,Negative,-0.6678429245948792,Strongly Negative
2024-04-03,338.2,,0.0,Neutral,-0.3339214622974396,Negative
2024-04-02,344.9,2024-04-02,-0.4733312129974365,Negative,-0.5541382059454918,Negative
2024-04-01,342.0,,0.0,Neutral,-0.23666560649871826,Negative
2024-03-31,341.2,,0.0,Neutral,-0.11833280324935913,Slightly Negative
2024-03-28,347.0,,0.0,Neutral,0.0,Neutral
2024-03-27,345.0,,0.0,Neutral,0.0,Neutral
2024-03-26,350.1,2024-03-26,-0.2324217855930328,Negative,-0.2324217855930328,Negative
2024-03-25,350.3,,0.0,Neutral,-0.1162108927965164,Slightly Negative
2024-03-21,359.0,2024-03-21,-0.3527610003948211,Negative,-0.4108664467930793,Negative
2024-03-20,350.2,,0.0,Neutral,-0.17638050019741056,Slightly Negative
2024-03-19,360.0,,0.0,Neutral,-0.08819025009870528,Slightly Negative
2024-03-18,341.7,,0.0,Neutral,0.0,Neutral
2024-03-17,344.1,,0.0,Neutral,0.0,Neutral
2024-03-14,349.0,2024-03-14,-0.0184712968766689,Neutral,-0.0184712968766689,Neutral
2024-03-13,356.0,2024-03-13,-0.5365344434976578,Negative,-0.5457700919359922,Negative
2024-03-12,349.0,,0.0,Neutral,-0.2728850459679961,Negative
2024-03-10,343.0,,0.0,Neutral,-0.13413361087441444,Slightly Negative
2024-03-07,337.0,,0.0,Neutral,0.0,Neutral
2024-03-06,334.0,,0.0,Neutral,0.0,Neutral
2024-03-05,327.0,,0.0,Neutral,0.0,Neutral
2024-03-04,347.0,,0.0,Neutral,0.0,Neutral
2024-03-03,321.0,2024-03-03,0.659336507320404,Strongly Positive,0.659336507320404,Strongly Positive
2024-02-29,324.2,2024-02-29,0.5973718166351318,Positive,0.9270400702953339,Strongly Positive
2024-02-28,335.0,,0.0,Neutral,0.46352003514766693,Positive
2024-02-27,337.0,,0.0,Neutral,0.14934295415878296,Slightly Positive
2024-02-26,340.8,2024-02-26,-0.6391295790672302,Strongly Negative,-0.6391295790672302,Strongly Negative
2024-02-25,340.0,2024-02-25,-0.7076578140258789,Strongly Negative,-1.027222603559494,Strongly Negative
2024-02-22,333.0,,0.0,Neutral,-0.513611301779747,Negative
2024-02-21,337.0,,0.0,Neutral,-0.17691445350646973,Slightly Negative
2024-02-20,337.8,,0.0,Neutral,0.0,Neutral
2024-02-18,336.0,,0.0,Neutral,0.0,Neutral
2024-02-15,349.0,,0.0,Neutral,0.0,Neutral
2024-02-14,360.5,,0.0,Neutral,0.0,Neutral
2024-02-13,333.5,,0.0,Neutral,0.0,Neutral
2024-02-12,346.0,2024-02-12,0.0213358532637357,Neutral,0.0213358532637357,Neutral
2024-02-11,340.1,,0.0,Neutral,0.01066792663186785,Neutral
2024-02-08,342.0,,0.0,Neutral,0.005333963315933925,Neutral
2024-02-07,338.1,2024-02-07,0.9190106987953186,Strongly Positive,0.9190106987953186,Strongly Positive
2024-02-06,335.6,,0.0,Neutral,0.4595053493976593,Positive
2024-02-05,337.0,,0.0,Neutral,0.22975267469882965,Positive
2024-02-04,339.0,,0.0,Neutral,0.0,Neutral
2024-02-01,339.1,2024-02-01,0.9017196297645568,Strongly Positive,0.9017196297645568,Strongly Positive
2024-01-31,337.0,,0.0,Neutral,0.4508598148822784,Positive
2024-01-30,342.0,,0.0,Neutral,0.2254299074411392,Positive
2024-01-29,345.0,,0.0,Neutral,0.0,Neutral
2024-01-28,347.8,2024-01-28,-0.5602532029151917,Negative,-0.5602532029151917,Negative
2024-01-25,342.0,2024-01-25,0.9305034875869752,Strongly Positive,0.6503768861293794,Strongly Positive
2024-01-24,342.0,,0.0,Neutral,0.3251884430646897,Positive
2024-01-23,339.0,,0.0,Neutral,0.2326258718967438,Positive
2024-01-22,340.0,2024-01-22,0.0955185890197753,Slightly Positive,0.0955185890197753,Slightly Positive
2024-01-21,352.9,2024-01-21,-0.0024153357371688,Neutral,0.045343958772718844,Neutral
2024-01-18,364.9,2024-01-18,0.7747501134872437,Strongly Positive,0.7974220928736031,Strongly Positive
2024-01-17,360.0,,0.0,Neutral,0.38677122280932963,Positive
2024-01-16,376.0,2024-01-16,-0.0303513295948505,Neutral,0.16333619877696043,Slightly Positive
2024-01-14,359.0,2024-01-14,-0.0015759468078613,Neutral,-0.01675161160528655,Neutral
2024-01-11,352.9,,0.0,Neutral,-0.008375805802643275,Neutral
2024-01-10,357.9,,0.0,Neutral,-0.000393986701965325,Neutral
2024-01-09,357.0,,0.0,Neutral,0.0,Neutral
2024-01-08,347.1,2024-01-08,0.3354699239134788,Positive,0.3354699239134788,Positive
2024-01-07,333.0,,0.0,Neutral,0.1677349619567394,Slightly Positive
2024-01-04,345.7,,0.0,Neutral,0.0838674809783697,Slightly Positive
2024-01-03,338.0,,0.0,Neutral,0.0,Neutral
2024-01-02,335.0,,0.0,Neutral,0.0,Neutral
2024-01-01,337.0,,0.0,Neutral,0.0,Neutral
2023-12-28,340.0,,0.0,Neutral,0.0,Neutral
2023-12-27,341.5,,0.0,Neutral,0.0,Neutral
2023-12-24,343.0,,0.0,Neutral,0.0,Neutral
2023-12-21,356.0,,0.0,Neutral,0.0,Neutral
2023-12-20,367.0,,0.0,Neutral,0.0,Neutral
2023-12-19,364.0,2023-12-19,-0.0495426394045352,Neutral,-0.0495426394045352,Neutral
2023-12-18,366.0,,0.0,Neutral,-0.0247713197022676,Neutral
2023-12-17,359.9,2023-12-17,0.1858166120946406,Slightly Positive,0.1734309522435068,Slightly Positive
2023-12-14,352.0,2023-12-14,-0.3237503468990326,Negative,-0.23084204085171228,Negative
2023-12-13,343.0,,0.0,Neutral,-0.11542102042585614,Slightly Negative
2023-12-12,353.0,,0.0,Neutral,-0.08093758672475815,Slightly Negative
2023-12-11,339.0,2023-12-11,0.8129301071166992,Strongly Positive,0.8129301071166992,Strongly Positive
2023-12-10,340.6,2023-12-10,0.3414733707904815,Positive,0.7479384243488312,Strongly Positive
2023-12-07,315.2,2023-12-07,0.7270581126213074,Strongly Positive,1.101027324795723,Strongly Positive
2023-12-06,313.0,,0.0,Neutral,0.4488973990082741,Positive
2023-12-05,313.0,,0.0,Neutral,0.18176452815532684,Slightly Positive
2023-12-04,316.9,2023-12-04,0.9314891695976256,Strongly Positive,0.9314891695976256,Strongly Positive
2023-12-03,307.5,,0.0,Neutral,0.4657445847988128,Positive
2023-11-30,309.0,,0.0,Neutral,0.2328722923994064,Positive
2023-11-29,319.0,2023-11-29,0.5706247091293335,Positive,0.5706247091293335,Positive
2023-11-28,325.0,2023-11-28,0.2470296770334244,Positive,0.5323420315980911,Positive
2023-11-27,328.0,,0.0,Neutral,0.26617101579904556,Positive
2023-11-26,325.0,,0.0,Neutral,0.0617574192583561,Slightly Positive
2023-11-23,320.2,,0.0,Neutral,0.0,Neutral
2023-11-22,306.0,,0.0,Neutral,0.0,Neutral
2023-11-21,299.0,,0.0,Neutral,0.0,Neutral
2023-11-20,309.0,2023-11-20,-0.0071662440896034,Neutral,-0.0071662440896034,Neutral
2023-11-09,307.0,,0.0,Neutral,-0.0035831220448017,Neutral
2023-11-08,308.0,,0.0,Neutral,-0.00179156102240085,Neutral
2023-11-07,307.0,,0.0,Neutral,0.0,Neutral
2023-11-06,306.0,,0.0,Neutral,0.0,Neutral
2023-11-05,307.0,2023-11-05,0.7400195002555847,Strongly Positive,0.7400195002555847,Strongly Positive
2023-11-02,307.0,,0.0,Neutral,0.37000975012779236,Positive
2023-11-01,312.0,2023-11-01,0.0985844135284423,Slightly Positive,0.28358928859233845,Positive
2023-10-31,310.9,,0.0,Neutral,0.04929220676422115,Neutral
2023-10-30,313.2,,0.0,Neutral,0.024646103382110575,Neutral
2023-10-29,308.0,,0.0,Neutral,0.0,Neutral
2023-10-19,316.3,2023-10-19,0.8292142748832703,Strongly Positive,0.8292142748832703,Strongly Positive
2023-10-18,321.0,2023-10-18,0.2993601306031147,Positive,0.7139672680447499,Strongly Positive
2023-10-17,312.0,2023-10-17,0.3895330764353275,Positive,0.7465167104577024,Strongly Positive
2023-10-16,308.0,2023-10-16,0.8377037644386292,Strongly Positive,1.1073103353070717,Strongly Positive
2023-10-12,309.9,,0.0,Neutral,0.5162351513281465,Positive
2023-10-11,313.1,,0.0,Neutral,0.2094259411096573,Positive
2023-10-10,311.9,,0.0,Neutral,0.0,Neutral
2023-10-09,322.0,2023-10-09,0.9241541624069214,Strongly Positive,0.9241541624069214,Strongly Positive
2023-10-08,326.0,2023-10-08,0.9193177223205566,Strongly Positive,1.3813948035240173,Strongly Positive
2023-10-05,334.0,,0.0,Neutral,0.6906974017620087,Strongly Positive
2023-10-04,336.0,2023-10-04,0.141101211309433,Slightly Positive,0.37093064188957214,Positive
2023-10-03,331.0,,0.0,Neutral,0.0705506056547165,Slightly Positive
2023-10-02,340.0,2023-10-02,0.8697748184204102,Strongly Positive,0.9050501212477684,Strongly Positive
2023-10-01,333.0,2023-10-01,0.9149264097213744,Strongly Positive,1.3498138189315796,Strongly Positive
2023-09-27,345.0,,0.0,Neutral,0.6749069094657898,Strongly Positive
2023-09-26,358.0,2023-09-26,0.1121289655566215,Slightly Positive,0.34086056798696507,Positive
2023-09-25,347.0,2023-09-25,0.9218896627426147,Strongly Positive,0.9779541455209255,Strongly Positive
2023-09-24,347.0,2023-09-24,0.8438069820404053,Strongly Positive,1.332784054800868,Strongly Positive
2023-09-21,357.0,,0.0,Neutral,0.6523759067058563,Strongly Positive
2023-09-19,338.0,,0.0,Neutral,0.21095174551010132,Positive
2023-09-18,326.0,2023-09-18,0.8191651403903961,Strongly Positive,0.8191651403903961,Strongly Positive
2023-09-17,327.0,2023-09-17,0.2316693365573883,Positive,0.6412519067525864,Strongly Positive
2023-09-13,344.0,,0.0,Neutral,0.3206259533762932,Positive
2023-09-12,327.0,,0.0,Neutral,0.057917334139347076,Slightly Positive
2023-09-11,333.0,2023-09-11,-0.1270755678415298,Slightly Negative,-0.1270755678415298,Slightly Negative
2023-09-10,313.0,,0.0,Neutral,-0.0635377839207649,Slightly Negative
2023-09-07,310.8,,0.0,Neutral,-0.03176889196038245,Neutral
2023-09-05,315.0,,0.0,Neutral,0.0,Neutral
2023-09-04,321.0,,0.0,Neutral,0.0,Neutral
2023-09-03,318.3,,0.0,Neutral,0.0,Neutral
2023-08-30,324.1,,0.0,Neutral,0.0,Neutral
2023-08-29,328.0,,0.0,Neutral,0.0,Neutral
2023-08-28,332.9,,0.0,Neutral,0.0,Neutral
2023-08-27,329.9,,0.0,Neutral,0.0,Neutral
2023-08-24,332.0,,0.0,Neutral,0.0,Neutral
2023-08-23,344.0,,0.0,Neutral,0.0,Neutral
2023-08-22,339.0,,0.0,Neutral,0.0,Neutral
2023-08-21,328.0,,0.0,Neutral,0.0,Neutral
2023-08-20,328.0,2023-08-20,0.4706372022628784,Positive,0.4706372022628784,Positive
2023-08-17,334.0,,0.0,Neutral,0.2353186011314392,Positive
2023-08-16,330.0,,0.0,Neutral,0.1176593005657196,Slightly Positive
2023-08-15,335.0,2023-08-15,0.0367373526096344,Neutral,0.0367373526096344,Neutral
2023-08-14,343.9,,0.0,Neutral,0.0183686763048172,Neutral
2023-08-13,348.0,2023-08-13,0.3550106883049011,Positive,0.3641950264573097,Positive
2023-08-10,350.0,2023-08-10,0.6593401432037354,Strongly Positive,0.8368454873561859,Strongly Positive
2023-08-09,355.0,,0.0,Neutral,0.41842274367809296,Positive
2023-08-08,343.9,2023-08-08,0.0437265634536743,Neutral,0.20856159925460815,Positive
2023-08-07,350.0,2023-08-07,0.7810200452804565,Strongly Positive,0.8028833270072937,Strongly Positive
2023-08-06,354.9,2023-08-06,0.2109157014638185,Positive,0.6123573649674654,Strongly Positive
2023-08-03,375.0,,0.0,Neutral,0.3007128620520234,Positive
2023-08-02,375.0,2023-08-02,-0.4065877497196197,Negative,-0.35385882435366506,Negative
2023-08-01,363.5,,0.0,Neutral,-0.20329387485980985,Negative
2023-07-31,377.0,,0.0,Neutral,-0.10164693742990492,Slightly Negative
2023-07-30,368.5,,0.0,Neutral,0.0,Neutral
2023-07-27,377.0,,0.0,Neutral,0.0,Neutral
2023-07-26,380.0,,0.0,Neutral,0.0,Neutral
2023-07-25,380.0,,0.0,Neutral,0.0,Neutral
2023-07-24,390.0,2023-07-24,-0.4698981344699859,Negative,-0.4698981344699859,Negative
2023-07-23,399.0,,0.0,Neutral,-0.23494906723499295,Negative
2023-07-20,394.0,,0.0,Neutral,-0.11747453361749648,Slightly Negative
2023-07-19,396.2,,0.0,Neutral,0.0,Neutral
2023-07-18,400.0,,0.0,Neutral,0.0,Neutral
2023-07-17,406.5,,0.0,Neutral,0.0,Neutral
2023-07-16,393.0,2023-07-16,0.883343517780304,Strongly Positive,0.883343517780304,Strongly Positive
2023-07-13,392.0,,0.0,Neutral,0.441671758890152,Positive
2023-07-12,403.0,,0.0,Neutral,0.220835879445076,Positive
2023-07-11,415.0,2023-07-11,-0.3590094149112701,Negative,-0.3590094149112701,Negative
2023-07-10,395.0,,0.0,Neutral,-0.17950470745563504,Slightly Negative
2023-07-09,377.0,2023-07-09,0.5350947976112366,Positive,0.44534244388341904,Positive
2023-07-06,365.1,,0.0,Neutral,0.2675473988056183,Positive
2023-07-05,371.1,2023-07-05,0.4177348017692566,Positive,0.5515085011720657,Positive
2023-07-04,379.0,2023-07-04,-0.20897176861763,Negative,-0.00010436773300170898,Neutral
2023-07-03,365.2,2023-07-03,0.7068891525268555,Strongly Positive,0.7068369686603546,Strongly Positive
2023-07-02,369.9,,0.0,Neutral,0.30120163410902023,Positive
2023-06-28,385.0,,0.0,Neutral,0.17672228813171387,Slightly Positive
2023-06-27,401.0,,0.0,Neutral,0.0,Neutral
2023-06-26,372.4,,0.0,Neutral,0.0,Neutral
2023-06-25,354.9,,0.0,Neutral,0.0,Neutral
2023-06-22,338.0,2023-06-22,0.873332142829895,Strongly Positive,0.873332142829895,Strongly Positive
2023-06-21,336.0,,0.0,Neutral,0.4366660714149475,Positive
2023-06-20,340.0,,0.0,Neutral,0.21833303570747375,Positive
2023-06-19,356.4,,0.0,Neutral,0.0,Neutral
2023-06-18,324.0,,0.0,Neutral,0.0,Neutral
2023-06-15,320.0,2023-06-15,0.4683806300163269,Positive,0.4683806300163269,Positive
2023-06-14,323.0,2023-06-14,0.4930647611618042,Positive,0.7272550761699677,Strongly Positive
2023-06-13,325.0,2023-06-13,0.7564454078674316,Strongly Positive,1.1200729459524155,Strongly Positive
2023-06-12,318.0,2023-06-12,0.7213075160980225,Strongly Positive,1.2227964103221893,Strongly Positive
2023-06-11,324.0,,0.0,Neutral,0.5497651100158691,Positive
2023-06-08,306.0,2023-06-08,0.7539471387863159,Strongly Positive,0.9342740178108215,Strongly Positive
2023-06-07,300.0,2023-06-07,0.4957673549652099,Positive,0.8727409243583679,Strongly Positive
2023-06-06,299.0,2023-06-06,0.7798135876655579,Strongly Positive,1.2161840498447418,Strongly Positive
2023-06-05,290.1,,0.0,Neutral,0.5138486325740814,Positive
2023-06-04,298.1,,0.0,Neutral,0.19495339691638947,Slightly Positive
2023-06-01,288.0,2023-06-01,0.4650955200195312,Positive,0.4650955200195312,Positive
2023-05-31,287.0,2023-05-31,0.9306153655052184,Strongly Positive,1.163163125514984,Strongly Positive
2023-05-30,295.0,,0.0,Neutral,0.581581562757492,Positive
2023-05-28,308.0,,0.0,Neutral,0.2326538413763046,Positive
2023-05-24,312.0,2023-05-24,0.6379044055938721,Strongly Positive,0.6379044055938721,Strongly Positive
2023-05-23,310.0,,0.0,Neutral,0.31895220279693604,Positive
2023-05-22,300.0,,0.0,Neutral,0.15947610139846802,Slightly Positive
2023-05-21,296.1,2023-05-21,0.2752208411693573,Positive,0.2752208411693573,Positive
2023-05-18,300.0,2023-05-18,-0.428337037563324,Negative,-0.2907266169786453,Negative
2023-05-17,293.0,2023-05-17,-0.1411273777484893,Slightly Negative,-0.28649068623781193,Negative
2023-05-16,281.1,,0.0,Neutral,-0.17764794826507563,Slightly Negative
2023-05-15,281.5,,0.0,Neutral,-0.035281844437122324,Neutral
2023-05-14,286.0,,0.0,Neutral,0.0,Neutral
2023-05-11,289.7,,0.0,Neutral,0.0,Neutral
2023-05-10,288.8,2023-05-10,0.3141437768936157,Positive,0.3141437768936157,Positive
2023-05-09,288.1,2023-05-09,0.6824951767921448,Strongly Positive,0.8395670652389526,Strongly Positive
2023-05-08,285.0,,0.0,Neutral,0.4197835326194763,Positive
2023-05-07,290.4,2023-05-07,-0.1594992876052856,Slightly Negative,0.011124506592750605,Neutral
2023-05-04,295.0,,0.0,Neutral,-0.0797496438026428,Slightly Negative
2023-05-03,293.0,2023-05-03,-0.3371529579162597,Negative,-0.3770277798175811,Negative
2023-05-02,295.0,,0.0,Neutral,-0.16857647895812986,Slightly Negative
2023-04-30,297.0,2023-04-30,0.5406634211540222,Positive,0.4563751816749573,Positive
2023-04-27,300.0,2023-04-27,0.3818577229976654,Positive,0.6521894335746765,Strongly Positive
2023-04-26,300.0,,0.0,Neutral,0.32609471678733826,Positive
2023-04-25,307.0,,0.0,Neutral,0.09546443074941635,Slightly Positive
2023-04-24,299.0,,0.0,Neutral,0.0,Neutral
2023-04-23,297.1,,0.0,Neutral,0.0,Neutral
2023-04-20,305.0,2023-04-20,0.1440556347370147,Slightly Positive,0.1440556347370147,Slightly Positive
2023-04-19,310.9,,0.0,Neutral,0.07202781736850734,Slightly Positive
2023-04-18,304.0,,0.0,Neutral,0.03601390868425367,Neutral
2023-04-17,309.0,,0.0,Neutral,0.0,Neutral
2023-04-16,317.0,,0.0,Neutral,0.0,Neutral
2023-04-13,319.0,,0.0,Neutral,0.0,Neutral
2023-04-12,325.0,,0.0,Neutral,0.0,Neutral
2023-04-11,300.0,,0.0,Neutral,0.0,Neutral
2023-04-10,295.3,,0.0,Neutral,0.0,Neutral
2023-04-09,294.5,,0.0,Neutral,0.0,Neutral
2023-04-06,300.0,,0.0,Neutral,0.0,Neutral
2023-04-05,304.0,,0.0,Neutral,0.0,Neutral
2023-04-04,300.0,,0.0,Neutral,0.0,Neutral
2023-04-03,300.0,,0.0,Neutral,0.0,Neutral
2023-04-02,302.2,,0.0,Neutral,0.0,Neutral
2023-03-30,310.0,,0.0,Neutral,0.0,Neutral
2023-03-29,313.0,,0.0,Neutral,0.0,Neutral
2023-03-28,312.0,,0.0,Neutral,0.0,Neutral
2023-03-27,315.0,,0.0,Neutral,0.0,Neutral
2023-03-26,309.0,,0.0,Neutral,0.0,Neutral
2023-03-23,313.9,2023-03-23,0.052819263190031,Slightly Positive,0.052819263190031,Slightly Positive
2023-03-22,315.0,,0.0,Neutral,0.0264096315950155,Neutral
2023-03-20,321.0,,0.0,Neutral,0.01320481579750775,Neutral
2023-03-19,314.5,,0.0,Neutral,0.0,Neutral
2023-03-16,313.0,,0.0,Neutral,0.0,Neutral
2023-03-15,313.2,,0.0,Neutral,0.0,Neutral
2023-03-14,318.0,,0.0,Neutral,0.0,Neutral
2023-03-13,314.0,,0.0,Neutral,0.0,Neutral
2023-03-12,317.1,,0.0,Neutral,0.0,Neutral
2023-03-09,326.0,,0.0,Neutral,0.0,Neutral
2023-03-07,314.1,,0.0,Neutral,0.0,Neutral
2023-03-05,311.0,,0.0,Neutral,0.0,Neutral
2023-03-02,315.0,,0.0,Neutral,0.0,Neutral
2023-03-01,318.4,,0.0,Neutral,0.0,Neutral
2023-02-28,323.0,,0.0,Neutral,0.0,Neutral
2023-02-27,323.0,,0.0,Neutral,0.0,Neutral
2023-02-26,329.9,,0.0,Neutral,0.0,Neutral
2023-02-23,321.0,,0.0,Neutral,0.0,Neutral
2023-02-22,334.0,,0.0,Neutral,0.0,Neutral
2023-02-20,323.0,,0.0,Neutral,0.0,Neutral
2023-02-16,326.0,,0.0,Neutral,0.0,Neutral
2023-02-15,330.0,,0.0,Neutral,0.0,Neutral
2023-02-14,335.0,,0.0,Neutral,0.0,Neutral
2023-02-12,336.0,,0.0,Neutral,0.0,Neutral
2023-02-09,353.0,,0.0,Neutral,0.0,Neutral
2023-02-08,349.0,,0.0,Neutral,0.0,Neutral
2023-02-07,359.0,,0.0,Neutral,0.0,Neutral
2023-02-06,332.5,,0.0,Neutral,0.0,Neutral
2023-02-05,328.0,,0.0,Neutral,0.0,Neutral
2023-02-02,326.9,2023-02-02,-0.6716222763061523,Strongly Negative,-0.6716222763061523,Strongly Negative
2023-02-01,335.0,,0.0,Neutral,-0.33581113815307617,Negative
2023-01-31,328.9,,0.0,Neutral,-0.16790556907653809,Slightly Negative
2023-01-30,329.0,,0.0,Neutral,0.0,Neutral
2023-01-29,341.0,2023-01-29,-0.4091926515102386,Negative,-0.4091926515102386,Negative
2023-01-26,350.0,2023-01-26,0.9144240617752076,Strongly Positive,0.7098277360200883,Strongly Positive
2023-01-25,358.1,,0.0,Neutral,0.35491386801004415,Positive
2023-01-24,369.0,,0.0,Neutral,0.2286060154438019,Positive
2023-01-23,354.0,,0.0,Neutral,0.0,Neutral
2023-01-19,360.0,,0.0,Neutral,0.0,Neutral
2023-01-18,358.0,,0.0,Neutral,0.0,Neutral
2023-01-17,365.0,2023-01-17,-0.623460054397583,Strongly Negative,-0.623460054397583,Strongly Negative
2023-01-12,346.0,2023-01-12,0.5015150904655457,Positive,0.18978506326675415,Slightly Positive
2023-01-10,361.0,2023-01-10,-0.2437212616205215,Negative,-0.14882872998714441,Slightly Negative
2023-01-09,375.9,,0.0,Neutral,0.0035181418061256686,Neutral
2023-01-08,370.0,,0.0,Neutral,-0.06093031540513037,Slightly Negative
2023-01-05,370.0,,0.0,Neutral,0.0,Neutral
2023-01-04,357.0,,0.0,Neutral,0.0,Neutral
2023-01-03,325.0,,0.0,Neutral,0.0,Neutral
2023-01-02,335.0,2023-01-02,-0.3848305940628052,Negative,-0.3848305940628052,Negative
2023-01-01,332.5,,0.0,Neutral,-0.1924152970314026,Slightly Negative
2022-12-29,337.0,,0.0,Neutral,-0.0962076485157013,Slightly Negative
2022-12-28,322.3,,0.0,Neutral,0.0,Neutral
2022-12-21,293.0,2022-12-21,0.6173017024993896,Strongly Positive,0.6173017024993896,Strongly Positive
2022-12-20,295.0,,0.0,Neutral,0.3086508512496948,Positive
2022-12-19,290.0,,0.0,Neutral,0.1543254256248474,Slightly Positive
2022-12-18,289.0,,0.0,Neutral,0.0,Neutral
2022-12-15,299.0,,0.0,Neutral,0.0,Neutral
2022-12-14,305.8,,0.0,Neutral,0.0,Neutral
2022-12-13,300.0,2022-12-13,0.7148497700691223,Strongly Positive,0.7148497700691223,Strongly Positive
2022-12-12,306.0,,0.0,Neutral,0.35742488503456116,Positive
2022-12-11,305.0,,0.0,Neutral,0.17871244251728058,Slightly Positive
2022-12-07,300.0,,0.0,Neutral,0.0,Neutral
2022-12-06,305.0,,0.0,Neutral,0.0,Neutral
2022-12-05,306.0,,0.0,Neutral,0.0,Neutral
2022-12-04,316.5,,0.0,Neutral,0.0,Neutral
2022-12-01,318.0,,0.0,Neutral,0.0,Neutral
2022-11-30,314.0,,0.0,Neutral,0.0,Neutral
2022-11-29,316.1,,0.0,Neutral,0.0,Neutral
2022-11-28,314.0,2022-11-28,0.1627677381038665,Slightly Positive,0.1627677381038665,Slightly Positive
2022-11-27,322.5,,0.0,Neutral,0.08138386905193325,Slightly Positive
2022-11-24,313.1,,0.0,Neutral,0.040691934525966623,Neutral
2022-11-23,315.5,,0.0,Neutral,0.0,Neutral
2022-11-22,318.0,,0.0,Neutral,0.0,Neutral
2022-11-17,320.0,,0.0,Neutral,0.0,Neutral
2022-11-16,312.0,,0.0,Neutral,0.0,Neutral
2022-11-15,305.0,2022-11-15,0.7105873227119446,Strongly Positive,0.7105873227119446,Strongly Positive
2022-11-14,309.0,2022-11-14,-0.6556950807571411,Strongly Negative,-0.3004014194011688,Negative
2022-11-13,306.1,,0.0,Neutral,-0.1502007097005844,Slightly Negative
2022-11-10,306.9,2022-11-10,0.6085646748542786,Strongly Positive,0.4446409046649933,Positive
2022-11-09,315.0,,0.0,Neutral,0.3042823374271393,Positive
2022-11-08,328.0,,0.0,Neutral,0.15214116871356964,Slightly Positive
2022-11-07,325.1,,0.0,Neutral,0.0,Neutral
2022-11-06,335.5,,0.0,Neutral,0.0,Neutral
2022-11-03,326.9,,0.0,Neutral,0.0,Neutral
2022-11-02,327.6,,0.0,Neutral,0.0,Neutral
2022-11-01,327.7,,0.0,Neutral,0.0,Neutral
2022-10-31,310.0,2022-10-31,0.1629264950752258,Slightly Positive,0.1629264950752258,Slightly Positive
2022-10-23,296.0,2022-10-23,-0.0040155053138732,Neutral,0.07744774222373971,Slightly Positive
2022-10-20,296.5,,0.0,Neutral,0.038723871111869854,Neutral
2022-10-19,298.0,2022-10-19,0.903040885925293,Strongly Positive,0.9020370095968246,Strongly Positive
2022-10-17,305.0,2022-10-17,0.71620774269104,Strongly Positive,1.1677281856536865,Strongly Positive
2022-10-16,308.0,,0.0,Neutral,0.5838640928268433,Positive
2022-10-13,315.2,2022-10-13,0.5541855245828629,Positive,0.7332374602556229,Strongly Positive
2022-10-12,309.9,,0.0,Neutral,0.2770927622914314,Positive
2022-10-11,299.8,,0.0,Neutral,0.1385463811457157,Slightly Positive
2022-10-10,298.9,,0.0,Neutral,0.0,Neutral
2022-10-09,305.0,,0.0,Neutral,0.0,Neutral
2022-09-29,296.0,2022-09-29,0.9351661205291748,Strongly Positive,0.9351661205291748,Strongly Positive
2022-09-28,293.5,,0.0,Neutral,0.4675830602645874,Positive
2022-09-27,295.0,,0.0,Neutral,0.2337915301322937,Positive
2022-09-25,290.0,,0.0,Neutral,0.0,Neutral
2022-09-22,295.0,2022-09-22,0.9082857966423036,Strongly Positive,0.9082857966423036,Strongly Positive
2022-09-21,306.8,2022-09-21,0.534334659576416,Positive,0.9884775578975677,Strongly Positive
2022-09-20,298.8,,0.0,Neutral,0.4942387789487839,Positive
2022-09-18,309.5,,0.0,Neutral,0.133583664894104,Slightly Positive
2022-09-16,320.1,,0.0,Neutral,0.0,Neutral
2022-09-15,326.0,,0.0,Neutral,0.0,Neutral
2022-09-14,345.0,,0.0,Neutral,0.0,Neutral
2022-09-13,324.0,,0.0,Neutral,0.0,Neutral
2022-09-12,321.9,,0.0,Neutral,0.0,Neutral
2022-09-11,323.9,,0.0,Neutral,0.0,Neutral
2022-09-08,324.9,,0.0,Neutral,0.0,Neutral
2022-09-07,319.0,2022-09-07,0.006325364112854,Neutral,0.006325364112854,Neutral
2022-09-06,325.9,,0.0,Neutral,0.003162682056427,Neutral
2022-09-05,333.0,,0.0,Neutral,0.0015813410282135,Neutral
2022-09-04,332.0,,0.0,Neutral,0.0,Neutral
2022-09-02,331.0,,0.0,Neutral,0.0,Neutral
2022-09-01,331.0,2022-09-01,-0.2566113471984863,Negative,-0.2566113471984863,Negative
2022-08-31,325.0,,0.0,Neutral,-0.12830567359924314,Slightly Negative
2022-08-30,334.0,2022-08-30,0.0258980691432952,Neutral,-0.03825476765632636,Neutral
2022-08-29,334.0,,0.0,Neutral,0.0129490345716476,Neutral
2022-08-28,330.0,,0.0,Neutral,0.0064745172858238,Neutral
2022-08-26,345.0,,0.0,Neutral,0.0,Neutral
2022-08-25,347.0,,0.0,Neutral,0.0,Neutral
2022-08-24,356.0,2022-08-24,0.6355215311050415,Strongly Positive,0.6355215311050415,Strongly Positive
2022-08-23,353.1,2022-08-23,0.894823431968689,Strongly Positive,1.2125841975212097,Strongly Positive
2022-08-22,355.0,,0.0,Neutral,0.6062920987606049,Strongly Positive
2022-08-21,360.0,,0.0,Neutral,0.22370585799217224,Positive
2022-08-18,368.0,,0.0,Neutral,0.0,Neutral
2022-08-17,349.1,,0.0,Neutral,0.0,Neutral
2022-08-16,347.0,,0.0,Neutral,0.0,Neutral
2022-08-15,350.5,,0.0,Neutral,0.0,Neutral
2022-08-14,320.0,,0.0,Neutral,0.0,Neutral
2022-08-11,334.9,2022-08-11,-0.061613380908966,Slightly Negative,-0.061613380908966,Slightly Negative
2022-08-10,340.0,,0.0,Neutral,-0.030806690454483,Neutral
2022-08-09,346.0,,0.0,Neutral,-0.0154033452272415,Neutral
2022-08-08,366.0,,0.0,Neutral,0.0,Neutral
2022-08-07,376.0,2022-08-07,0.0195572879165411,Neutral,0.0195572879165411,Neutral
2022-08-05,371.0,2022-08-05,0.2184320390224456,Positive,0.22821068298071615,Positive
2022-08-04,381.0,,0.0,Neutral,0.11410534149035807,Slightly Positive
2022-08-03,398.0,2022-08-03,0.7975225448608398,Strongly Positive,0.8521305546164513,Strongly Positive
2022-08-02,397.0,,0.0,Neutral,0.3987612724304199,Positive
2022-08-01,392.0,2022-08-01,-0.2906584739685058,Negative,-0.09127783775329584,Slightly Negative
2022-07-31,387.9,2022-07-31,-0.3070221543312073,Negative,-0.4523513913154602,Negative
2022-07-29,389.6,2022-07-29,-0.1990431249141693,Slightly Negative,-0.4252188205718994,Negative
2022-07-28,385.0,,0.0,Neutral,-0.17627710103988647,Slightly Negative
2022-07-27,385.0,,0.0,Neutral,-0.04976078122854233,Neutral
2022-07-26,379.0,,0.0,Neutral,0.0,Neutral
2022-07-25,392.0,,0.0,Neutral,0.0,Neutral
2022-07-24,368.5,,0.0,Neutral,0.0,Neutral
2022-07-22,335.0,,0.0,Neutral,0.0,Neutral
2022-07-21,326.0,,0.0,Neutral,0.0,Neutral
2022-07-20,316.0,,0.0,Neutral,0.0,Neutral
2022-07-19,311.0,,0.0,Neutral,0.0,Neutral
2022-07-18,303.0,,0.0,Neutral,0.0,Neutral
2022-07-17,295.3,,0.0,Neutral,0.0,Neutral
2022-07-15,302.0,2022-07-15,-0.1234379112720489,Slightly Negative,-0.1234379112720489,Slightly Negative
2022-07-14,303.0,,0.0,Neutral,-0.06171895563602445,Slightly Negative
2022-07-13,299.4,2022-07-13,0.9082242250442504,Strongly Positive,0.8773647472262381,Strongly Positive
2022-07-12,279.0,,0.0,Neutral,0.4541121125221252,Positive
2022-07-11,266.6,,0.0,Neutral,0.2270560562610626,Positive
2022-07-08,285.1,,0.0,Neutral,0.0,Neutral
2022-07-07,295.5,,0.0,Neutral,0.0,Neutral
2022-07-06,301.1,,0.0,Neutral,0.0,Neutral
2022-07-05,290.1,,0.0,Neutral,0.0,Neutral
2022-07-04,300.0,2022-07-04,-0.2904195189476013,Negative,-0.2904195189476013,Negative
2022-07-03,306.0,,0.0,Neutral,-0.14520975947380066,Slightly Negative
2022-07-01,286.0,,0.0,Neutral,-0.07260487973690033,Slightly Negative
2022-06-30,293.0,2022-06-30,-0.2598440945148468,Negative,-0.2598440945148468,Negative
2022-06-29,268.0,,0.0,Neutral,-0.1299220472574234,Slightly Negative
2022-06-28,253.2,2022-06-28,0.4208382070064544,Positive,0.3558771833777427,Positive
2022-06-27,262.0,,0.0,Neutral,0.2104191035032272,Positive
2022-06-26,266.0,2022-06-26,-0.4419355690479278,Negative,-0.3367260172963142,Negative
2022-06-24,252.0,2022-06-24,0.5870148539543152,Positive,0.36604706943035126,Positive
2022-06-23,245.0,,0.0,Neutral,0.18302353471517563,Slightly Positive
2022-06-22,253.0,,0.0,Neutral,0.1467537134885788,Slightly Positive
2022-06-21,265.0,,0.0,Neutral,0.0,Neutral
2022-06-20,249.0,2022-06-20,0.5693178772926331,Positive,0.5693178772926331,Positive
2022-06-19,264.5,,0.0,Neutral,0.28465893864631653,Positive
2022-06-17,270.0,,0.0,Neutral,0.14232946932315826,Slightly Positive
2022-06-16,273.0,2022-06-16,0.8982492685317993,Strongly Positive,0.8982492685317993,Strongly Positive
2022-06-15,268.0,,0.0,Neutral,0.44912463426589966,Positive
2022-06-14,274.0,,0.0,Neutral,0.22456231713294983,Positive
2022-06-13,280.0,,0.0,Neutral,0.0,Neutral
2022-06-10,285.0,,0.0,Neutral,0.0,Neutral
2022-06-09,288.0,,0.0,Neutral,0.0,Neutral
2022-06-08,298.0,,0.0,Neutral,0.0,Neutral
2022-06-07,279.0,2022-06-07,0.2998286485671997,Positive,0.2998286485671997,Positive
2022-06-06,289.1,2022-06-06,0.0207726825028657,Neutral,0.17068700678646556,Slightly Positive
2022-06-03,288.1,,0.0,Neutral,0.08534350339323278,Slightly Positive
2022-06-02,289.5,2022-06-02,0.8461382985115051,Strongly Positive,0.8513314691372216,Strongly Positive
2022-06-01,290.0,2022-06-01,0.3814393877983093,Positive,0.8045085370540619,Strongly Positive
2022-05-31,289.0,,0.0,Neutral,0.40225426852703094,Positive
2022-05-30,291.0,,0.0,Neutral,0.09535984694957733,Slightly Positive
2022-05-27,300.9,,0.0,Neutral,0.0,Neutral
2022-05-26,303.0,,0.0,Neutral,0.0,Neutral
2022-05-25,306.0,,0.0,Neutral,0.0,Neutral
2022-05-24,301.1,2022-05-24,0.0325568914413452,Neutral,0.0325568914413452,Neutral
2022-05-23,297.1,,0.0,Neutral,0.0162784457206726,Neutral
2022-05-20,305.0,,0.0,Neutral,0.0081392228603363,Neutral
2022-05-19,302.1,,0.0,Neutral,0.0,Neutral
2022-05-18,311.2,2022-05-18,0.2235666513442993,Positive,0.2235666513442993,Positive
2022-05-17,309.0,,0.0,Neutral,0.11178332567214964,Slightly Positive
2022-05-12,335.0,,0.0,Neutral,0.05589166283607482,Slightly Positive
2022-05-11,344.0,,0.0,Neutral,0.0,Neutral
2022-05-10,335.0,,0.0,Neutral,0.0,Neutral
2022-05-09,312.0,,0.0,Neutral,0.0,Neutral
2022-05-08,315.0,,0.0,Neutral,0.0,Neutral
2022-05-05,304.0,,0.0,Neutral,0.0,Neutral
2022-05-04,316.8,,0.0,Neutral,0.0,Neutral
2022-05-02,329.0,,0.0,Neutral,0.0,Neutral
2022-04-28,344.0,,0.0,Neutral,0.0,Neutral
2022-04-27,357.0,,0.0,Neutral,0.0,Neutral
2022-04-26,356.0,2022-04-26,0.0814896821975708,Slightly Positive,0.0814896821975708,Slightly Positive
2022-04-25,355.0,,0.0,Neutral,0.0407448410987854,Neutral
2022-04-24,375.0,2022-04-24,0.4896917045116424,Positive,0.5100641250610352,Positive
2022-04-21,350.0,2022-04-21,0.435576420277357,Positive,0.6804222725331782,Strongly Positive
2022-04-20,362.0,2022-04-20,0.1363096833229065,Slightly Positive,0.4765208195894956,Positive
2022-04-19,383.0,2022-04-19,0.9145817756652832,Strongly Positive,1.0916307223960757,Strongly Positive
2022-04-18,375.0,2022-04-18,0.6108980178833008,Strongly Positive,1.102266326546669,Strongly Positive
2022-04-17,373.0,,0.0,Neutral,0.5340944528579712,Positive
2022-04-13,385.8,,0.0,Neutral,0.1527245044708252,Slightly Positive
2022-04-12,379.9,2022-04-12,0.5773056745529175,Positive,0.5773056745529175,Positive
2022-04-11,385.0,2022-04-11,0.8681013584136963,Strongly Positive,1.156754195690155,Strongly Positive
2022-04-07,394.8,,0.0,Neutral,0.5783770978450775,Positive
2022-04-06,387.0,2022-04-06,0.3428605794906616,Positive,0.5598859190940857,Positive
2022-04-05,387.0,2022-04-05,0.651929497718811,Strongly Positive,0.8233597874641418,Strongly Positive
2022-04-04,396.0,,0.0,Neutral,0.4116798937320709,Positive
2022-04-03,398.0,2022-04-03,-0.0272224247455596,Neutral,0.13575994968414315,Slightly Positive
2022-03-31,403.0,,0.0,Neutral,-0.0136112123727798,Neutral
2022-03-30,415.0,,0.0,Neutral,-0.0068056061863899,Neutral
2022-03-29,398.0,2022-03-29,0.8759951591491699,Strongly Positive,0.8759951591491699,Strongly Positive
2022-03-28,406.0,2022-03-28,0.6411234736442566,Strongly Positive,1.0791210532188416,Strongly Positive
2022-03-27,419.0,,0.0,Neutral,0.5395605266094208,Positive
2022-03-24,424.9,,0.0,Neutral,0.16028086841106415,Slightly Positive
2022-03-23,432.0,2022-03-23,-0.0178897380828857,Neutral,-0.0178897380828857,Neutral
2022-03-22,446.0,,0.0,Neutral,-0.00894486904144285,Neutral
2022-03-21,455.0,,0.0,Neutral,-0.004472434520721425,Neutral
2022-03-20,444.0,2022-03-20,0.8301899433135986,Strongly Positive,0.8301899433135986,Strongly Positive
2022-03-16,440.0,,0.0,Neutral,0.4150949716567993,Positive
2022-03-15,446.0,,0.0,Neutral,0.20754748582839966,Positive
2022-03-14,449.0,2022-03-14,0.5405178843066096,Positive,0.5405178843066096,Positive
2022-03-13,453.9,,0.0,Neutral,0.2702589421533048,Positive
2022-03-10,433.5,,0.0,Neutral,0.1351294710766524,Slightly Positive
2022-03-09,399.9,2022-03-09,-0.5977263450622559,Negative,-0.5977263450622559,Negative
2022-03-07,410.0,,0.0,Neutral,-0.29886317253112793,Negative
2022-03-06,418.0,,0.0,Neutral,-0.14943158626556396,Slightly Negative
2022-03-02,417.0,,0.0,Neutral,0.0,Neutral
2022-02-28,437.0,2022-02-28,0.4970417022705078,Positive,0.4970417022705078,Positive
2022-02-27,446.1,,0.0,Neutral,0.2485208511352539,Positive
2022-02-24,445.0,2022-02-24,0.5140209197998047,Positive,0.6382813453674316,Strongly Positive
2022-02-23,465.0,,0.0,Neutral,0.25701045989990234,Positive
2022-02-22,469.0,,0.0,Neutral,0.12850522994995117,Slightly Positive
2022-02-21,460.5,2022-02-21,0.5519900321960449,Positive,0.5519900321960449,Positive
2022-02-20,455.0,,0.0,Neutral,0.27599501609802246,Positive
2022-02-17,465.0,,0.0,Neutral,0.13799750804901123,Slightly Positive
2022-02-16,464.0,2022-02-16,0.5795700550079346,Positive,0.5795700550079346,Positive
2022-02-15,465.0,2022-02-15,-0.3125604093074798,Negative,-0.022775381803512518,Neutral
2022-02-14,460.9,2022-02-14,-0.5765681266784668,Negative,-0.5879558175802231,Negative
2022-02-13,460.0,2022-02-13,0.4978555937608083,Positive,0.13143142809470493,Slightly Positive
2022-02-10,482.0,,0.0,Neutral,0.10478576521078745,Slightly Positive
2022-02-09,485.0,,0.0,Neutral,0.12446389844020207,Slightly Positive
2022-02-08,495.0,2022-02-08,-0.0566993355751037,Slightly Negative,-0.0566993355751037,Slightly Negative
2022-02-07,486.0,2022-02-07,0.5250307619571686,Positive,0.49668109416961675,Positive
2022-02-06,486.0,,0.0,Neutral,0.24834054708480838,Positive
2022-02-03,500.0,2022-02-03,0.908535659313202,Strongly Positive,1.039793349802494,Strongly Positive
2022-02-01,507.0,,0.0,Neutral,0.454267829656601,Positive
2022-01-31,499.0,,0.0,Neutral,0.2271339148283005,Positive
2022-01-30,506.0,,0.0,Neutral,0.0,Neutral
2022-01-27,470.0,,0.0,Neutral,0.0,Neutral
2022-01-26,470.0,2022-01-26,0.4082410056143999,Positive,0.4082410056143999,Positive
2022-01-25,491.0,,0.0,Neutral,0.20412050280719995,Positive
2022-01-24,486.0,,0.0,Neutral,0.10206025140359998,Slightly Positive
2022-01-23,509.0,,0.0,Neutral,0.0,Neutral
2022-01-20,519.0,,0.0,Neutral,0.0,Neutral
2022-01-19,505.5,2022-01-19,0.3360106647014618,Positive,0.3360106647014618,Positive
2022-01-18,515.0,2022-01-18,0.3734949231147766,Positive,0.5415002554655075,Positive
2022-01-17,532.0,2022-01-17,0.4422468543052673,Positive,0.7129969820380211,Strongly Positive
2022-01-16,531.0,,0.0,Neutral,0.3144971579313278,Positive
2022-01-13,526.0,,0.0,Neutral,0.11056171357631682,Slightly Positive
2022-01-12,500.0,2022-01-12,-0.4808397889137268,Negative,-0.4808397889137268,Negative
2022-01-11,521.0,,0.0,Neutral,-0.2404198944568634,Negative
2022-01-10,482.0,2022-01-10,0.519367516040802,Positive,0.3991575688123703,Positive
2022-01-09,465.5,2022-01-09,0.7907711267471313,Strongly Positive,1.0504548847675323,Strongly Positive
2022-01-06,435.0,,0.0,Neutral,0.5252274423837662,Positive
2022-01-05,429.0,,0.0,Neutral,0.19769278168678284,Slightly Positive
2022-01-04,440.0,2022-01-04,0.65803462266922,Strongly Positive,0.65803462266922,Strongly Positive
2022-01-03,412.0,2022-01-03,0.0013054907321929,Neutral,0.33032280206680287,Positive
2022-01-02,399.0,,0.0,Neutral,0.16516140103340143,Slightly Positive
2021-12-29,411.5,,0.0,Neutral,0.000326372683048225,Neutral
2021-12-28,423.0,,0.0,Neutral,0.0,Neutral
2021-12-27,410.0,2021-12-27,0.1544867753982544,Slightly Positive,0.1544867753982544,Slightly Positive
2021-12-26,435.2,,0.0,Neutral,0.0772433876991272,Slightly Positive
2021-12-23,438.9,,0.0,Neutral,0.0386216938495636,Neutral
2021-12-22,449.0,,0.0,Neutral,0.0,Neutral
2021-12-21,431.0,2021-12-21,-0.6907034516334534,Strongly Negative,-0.6907034516334534,Strongly Negative
2021-12-20,408.0,,0.0,Neutral,-0.3453517258167267,Negative
2021-12-16,421.0,2021-12-16,0.7056154310703278,Strongly Positive,0.5329395681619644,Positive
2021-12-15,445.0,2021-12-15,-0.3610247150063515,Negative,-0.008216999471187647,Neutral
2021-12-14,436.8,2021-12-14,0.0240390766412019,Neutral,0.019930576905608066,Neutral
2021-12-13,397.1,,0.0,Neutral,-0.07823664043098694,Slightly Negative
2021-12-12,427.0,,0.0,Neutral,0.006009769160300475,Neutral
2021-12-09,456.0,2021-12-09,0.7948119044303894,Strongly Positive,0.7948119044303894,Strongly Positive
2021-12-08,461.0,,0.0,Neutral,0.3974059522151947,Positive
2021-12-07,485.1,,0.0,Neutral,0.19870297610759735,Slightly Positive
2021-12-06,512.0,2021-12-06,-0.0454929023981094,Neutral,-0.0454929023981094,Neutral
2021-12-05,505.0,2021-12-05,-0.3157088458538055,Negative,-0.3384552970528602,Negative
2021-12-02,520.1,,0.0,Neutral,-0.1692276485264301,Slightly Negative
2021-12-01,546.0,,0.0,Neutral,-0.07892721146345137,Slightly Negative
2021-11-30,540.0,2021-11-30,0.0353909358382225,Neutral,0.0353909358382225,Neutral
2021-11-29,539.0,,0.0,Neutral,0.01769546791911125,Neutral
2021-11-28,537.1,,0.0,Neutral,0.008847733959555624,Neutral
2021-11-25,567.0,2021-11-25,-0.1864838898181915,Slightly Negative,-0.1864838898181915,Slightly Negative
2021-11-24,573.0,2021-11-24,-0.2785083949565887,Negative,-0.37175033986568445,Negative
2021-11-23,559.0,2021-11-23,0.6356387138366699,Strongly Positive,0.44976354390382767,Positive
2021-11-22,580.0,2021-11-22,0.0131739825010299,Neutral,0.2613662406802177,Positive
2021-11-21,591.0,,0.0,Neutral,0.16549666970968244,Slightly Positive
2021-11-18,582.0,,0.0,Neutral,0.003293495625257475,Neutral
2021-11-17,596.0,2021-11-17,0.6861373782157898,Strongly Positive,0.6861373782157898,Strongly Positive
2021-11-16,594.0,2021-11-16,0.8141272664070129,Strongly Positive,1.1571959555149078,Strongly Positive
2021-11-15,578.0,2021-11-15,0.4076647162437439,Positive,0.9862626940011978,Strongly Positive
2021-11-14,559.1,2021-11-14,0.0491418664654096,Neutral,0.45650604118903476,Positive
2021-11-11,540.0,2021-11-11,0.2226513624191284,Positive,0.34913847471276915,Positive
2021-11-09,560.0,,0.0,Neutral,0.12361114782591659,Slightly Positive
2021-11-08,590.0,2021-11-08,0.4568291008472442,Positive,0.5124919414520263,Positive
2021-11-03,580.0,2021-11-03,0.2788993418216705,Positive,0.5073138922452926,Positive
2021-11-02,590.0,,0.0,Neutral,0.2536569461226463,Positive
2021-11-01,598.0,2021-11-01,0.1046939715743064,Slightly Positive,0.174418807029724,Slightly Positive
2021-10-31,605.0,,0.0,Neutral,0.0523469857871532,Slightly Positive
2021-10-28,577.9,,0.0,Neutral,0.0261734928935766,Neutral
2021-10-27,554.0,,0.0,Neutral,0.0,Neutral
2021-10-26,559.0,,0.0,Neutral,0.0,Neutral
2021-10-25,521.4,,0.0,Neutral,0.0,Neutral
2021-10-24,474.0,,0.0,Neutral,0.0,Neutral
2021-10-21,454.0,2021-10-21,0.8713273406028748,Strongly Positive,0.8713273406028748,Strongly Positive
2021-10-20,472.9,2021-10-20,0.6123760342597961,Strongly Positive,1.0480397045612335,Strongly Positive
2021-10-19,445.0,,0.0,Neutral,0.5240198522806168,Positive
2021-10-18,472.0,2021-10-18,0.8018708229064941,Strongly Positive,0.9549648314714432,Strongly Positive
2021-10-17,499.0,2021-10-17,0.9213525056838988,Strongly Positive,1.322287917137146,Strongly Positive
2021-10-11,494.9,2021-10-11,0.857159435749054,Strongly Positive,1.518303394317627,Strongly Positive
2021-10-10,514.0,,0.0,Neutral,0.6589178442955017,Strongly Positive
2021-10-06,512.0,2021-10-06,0.9232880473136902,Strongly Positive,1.1375779062509537,Strongly Positive
2021-10-05,486.0,2021-10-05,0.4259742498397827,Positive,0.8876182734966278,Strongly Positive
2021-10-04,462.0,2021-10-04,-0.1786015033721923,Slightly Negative,0.26520763337612163,Positive
2021-10-03,489.9,,0.0,Neutral,0.01719281077384953,Neutral
2021-09-30,515.0,,0.0,Neutral,-0.044650375843048075,Neutral
2021-09-29,530.0,2021-09-29,0.9257281422615052,Strongly Positive,0.9257281422615052,Strongly Positive
2021-09-28,493.0,2021-09-28,0.261738121509552,Positive,0.7246021926403046,Strongly Positive
2021-09-27,533.0,,0.0,Neutral,0.3623010963201523,Positive
2021-09-26,571.0,,0.0,Neutral,0.065434530377388,Slightly Positive
2021-09-23,610.0,2021-09-23,-0.5558741092681885,Negative,-0.5558741092681885,Negative
2021-09-22,609.9,,0.0,Neutral,-0.27793705463409424,Negative
2021-09-21,555.0,,0.0,Neutral,-0.13896852731704712,Slightly Negative
2021-09-20,562.7,,0.0,Neutral,0.0,Neutral
2021-09-16,625.1,2021-09-16,0.5890231132507324,Positive,0.5890231132507324,Positive
2021-09-15,658.0,,0.0,Neutral,0.2945115566253662,Positive
2021-09-14,679.0,,0.0,Neutral,0.1472557783126831,Slightly Positive
2021-09-13,690.1,,0.0,Neutral,0.0,Neutral
2021-09-12,678.0,2021-09-12,0.4431141316890716,Positive,0.4431141316890716,Positive
2021-09-09,654.0,,0.0,Neutral,0.2215570658445358,Positive
2021-09-08,657.0,,0.0,Neutral,0.1107785329222679,Slightly Positive
2021-09-07,685.0,,0.0,Neutral,0.0,Neutral
2021-09-06,686.5,,0.0,Neutral,0.0,Neutral
2021-09-05,624.1,,0.0,Neutral,0.0,Neutral
2021-09-02,684.0,,0.0,Neutral,0.0,Neutral
2021-09-01,722.0,,0.0,Neutral,0.0,Neutral
2021-08-31,730.0,,0.0,Neutral,0.0,Neutral
2021-08-29,773.0,,0.0,Neutral,0.0,Neutral
2021-08-26,792.0,,0.0,Neutral,0.0,Neutral
2021-08-25,765.0,,0.0,Neutral,0.0,Neutral
2021-08-24,777.0,,0.0,Neutral,0.0,Neutral
2021-08-19,720.0,2021-08-19,0.5259397625923157,Positive,0.5259397625923157,Positive
2021-08-18,729.0,,0.0,Neutral,0.26296988129615784,Positive
2021-08-17,691.9,,0.0,Neutral,0.13148494064807892,Slightly Positive
2021-08-16,650.0,2021-08-16,0.146904706954956,Slightly Positive,0.146904706954956,Slightly Positive
2021-08-15,652.0,,0.0,Neutral,0.073452353477478,Slightly Positive
2021-08-12,689.0,,0.0,Neutral,0.036726176738739,Neutral
2021-08-11,687.0,,0.0,Neutral,0.0,Neutral
2021-08-10,643.5,,0.0,Neutral,0.0,Neutral
2021-08-09,585.0,,0.0,Neutral,0.0,Neutral
2021-08-08,550.0,,0.0,Neutral,0.0,Neutral
2021-08-05,532.2,,0.0,Neutral,0.0,Neutral
2021-08-04,543.0,2021-08-04,-0.4183864593505859,Negative,-0.4183864593505859,Negative
2021-08-03,510.0,,0.0,Neutral,-0.20919322967529294,Negative
2021-08-02,511.0,,0.0,Neutral,-0.10459661483764647,Slightly Negative
2021-08-01,507.2,,0.0,Neutral,0.0,Neutral
2021-07-29,514.0,,0.0,Neutral,0.0,Neutral
2021-07-28,533.0,,0.0,Neutral,0.0,Neutral
2021-07-27,500.0,,0.0,Neutral,0.0,Neutral
2021-07-26,475.0,,0.0,Neutral,0.0,Neutral
2021-07-25,473.0,2021-07-25,-0.1586503386497497,Slightly Negative,-0.1586503386497497,Slightly Negative
2021-07-22,474.0,,0.0,Neutral,-0.07932516932487485,Slightly Negative
2021-07-20,483.0,,0.0,Neutral,-0.039662584662437425,Neutral
2021-07-19,481.0,,0.0,Neutral,0.0,Neutral
2021-07-18,482.0,,0.0,Neutral,0.0,Neutral
2021-07-15,485.0,2021-07-15,0.2684071958065033,Positive,0.2684071958065033,Positive
2021-07-14,479.0,,0.0,Neutral,0.13420359790325165,Slightly Positive
2021-07-13,460.0,,0.0,Neutral,0.06710179895162582,Slightly Positive
2021-07-12,430.0,,0.0,Neutral,0.0,Neutral
2021-07-11,425.0,2021-07-11,0.7197643518447876,Strongly Positive,0.7197643518447876,Strongly Positive
2021-07-08,387.0,,0.0,Neutral,0.3598821759223938,Positive
2021-07-07,370.0,2021-07-07,0.0943080335855484,Slightly Positive,0.2742491215467453,Positive
2021-07-06,382.0,,0.0,Neutral,0.0471540167927742,Neutral
2021-07-05,380.0,,0.0,Neutral,0.0235770083963871,Neutral
2021-07-04,395.0,,0.0,Neutral,0.0,Neutral
2021-07-01,410.0,,0.0,Neutral,0.0,Neutral
2021-06-30,386.0,2021-06-30,0.864063024520874,Strongly Positive,0.864063024520874,Strongly Positive
2021-06-29,351.0,,0.0,Neutral,0.432031512260437,Positive
2021-06-28,377.0,,0.0,Neutral,0.2160157561302185,Positive
2021-06-27,392.0,,0.0,Neutral,0.0,Neutral
2021-06-24,398.0,,0.0,Neutral,0.0,Neutral
2021-06-23,404.0,,0.0,Neutral,0.0,Neutral
2021-06-22,416.0,,0.0,Neutral,0.0,Neutral
2021-06-21,379.0,,0.0,Neutral,0.0,Neutral
2021-06-20,410.0,,0.0,Neutral,0.0,Neutral
2021-06-17,438.0,,0.0,Neutral,0.0,Neutral
2021-06-16,429.0,,0.0,Neutral,0.0,Neutral
2021-06-15,461.0,,0.0,Neutral,0.0,Neutral
2021-06-14,490.0,2021-06-14,0.6951586504777273,Strongly Positive,0.6951586504777273,Strongly Positive
2021-06-13,490.0,,0.0,Neutral,0.34757932523886365,Positive
2021-06-10,446.0,,0.0,Neutral,0.17378966261943182,Slightly Positive
2021-06-09,433.0,,0.0,Neutral,0.0,Neutral
2021-06-08,447.0,,0.0,Neutral,0.0,Neutral
2021-06-07,407.0,,0.0,Neutral,0.0,Neutral
2021-06-06,370.0,,0.0,Neutral,0.0,Neutral
2021-06-03,370.0,,0.0,Neutral,0.0,Neutral
2021-06-02,374.0,,0.0,Neutral,0.0,Neutral
2021-06-01,344.0,,0.0,Neutral,0.0,Neutral
2021-05-31,355.0,,0.0,Neutral,0.0,Neutral
2021-05-30,323.0,,0.0,Neutral,0.0,Neutral
2021-05-27,305.0,2021-05-27,0.2186865657567978,Positive,0.2186865657567978,Positive
2021-05-25,299.0,2021-05-25,0.655621349811554,Strongly Positive,0.7649646326899529,Strongly Positive
2021-05-24,302.0,,0.0,Neutral,0.3824823163449764,Positive
2021-05-23,315.0,,0.0,Neutral,0.1639053374528885,Slightly Positive
2021-05-20,287.0,,0.0,Neutral,0.0,Neutral
2021-05-19,271.0,,0.0,Neutral,0.0,Neutral
2021-05-18,285.0,,0.0,Neutral,0.0,Neutral
2021-05-17,270.0,,0.0,Neutral,0.0,Neutral
2021-05-16,260.0,2021-05-16,0.8713140487670898,Strongly Positive,0.8713140487670898,Strongly Positive
2021-05-13,251.0,,0.0,Neutral,0.4356570243835449,Positive
2021-05-12,230.0,,0.0,Neutral,0.21782851219177246,Positive
2021-05-11,224.0,,0.0,Neutral,0.0,Neutral
2021-05-10,221.0,,0.0,Neutral,0.0,Neutral
2021-05-09,220.0,,0.0,Neutral,0.0,Neutral
2021-05-06,223.0,,0.0,Neutral,0.0,Neutral
2021-05-05,222.0,,0.0,Neutral,0.0,Neutral
2021-05-04,222.0,,0.0,Neutral,0.0,Neutral
2021-05-03,223.0,,0.0,Neutral,0.0,Neutral
2021-05-02,226.0,2021-05-02,0.1060797721147537,Slightly Positive,0.1060797721147537,Slightly Positive
2021-04-29,223.0,2021-04-29,-0.3356136381626129,Negative,-0.28257375210523605,Negative
2021-04-28,220.0,2021-04-28,0.0036563519388437,Neutral,-0.13763052411377433,Slightly Negative
2021-04-27,225.0,,0.0,Neutral,-0.08207523357123138,Slightly Negative
2021-04-26,220.0,,0.0,Neutral,0.000914087984710925,Neutral
2021-04-25,225.0,,0.0,Neutral,0.0,Neutral
2021-04-22,229.0,,0.0,Neutral,0.0,Neutral
2021-04-21,226.0,2021-04-21,-0.5364495515823364,Negative,-0.5364495515823364,Negative
2021-04-20,228.0,2021-04-20,-0.8707112669944763,Strongly Negative,-1.1389360427856445,Strongly Negative
2021-04-19,231.0,,0.0,Neutral,-0.5694680213928223,Negative
2021-04-18,233.0,2021-04-18,-0.4178709387779236,Negative,-0.6355487555265427,Strongly Negative
2021-04-15,238.0,,0.0,Neutral,-0.2089354693889618,Negative
2021-04-13,225.0,2021-04-13,-0.5402607917785645,Negative,-0.6447285264730453,Strongly Negative
2021-04-12,224.0,,0.0,Neutral,-0.2701303958892822,Negative
2021-04-08,230.0,,0.0,Neutral,-0.1350651979446411,Slightly Negative
2021-04-07,213.0,,0.0,Neutral,0.0,Neutral
2021-04-06,211.0,,0.0,Neutral,0.0,Neutral
2021-04-05,207.0,2021-04-05,-0.4910283088684082,Negative,-0.4910283088684082,Negative
2021-04-04,205.0,,0.0,Neutral,-0.2455141544342041,Negative
2021-04-01,200.0,2021-04-01,0.1322474330663681,Slightly Positive,0.009490355849266052,Neutral
2021-03-31,198.0,,0.0,Neutral,0.06612371653318405,Slightly Positive
2021-03-30,199.0,,0.0,Neutral,0.033061858266592026,Neutral
2021-03-29,201.0,2021-03-29,0.849197268486023,Strongly Positive,0.849197268486023,Strongly Positive
2021-03-25,197.0,,0.0,Neutral,0.4245986342430115,Positive
2021-03-24,203.0,2021-03-24,-0.4105883538722992,Negative,-0.19828903675079346,Slightly Negative
2021-03-23,200.0,2021-03-23,0.8062120676040649,Strongly Positive,0.6009178906679153,Strongly Positive
2021-03-22,199.0,2021-03-22,-0.3435660600662231,Negative,-0.04310711473226542,Neutral
2021-03-21,200.0,,0.0,Neutral,0.02976998686790469,Neutral
2021-03-18,205.0,,0.0,Neutral,-0.08589151501655577,Slightly Negative
2021-03-17,201.0,,0.0,Neutral,0.0,Neutral
2021-03-16,196.0,,0.0,Neutral,0.0,Neutral
2021-03-15,195.0,,0.0,Neutral,0.0,Neutral
2021-03-14,195.0,2021-03-14,0.3672319650650024,Positive,0.3672319650650024,Positive
2021-03-10,200.0,,0.0,Neutral,0.1836159825325012,Slightly Positive
2021-03-09,201.0,,0.0,Neutral,0.0918079912662506,Slightly Positive
2021-03-07,204.0,2021-03-07,0.8898645639419556,Strongly Positive,0.8898645639419556,Strongly Positive
2021-03-04,202.0,,0.0,Neutral,0.4449322819709778,Positive
2021-03-03,201.0,,0.0,Neutral,0.2224661409854889,Positive
2021-03-02,201.0,2021-03-02,-0.438233733177185,Negative,-0.438233733177185,Negative
2021-03-01,202.0,,0.0,Neutral,-0.2191168665885925,Negative
2021-02-28,200.0,,0.0,Neutral,-0.10955843329429625,Slightly Negative
2021-02-25,206.0,,0.0,Neutral,0.0,Neutral
2021-02-24,210.0,2021-02-24,-0.4131810963153839,Negative,-0.4131810963153839,Negative
2021-02-23,210.0,,0.0,Neutral,-0.20659054815769196,Negative
2021-02-22,211.0,,0.0,Neutral,-0.10329527407884598,Slightly Negative
2021-02-21,213.0,2021-02-21,-0.5976194143295288,Negative,-0.5976194143295288,Negative
2021-02-18,210.0,,0.0,Neutral,-0.2988097071647644,Negative
2021-02-17,208.0,,0.0,Neutral,-0.1494048535823822,Slightly Negative
2021-02-16,209.0,,0.0,Neutral,0.0,Neutral
2021-02-15,210.0,,0.0,Neutral,0.0,Neutral
2021-02-14,204.0,,0.0,Neutral,0.0,Neutral
2021-02-11,208.0,,0.0,Neutral,0.0,Neutral
2021-02-10,211.0,2021-02-10,0.4726470112800598,Positive,0.4726470112800598,Positive
2021-02-09,207.0,2021-02-09,-0.5642222166061401,Negative,-0.32789871096611023,Negative
2021-02-08,207.0,2021-02-08,-0.4620852768421173,Negative,-0.6260346323251724,Strongly Negative
2021-02-07,207.0,,0.0,Neutral,-0.3720981925725937,Negative
2021-02-04,201.0,2021-02-04,-0.4566866755485534,Negative,-0.5722079947590828,Negative
2021-02-03,205.0,,0.0,Neutral,-0.2283433377742767,Negative
2021-02-02,209.0,,0.0,Neutral,-0.11417166888713835,Slightly Negative
2021-02-01,214.0,,0.0,Neutral,0.0,Neutral
2021-01-31,196.0,2021-01-31,0.0300732478499412,Neutral,0.0300732478499412,Neutral
2021-01-28,204.0,2021-01-28,0.7391324043273926,Strongly Positive,0.7541690282523632,Strongly Positive
2021-01-27,208.0,2021-01-27,0.9172951579093932,Strongly Positive,1.294379672035575,Strongly Positive
2021-01-26,210.0,2021-01-26,-0.5346378684043884,Negative,0.10879281163215632,Slightly Positive
2021-01-24,232.0,,0.0,Neutral,-0.037995144724845914,Neutral
2021-01-21,235.0,2021-01-21,-0.8496271967887878,Strongly Negative,-0.983286663889885,Strongly Negative
2021-01-20,218.0,,0.0,Neutral,-0.4248135983943939,Negative
2021-01-19,199.0,,0.0,Neutral,-0.21240679919719696,Negative
2021-01-18,202.0,,0.0,Neutral,0.0,Neutral
2021-01-17,206.0,2021-01-17,0.3041101396083832,Positive,0.3041101396083832,Positive
2021-01-13,196.0,2021-01-13,0.4864499568939209,Positive,0.6385050266981125,Strongly Positive
2021-01-12,184.0,,0.0,Neutral,0.31925251334905624,Positive
2021-01-11,179.0,2021-01-11,-0.3791023790836334,Negative,-0.2574898898601532,Negative
2021-01-10,173.0,2021-01-10,-0.4561843276023865,Negative,-0.6457355171442032,Strongly Negative
2021-01-07,172.0,2021-01-07,0.698971003293991,Strongly Positive,0.3761032447218894,Positive
2021-01-06,170.0,,0.0,Neutral,0.23543941974639887,Positive
2021-01-05,169.0,,0.0,Neutral,0.17474275082349774,Slightly Positive
2021-01-04,169.0,,0.0,Neutral,0.0,Neutral
2021-01-03,169.0,2021-01-03,-0.3271416127681732,Negative,-0.3271416127681732,Negative
2020-12-31,165.0,,0.0,Neutral,-0.1635708063840866,Slightly Negative
2020-12-30,168.0,2020-12-30,-0.4411584436893463,Negative,-0.5229438468813896,Negative
2020-12-29,164.0,,0.0,Neutral,-0.22057922184467316,Negative
2020-12-28,171.0,,0.0,Neutral,-0.11028961092233658,Slightly Negative
2020-12-27,156.0,,0.0,Neutral,0.0,Neutral
2020-12-24,154.0,2020-12-24,0.512558102607727,Positive,0.512558102607727,Positive
2020-12-23,156.0,,0.0,Neutral,0.2562790513038635,Positive
2020-12-22,160.0,,0.0,Neutral,0.12813952565193176,Slightly Positive
2020-12-21,158.0,2020-12-21,-0.5311627984046936,Negative,-0.5311627984046936,Negative
2020-12-20,159.0,,0.0,Neutral,-0.2655813992023468,Negative
2020-12-17,159.0,2020-12-17,0.6602139472961426,Strongly Positive,0.5274232476949692,Positive
2020-12-16,160.0,2020-12-16,0.6675947904586792,Strongly Positive,0.9977017641067505,Strongly Positive
2020-12-15,159.0,,0.0,Neutral,0.49885088205337524,Positive
2020-12-14,162.0,,0.0,Neutral,0.1668986976146698,Slightly Positive
2020-12-13,161.0,,0.0,Neutral,0.0,Neutral
2020-12-10,164.0,,0.0,Neutral,0.0,Neutral
2020-12-09,160.0,2020-12-09,0.1103778183460235,Slightly Positive,0.1103778183460235,Slightly Positive
2020-12-08,157.0,,0.0,Neutral,0.05518890917301175,Slightly Positive
2020-12-07,165.0,2020-12-07,0.6842315196990967,Strongly Positive,0.7118259742856026,Strongly Positive
2020-12-06,159.0,,0.0,Neutral,0.34211575984954834,Positive
2020-12-03,166.0,,0.0,Neutral,0.17105787992477417,Slightly Positive
2020-12-02,167.0,,0.0,Neutral,0.0,Neutral
2020-12-01,167.0,,0.0,Neutral,0.0,Neutral
2020-11-30,170.0,,0.0,Neutral,0.0,Neutral
2020-11-29,174.0,,0.0,Neutral,0.0,Neutral
2020-11-26,174.0,,0.0,Neutral,0.0,Neutral
2020-11-25,178.0,2020-11-25,0.8829460740089417,Strongly Positive,0.8829460740089417,Strongly Positive
2020-11-24,169.0,,0.0,Neutral,0.4414730370044708,Positive
2020-11-23,168.0,,0.0,Neutral,0.2207365185022354,Positive
2020-11-22,171.0,,0.0,Neutral,0.0,Neutral
2020-11-19,167.0,,0.0,Neutral,0.0,Neutral
2020-11-18,166.0,2020-11-18,0.1508250832557678,Slightly Positive,0.1508250832557678,Slightly Positive
2020-11-12,169.0,,0.0,Neutral,0.0754125416278839,Slightly Positive
2020-11-11,168.0,,0.0,Neutral,0.03770627081394195,Neutral
2020-11-10,173.0,2020-11-10,0.0448877215385437,Neutral,0.0448877215385437,Neutral
2020-11-09,166.0,,0.0,Neutral,0.02244386076927185,Neutral
2020-11-08,170.0,,0.0,Neutral,0.011221930384635925,Neutral
2020-11-05,168.0,2020-11-05,0.9027197360992432,Strongly Positive,0.9027197360992432,Strongly Positive
2020-11-04,167.0,,0.0,Neutral,0.4513598680496216,Positive
2020-11-03,168.0,,0.0,Neutral,0.2256799340248108,Positive
2020-11-02,168.0,,0.0,Neutral,0.0,Neutral
2020-11-01,167.0,,0.0,Neutral,0.0,Neutral
2020-10-29,172.0,,0.0,Neutral,0.0,Neutral
2020-10-28,170.0,,0.0,Neutral,0.0,Neutral
2020-10-22,169.0,,0.0,Neutral,0.0,Neutral
2020-10-21,164.0,2020-10-21,0.8985637426376343,Strongly Positive,0.8985637426376343,Strongly Positive
2020-10-20,167.0,,0.0,Neutral,0.44928187131881714,Positive
2020-10-19,164.0,2020-10-19,0.906398057937622,Strongly Positive,1.1310389935970306,Strongly Positive
2020-10-18,160.0,2020-10-18,0.8729951977729797,Strongly Positive,1.3261942267417908,Strongly Positive
2020-10-15,161.0,2020-10-15,0.6376285552978516,Strongly Positive,1.300725668668747,Strongly Positive
2020-10-14,161.0,,0.0,Neutral,0.5370630770921707,Positive
2020-10-13,164.0,,0.0,Neutral,0.1594071388244629,Slightly Positive
2020-10-12,172.0,,0.0,Neutral,0.0,Neutral
2020-10-11,181.0,,0.0,Neutral,0.0,Neutral
2020-10-08,177.0,,0.0,Neutral,0.0,Neutral
2020-10-07,166.0,,0.0,Neutral,0.0,Neutral
2020-10-06,165.0,,0.0,Neutral,0.0,Neutral
2020-10-05,163.0,,0.0,Neutral,0.0,Neutral
2020-10-04,156.0,,0.0,Neutral,0.0,Neutral
2020-10-01,160.0,,0.0,Neutral,0.0,Neutral
2020-09-30,162.0,,0.0,Neutral,0.0,Neutral
2020-09-29,158.0,,0.0,Neutral,0.0,Neutral
2020-09-28,160.0,,0.0,Neutral,0.0,Neutral
2020-09-27,148.0,,0.0,Neutral,0.0,Neutral
2020-09-24,142.0,,0.0,Neutral,0.0,Neutral
2020-09-23,142.0,,0.0,Neutral,0.0,Neutral
2020-09-22,137.0,,0.0,Neutral,0.0,Neutral
2020-09-21,143.0,,0.0,Neutral,0.0,Neutral
2020-09-20,152.0,,0.0,Neutral,0.0,Neutral
2020-09-17,139.0,,0.0,Neutral,0.0,Neutral
2020-09-16,127.0,2020-09-16,0.859821081161499,Strongly Positive,0.859821081161499,Strongly Positive
2020-09-15,127.0,2020-09-15,0.88677579164505,Strongly Positive,1.3166863322257996,Strongly Positive
2020-09-14,124.0,,0.0,Neutral,0.6583431661128998,Strongly Positive
2020-09-13,122.0,,0.0,Neutral,0.2216939479112625,Positive
2020-09-10,126.0,,0.0,Neutral,0.0,Neutral
2020-09-09,126.0,,0.0,Neutral,0.0,Neutral
2020-09-08,126.0,,0.0,Neutral,0.0,Neutral
2020-09-07,127.0,,0.0,Neutral,0.0,Neutral
2020-09-06,124.0,,0.0,Neutral,0.0,Neutral
2020-09-03,126.0,,0.0,Neutral,0.0,Neutral
2020-09-02,126.0,,0.0,Neutral,0.0,Neutral
2020-08-31,122.0,,0.0,Neutral,0.0,Neutral
2020-08-30,124.0,,0.0,Neutral,0.0,Neutral
2020-08-27,123.0,,0.0,Neutral,0.0,Neutral
2020-08-26,121.0,2020-08-26,0.4787486214190721,Positive,0.4787486214190721,Positive
2020-08-25,122.0,,0.0,Neutral,0.23937431070953605,Positive
2020-08-24,121.0,,0.0,Neutral,0.11968715535476802,Slightly Positive
2020-08-23,120.0,,0.0,Neutral,0.0,Neutral
2020-08-20,122.0,2020-08-20,0.3619968295097351,Positive,0.3619968295097351,Positive
2020-08-19,121.0,,0.0,Neutral,0.18099841475486755,Slightly Positive
2020-08-18,123.0,,0.0,Neutral,0.09049920737743378,Slightly Positive
2020-08-17,122.0,,0.0,Neutral,0.0,Neutral
2020-08-16,121.0,2020-08-16,0.0681280344724655,Slightly Positive,0.0681280344724655,Slightly Positive
2020-08-13,121.0,2020-08-13,-0.0032728966325521,Neutral,0.030791120603680652,Neutral
2020-08-12,121.0,,0.0,Neutral,0.015395560301840326,Neutral
2020-08-11,122.0,,0.0,Neutral,-0.000818224158138025,Neutral
2020-08-10,122.0,,0.0,Neutral,0.0,Neutral
2020-08-09,118.0,,0.0,Neutral,0.0,Neutral
2020-08-06,118.0,,0.0,Neutral,0.0,Neutral
2020-08-05,120.0,,0.0,Neutral,0.0,Neutral
2020-08-03,119.0,,0.0,Neutral,0.0,Neutral
2020-08-02,120.0,,0.0,Neutral,0.0,Neutral
2020-07-30,122.0,,0.0,Neutral,0.0,Neutral
2020-07-29,121.0,2020-07-29,0.8600679636001587,Strongly Positive,0.8600679636001587,Strongly Positive
2020-07-28,123.0,,0.0,Neutral,0.43003398180007935,Positive
2020-07-27,123.0,,0.0,Neutral,0.21501699090003967,Positive
2020-07-26,122.0,,0.0,Neutral,0.0,Neutral
2020-07-23,123.0,,0.0,Neutral,0.0,Neutral
2020-07-22,120.0,2020-07-22,0.5365362167358398,Positive,0.5365362167358398,Positive
2020-07-21,124.0,,0.0,Neutral,0.2682681083679199,Positive
2020-07-20,126.0,,0.0,Neutral,0.13413405418395996,Slightly Positive
2020-07-19,128.0,,0.0,Neutral,0.0,Neutral
2020-07-16,126.0,,0.0,Neutral,0.0,Neutral
2020-07-15,120.0,,0.0,Neutral,0.0,Neutral
2020-07-14,119.0,,0.0,Neutral,0.0,Neutral
2020-07-13,118.0,,0.0,Neutral,0.0,Neutral
2020-07-12,122.0,,0.0,Neutral,0.0,Neutral
2020-07-09,120.0,2020-07-09,0.8973246514797211,Strongly Positive,0.8973246514797211,Strongly Positive
2020-07-08,122.0,,0.0,Neutral,0.44866232573986053,Positive
2020-07-07,122.0,,0.0,Neutral,0.22433116286993027,Positive
2020-07-06,118.0,,0.0,Neutral,0.0,Neutral
2020-07-05,117.0,2020-07-05,0.2238288819789886,Positive,0.2238288819789886,Positive
2020-07-01,130.0,2020-07-01,-0.564888060092926,Negative,-0.4529736191034317,Negative
2020-06-30,122.0,2020-06-30,0.916642129421234,Strongly Positive,0.6901553198695182,Strongly Positive
2020-06-29,118.0,,0.0,Neutral,0.3170990496873855,Positive
2020-05-13,120.0,,0.0,Neutral,0.2291605323553085,Positive
2020-03-22,122.0,2020-03-22,0.5310344099998474,Positive,0.5310344099998474,Positive
2020-03-19,114.0,,0.0,Neutral,0.2655172049999237,Positive
2020-03-18,126.0,,0.0,Neutral,0.13275860249996185,Slightly Positive
2020-03-17,126.0,2020-03-17,0.8020090460777283,Strongly Positive,0.8020090460777283,Strongly Positive
2020-03-16,130.0,2020-03-16,0.6043878793716431,Strongly Positive,1.0053924024105072,Strongly Positive
2020-03-15,130.0,2020-03-15,0.8521060943603516,Strongly Positive,1.3548022955656052,Strongly Positive
2020-03-12,135.0,,0.0,Neutral,0.5771500170230865,Positive
2020-03-11,133.0,2020-03-11,0.6391243934631348,Strongly Positive,0.8521509170532227,Strongly Positive
2020-03-10,134.0,2020-03-10,-0.6497147083282471,Strongly Negative,-0.3301525115966797,Negative
2020-03-05,138.0,2020-03-05,0.7326845228672028,Strongly Positive,0.5676082670688629,Positive
2020-03-04,136.0,2020-03-04,-0.0493215024471282,Neutral,0.15459208190441143,Slightly Positive
2020-03-03,147.0,2020-03-03,0.9211212992668152,Strongly Positive,1.0796316787600517,Strongly Positive
2020-03-02,146.0,2020-03-02,0.7860763669013977,Strongly Positive,1.2343066409230232,Strongly Positive
2020-03-01,150.0,,0.0,Neutral,0.6233185082674026,Strongly Positive
2020-02-27,151.0,2020-02-27,0.4762963950634002,Positive,0.6728154867887497,Strongly Positive
2020-02-26,154.0,2020-02-26,-0.5152184963226318,Negative,-0.2770702987909317,Negative
2020-02-25,156.0,2020-02-25,0.9188093543052672,Strongly Positive,0.7802742049098014,Strongly Positive
2020-02-24,150.0,2020-02-24,0.0043060332536697,Neutral,0.33490608632564534,Positive
2020-02-23,152.0,2020-02-23,0.0224795639514923,Neutral,0.25433491915464396,Positive
2020-02-20,149.0,2020-02-20,0.7416114807128906,Strongly Positive,0.7539277710020542,Strongly Positive
2020-02-19,147.0,2020-02-19,0.5676307678222656,Positive,0.944056399166584,Strongly Positive
2020-02-18,150.0,,0.0,Neutral,0.46921825408935547,Positive
2020-02-17,156.0,2020-02-17,0.7569572925567627,Strongly Positive,0.8988649845123291,Strongly Positive
2020-02-16,144.0,2020-02-16,0.3593215346336365,Positive,0.7378001809120178,Strongly Positive
2020-02-13,153.0,2020-02-13,-0.1728152632713318,Slightly Negative,0.19608482718467712,Slightly Positive
2020-02-12,155.0,,0.0,Neutral,0.003422752022743225,Neutral
2020-02-11,141.0,2020-02-11,-0.6466630697250366,Strongly Negative,-0.6898668855428696,Strongly Negative
2020-02-10,147.0,,0.0,Neutral,-0.3233315348625183,Negative
2020-02-09,143.0,,0.0,Neutral,-0.16166576743125916,Slightly Negative
2020-02-06,151.0,,0.0,Neutral,0.0,Neutral
2020-02-05,146.0,2020-02-05,0.879252552986145,Strongly Positive,0.879252552986145,Strongly Positive
2020-02-04,148.0,,0.0,Neutral,0.4396262764930725,Positive
2020-02-03,146.0,,0.0,Neutral,0.21981313824653625,Positive
2020-02-02,148.0,,0.0,Neutral,0.0,Neutral
2020-01-30,143.0,,0.0,Neutral,0.0,Neutral
2020-01-29,140.0,,0.0,Neutral,0.0,Neutral
2020-01-28,140.0,2020-01-28,0.283295214176178,Positive,0.283295214176178,Positive
2020-01-27,139.0,,0.0,Neutral,0.141647607088089,Slightly Positive
2020-01-26,137.0,2020-01-26,0.8893269896507263,Strongly Positive,0.9601507931947708,Strongly Positive
2020-01-23,143.0,,0.0,Neutral,0.44466349482536316,Positive
2020-01-22,141.0,,0.0,Neutral,0.22233174741268158,Positive
2020-01-21,152.0,,0.0,Neutral,0.0,Neutral
2020-01-20,150.0,2020-01-20,-0.2280759774148464,Negative,-0.2280759774148464,Negative
2020-01-19,161.0,,0.0,Neutral,-0.1140379887074232,Slightly Negative
2020-01-16,153.0,,0.0,Neutral,-0.0570189943537116,Slightly Negative
2020-01-15,141.0,,0.0,Neutral,0.0,Neutral
2020-01-14,145.0,2020-01-14,0.5020753741264343,Positive,0.5020753741264343,Positive
2020-01-13,140.0,,0.0,Neutral,0.25103768706321716,Positive
2020-01-12,130.0,,0.0,Neutral,0.12551884353160858,Slightly Positive
2020-01-09,127.0,,0.0,Neutral,0.0,Neutral
2020-01-08,132.0,,0.0,Neutral,0.0,Neutral
2020-01-07,135.0,,0.0,Neutral,0.0,Neutral
2020-01-06,123.0,,0.0,Neutral,0.0,Neutral
2020-01-05,119.0,2020-01-05,0.5616716295480728,Positive,0.5616716295480728,Positive
2020-01-02,117.0,,0.0,Neutral,0.2808358147740364,Positive
2020-01-01,118.0,,0.0,Neutral,0.1404179073870182,Slightly Positive
2019-12-31,118.0,,0.0,Neutral,0.0,Neutral
2019-12-30,117.0,2019-12-30,0.7870628833770752,Strongly Positive,0.7870628833770752,Strongly Positive
2019-12-29,115.0,,0.0,Neutral,0.3935314416885376,Positive
2019-12-26,114.0,2019-12-26,0.3885568231344224,Positive,0.5853225439786912,Positive
2019-12-25,116.0,,0.0,Neutral,0.1942784115672112,Slightly Positive
2019-12-24,115.0,,0.0,Neutral,0.0971392057836056,Slightly Positive
2019-12-23,116.0,,0.0,Neutral,0.0,Neutral
2019-12-22,115.0,,0.0,Neutral,0.0,Neutral
2019-12-19,114.0,,0.0,Neutral,0.0,Neutral
2019-12-18,115.0,,0.0,Neutral,0.0,Neutral
2019-12-17,115.0,,0.0,Neutral,0.0,Neutral
2019-12-16,118.0,,0.0,Neutral,0.0,Neutral
2019-12-15,116.0,,0.0,Neutral,0.0,Neutral
2019-12-12,116.0,,0.0,Neutral,0.0,Neutral
2019-12-11,113.0,,0.0,Neutral,0.0,Neutral
2019-12-10,112.0,,0.0,Neutral,0.0,Neutral
2019-12-09,113.0,,0.0,Neutral,0.0,Neutral
2019-12-05,108.0,,0.0,Neutral,0.0,Neutral
2019-12-04,110.0,,0.0,Neutral,0.0,Neutral
2019-12-03,110.0,2019-12-03,0.618488609790802,Strongly Positive,0.618488609790802,Strongly Positive
2019-12-02,111.0,2019-12-02,0.6570655703544617,Strongly Positive,0.9663098752498627,Strongly Positive
2019-12-01,113.0,,0.0,Neutral,0.48315493762493134,Positive
2019-11-28,111.0,,0.0,Neutral,0.16426639258861542,Slightly Positive
2019-11-27,110.0,,0.0,Neutral,0.0,Neutral
2019-11-26,108.0,,0.0,Neutral,0.0,Neutral
2019-11-25,112.0,,0.0,Neutral,0.0,Neutral
2019-11-24,110.0,2019-11-24,0.7399795055389404,Strongly Positive,0.7399795055389404,Strongly Positive
2019-11-21,109.0,,0.0,Neutral,0.3699897527694702,Positive
2019-11-20,110.0,,0.0,Neutral,0.1849948763847351,Slightly Positive
2019-11-19,111.0,2019-11-19,0.4210245609283447,Positive,0.4210245609283447,Positive
2019-11-18,113.0,,0.0,Neutral,0.21051228046417236,Positive
2019-11-17,110.0,,0.0,Neutral,0.10525614023208618,Slightly Positive
2019-11-14,109.0,,0.0,Neutral,0.0,Neutral
2019-11-13,108.0,,0.0,Neutral,0.0,Neutral
2019-11-12,108.0,,0.0,Neutral,0.0,Neutral
2019-11-11,110.0,,0.0,Neutral,0.0,Neutral
2019-11-10,110.0,2019-11-10,-0.0885843336582183,Slightly Negative,-0.0885843336582183,Slightly Negative
2019-11-07,110.0,,0.0,Neutral,-0.04429216682910915,Neutral
2019-11-05,108.0,,0.0,Neutral,-0.022146083414554575,Neutral
2019-11-04,110.0,2019-11-04,-0.9058239459991456,Strongly Negative,-0.9058239459991456,Strongly Negative
2019-11-03,112.0,,0.0,Neutral,-0.4529119729995728,Negative
2019-10-31,114.0,,0.0,Neutral,-0.2264559864997864,Negative
2019-10-24,115.0,,0.0,Neutral,0.0,Neutral
2019-10-23,111.0,,0.0,Neutral,0.0,Neutral
2019-10-22,105.0,,0.0,Neutral,0.0,Neutral
2019-10-16,107.0,,0.0,Neutral,0.0,Neutral
2019-10-14,108.0,,0.0,Neutral,0.0,Neutral
2019-10-03,111.0,2019-10-03,0.6210771203041077,Strongly Positive,0.6210771203041077,Strongly Positive
2019-10-02,109.0,,0.0,Neutral,0.31053856015205383,Positive
2019-10-01,114.0,2019-10-01,-0.3024523556232452,Negative,-0.14718307554721827,Slightly Negative
2019-09-30,108.0,,0.0,Neutral,-0.1512261778116226,Slightly Negative
2019-09-26,112.0,2019-09-26,0.5172597169876099,Positive,0.44164662808179855,Positive
2019-09-25,116.0,,0.0,Neutral,0.25862985849380493,Positive
2019-09-18,114.0,,0.0,Neutral,0.12931492924690247,Slightly Positive
2019-09-17,111.0,2019-09-17,0.4095453321933746,Positive,0.4095453321933746,Positive
2019-09-16,109.0,2019-09-16,0.4361126124858857,Positive,0.6408852785825729,Strongly Positive
2019-09-15,108.0,2019-09-15,0.6814584136009216,Strongly Positive,1.001901052892208,Strongly Positive
2019-09-12,109.0,,0.0,Neutral,0.4497573599219322,Positive
2019-09-11,109.0,2019-09-11,0.869890034198761,Strongly Positive,1.0402546375989914,Strongly Positive
2019-09-10,107.0,,0.0,Neutral,0.4349450170993805,Positive
2019-09-09,112.0,,0.0,Neutral,0.21747250854969025,Positive
2019-09-08,114.0,2019-09-08,0.7852203249931335,Strongly Positive,0.7852203249931335,Strongly Positive
2019-09-05,115.0,,0.0,Neutral,0.3926101624965668,Positive
2019-09-04,113.0,2019-09-04,0.4178094565868377,Positive,0.6141145378351212,Strongly Positive
2019-09-03,115.0,,0.0,Neutral,0.20890472829341886,Positive
2019-09-02,113.0,2019-09-02,0.521414041519165,Positive,0.6258664056658745,Strongly Positive
2019-09-01,113.0,,0.0,Neutral,0.2607070207595825,Positive
2019-08-29,117.0,,0.0,Neutral,0.13035351037979126,Slightly Positive
2019-08-28,115.0,,0.0,Neutral,0.0,Neutral
2019-08-27,113.0,2019-08-27,0.3579877018928528,Positive,0.3579877018928528,Positive
2019-08-25,112.0,,0.0,Neutral,0.1789938509464264,Slightly Positive
2019-08-21,115.0,,0.0,Neutral,0.0894969254732132,Slightly Positive
2019-08-20,113.0,,0.0,Neutral,0.0,Neutral
2019-08-19,114.0,2019-08-19,0.8192152976989746,Strongly Positive,0.8192152976989746,Strongly Positive
2019-08-18,116.0,,0.0,Neutral,0.4096076488494873,Positive
2019-08-15,115.0,,0.0,Neutral,0.20480382442474365,Positive
2019-08-14,117.0,2019-08-14,0.8356881737709045,Strongly Positive,0.8356881737709045,Strongly Positive
2019-08-13,115.0,2019-08-13,0.6991210579872131,Strongly Positive,1.1169651448726654,Strongly Positive
2019-08-11,116.0,,0.0,Neutral,0.5584825724363327,Positive
2019-08-08,117.0,,0.0,Neutral,0.17478026449680328,Slightly Positive
2019-08-07,119.0,2019-08-07,-0.4570404589176178,Negative,-0.4570404589176178,Negative
2019-08-06,119.0,,0.0,Neutral,-0.2285202294588089,Negative
2019-08-05,118.0,,0.0,Neutral,-0.11426011472940445,Slightly Negative
2019-08-04,119.0,,0.0,Neutral,0.0,Neutral
2019-08-01,120.0,,0.0,Neutral,0.0,Neutral
2019-07-31,121.0,2019-07-31,-0.4471966624259949,Negative,-0.4471966624259949,Negative
2019-07-30,120.0,,0.0,Neutral,-0.22359833121299744,Negative
2019-07-29,118.0,2019-07-29,0.5511285066604614,Positive,0.4393293410539627,Positive
2019-07-28,117.0,,0.0,Neutral,0.2755642533302307,Positive
2019-07-25,119.0,,0.0,Neutral,0.13778212666511536,Slightly Positive
2019-07-24,120.0,2019-07-24,0.8770189881324768,Strongly Positive,0.8770189881324768,Strongly Positive
2019-07-23,122.0,,0.0,Neutral,0.4385094940662384,Positive
2019-07-22,119.0,,0.0,Neutral,0.2192547470331192,Positive
2019-07-21,120.0,2019-07-21,0.1339715123176574,Slightly Positive,0.1339715123176574,Slightly Positive
2019-07-18,119.0,,0.0,Neutral,0.0669857561588287,Slightly Positive
2019-07-17,121.0,2019-07-17,0.8922961354255676,Strongly Positive,0.925789013504982,Strongly Positive
2019-07-16,119.0,,0.0,Neutral,0.4461480677127838,Positive
2019-07-15,119.0,,0.0,Neutral,0.2230740338563919,Positive
2019-07-14,119.0,,0.0,Neutral,0.0,Neutral
2019-07-11,117.0,,0.0,Neutral,0.0,Neutral
2019-07-10,120.0,2019-07-10,-0.4849487543106079,Negative,-0.4849487543106079,Negative
2019-07-09,120.0,,0.0,Neutral,-0.24247437715530396,Negative
2019-07-08,119.0,2019-07-08,0.8237234354019165,Strongly Positive,0.7024862468242645,Strongly Positive
2019-07-07,121.0,2019-07-07,0.8937943577766418,Strongly Positive,1.3056560754776,Strongly Positive
2019-07-04,118.0,2019-07-04,0.6093844771385193,Strongly Positive,1.2622125148773193,Strongly Positive
2019-07-03,119.0,,0.0,Neutral,0.5281408280134201,Positive
2019-07-02,121.0,2019-07-02,-0.2368516623973846,Negative,-0.08450554311275477,Slightly Negative
2019-07-01,118.0,2019-07-01,-0.4330974519252777,Negative,-0.55152328312397,Negative
2019-06-30,118.0,,0.0,Neutral,-0.275761641561985,Negative
2019-06-27,117.0,,0.0,Neutral,-0.10827436298131943,Slightly Negative
2019-06-26,118.0,,0.0,Neutral,0.0,Neutral
2019-06-25,119.0,,0.0,Neutral,0.0,Neutral
2019-06-24,120.0,,0.0,Neutral,0.0,Neutral
2019-06-23,120.0,,0.0,Neutral,0.0,Neutral
2019-06-20,119.0,,0.0,Neutral,0.0,Neutral
2019-06-19,119.0,,0.0,Neutral,0.0,Neutral
2019-06-18,118.0,,0.0,Neutral,0.0,Neutral
2019-06-17,118.0,2019-06-17,-0.6195419430732727,Strongly Negative,-0.6195419430732727,Strongly Negative
2019-06-16,118.0,2019-06-16,0.0492241531610489,Neutral,-0.26054681837558746,Negative
2019-06-13,120.0,,0.0,Neutral,-0.13027340918779373,Slightly Negative
2019-06-12,124.0,,0.0,Neutral,0.012306038290262226,Neutral
2019-06-11,120.0,,0.0,Neutral,0.0,Neutral
2019-06-10,119.0,,0.0,Neutral,0.0,Neutral
2019-06-06,123.0,,0.0,Neutral,0.0,Neutral
2019-06-04,116.0,,0.0,Neutral,0.0,Neutral
2019-06-03,117.0,,0.0,Neutral,0.0,Neutral
2019-06-02,117.0,,0.0,Neutral,0.0,Neutral
2019-05-30,118.0,,0.0,Neutral,0.0,Neutral
2019-05-29,117.0,2019-05-29,0.3382772803306579,Positive,0.3382772803306579,Positive
2019-05-28,115.0,,0.0,Neutral,0.16913864016532895,Slightly Positive
2019-05-27,116.0,,0.0,Neutral,0.08456932008266448,Slightly Positive
2019-05-26,114.0,,0.0,Neutral,0.0,Neutral
2019-05-23,115.0,,0.0,Neutral,0.0,Neutral
2019-05-22,117.0,2019-05-22,0.9192432165145874,Strongly Positive,0.9192432165145874,Strongly Positive
2019-05-21,123.0,,0.0,Neutral,0.4596216082572937,Positive
2019-05-20,114.0,,0.0,Neutral,0.22981080412864685,Positive
2019-05-19,113.0,,0.0,Neutral,0.0,Neutral
2019-05-16,113.0,2019-05-16,0.6019901037216187,Strongly Positive,0.6019901037216187,Strongly Positive
2019-05-15,113.0,,0.0,Neutral,0.3009950518608093,Positive
2019-05-14,112.0,2019-05-14,-0.1161871999502182,Slightly Negative,0.03431032598018646,Neutral
2019-05-13,111.0,,0.0,Neutral,-0.0580935999751091,Slightly Negative
2019-05-12,111.0,,0.0,Neutral,-0.02904679998755455,Neutral
2019-05-09,109.0,,0.0,Neutral,0.0,Neutral
2019-05-08,111.0,,0.0,Neutral,0.0,Neutral
2019-05-07,112.0,,0.0,Neutral,0.0,Neutral
2019-05-06,110.0,,0.0,Neutral,0.0,Neutral
2019-05-05,109.0,,0.0,Neutral,0.0,Neutral
2019-05-02,109.0,,0.0,Neutral,0.0,Neutral
2019-04-30,111.0,,0.0,Neutral,0.0,Neutral
2019-04-29,112.0,2019-04-29,0.6715145111083984,Strongly Positive,0.6715145111083984,Strongly Positive
2019-04-28,113.0,,0.0,Neutral,0.3357572555541992,Positive
2019-04-25,110.0,,0.0,Neutral,0.1678786277770996,Slightly Positive
2019-04-24,111.0,2019-04-24,-0.2091304957866668,Negative,-0.2091304957866668,Negative
2019-04-23,107.0,,0.0,Neutral,-0.1045652478933334,Slightly Negative
2019-04-22,111.0,2019-04-22,0.7112140357494354,Strongly Positive,0.6589314118027687,Strongly Positive
2019-04-21,108.0,2019-04-21,0.2224275916814804,Positive,0.5780346095561981,Positive
2019-04-18,109.0,,0.0,Neutral,0.28901730477809906,Positive
2019-04-17,112.0,,0.0,Neutral,0.0556068979203701,Slightly Positive
2019-04-16,114.0,2019-04-16,0.7619708776473999,Strongly Positive,0.7619708776473999,Strongly Positive
2019-04-15,107.0,,0.0,Neutral,0.38098543882369995,Positive
2019-04-11,109.0,2019-04-11,0.5554110407829285,Positive,0.7459037601947784,Strongly Positive
2019-04-10,108.0,2019-04-10,0.8950625061988831,Strongly Positive,1.1727680265903473,Strongly Positive
2019-04-09,107.0,2019-04-09,0.8805367946624756,Strongly Positive,1.4669208079576492,Strongly Positive
2019-04-08,108.0,,0.0,Neutral,0.6640340238809586,Strongly Positive
2019-04-07,106.0,,0.0,Neutral,0.2201341986656189,Positive
2019-04-04,107.0,,0.0,Neutral,0.0,Neutral
2019-04-03,107.0,2019-04-03,0.8603233098983765,Strongly Positive,0.8603233098983765,Strongly Positive
2019-04-02,108.0,,0.0,Neutral,0.43016165494918823,Positive
2019-04-01,106.0,2019-04-01,0.6460291147232056,Strongly Positive,0.8611099421977997,Strongly Positive
2019-03-31,105.0,,0.0,Neutral,0.3230145573616028,Positive
2019-03-28,106.0,,0.0,Neutral,0.1615072786808014,Slightly Positive
2019-03-27,107.0,,0.0,Neutral,0.0,Neutral
2019-03-26,106.0,2019-03-26,0.5928543210029602,Positive,0.5928543210029602,Positive
2019-03-25,107.0,,0.0,Neutral,0.2964271605014801,Positive
2019-03-24,106.0,,0.0,Neutral,0.14821358025074005,Slightly Positive
2019-03-21,106.0,,0.0,Neutral,0.0,Neutral
2019-03-19,107.0,2019-03-19,0.4687463641166687,Positive,0.4687463641166687,Positive
2019-03-18,107.0,,0.0,Neutral,0.23437318205833435,Positive
2019-03-17,110.0,,0.0,Neutral,0.11718659102916718,Slightly Positive
2019-03-14,107.0,,0.0,Neutral,0.0,Neutral
2019-03-13,105.0,,0.0,Neutral,0.0,Neutral
2019-03-12,105.0,,0.0,Neutral,0.0,Neutral
2019-03-11,105.0,2019-03-11,-0.5805007219314575,Negative,-0.5805007219314575,Negative
2019-03-10,109.0,,0.0,Neutral,-0.29025036096572876,Negative
2019-03-07,107.0,2019-03-07,0.8529539108276367,Strongly Positive,0.7078287303447723,Strongly Positive
2019-03-06,112.0,,0.0,Neutral,0.42647695541381836,Positive
2019-03-05,114.0,2019-03-05,-0.6652853488922119,Strongly Negative,-0.45204687118530273,Negative
2019-03-03,109.0,,0.0,Neutral,-0.33264267444610596,Negative
2019-02-27,108.0,,0.0,Neutral,-0.16632133722305298,Slightly Negative
2019-02-26,107.0,,0.0,Neutral,0.0,Neutral
2019-02-25,110.0,,0.0,Neutral,0.0,Neutral
2019-02-21,112.0,,0.0,Neutral,0.0,Neutral
2019-02-20,110.0,2019-02-20,-0.000268280506134,Neutral,-0.000268280506134,Neutral
2019-02-19,112.0,,0.0,Neutral,-0.000134140253067,Neutral
2019-02-18,112.0,2019-02-18,0.5097264647483826,Positive,0.5096593946218491,Positive
2019-02-17,112.0,,0.0,Neutral,0.2548632323741913,Positive
2019-02-14,110.0,,0.0,Neutral,0.12743161618709564,Slightly Positive
2019-02-13,110.0,,0.0,Neutral,0.0,Neutral
2019-02-12,111.0,,0.0,Neutral,0.0,Neutral
2019-02-11,110.0,,0.0,Neutral,0.0,Neutral
2019-02-10,110.0,,0.0,Neutral,0.0,Neutral
2019-02-07,113.0,,0.0,Neutral,0.0,Neutral
2019-02-06,109.0,,0.0,Neutral,0.0,Neutral
2019-02-05,110.0,,0.0,Neutral,0.0,Neutral
2019-02-04,113.0,2019-02-04,-0.7323634028434753,Strongly Negative,-0.7323634028434753,Strongly Negative
2019-02-03,109.0,2019-02-03,0.4023022949695587,Positive,0.036120593547821045,Neutral
2019-01-31,110.0,,0.0,Neutral,0.018060296773910522,Neutral
2019-01-30,110.0,2019-01-30,0.127448558807373,Slightly Positive,0.22802413254976267,Positive
2019-01-29,112.0,,0.0,Neutral,0.0637242794036865,Slightly Positive
2019-01-28,110.0,,0.0,Neutral,0.03186213970184325,Neutral
2019-01-27,110.0,,0.0,Neutral,0.0,Neutral
2019-01-24,111.0,2019-01-24,0.6918145418167114,Strongly Positive,0.6918145418167114,Strongly Positive
2019-01-22,115.0,,0.0,Neutral,0.3459072709083557,Positive
2019-01-21,116.0,2019-01-21,0.4966762065887451,Positive,0.669629842042923,Strongly Positive
2019-01-17,113.0,,0.0,Neutral,0.24833810329437256,Positive
2019-01-16,109.0,,0.0,Neutral,0.12416905164718628,Slightly Positive
2019-01-13,114.0,,0.0,Neutral,0.0,Neutral
2019-01-09,110.0,2019-01-09,0.7550469636917114,Strongly Positive,0.7550469636917114,Strongly Positive
2019-01-08,108.0,2019-01-08,0.7743663191795349,Strongly Positive,1.1518898010253906,Strongly Positive
2019-01-07,110.0,2019-01-07,0.7200121879577637,Strongly Positive,1.295957088470459,Strongly Positive
2019-01-06,109.0,2019-01-06,0.5872798562049866,Positive,1.1408775299787521,Strongly Positive
2019-01-03,109.0,,0.0,Neutral,0.4736429750919342,Positive
2019-01-02,111.0,2019-01-02,-0.4312562644481659,Negative,-0.28443630039691925,Negative
2019-01-01,111.0,2019-01-01,0.5289696455001831,Positive,0.31334151327610016,Positive
2018-12-31,111.0,2018-12-31,0.8081836700439453,Strongly Positive,0.9648544266819954,Strongly Positive
2018-12-30,109.0,2018-12-30,0.8666418790817261,Strongly Positive,1.4029761254787445,Strongly Positive
2018-12-27,110.0,2018-12-27,0.8413619995117188,Strongly Positive,1.4767288565635681,Strongly Positive
2018-12-26,110.0,2018-12-26,0.5205397605895996,Positive,1.1578812301158905,Strongly Positive
2018-12-25,110.0,,0.0,Neutral,0.4706103801727295,Positive
2018-12-24,112.0,2018-12-24,0.912123441696167,Strongly Positive,1.042258381843567,Strongly Positive
2018-12-23,110.0,,0.0,Neutral,0.4560617208480835,Positive
2018-12-20,111.0,2018-12-20,-0.2122925519943237,Negative,0.015738308429718045,Neutral
2018-12-19,115.0,2018-12-19,-0.3084029853343963,Negative,-0.41454926133155817,Negative
2018-12-18,116.0,,0.0,Neutral,-0.20727463066577909,Negative
2018-12-17,116.0,,0.0,Neutral,-0.07710074633359908,Slightly Negative
2018-12-16,114.0,2018-12-16,0.7137515544891357,Strongly Positive,0.7137515544891357,Strongly Positive
2018-12-13,110.0,2018-12-13,-0.1332300901412964,Slightly Negative,0.22364568710327148,Positive
2018-12-12,114.0,,0.0,Neutral,0.11182284355163574,Slightly Positive
2018-12-11,112.0,2018-12-11,0.8785602450370789,Strongly Positive,0.8452527225017548,Strongly Positive
2018-12-09,109.0,,0.0,Neutral,0.43928012251853943,Positive
2018-12-06,108.0,,0.0,Neutral,0.21964006125926971,Positive
2018-12-05,110.0,,0.0,Neutral,0.0,Neutral
2018-12-04,109.0,2018-12-04,0.033573567867279,Neutral,0.033573567867279,Neutral
2018-12-03,109.0,,0.0,Neutral,0.0167867839336395,Neutral
2018-12-02,109.0,2018-12-02,0.0572157725691795,Slightly Positive,0.06560916453599924,Slightly Positive
2018-11-29,110.0,2018-11-29,0.8101602792739868,Strongly Positive,0.8387681655585766,Strongly Positive
2018-11-28,110.0,,0.0,Neutral,0.4193840827792883,Positive
2018-11-27,112.0,,0.0,Neutral,0.2025400698184967,Positive
2018-11-26,110.0,,0.0,Neutral,0.0,Neutral
2018-11-25,112.0,,0.0,Neutral,0.0,Neutral
2018-11-22,112.0,,0.0,Neutral,0.0,Neutral
2018-11-21,111.0,,0.0,Neutral,0.0,Neutral
2018-11-20,113.0,,0.0,Neutral,0.0,Neutral
2018-11-19,115.0,2018-11-19,0.5714744180440903,Positive,0.5714744180440903,Positive
2018-11-18,116.0,,0.0,Neutral,0.28573720902204514,Positive
2018-11-15,116.0,,0.0,Neutral,0.14286860451102257,Slightly Positive
2018-11-14,114.0,,0.0,Neutral,0.0,Neutral
2018-11-13,114.0,2018-11-13,-0.1938473582267761,Slightly Negative,-0.1938473582267761,Slightly Negative
2018-11-12,116.0,,0.0,Neutral,-0.09692367911338805,Slightly Negative
2018-11-05,117.0,,0.0,Neutral,-0.048461839556694024,Neutral
2018-11-04,115.0,,0.0,Neutral,0.0,Neutral
2018-11-01,116.0,,0.0,Neutral,0.0,Neutral
2018-10-31,118.0,,0.0,Neutral,0.0,Neutral
2018-10-30,128.0,,0.0,Neutral,0.0,Neutral
2018-10-29,126.0,,0.0,Neutral,0.0,Neutral
2018-10-28,125.0,,0.0,Neutral,0.0,Neutral
2018-10-25,124.0,,0.0,Neutral,0.0,Neutral
2018-10-24,126.0,,0.0,Neutral,0.0,Neutral
2018-10-23,124.0,,0.0,Neutral,0.0,Neutral
2018-10-22,125.0,,0.0,Neutral,0.0,Neutral
2018-10-21,126.0,,0.0,Neutral,0.0,Neutral
2018-10-15,126.0,2018-10-15,-0.192320704460144,Slightly Negative,-0.192320704460144,Slightly Negative
2018-10-14,124.0,,0.0,Neutral,-0.096160352230072,Slightly Negative
2018-10-11,122.0,,0.0,Neutral,-0.048080176115036,Neutral
2018-10-10,120.0,2018-10-10,-0.1620651185512542,Slightly Negative,-0.1620651185512542,Slightly Negative
2018-10-09,122.0,,0.0,Neutral,-0.0810325592756271,Slightly Negative
2018-10-08,124.0,,0.0,Neutral,-0.04051627963781355,Neutral
2018-10-07,118.0,,0.0,Neutral,0.0,Neutral
2018-10-04,124.0,,0.0,Neutral,0.0,Neutral
2018-10-03,120.0,,0.0,Neutral,0.0,Neutral
2018-10-02,124.0,,0.0,Neutral,0.0,Neutral
2018-10-01,120.0,,0.0,Neutral,0.0,Neutral
2018-09-30,122.0,,0.0,Neutral,0.0,Neutral
2018-09-27,127.0,,0.0,Neutral,0.0,Neutral
2018-09-26,124.0,,0.0,Neutral,0.0,Neutral
2018-09-25,128.0,,0.0,Neutral,0.0,Neutral
2018-09-23,123.0,2018-09-23,0.8959836959838867,Strongly Positive,0.8959836959838867,Strongly Positive
2018-09-20,123.0,,0.0,Neutral,0.44799184799194336,Positive
2018-09-18,119.0,2018-09-18,0.4713515937328338,Positive,0.6953475177288055,Strongly Positive
2018-09-17,121.0,,0.0,Neutral,0.2356757968664169,Positive
2018-09-16,120.0,2018-09-16,0.4487057030200958,Positive,0.5665436014533043,Positive
2018-09-13,119.0,,0.0,Neutral,0.2243528515100479,Positive
2018-09-12,121.0,,0.0,Neutral,0.11217642575502396,Slightly Positive
2018-09-11,118.0,,0.0,Neutral,0.0,Neutral
2018-09-10,122.0,,0.0,Neutral,0.0,Neutral
2018-09-05,124.0,,0.0,Neutral,0.0,Neutral
2018-09-04,118.0,,0.0,Neutral,0.0,Neutral
2018-09-03,121.0,,0.0,Neutral,0.0,Neutral
2018-09-02,117.0,2018-09-02,0.9213955402374268,Strongly Positive,0.9213955402374268,Strongly Positive
2018-08-30,117.0,,0.0,Neutral,0.4606977701187134,Positive
2018-08-29,114.0,,0.0,Neutral,0.2303488850593567,Positive
2018-08-28,118.0,2018-08-28,0.8678902387619019,Strongly Positive,0.8678902387619019,Strongly Positive
2018-08-22,117.0,2018-08-22,0.9089189767837524,Strongly Positive,1.3428640961647034,Strongly Positive
2018-08-21,115.0,,0.0,Neutral,0.6714320480823517,Strongly Positive
2018-08-20,117.0,,0.0,Neutral,0.2272297441959381,Positive
2018-08-19,117.0,2018-08-19,0.6557104587554932,Strongly Positive,0.6557104587554932,Strongly Positive
2018-08-16,121.0,2018-08-16,0.8950644135475159,Strongly Positive,1.2229196429252625,Strongly Positive
2018-08-15,120.0,2018-08-15,-0.1866932809352874,Slightly Negative,0.42476654052734386,Positive
2018-08-14,115.0,,0.0,Neutral,0.13041946291923529,Slightly Positive
2018-08-13,114.0,2018-08-13,0.5976293087005615,Positive,0.5509559884667397,Positive
2018-08-12,114.0,,0.0,Neutral,0.29881465435028076,Positive
2018-08-09,113.0,2018-08-09,0.9233427047729492,Strongly Positive,1.0727500319480896,Strongly Positive
2018-08-08,115.0,,0.0,Neutral,0.4616713523864746,Positive
2018-08-07,114.0,,0.0,Neutral,0.2308356761932373,Positive
2018-08-06,116.0,,0.0,Neutral,0.0,Neutral
2018-08-05,114.0,,0.0,Neutral,0.0,Neutral
2018-08-02,116.0,2018-08-02,-0.2557297945022583,Negative,-0.2557297945022583,Negative
2018-08-01,116.0,2018-08-01,0.7616575956344604,Strongly Positive,0.6337926983833313,Strongly Positive
2018-07-31,110.0,2018-07-31,0.8481963723897934,Strongly Positive,1.165092721581459,Strongly Positive
2018-07-30,112.0,,0.0,Neutral,0.6145125851035118,Strongly Positive
2018-07-29,112.0,,0.0,Neutral,0.21204909309744835,Positive
2018-07-26,113.0,2018-07-26,0.8805007934570312,Strongly Positive,0.8805007934570312,Strongly Positive
2018-07-25,114.0,2018-07-25,0.5625090003013611,Positive,1.0027593970298767,Strongly Positive
2018-07-24,112.0,2018-07-24,0.8712472915649414,Strongly Positive,1.3726269900798798,Strongly Positive
2018-07-23,116.0,,0.0,Neutral,0.576250895857811,Positive
2018-07-22,117.0,2018-07-22,0.5804762393236159,Positive,0.7982880622148513,Strongly Positive
2018-07-19,115.0,,0.0,Neutral,0.29023811966180796,Positive
2018-07-18,116.0,2018-07-18,-0.6905643939971924,Strongly Negative,-0.5454453341662884,Negative
2018-07-17,114.0,2018-07-17,0.8452868461608887,Strongly Positive,0.5000046491622925,Positive
2018-07-16,114.0,,0.0,Neutral,0.25000232458114624,Positive
2018-07-15,113.0,2018-07-15,-0.0455491840839386,Neutral,0.16577252745628357,Slightly Positive
2018-07-12,112.0,2018-07-12,-0.1427455693483352,Slightly Negative,-0.1655201613903045,Slightly Negative
2018-07-11,114.0,2018-07-11,0.1307443678379058,Slightly Positive,0.047984287142753546,Neutral
2018-07-10,113.0,,0.0,Neutral,0.029685791581869098,Neutral
2018-07-09,113.0,,0.0,Neutral,0.03268609195947645,Neutral
2018-07-08,114.0,2018-07-08,0.7769768834114075,Strongly Positive,0.7769768834114075,Strongly Positive
2018-07-05,118.0,,0.0,Neutral,0.38848844170570374,Positive
2018-07-04,116.0,2018-07-04,0.3696541786193847,Positive,0.5638983994722366,Positive
2018-07-03,115.0,,0.0,Neutral,0.18482708930969236,Slightly Positive
2018-07-02,115.0,,0.0,Neutral,0.09241354465484618,Slightly Positive
2018-07-01,117.0,,0.0,Neutral,0.0,Neutral
2018-06-28,117.0,,0.0,Neutral,0.0,Neutral
2018-06-27,113.0,2018-06-27,0.6418185830116272,Strongly Positive,0.6418185830116272,Strongly Positive
2018-06-26,115.0,,0.0,Neutral,0.3209092915058136,Positive
2018-06-25,118.0,,0.0,Neutral,0.1604546457529068,Slightly Positive
2018-06-24,116.0,,0.0,Neutral,0.0,Neutral
2018-06-21,114.0,,0.0,Neutral,0.0,Neutral
2018-06-20,113.0,,0.0,Neutral,0.0,Neutral
2018-06-19,114.0,,0.0,Neutral,0.0,Neutral
2018-06-18,116.0,,0.0,Neutral,0.0,Neutral
2018-06-17,115.0,2018-06-17,0.508649468421936,Positive,0.508649468421936,Positive
2018-06-14,116.0,,0.0,Neutral,0.254324734210968,Positive
2018-06-13,117.0,2018-06-13,-0.3404492735862732,Negative,-0.21328690648078918,Negative
2018-06-11,116.0,,0.0,Neutral,-0.1702246367931366,Slightly Negative
2018-06-10,115.0,,0.0,Neutral,-0.0851123183965683,Slightly Negative
2018-06-07,116.0,2018-06-07,0.787387490272522,Strongly Positive,0.787387490272522,Strongly Positive
2018-06-06,115.0,,0.0,Neutral,0.393693745136261,Positive
2018-06-04,117.0,2018-06-04,0.8630961179733276,Strongly Positive,1.0599429905414581,Strongly Positive
2018-06-03,117.0,2018-06-03,0.3452410101890564,Positive,0.7767890691757202,Strongly Positive
2018-05-31,119.0,,0.0,Neutral,0.3883945345878601,Positive
2018-05-30,120.0,2018-05-30,0.7039557695388794,Strongly Positive,0.7902660220861435,Strongly Positive
2018-05-29,120.0,,0.0,Neutral,0.3519778847694397,Positive
2018-05-28,122.0,,0.0,Neutral,0.17598894238471985,Slightly Positive
2018-05-27,120.0,,0.0,Neutral,0.0,Neutral
2018-05-24,124.0,,0.0,Neutral,0.0,Neutral
2018-05-23,122.0,,0.0,Neutral,0.0,Neutral
2018-05-22,120.0,2018-05-22,0.7939203977584839,Strongly Positive,0.7939203977584839,Strongly Positive
2018-05-20,128.0,,0.0,Neutral,0.39696019887924194,Positive
2018-05-17,120.0,,0.0,Neutral,0.19848009943962097,Slightly Positive
2018-05-16,121.0,,0.0,Neutral,0.0,Neutral
2018-05-15,117.0,,0.0,Neutral,0.0,Neutral
2018-05-14,119.0,2018-05-14,0.7037050724029541,Strongly Positive,0.7037050724029541,Strongly Positive
2018-05-10,120.0,,0.0,Neutral,0.35185253620147705,Positive
2018-05-09,120.0,,0.0,Neutral,0.17592626810073853,Slightly Positive
2018-05-08,123.0,2018-05-08,0.7442371547222137,Strongly Positive,0.7442371547222137,Strongly Positive
2018-05-06,130.0,,0.0,Neutral,0.3721185773611069,Positive
2018-05-03,124.0,,0.0,Neutral,0.18605928868055344,Slightly Positive
2018-05-02,124.0,,0.0,Neutral,0.0,Neutral
2018-04-29,118.0,,0.0,Neutral,0.0,Neutral
2018-04-26,120.0,2018-04-26,-0.1422680616378784,Slightly Negative,-0.1422680616378784,Slightly Negative
2018-04-25,121.0,,0.0,Neutral,-0.0711340308189392,Slightly Negative
2018-04-24,125.0,,0.0,Neutral,-0.0355670154094696,Neutral
2018-04-23,128.0,,0.0,Neutral,0.0,Neutral
2018-04-22,134.0,,0.0,Neutral,0.0,Neutral
2018-04-19,122.0,,0.0,Neutral,0.0,Neutral
2018-04-18,128.0,2018-04-18,0.7243727445602417,Strongly Positive,0.7243727445602417,Strongly Positive
2018-04-17,122.0,2018-04-17,-0.4689792692661285,Negative,-0.10679289698600763,Slightly Negative
2018-04-16,121.0,,0.0,Neutral,-0.05339644849300382,Slightly Negative
2018-04-15,120.0,2018-04-15,0.9221633076667786,Strongly Positive,0.8049184903502464,Strongly Positive
2018-04-12,118.0,2018-04-12,-0.6430073976516724,Strongly Negative,-0.18192574381828308,Slightly Negative
2018-04-11,122.0,,0.0,Neutral,-0.09096287190914154,Slightly Negative
2018-04-10,123.0,,0.0,Neutral,-0.1607518494129181,Slightly Negative
2018-04-09,125.0,,0.0,Neutral,0.0,Neutral
2018-04-08,123.0,2018-04-08,0.4547261595726013,Positive,0.4547261595726013,Positive
2018-04-05,121.0,,0.0,Neutral,0.22736307978630066,Positive
2018-04-04,119.0,2018-04-04,0.8857042789459229,Strongly Positive,0.9993858188390732,Strongly Positive
2018-04-02,117.0,2018-04-02,0.6707487106323242,Strongly Positive,1.1136008501052856,Strongly Positive
2018-04-01,119.0,,0.0,Neutral,0.5568004250526428,Positive
2018-03-29,119.0,,0.0,Neutral,0.16768717765808105,Slightly Positive
2018-03-28,117.0,2018-03-28,0.6803320646286011,Strongly Positive,0.6803320646286011,Strongly Positive
2018-03-27,116.0,2018-03-27,-0.2121085226535797,Negative,0.12805750966072083,Slightly Positive
2018-03-26,114.0,,0.0,Neutral,0.06402875483036041,Slightly Positive
2018-03-22,119.0,2018-03-22,0.6458000540733337,Strongly Positive,0.5927729234099388,Positive
2018-03-21,121.0,,0.0,Neutral,0.32290002703666687,Positive
2018-03-20,122.0,,0.0,Neutral,0.16145001351833344,Slightly Positive
2018-03-19,121.0,,0.0,Neutral,0.0,Neutral
2018-03-18,123.0,2018-03-18,-0.5104734301567078,Negative,-0.5104734301567078,Negative
2018-03-14,123.0,,0.0,Neutral,-0.2552367150783539,Negative
2018-03-13,123.0,,0.0,Neutral,-0.12761835753917694,Slightly Negative
2018-03-12,123.0,,0.0,Neutral,0.0,Neutral
2018-03-11,126.0,,0.0,Neutral,0.0,Neutral
2018-03-07,128.0,2018-03-07,-0.3192073702812195,Negative,-0.3192073702812195,Negative
2018-03-06,128.0,,0.0,Neutral,-0.15960368514060974,Slightly Negative
2018-03-05,129.0,,0.0,Neutral,-0.07980184257030487,Slightly Negative
2018-02-28,131.0,2018-02-28,-0.4559577703475952,Negative,-0.4559577703475952,Negative
2018-02-27,135.0,2018-02-27,-0.5017960667610168,Negative,-0.7297749519348145,Strongly Negative
2018-02-20,139.0,,0.0,Neutral,-0.3648874759674072,Negative
2018-02-18,141.0,2018-02-18,-0.7218689322471619,Strongly Negative,-0.8473179489374161,Strongly Negative
2018-02-15,143.0,2018-02-15,0.89710932970047,Strongly Positive,0.536174863576889,Positive
2018-02-14,135.0,,0.0,Neutral,0.2680874317884445,Positive
2018-02-12,137.0,2018-02-12,0.1932896673679351,Slightly Positive,0.41756699979305256,Positive
2018-02-11,135.0,,0.0,Neutral,0.09664483368396755,Slightly Positive
2018-02-08,135.0,,0.0,Neutral,0.048322416841983774,Neutral
2018-02-07,135.0,,0.0,Neutral,0.0,Neutral
2018-02-06,137.0,,0.0,Neutral,0.0,Neutral
2018-02-05,133.0,2018-02-05,0.8875495791435242,Strongly Positive,0.8875495791435242,Strongly Positive
2018-02-04,133.0,,0.0,Neutral,0.4437747895717621,Positive
2018-02-01,136.0,,0.0,Neutral,0.22188739478588104,Positive
2018-01-31,138.0,,0.0,Neutral,0.0,Neutral
2018-01-29,137.0,,0.0,Neutral,0.0,Neutral
2018-01-28,137.0,2018-01-28,0.9140734672546388,Strongly Positive,0.9140734672546388,Strongly Positive
2018-01-25,136.0,,0.0,Neutral,0.4570367336273194,Positive
2018-01-24,136.0,,0.0,Neutral,0.2285183668136597,Positive
2018-01-23,136.0,,0.0,Neutral,0.0,Neutral
2018-01-22,134.0,,0.0,Neutral,0.0,Neutral
2018-01-21,137.0,2018-01-21,0.326934814453125,Positive,0.326934814453125,Positive
2018-01-17,136.0,,0.0,Neutral,0.1634674072265625,Slightly Positive
2018-01-16,134.0,2018-01-16,0.912229597568512,Strongly Positive,0.9939633011817932,Strongly Positive
2018-01-14,134.0,,0.0,Neutral,0.456114798784256,Positive
2018-01-10,143.0,2018-01-10,-0.1146869361400604,Slightly Negative,0.1133704632520676,Slightly Positive
2018-01-09,142.0,,0.0,Neutral,-0.0573434680700302,Slightly Negative
2018-01-08,142.0,2018-01-08,0.5098813772201538,Positive,0.4812096431851387,Positive
2018-01-07,136.0,2018-01-07,0.9193395376205444,Strongly Positive,1.1742802262306213,Strongly Positive
2018-01-04,138.0,,0.0,Neutral,0.5871401131153107,Positive
2018-01-03,140.0,,0.0,Neutral,0.2298348844051361,Positive
2018-01-02,142.0,2018-01-02,0.907924234867096,Strongly Positive,0.907924234867096,Strongly Positive
2018-01-01,144.0,,0.0,Neutral,0.453962117433548,Positive
2017-12-31,136.0,,0.0,Neutral,0.226981058716774,Positive
2017-12-28,138.0,,0.0,Neutral,0.0,Neutral
2017-12-26,145.0,,0.0,Neutral,0.0,Neutral
2017-12-24,145.0,2017-12-24,0.5628668665885925,Positive,0.5628668665885925,Positive
2017-12-21,145.0,,0.0,Neutral,0.28143343329429626,Positive
2017-12-20,147.0,,0.0,Neutral,0.14071671664714813,Slightly Positive
2017-12-19,145.0,,0.0,Neutral,0.0,Neutral
2017-12-18,172.0,,0.0,Neutral,0.0,Neutral
2017-12-17,179.0,,0.0,Neutral,0.0,Neutral
2017-12-14,184.0,,0.0,Neutral,0.0,Neutral
2017-12-13,184.0,,0.0,Neutral,0.0,Neutral
2017-12-12,185.0,,0.0,Neutral,0.0,Neutral
2017-12-11,184.0,2017-12-11,0.5815926194190979,Positive,0.5815926194190979,Positive
2017-12-10,182.0,,0.0,Neutral,0.29079630970954895,Positive
2017-12-06,191.0,,0.0,Neutral,0.14539815485477448,Slightly Positive
2017-12-05,184.0,2017-12-05,0.1702946424484253,Slightly Positive,0.1702946424484253,Slightly Positive
2017-12-04,184.0,,0.0,Neutral,0.08514732122421265,Slightly Positive
2017-11-30,188.0,,0.0,Neutral,0.04257366061210632,Neutral
2017-11-29,194.0,,0.0,Neutral,0.0,Neutral
2017-11-28,185.0,2017-11-28,-0.5181993842124939,Negative,-0.5181993842124939,Negative
2017-11-27,187.0,,0.0,Neutral,-0.25909969210624695,Negative
2017-11-26,187.0,,0.0,Neutral,-0.12954984605312347,Slightly Negative
2017-11-23,184.0,2017-11-23,0.5980113744735718,Positive,0.5980113744735718,Positive
2017-11-22,188.0,,0.0,Neutral,0.2990056872367859,Positive
2017-11-21,186.0,,0.0,Neutral,0.14950284361839294,Slightly Positive
2017-11-19,189.0,,0.0,Neutral,0.0,Neutral
2017-11-16,192.0,,0.0,Neutral,0.0,Neutral
2017-11-15,192.0,,0.0,Neutral,0.0,Neutral
2017-11-14,193.0,2017-11-14,-0.7073986530303955,Strongly Negative,-0.7073986530303955,Strongly Negative
2017-11-13,192.0,,0.0,Neutral,-0.35369932651519775,Negative
2017-11-12,195.0,2017-11-12,0.9169417023658752,Strongly Positive,0.7400920391082764,Strongly Positive
2017-11-09,192.0,,0.0,Neutral,0.4584708511829376,Positive
2017-11-08,191.0,,0.0,Neutral,0.2292354255914688,Positive
2017-11-07,191.0,2017-11-07,0.3921329081058502,Positive,0.3921329081058502,Positive
2017-11-06,190.0,2017-11-06,0.2062046229839325,Positive,0.4022710770368576,Positive
2017-11-05,188.0,,0.0,Neutral,0.2011355385184288,Positive
2017-11-02,189.0,,0.0,Neutral,0.051551155745983124,Slightly Positive
2017-11-01,187.0,,0.0,Neutral,0.0,Neutral
2017-10-31,188.0,,0.0,Neutral,0.0,Neutral
2017-10-30,189.0,,0.0,Neutral,0.0,Neutral
2017-10-29,192.0,2017-10-29,-0.1552224159240722,Slightly Negative,-0.1552224159240722,Slightly Negative
2017-10-25,197.0,,0.0,Neutral,-0.0776112079620361,Slightly Negative
2017-10-24,195.0,2017-10-24,0.3031669482588768,Positive,0.26436134427785873,Positive
2017-10-23,198.0,,0.0,Neutral,0.1515834741294384,Slightly Positive
2017-10-22,192.0,,0.0,Neutral,0.0757917370647192,Slightly Positive
2017-10-18,191.0,,0.0,Neutral,0.0,Neutral
2017-10-17,186.0,,0.0,Neutral,0.0,Neutral
2017-10-16,190.0,2017-10-16,0.7397989630699158,Strongly Positive,0.7397989630699158,Strongly Positive
2017-10-15,181.0,,0.0,Neutral,0.3698994815349579,Positive
2017-10-12,181.0,,0.0,Neutral,0.18494974076747894,Slightly Positive
2017-10-11,179.0,,0.0,Neutral,0.0,Neutral
2017-10-10,180.0,,0.0,Neutral,0.0,Neutral
2017-10-09,182.0,,0.0,Neutral,0.0,Neutral
2017-10-08,188.0,,0.0,Neutral,0.0,Neutral
2017-09-26,187.0,,0.0,Neutral,0.0,Neutral
2017-09-25,190.0,2017-09-25,0.6380407959222794,Strongly Positive,0.6380407959222794,Strongly Positive
2017-09-24,181.0,,0.0,Neutral,0.3190203979611397,Positive
2017-09-20,184.0,,0.0,Neutral,0.15951019898056984,Slightly Positive
2017-09-18,187.0,,0.0,Neutral,0.0,Neutral
2017-09-17,188.0,,0.0,Neutral,0.0,Neutral
2017-09-14,187.0,,0.0,Neutral,0.0,Neutral
2017-09-13,175.0,,0.0,Neutral,0.0,Neutral
2017-09-12,180.0,2017-09-12,0.1277060508728027,Slightly Positive,0.1277060508728027,Slightly Positive
2017-09-11,183.0,,0.0,Neutral,0.06385302543640135,Slightly Positive
2017-09-10,182.0,,0.0,Neutral,0.03192651271820068,Neutral
2017-09-07,188.0,,0.0,Neutral,0.0,Neutral
2017-09-06,184.0,2017-09-06,0.8836968541145325,Strongly Positive,0.8836968541145325,Strongly Positive
2017-09-04,178.0,2017-09-04,0.0743787288665771,Slightly Positive,0.5162271559238434,Positive
2017-08-31,178.0,,0.0,Neutral,0.2581135779619217,Positive
2017-08-30,189.0,,0.0,Neutral,0.018594682216644277,Neutral
2017-08-28,192.0,,0.0,Neutral,0.0,Neutral
2017-08-27,195.0,2017-08-27,0.9203059077262878,Strongly Positive,0.9203059077262878,Strongly Positive
2017-08-24,196.0,,0.0,Neutral,0.4601529538631439,Positive
2017-08-23,201.0,,0.0,Neutral,0.23007647693157196,Positive
2017-08-22,198.0,,0.0,Neutral,0.0,Neutral
2017-08-21,192.0,2017-08-21,0.9056445956230164,Strongly Positive,0.9056445956230164,Strongly Positive
2017-08-20,195.0,,0.0,Neutral,0.4528222978115082,Positive
2017-08-17,196.0,2017-08-17,0.7896273136138916,Strongly Positive,1.0160384625196457,Strongly Positive
2017-08-16,200.0,,0.0,Neutral,0.3948136568069458,Positive
2017-08-15,201.0,,0.0,Neutral,0.1974068284034729,Slightly Positive
2017-08-13,200.0,,0.0,Neutral,0.0,Neutral
2017-08-10,203.0,2017-08-10,0.8426941633224487,Strongly Positive,0.8426941633224487,Strongly Positive
2017-08-09,204.0,,0.0,Neutral,0.42134708166122437,Positive
2017-08-07,201.0,,0.0,Neutral,0.21067354083061218,Positive
2017-08-06,205.0,,0.0,Neutral,0.0,Neutral
2017-08-03,213.0,,0.0,Neutral,0.0,Neutral
2017-08-02,205.0,,0.0,Neutral,0.0,Neutral
2017-08-01,213.0,,0.0,Neutral,0.0,Neutral
2017-07-31,205.0,2017-07-31,0.5858557224273682,Positive,0.5858557224273682,Positive
2017-07-30,194.0,,0.0,Neutral,0.2929278612136841,Positive
2017-07-27,200.0,,0.0,Neutral,0.14646393060684204,Slightly Positive
2017-07-26,198.0,,0.0,Neutral,0.0,Neutral
2017-07-25,197.0,,0.0,Neutral,0.0,Neutral
2017-07-24,193.0,,0.0,Neutral,0.0,Neutral
2017-07-23,196.0,,0.0,Neutral,0.0,Neutral
2017-07-20,197.0,2017-07-20,-0.3135278224945068,Negative,-0.3135278224945068,Negative
2017-07-19,196.0,,0.0,Neutral,-0.1567639112472534,Slightly Negative
2017-07-18,200.0,,0.0,Neutral,-0.0783819556236267,Slightly Negative
2017-07-17,191.0,2017-07-17,0.9291043877601624,Strongly Positive,0.9291043877601624,Strongly Positive
2017-07-16,190.0,,0.0,Neutral,0.4645521938800812,Positive
2017-07-13,191.0,,0.0,Neutral,0.2322760969400406,Positive
2017-07-12,190.0,,0.0,Neutral,0.0,Neutral
2017-07-11,190.0,,0.0,Neutral,0.0,Neutral
2017-07-10,197.0,,0.0,Neutral,0.0,Neutral
2017-07-09,189.0,,0.0,Neutral,0.0,Neutral
2017-07-06,172.0,2017-07-06,0.9184584617614746,Strongly Positive,0.9184584617614746,Strongly Positive
2017-07-05,172.0,2017-07-05,0.925973892211914,Strongly Positive,1.3852031230926514,Strongly Positive
2017-07-04,169.0,,0.0,Neutral,0.6926015615463257,Strongly Positive
2017-07-03,169.0,,0.0,Neutral,0.2314934730529785,Positive
2017-07-02,166.0,2017-07-02,0.8309491276741028,Strongly Positive,0.8309491276741028,Strongly Positive
2017-06-28,169.0,,0.0,Neutral,0.4154745638370514,Positive
2017-06-27,175.0,,0.0,Neutral,0.2077372819185257,Positive
2017-06-25,175.0,,0.0,Neutral,0.0,Neutral
2017-06-22,170.0,,0.0,Neutral,0.0,Neutral
2017-06-21,167.0,,0.0,Neutral,0.0,Neutral
2017-06-20,176.0,,0.0,Neutral,0.0,Neutral
2017-06-19,184.0,2017-06-19,0.2736774682998657,Positive,0.2736774682998657,Positive
2017-06-18,190.0,,0.0,Neutral,0.13683873414993286,Slightly Positive
2017-06-15,190.0,,0.0,Neutral,0.06841936707496643,Slightly Positive
2017-03-09,155.0,,0.0,Neutral,0.0,Neutral
2016-04-11,214.0,,0.0,Neutral,0.0,Neutral
2016-04-10,220.0,,0.0,Neutral,0.0,Neutral
2016-04-06,221.0,,0.0,Neutral,0.0,Neutral
2016-04-05,224.0,,0.0,Neutral,0.0,Neutral
2016-04-04,220.0,,0.0,Neutral,0.0,Neutral
2016-04-03,230.0,,0.0,Neutral,0.0,Neutral
2016-03-31,233.0,,0.0,Neutral,0.0,Neutral
2016-03-30,237.0,,0.0,Neutral,0.0,Neutral
2016-03-29,242.0,,0.0,Neutral,0.0,Neutral
2016-03-28,237.0,2016-03-28,0.5935075283050537,Positive,0.5935075283050537,Positive
2016-03-27,249.0,,0.0,Neutral,0.29675376415252686,Positive
2016-03-24,227.0,2016-03-24,0.9060111045837402,Strongly Positive,1.0543879866600037,Strongly Positive
2016-03-21,246.0,,0.0,Neutral,0.4530055522918701,Positive
2016-03-17,251.0,2016-03-17,0.7216230034828186,Strongly Positive,0.9481257796287537,Strongly Positive
2016-03-16,268.0,2016-03-16,-0.7536658644676208,Strongly Negative,-0.39285436272621155,Negative
2016-03-15,287.0,2016-03-15,0.789482593536377,Strongly Positive,0.5930554121732712,Positive
2016-03-14,261.0,,0.0,Neutral,0.20632483065128326,Positive
2016-03-13,238.0,,0.0,Neutral,0.19737064838409424,Slightly Positive
2016-03-10,217.0,,0.0,Neutral,0.0,Neutral
2016-03-06,198.0,,0.0,Neutral,0.0,Neutral
2016-01-05,195.0,,0.0,Neutral,0.0,Neutral
2016-01-03,192.0,,0.0,Neutral,0.0,Neutral
2015-12-31,252.0,,0.0,Neutral,0.0,Neutral
2015-12-29,245.0,,0.0,Neutral,0.0,Neutral
2015-12-28,247.0,,0.0,Neutral,0.0,Neutral
2015-12-27,247.0,,0.0,Neutral,0.0,Neutral
2015-12-24,247.0,,0.0,Neutral,0.0,Neutral
2015-12-23,250.0,,0.0,Neutral,0.0,Neutral
2015-12-22,246.0,,0.0,Neutral,0.0,Neutral
2015-12-21,249.0,,0.0,Neutral,0.0,Neutral
2015-12-20,254.0,,0.0,Neutral,0.0,Neutral
2015-12-17,236.0,,0.0,Neutral,0.0,Neutral
2015-12-16,241.0,,0.0,Neutral,0.0,Neutral
2015-12-15,240.0,,0.0,Neutral,0.0,Neutral
2015-12-14,253.0,,0.0,Neutral,0.0,Neutral
2015-12-13,246.0,,0.0,Neutral,0.0,Neutral
2015-12-10,244.0,,0.0,Neutral,0.0,Neutral
2015-12-09,245.0,,0.0,Neutral,0.0,Neutral
2015-12-08,242.0,,0.0,Neutral,0.0,Neutral
2015-12-07,242.0,2015-12-07,0.9273107945919036,Strongly Positive,0.9273107945919036,Strongly Positive
2015-12-06,240.0,,0.0,Neutral,0.4636553972959518,Positive
2015-12-03,240.0,2015-12-03,0.9220194220542908,Strongly Positive,1.1538471207022667,Strongly Positive
2015-12-02,241.0,,0.0,Neutral,0.4610097110271454,Positive
2015-12-01,244.0,2015-12-01,-0.5810050964355469,Negative,-0.3505002409219742,Negative
2015-11-30,244.0,,0.0,Neutral,-0.29050254821777344,Negative
2015-11-29,245.0,2015-11-29,0.923660397529602,Strongly Positive,0.7784091234207153,Strongly Positive
2015-11-26,247.0,,0.0,Neutral,0.461830198764801,Positive
2015-11-25,236.0,,0.0,Neutral,0.2309150993824005,Positive
2015-11-24,236.0,,0.0,Neutral,0.0,Neutral
2015-11-23,241.0,,0.0,Neutral,0.0,Neutral
2015-11-22,245.0,,0.0,Neutral,0.0,Neutral
2015-11-16,250.0,,0.0,Neutral,0.0,Neutral
2015-11-09,246.0,,0.0,Neutral,0.0,Neutral
2015-11-05,242.0,,0.0,Neutral,0.0,Neutral
2015-11-04,244.0,,0.0,Neutral,0.0,Neutral
2015-11-03,245.0,,0.0,Neutral,0.0,Neutral
2015-11-02,242.0,,0.0,Neutral,0.0,Neutral
2015-11-01,245.0,,0.0,Neutral,0.0,Neutral
2015-10-29,241.0,,0.0,Neutral,0.0,Neutral
2015-10-28,240.0,,0.0,Neutral,0.0,Neutral
2015-10-27,242.0,,0.0,Neutral,0.0,Neutral
2015-10-19,250.0,,0.0,Neutral,0.0,Neutral
2015-10-18,260.0,,0.0,Neutral,0.0,Neutral
2015-10-15,260.0,2015-10-15,0.906463861465454,Strongly Positive,0.906463861465454,Strongly Positive
2015-10-14,265.0,,0.0,Neutral,0.453231930732727,Positive
2015-10-11,260.0,,0.0,Neutral,0.2266159653663635,Positive
2015-10-08,262.0,,0.0,Neutral,0.0,Neutral
2015-10-07,260.0,,0.0,Neutral,0.0,Neutral
2015-10-06,260.0,,0.0,Neutral,0.0,Neutral
2015-10-05,258.0,,0.0,Neutral,0.0,Neutral
2015-10-01,263.0,2015-10-01,-0.1944545805454254,Slightly Negative,-0.1944545805454254,Slightly Negative
2015-09-30,261.0,,0.0,Neutral,-0.0972272902727127,Slightly Negative
2015-09-29,252.0,2015-09-29,0.6452875137329102,Strongly Positive,0.5966738685965538,Positive
2015-09-28,251.0,,0.0,Neutral,0.3226437568664551,Positive
2015-09-24,256.0,2015-09-24,0.9214875102043152,Strongly Positive,1.0828093886375427,Strongly Positive
2015-09-23,250.0,2015-09-23,0.8798791170120239,Strongly Positive,1.3406228721141815,Strongly Positive
2015-09-22,250.0,2015-09-22,0.9070401191711426,Strongly Positive,1.5773515552282333,Strongly Positive
2015-09-17,252.0,,0.0,Neutral,0.6734898388385773,Strongly Positive
2015-09-16,262.0,,0.0,Neutral,0.22676002979278564,Positive
2015-09-15,255.0,,0.0,Neutral,0.0,Neutral
2015-09-14,254.0,,0.0,Neutral,0.0,Neutral
2015-09-13,245.0,,0.0,Neutral,0.0,Neutral
2015-09-10,242.0,,0.0,Neutral,0.0,Neutral
2015-09-09,244.0,,0.0,Neutral,0.0,Neutral
2015-09-08,247.0,,0.0,Neutral,0.0,Neutral
2015-09-07,243.0,,0.0,Neutral,0.0,Neutral
2015-09-06,240.0,,0.0,Neutral,0.0,Neutral
2015-09-03,237.0,2015-09-03,0.8332056999206543,Strongly Positive,0.8332056999206543,Strongly Positive
2015-09-01,239.0,,0.0,Neutral,0.41660284996032715,Positive
2015-08-31,243.0,,0.0,Neutral,0.20830142498016357,Positive
2015-08-27,241.0,,0.0,Neutral,0.0,Neutral
2015-08-26,240.0,2015-08-26,0.0012254416942596,Neutral,0.0012254416942596,Neutral
2015-08-25,240.0,,0.0,Neutral,0.0006127208471298,Neutral
2015-08-24,241.0,,0.0,Neutral,0.0003063604235649,Neutral
2015-08-23,237.0,,0.0,Neutral,0.0,Neutral
2015-08-20,245.0,,0.0,Neutral,0.0,Neutral
2015-08-19,241.0,,0.0,Neutral,0.0,Neutral
2015-08-18,242.0,,0.0,Neutral,0.0,Neutral
2015-08-17,234.0,,0.0,Neutral,0.0,Neutral
2015-08-16,230.0,,0.0,Neutral,0.0,Neutral
2015-08-13,237.0,,0.0,Neutral,0.0,Neutral
2015-08-12,234.0,,0.0,Neutral,0.0,Neutral
2015-08-11,226.0,,0.0,Neutral,0.0,Neutral
2015-08-10,225.0,,0.0,Neutral,0.0,Neutral
2015-08-09,236.0,,0.0,Neutral,0.0,Neutral
2015-08-06,240.0,,0.0,Neutral,0.0,Neutral
2015-08-05,248.0,,0.0,Neutral,0.0,Neutral
2015-08-04,239.0,,0.0,Neutral,0.0,Neutral
2015-08-03,218.0,2015-08-03,0.8893616795539856,Strongly Positive,0.8893616795539856,Strongly Positive
2015-08-02,215.0,,0.0,Neutral,0.4446808397769928,Positive
2015-07-30,215.0,,0.0,Neutral,0.2223404198884964,Positive
2015-07-29,216.0,,0.0,Neutral,0.0,Neutral
2015-07-28,208.0,,0.0,Neutral,0.0,Neutral
2015-07-27,216.0,,0.0,Neutral,0.0,Neutral
2015-07-26,212.0,,0.0,Neutral,0.0,Neutral
2015-07-23,208.0,,0.0,Neutral,0.0,Neutral
2015-07-22,192.0,2015-07-22,-0.7776907086372375,Strongly Negative,-0.7776907086372375,Strongly Negative
2015-07-16,186.0,,0.0,Neutral,-0.3888453543186188,Negative
2015-07-15,180.0,,0.0,Neutral,-0.1944226771593094,Slightly Negative
2015-07-14,181.0,,0.0,Neutral,0.0,Neutral
2015-07-13,181.0,,0.0,Neutral,0.0,Neutral
2015-07-12,172.0,,0.0,Neutral,0.0,Neutral
2015-07-09,167.0,,0.0,Neutral,0.0,Neutral
2015-07-08,167.0,,0.0,Neutral,0.0,Neutral
2015-07-07,167.0,,0.0,Neutral,0.0,Neutral
2015-07-06,167.0,,0.0,Neutral,0.0,Neutral
2015-07-05,171.0,,0.0,Neutral,0.0,Neutral
2015-07-02,166.0,,0.0,Neutral,0.0,Neutral
2015-06-30,166.0,,0.0,Neutral,0.0,Neutral
2015-06-29,165.0,,0.0,Neutral,0.0,Neutral
2015-06-28,168.0,,0.0,Neutral,0.0,Neutral
2015-06-25,168.0,,0.0,Neutral,0.0,Neutral
2015-06-24,167.0,,0.0,Neutral,0.0,Neutral
2015-06-23,170.0,,0.0,Neutral,0.0,Neutral
2015-06-22,169.0,,0.0,Neutral,0.0,Neutral
2015-06-21,169.0,,0.0,Neutral,0.0,Neutral
2015-06-17,168.0,,0.0,Neutral,0.0,Neutral
2015-06-16,168.0,,0.0,Neutral,0.0,Neutral
2015-06-15,165.0,,0.0,Neutral,0.0,Neutral
2015-06-14,167.0,,0.0,Neutral,0.0,Neutral
2015-06-11,168.0,,0.0,Neutral,0.0,Neutral
2015-06-10,168.0,,0.0,Neutral,0.0,Neutral
2015-06-09,167.0,,0.0,Neutral,0.0,Neutral
2015-06-08,167.0,,0.0,Neutral,0.0,Neutral
2015-06-07,185.0,,0.0,Neutral,0.0,Neutral
2015-06-03,188.0,,0.0,Neutral,0.0,Neutral
2015-06-02,175.0,,0.0,Neutral,0.0,Neutral
2015-05-31,169.0,,0.0,Neutral,0.0,Neutral
2015-05-28,160.0,,0.0,Neutral,0.0,Neutral
2015-05-26,163.0,,0.0,Neutral,0.0,Neutral
2015-05-25,155.0,,0.0,Neutral,0.0,Neutral
2015-05-24,172.0,,0.0,Neutral,0.0,Neutral
2015-04-23,191.0,,0.0,Neutral,0.0,Neutral
2015-04-22,196.0,2015-04-22,0.3517574965953827,Positive,0.3517574965953827,Positive
2015-04-19,198.0,,0.0,Neutral,0.17587874829769135,Slightly Positive
2015-04-16,195.0,,0.0,Neutral,0.08793937414884567,Slightly Positive
2015-04-15,197.0,,0.0,Neutral,0.0,Neutral
2015-04-13,198.0,,0.0,Neutral,0.0,Neutral
2015-04-12,200.0,,0.0,Neutral,0.0,Neutral
2015-04-09,199.0,,0.0,Neutral,0.0,Neutral
2015-04-08,201.0,,0.0,Neutral,0.0,Neutral
2015-04-07,194.0,,0.0,Neutral,0.0,Neutral
2015-04-06,195.0,,0.0,Neutral,0.0,Neutral
2015-04-05,196.0,,0.0,Neutral,0.0,Neutral
2015-04-02,203.0,,0.0,Neutral,0.0,Neutral
2015-04-01,206.0,,0.0,Neutral,0.0,Neutral
2015-03-31,209.0,,0.0,Neutral,0.0,Neutral
2015-03-30,212.0,,0.0,Neutral,0.0,Neutral
2015-03-29,208.0,,0.0,Neutral,0.0,Neutral
2015-03-26,205.0,,0.0,Neutral,0.0,Neutral
2015-03-25,205.0,,0.0,Neutral,0.0,Neutral
2015-03-24,204.0,,0.0,Neutral,0.0,Neutral
2015-03-23,204.0,,0.0,Neutral,0.0,Neutral
2015-03-22,207.0,,0.0,Neutral,0.0,Neutral
2015-03-19,215.0,,0.0,Neutral,0.0,Neutral
2015-03-18,220.0,,0.0,Neutral,0.0,Neutral
2015-03-17,220.0,,0.0,Neutral,0.0,Neutral
2015-03-16,208.0,,0.0,Neutral,0.0,Neutral
2015-03-15,213.0,,0.0,Neutral,0.0,Neutral
2015-03-12,217.0,,0.0,Neutral,0.0,Neutral
2015-03-11,221.0,,0.0,Neutral,0.0,Neutral
2015-03-10,222.0,,0.0,Neutral,0.0,Neutral
2015-03-09,221.0,,0.0,Neutral,0.0,Neutral
2015-03-04,220.0,,0.0,Neutral,0.0,Neutral
2015-03-03,222.0,,0.0,Neutral,0.0,Neutral
2015-03-02,230.0,,0.0,Neutral,0.0,Neutral
2015-03-01,213.0,,0.0,Neutral,0.0,Neutral
2015-02-26,225.0,,0.0,Neutral,0.0,Neutral
2015-02-25,214.0,,0.0,Neutral,0.0,Neutral
2015-02-24,195.0,,0.0,Neutral,0.0,Neutral
2015-02-23,194.0,,0.0,Neutral,0.0,Neutral
2015-02-22,188.0,,0.0,Neutral,0.0,Neutral
2015-02-18,195.0,,0.0,Neutral,0.0,Neutral
2015-02-16,178.0,,0.0,Neutral,0.0,Neutral
2015-02-15,180.0,,0.0,Neutral,0.0,Neutral
2015-02-12,164.0,,0.0,Neutral,0.0,Neutral
2015-02-10,164.0,,0.0,Neutral,0.0,Neutral
2015-02-09,164.0,,0.0,Neutral,0.0,Neutral
2015-02-08,165.0,,0.0,Neutral,0.0,Neutral
2015-02-05,165.0,,0.0,Neutral,0.0,Neutral
2015-02-04,166.0,,0.0,Neutral,0.0,Neutral
2015-02-03,173.0,,0.0,Neutral,0.0,Neutral
2015-02-02,160.0,,0.0,Neutral,0.0,Neutral
2015-02-01,162.0,,0.0,Neutral,0.0,Neutral
2015-01-28,159.0,,0.0,Neutral,0.0,Neutral
2015-01-27,159.0,,0.0,Neutral,0.0,Neutral
2015-01-26,165.0,,0.0,Neutral,0.0,Neutral
2015-01-22,168.0,,0.0,Neutral,0.0,Neutral
2015-01-20,171.0,,0.0,Neutral,0.0,Neutral
2015-01-19,162.0,2015-01-19,-0.893301248550415,Strongly Negative,-0.893301248550415,Strongly Negative
2015-01-11,154.0,,0.0,Neutral,-0.4466506242752075,Negative
2015-01-08,151.0,,0.0,Neutral,-0.22332531213760376,Negative
2015-01-07,147.0,,0.0,Neutral,0.0,Neutral
2015-01-06,153.0,,0.0,Neutral,0.0,Neutral
2015-01-04,153.0,2015-01-04,0.9143463969230652,Strongly Positive,0.9143463969230652,Strongly Positive
2014-12-29,146.0,,0.0,Neutral,0.4571731984615326,Positive
2014-12-24,144.0,,0.0,Neutral,0.2285865992307663,Positive
2014-12-23,146.0,,0.0,Neutral,0.0,Neutral
2014-12-22,146.0,,0.0,Neutral,0.0,Neutral
2014-12-21,146.0,,0.0,Neutral,0.0,Neutral
2014-12-18,148.0,,0.0,Neutral,0.0,Neutral
2014-12-17,146.0,,0.0,Neutral,0.0,Neutral
2014-12-16,154.0,,0.0,Neutral,0.0,Neutral
2014-12-15,144.0,,0.0,Neutral,0.0,Neutral
2014-12-10,140.0,,0.0,Neutral,0.0,Neutral
2014-12-09,141.0,,0.0,Neutral,0.0,Neutral
2014-12-07,140.0,,0.0,Neutral,0.0,Neutral
2014-12-04,138.0,,0.0,Neutral,0.0,Neutral
2014-12-03,135.0,,0.0,Neutral,0.0,Neutral
2014-12-01,137.0,,0.0,Neutral,0.0,Neutral
2014-11-30,143.0,,0.0,Neutral,0.0,Neutral
2014-11-25,141.0,,0.0,Neutral,0.0,Neutral
2014-11-24,137.0,,0.0,Neutral,0.0,Neutral
2014-11-19,133.0,,0.0,Neutral,0.0,Neutral
2014-11-16,137.0,,0.0,Neutral,0.0,Neutral
2014-11-13,139.0,,0.0,Neutral,0.0,Neutral
2014-11-11,138.0,,0.0,Neutral,0.0,Neutral
2014-11-10,143.0,,0.0,Neutral,0.0,Neutral
2014-11-06,155.0,,0.0,Neutral,0.0,Neutral
2014-11-05,152.0,,0.0,Neutral,0.0,Neutral
2014-11-03,155.0,,0.0,Neutral,0.0,Neutral
2014-10-27,153.0,2014-10-27,-0.8635430335998535,Strongly Negative,-0.8635430335998535,Strongly Negative
2014-10-19,150.0,,0.0,Neutral,-0.43177151679992676,Negative
2014-10-16,153.0,,0.0,Neutral,-0.21588575839996338,Negative
2014-10-15,148.0,,0.0,Neutral,0.0,Neutral
2014-10-09,146.0,,0.0,Neutral,0.0,Neutral
2014-09-30,150.0,,0.0,Neutral,0.0,Neutral
2014-09-29,142.0,,0.0,Neutral,0.0,Neutral
2014-09-28,138.0,,0.0,Neutral,0.0,Neutral
2014-09-24,138.0,,0.0,Neutral,0.0,Neutral
2014-09-23,138.0,,0.0,Neutral,0.0,Neutral
2014-09-21,140.0,,0.0,Neutral,0.0,Neutral
2014-09-18,142.0,,0.0,Neutral,0.0,Neutral
2014-09-17,145.0,,0.0,Neutral,0.0,Neutral
2014-09-15,146.0,,0.0,Neutral,0.0,Neutral
2014-09-14,146.0,,0.0,Neutral,0.0,Neutral
2014-09-11,148.0,2014-09-11,-0.7906786203384399,Strongly Negative,-0.7906786203384399,Strongly Negative
2014-09-10,148.0,,0.0,Neutral,-0.39533931016921997,Negative
2014-09-09,146.0,,0.0,Neutral,-0.19766965508460999,Slightly Negative
2014-09-07,144.0,,0.0,Neutral,0.0,Neutral
2014-09-04,154.0,,0.0,Neutral,0.0,Neutral
2014-09-03,157.0,,0.0,Neutral,0.0,Neutral
2014-09-01,143.0,,0.0,Neutral,0.0,Neutral
2014-08-31,153.0,,0.0,Neutral,0.0,Neutral
2014-08-28,168.0,,0.0,Neutral,0.0,Neutral
2014-08-26,180.0,,0.0,Neutral,0.0,Neutral
2014-08-25,186.0,,0.0,Neutral,0.0,Neutral
2014-08-24,192.0,,0.0,Neutral,0.0,Neutral
2014-08-20,198.0,,0.0,Neutral,0.0,Neutral
2014-08-19,210.0,,0.0,Neutral,0.0,Neutral
2014-08-18,218.0,,0.0,Neutral,0.0,Neutral
2014-08-14,222.0,,0.0,Neutral,0.0,Neutral
2014-08-13,226.0,,0.0,Neutral,0.0,Neutral
2014-08-07,234.0,,0.0,Neutral,0.0,Neutral
2014-07-27,242.0,,0.0,Neutral,0.0,Neutral
2014-07-24,246.0,2014-07-24,-0.9164826273918152,Strongly Negative,-0.9164826273918152,Strongly Negative
2014-07-23,250.0,2014-07-23,-0.9311224818229676,Strongly Negative,-1.3893637955188751,Strongly Negative
2014-07-22,266.0,,0.0,Neutral,-0.6946818977594376,Strongly Negative
2014-07-21,251.0,,0.0,Neutral,-0.2327806204557419,Negative
2014-07-20,229.0,,0.0,Neutral,0.0,Neutral
2014-07-17,209.0,,0.0,Neutral,0.0,Neutral
2014-07-16,190.0,,0.0,Neutral,0.0,Neutral
2014-07-09,173.0,,0.0,Neutral,0.0,Neutral
2014-07-08,176.0,,0.0,Neutral,0.0,Neutral
2014-07-07,167.0,,0.0,Neutral,0.0,Neutral
2014-07-06,158.0,,0.0,Neutral,0.0,Neutral
2014-07-03,158.0,,0.0,Neutral,0.0,Neutral
2014-07-02,180.0,,0.0,Neutral,0.0,Neutral
2014-07-01,171.0,,0.0,Neutral,0.0,Neutral
2014-06-30,165.0,,0.0,Neutral,0.0,Neutral
2014-06-29,183.0,,0.0,Neutral,0.0,Neutral
2014-06-26,177.0,,0.0,Neutral,0.0,Neutral
2014-06-25,165.0,,0.0,Neutral,0.0,Neutral
2014-06-24,183.0,,0.0,Neutral,0.0,Neutral
2014-06-12,185.0,,0.0,Neutral,0.0,Neutral
2014-06-03,188.0,,0.0,Neutral,0.0,Neutral
2014-06-02,189.0,,0.0,Neutral,0.0,Neutral
2014-06-01,186.0,,0.0,Neutral,0.0,Neutral
2014-05-28,180.0,,0.0,Neutral,0.0,Neutral
2014-05-27,180.0,,0.0,Neutral,0.0,Neutral
2014-05-26,175.0,,0.0,Neutral,0.0,Neutral
2014-05-25,186.0,,0.0,Neutral,0.0,Neutral
2014-05-22,197.0,2014-05-22,0.4946221709251404,Positive,0.4946221709251404,Positive
2012-09-23,198.0,,0.0,Neutral,0.2473110854625702,Positive
2012-09-20,210.0,2012-09-20,0.8236021995544434,Strongly Positive,0.9472577422857285,Strongly Positive
2012-09-19,214.0,,0.0,Neutral,0.4118010997772217,Positive
2012-06-05,218.0,,0.0,Neutral,0.20590054988861084,Positive
2012-02-27,218.0,,0.0,Neutral,0.0,Neutral
2012-02-26,234.0,,0.0,Neutral,0.0,Neutral
2012-02-08,259.0,,0.0,Neutral,0.0,Neutral
2012-01-23,269.0,,0.0,Neutral,0.0,Neutral
2011-10-10,274.0,,0.0,Neutral,0.0,Neutral
2011-09-07,279.0,,0.0,Neutral,0.0,Neutral
2011-07-24,284.0,,0.0,Neutral,0.0,Neutral
2011-06-06,289.0,,0.0,Neutral,0.0,Neutral
2011-06-02,294.0,,0.0,Neutral,0.0,Neutral
2011-05-26,294.0,,0.0,Neutral,0.0,Neutral
2011-05-24,280.0,,0.0,Neutral,0.0,Neutral
2011-05-16,267.0,,0.0,Neutral,0.0,Neutral
2011-05-10,255.0,,0.0,Neutral,0.0,Neutral
2011-05-05,243.0,,0.0,Neutral,0.0,Neutral
2011-05-04,252.0,,0.0,Neutral,0.0,Neutral
2011-05-03,245.0,2011-05-03,0.9153393507003784,Strongly Positive,0.9153393507003784,Strongly Positive
2011-04-28,234.0,,0.0,Neutral,0.4576696753501892,Positive
2011-04-20,235.0,,0.0,Neutral,0.2288348376750946,Positive
2011-04-17,220.0,,0.0,Neutral,0.0,Neutral
2011-04-11,217.0,,0.0,Neutral,0.0,Neutral
2011-04-10,213.0,,0.0,Neutral,0.0,Neutral
2011-04-05,203.0,,0.0,Neutral,0.0,Neutral
2011-03-31,207.0,,0.0,Neutral,0.0,Neutral
2011-03-20,185.0,,0.0,Neutral,0.0,Neutral
2011-03-15,190.0,,0.0,Neutral,0.0,Neutral
2011-03-14,195.0,,0.0,Neutral,0.0,Neutral
2011-03-07,197.0,,0.0,Neutral,0.0,Neutral
2011-03-03,191.0,,0.0,Neutral,0.0,Neutral
2011-02-24,185.0,,0.0,Neutral,0.0,Neutral
2010-12-29,220.0,,0.0,Neutral,0.0,Neutral
2010-12-28,220.0,,0.0,Neutral,0.0,Neutral
2010-12-27,221.0,,0.0,Neutral,0.0,Neutral
2010-12-26,221.0,,0.0,Neutral,0.0,Neutral
2010-12-23,220.0,,0.0,Neutral,0.0,Neutral
2010-12-15,223.0,,0.0,Neutral,0.0,Neutral
2010-12-12,221.0,,0.0,Neutral,0.0,Neutral
2010-12-09,229.0,,0.0,Neutral,0.0,Neutral
2010-12-07,245.0,,0.0,Neutral,0.0,Neutral
2010-12-06,245.0,,0.0,Neutral,0.0,Neutral
2010-11-30,245.0,,0.0,Neutral,0.0,Neutral
2010-11-25,250.0,,0.0,Neutral,0.0,Neutral
2010-11-24,250.0,,0.0,Neutral,0.0,Neutral
2010-11-23,250.0,,0.0,Neutral,0.0,Neutral
2010-11-21,250.0,,0.0,Neutral,0.0,Neutral
2010-11-18,255.0,,0.0,Neutral,0.0,Neutral
2010-11-09,260.0,,0.0,Neutral,0.0,Neutral
2010-11-04,265.0,,0.0,Neutral,0.0,Neutral
2010-11-03,265.0,,0.0,Neutral,0.0,Neutral
2010-11-02,260.0,,0.0,Neutral,0.0,Neutral
2010-11-01,265.0,,0.0,Neutral,0.0,Neutral
2010-10-31,268.0,,0.0,Neutral,0.0,Neutral
2010-10-12,297.0,,0.0,Neutral,0.0,Neutral
2010-07-19,322.0,,0.0,Neutral,0.0,Neutral
2010-07-08,322.0,,0.0,Neutral,0.0,Neutral
2010-07-07,328.0,,0.0,Neutral,0.0,Neutral
2010-07-01,334.0,,0.0,Neutral,0.0,Neutral
2010-06-03,346.0,,0.0,Neutral,0.0,Neutral
2010-06-01,353.0,,0.0,Neutral,0.0,Neutral
2010-05-31,360.0,,0.0,Neutral,0.0,Neutral
2010-05-30,361.0,,0.0,Neutral,0.0,Neutral
2010-04-27,368.0,,0.0,Neutral,0.0,Neutral
2010-01-21,375.0,,0.0,Neutral,0.0,Neutral
2010-01-19,370.0,,0.0,Neutral,0.0,Neutral
2010-01-03,432.0,,0.0,Neutral,0.0,Neutral
2009-11-11,470.0,,0.0,Neutral,0.0,Neutral
2009-11-08,465.0,,0.0,Neutral,0.0,Neutral
2009-10-07,480.0,,0.0,Neutral,0.0,Neutral
2009-10-05,485.0,,0.0,Neutral,0.0,Neutral
2009-09-20,490.0,,0.0,Neutral,0.0,Neutral
2009-09-17,490.0,,0.0,Neutral,0.0,Neutral
2009-09-06,309.0,,0.0,Neutral,0.0,Neutral
2009-09-01,490.0,,0.0,Neutral,0.0,Neutral
2009-08-19,500.0,,0.0,Neutral,0.0,Neutral
2009-08-18,500.0,,0.0,Neutral,0.0,Neutral
2009-08-17,500.0,,0.0,Neutral,0.0,Neutral
2009-08-16,490.0,,0.0,Neutral,0.0,Neutral
2009-08-12,490.0,,0.0,Neutral,0.0,Neutral
2009-08-11,490.0,,0.0,Neutral,0.0,Neutral
2009-08-09,480.0,,0.0,Neutral,0.0,Neutral
2009-07-30,500.0,,0.0,Neutral,0.0,Neutral
2009-07-23,520.0,,0.0,Neutral,0.0,Neutral
2009-07-15,493.0,,0.0,Neutral,0.0,Neutral
2009-07-14,503.0,,0.0,Neutral,0.0,Neutral
2009-07-13,495.0,,0.0,Neutral,0.0,Neutral
2009-07-09,450.0,,0.0,Neutral,0.0,Neutral
2009-06-12,478.0,,0.0,Neutral,0.0,Neutral
2009-06-09,430.0,,0.0,Neutral,0.0,Neutral
2009-05-19,515.0,,0.0,Neutral,0.0,Neutral
2009-05-18,525.0,,0.0,Neutral,0.0,Neutral
2009-05-17,520.0,,0.0,Neutral,0.0,Neutral
2009-05-14,525.0,,0.0,Neutral,0.0,Neutral
2009-05-12,506.0,,0.0,Neutral,0.0,Neutral
2009-05-11,495.0,,0.0,Neutral,0.0,Neutral
2009-05-07,486.0,,0.0,Neutral,0.0,Neutral
2009-04-30,495.0,,0.0,Neutral,0.0,Neutral
2009-04-27,490.0,,0.0,Neutral,0.0,Neutral
2009-04-26,507.0,,0.0,Neutral,0.0,Neutral
2009-04-19,498.0,,0.0,Neutral,0.0,Neutral
2009-04-12,489.0,,0.0,Neutral,0.0,Neutral
2009-04-08,491.0,,0.0,Neutral,0.0,Neutral
2009-04-07,500.0,,0.0,Neutral,0.0,Neutral
2009-04-05,510.0,,0.0,Neutral,0.0,Neutral
2009-03-31,520.0,,0.0,Neutral,0.0,Neutral
2009-03-29,530.0,,0.0,Neutral,0.0,Neutral
2009-03-23,540.0,,0.0,Neutral,0.0,Neutral
2009-03-22,587.0,,0.0,Neutral,0.0,Neutral
2009-03-15,610.0,,0.0,Neutral,0.0,Neutral
2009-03-11,610.0,,0.0,Neutral,0.0,Neutral
2009-03-08,610.0,,0.0,Neutral,0.0,Neutral
2009-03-02,620.0,,0.0,Neutral,0.0,Neutral
2009-02-19,617.0,,0.0,Neutral,0.0,Neutral
2009-02-15,629.0,,0.0,Neutral,0.0,Neutral
2009-02-08,630.0,,0.0,Neutral,0.0,Neutral
2009-01-01,908.0,,0.0,Neutral,0.0,Neutral
2008-12-31,892.0,,0.0,Neutral,0.0,Neutral
2008-12-29,821.0,,0.0,Neutral,0.0,Neutral
2008-12-28,790.0,,0.0,Neutral,0.0,Neutral
2008-12-24,785.0,,0.0,Neutral,0.0,Neutral
2008-12-23,785.0,,0.0,Neutral,0.0,Neutral
2008-12-22,820.0,,0.0,Neutral,0.0,Neutral
2008-12-21,785.0,,0.0,Neutral,0.0,Neutral
2008-12-18,810.0,,0.0,Neutral,0.0,Neutral
2008-12-14,831.0,,0.0,Neutral,0.0,Neutral
2008-12-10,806.0,,0.0,Neutral,0.0,Neutral
2008-12-07,800.0,,0.0,Neutral,0.0,Neutral
2008-12-03,825.0,,0.0,Neutral,0.0,Neutral
2008-11-20,825.0,,0.0,Neutral,0.0,Neutral
2008-11-19,840.0,,0.0,Neutral,0.0,Neutral
2008-11-18,838.0,,0.0,Neutral,0.0,Neutral
2008-11-17,822.0,,0.0,Neutral,0.0,Neutral
2008-11-16,870.0,,0.0,Neutral,0.0,Neutral
2008-11-12,882.0,,0.0,Neutral,0.0,Neutral
2008-10-27,900.0,,0.0,Neutral,0.0,Neutral
2008-10-26,911.0,,0.0,Neutral,0.0,Neutral
2008-10-23,905.0,,0.0,Neutral,0.0,Neutral
2008-10-22,890.0,,0.0,Neutral,0.0,Neutral
2008-10-21,910.0,,0.0,Neutral,0.0,Neutral
2008-10-19,920.0,,0.0,Neutral,0.0,Neutral
2008-10-16,915.0,,0.0,Neutral,0.0,Neutral
2008-10-15,915.0,,0.0,Neutral,0.0,Neutral
2008-09-29,915.0,,0.0,Neutral,0.0,Neutral
2008-09-28,917.0,,0.0,Neutral,0.0,Neutral
2008-09-25,900.0,,0.0,Neutral,0.0,Neutral
2008-09-24,900.0,,0.0,Neutral,0.0,Neutral
2008-09-23,899.0,,0.0,Neutral,0.0,Neutral
2008-09-22,899.0,,0.0,Neutral,0.0,Neutral
2008-09-17,865.0,,0.0,Neutral,0.0,Neutral
2008-09-16,876.0,,0.0,Neutral,0.0,Neutral
2008-09-15,885.0,,0.0,Neutral,0.0,Neutral
2008-09-11,915.0,,0.0,Neutral,0.0,Neutral
2008-09-10,900.0,,0.0,Neutral,0.0,Neutral
2008-09-09,900.0,,0.0,Neutral,0.0,Neutral
2008-09-08,960.0,,0.0,Neutral,0.0,Neutral
2008-09-07,889.0,,0.0,Neutral,0.0,Neutral
2008-09-04,840.0,,0.0,Neutral,0.0,Neutral
2008-09-02,853.0,,0.0,Neutral,0.0,Neutral
2008-08-26,870.0,,0.0,Neutral,0.0,Neutral
2008-08-24,902.0,,0.0,Neutral,0.0,Neutral
2008-08-21,920.0,,0.0,Neutral,0.0,Neutral
2008-08-20,915.0,,0.0,Neutral,0.0,Neutral
2008-08-19,910.0,,0.0,Neutral,0.0,Neutral
2008-08-18,920.0,,0.0,Neutral,0.0,Neutral
2008-08-14,916.0,,0.0,Neutral,0.0,Neutral
2008-08-13,930.0,,0.0,Neutral,0.0,Neutral
2008-08-12,900.0,,0.0,Neutral,0.0,Neutral
2008-08-11,870.0,,0.0,Neutral,0.0,Neutral
2008-08-06,925.0,,0.0,Neutral,0.0,Neutral
2008-08-05,928.0,,0.0,Neutral,0.0,Neutral
2008-08-03,910.0,,0.0,Neutral,0.0,Neutral
2008-07-31,833.0,,0.0,Neutral,0.0,Neutral
2008-07-30,850.0,,0.0,Neutral,0.0,Neutral
2008-07-29,825.0,,0.0,Neutral,0.0,Neutral
2008-07-28,753.0,,0.0,Neutral,0.0,Neutral
2008-07-23,685.0,,0.0,Neutral,0.0,Neutral
2008-07-22,690.0,,0.0,Neutral,0.0,Neutral
2008-07-21,710.0,,0.0,Neutral,0.0,Neutral
2008-07-20,700.0,,0.0,Neutral,0.0,Neutral
2008-07-16,720.0,,0.0,Neutral,0.0,Neutral
2008-07-15,740.0,,0.0,Neutral,0.0,Neutral
2008-07-08,755.0,,0.0,Neutral,0.0,Neutral
2008-07-02,770.0,,0.0,Neutral,0.0,Neutral
2008-07-01,784.0,,0.0,Neutral,0.0,Neutral
2008-06-30,749.0,,0.0,Neutral,0.0,Neutral
2008-06-26,721.0,,0.0,Neutral,0.0,Neutral
2008-06-22,750.0,,0.0,Neutral,0.0,Neutral
2008-06-19,765.0,,0.0,Neutral,0.0,Neutral
2008-06-18,784.0,,0.0,Neutral,0.0,Neutral
2008-06-17,799.0,,0.0,Neutral,0.0,Neutral
2008-06-16,810.0,,0.0,Neutral,0.0,Neutral
2008-06-12,784.0,,0.0,Neutral,0.0,Neutral
2008-06-12,801.0,,0.0,Neutral,0.0,Neutral
2008-06-11,800.0,,0.0,Neutral,0.0,Neutral
2008-06-10,770.0,,0.0,Neutral,0.0,Neutral
2008-06-09,759.0,,0.0,Neutral,0.0,Neutral
2008-06-08,690.0,,0.0,Neutral,0.0,Neutral
2008-06-05,629.0,,0.0,Neutral,0.0,Neutral
2008-06-04,601.0,,0.0,Neutral,0.0,Neutral
2008-06-03,613.0,,0.0,Neutral,0.0,Neutral
2008-06-02,618.0,,0.0,Neutral,0.0,Neutral
2008-06-01,625.0,,0.0,Neutral,0.0,Neutral
2008-05-27,662.0,,0.0,Neutral,0.0,Neutral
2008-05-26,675.0,,0.0,Neutral,0.0,Neutral
2008-05-25,695.0,,0.0,Neutral,0.0,Neutral
2008-05-22,697.0,,0.0,Neutral,0.0,Neutral
2008-05-21,711.0,,0.0,Neutral,0.0,Neutral
2008-05-18,712.0,,0.0,Neutral,0.0,Neutral
2008-05-15,726.0,,0.0,Neutral,0.0,Neutral
2008-05-14,740.0,,0.0,Neutral,0.0,Neutral
2008-05-13,712.0,,0.0,Neutral,0.0,Neutral
2008-05-12,699.0,,0.0,Neutral,0.0,Neutral
2008-05-11,660.0,,0.0,Neutral,0.0,Neutral
2008-05-08,600.0,,0.0,Neutral,0.0,Neutral
2008-05-07,546.0,,0.0,Neutral,0.0,Neutral
2008-05-06,497.0,,0.0,Neutral,0.0,Neutral
2008-05-05,452.0,,0.0,Neutral,0.0,Neutral
2008-04-30,428.0,,0.0,Neutral,0.0,Neutral
2008-04-29,404.0,,0.0,Neutral,0.0,Neutral
2008-04-28,390.0,,0.0,Neutral,0.0,Neutral
2008-04-24,395.0,,0.0,Neutral,0.0,Neutral
2008-04-22,395.0,,0.0,Neutral,0.0,Neutral
2008-04-03,381.0,,0.0,Neutral,0.0,Neutral
2008-03-30,374.0,,0.0,Neutral,0.0,Neutral
2008-03-25,350.0,,0.0,Neutral,0.0,Neutral
2008-03-24,362.0,,0.0,Neutral,0.0,Neutral
2008-03-23,343.0,,0.0,Neutral,0.0,Neutral
2008-03-20,343.0,,0.0,Neutral,0.0,Neutral
2008-03-17,319.0,,0.0,Neutral,0.0,Neutral
2008-03-12,329.0,,0.0,Neutral,0.0,Neutral
2008-03-11,335.0,,0.0,Neutral,0.0,Neutral
2008-03-10,323.0,,0.0,Neutral,0.0,Neutral
2008-02-06,317.0,,0.0,Neutral,0.0,Neutral
2008-01-07,311.0,,0.0,Neutral,0.0,Neutral
2007-12-27,479.0,,0.0,Neutral,0.0,Neutral
2007-12-12,305.0,,0.0,Neutral,0.0,Neutral
2007-12-11,300.0,,0.0,Neutral,0.0,Neutral
2007-11-18,303.0,,0.0,Neutral,0.0,Neutral
2007-11-05,300.0,,0.0,Neutral,0.0,Neutral
2007-10-10,300.0,,0.0,Neutral,0.0,Neutral
2007-10-01,300.0,,0.0,Neutral,0.0,Neutral
2007-08-26,379.0,,0.0,Neutral,0.0,Neutral
2007-08-23,342.0,,0.0,Neutral,0.0,Neutral
2007-08-22,342.0,,0.0,Neutral,0.0,Neutral
2007-08-14,330.0,,0.0,Neutral,0.0,Neutral
2007-08-07,330.0,,0.0,Neutral,0.0,Neutral
2007-08-06,315.0,,0.0,Neutral,0.0,Neutral
2007-08-05,315.0,,0.0,Neutral,0.0,Neutral
2007-07-31,300.0,,0.0,Neutral,0.0,Neutral
2007-07-30,300.0,,0.0,Neutral,0.0,Neutral
2007-07-19,300.0,,0.0,Neutral,0.0,Neutral
2007-07-18,300.0,,0.0,Neutral,0.0,Neutral
2007-07-16,300.0,,0.0,Neutral,0.0,Neutral
2007-07-15,300.0,,0.0,Neutral,0.0,Neutral
2007-07-12,300.0,,0.0,Neutral,0.0,Neutral
2007-07-11,306.0,,0.0,Neutral,0.0,Neutral
2007-06-25,315.0,,0.0,Neutral,0.0,Neutral
2007-06-05,300.0,,0.0,Neutral,0.0,Neutral
2007-06-04,302.0,,0.0,Neutral,0.0,Neutral
2007-06-03,300.0,,0.0,Neutral,0.0,Neutral
2007-05-31,300.0,,0.0,Neutral,0.0,Neutral
2007-05-29,300.0,,0.0,Neutral,0.0,Neutral
2007-05-22,300.0,,0.0,Neutral,0.0,Neutral
2007-05-13,300.0,,0.0,Neutral,0.0,Neutral
2007-04-26,300.0,,0.0,Neutral,0.0,Neutral
2007-04-25,300.0,,0.0,Neutral,0.0,Neutral
2007-04-19,300.0,,0.0,Neutral,0.0,Neutral
2007-04-18,280.0,,0.0,Neutral,0.0,Neutral
2007-04-17,270.0,,0.0,Neutral,0.0,Neutral
2007-04-16,254.0,,0.0,Neutral,0.0,Neutral
2007-04-15,242.0,,0.0,Neutral,0.0,Neutral
2007-03-29,242.0,,0.0,Neutral,0.0,Neutral
2007-03-25,242.0,,0.0,Neutral,0.0,Neutral
2007-03-14,231.0,,0.0,Neutral,0.0,Neutral
2007-03-11,220.0,,0.0,Neutral,0.0,Neutral
2007-03-05,210.0,,0.0,Neutral,0.0,Neutral
2007-03-01,200.0,,0.0,Neutral,0.0,Neutral
2007-02-12,242.0,,0.0,Neutral,0.0,Neutral
2007-02-07,231.0,,0.0,Neutral,0.0,Neutral
2007-02-01,220.0,,0.0,Neutral,0.0,Neutral
2007-01-28,210.0,,0.0,Neutral,0.0,Neutral
2007-01-14,200.0,,0.0,Neutral,0.0,Neutral
2007-01-09,200.0,,0.0,Neutral,0.0,Neutral
2007-01-04,200.0,,0.0,Neutral,0.0,Neutral
2007-01-01,200.0,,0.0,Neutral,0.0,Neutral
2006-11-28,200.0,,0.0,Neutral,0.0,Neutral
2006-11-13,200.0,,0.0,Neutral,0.0,Neutral
2006-11-06,200.0,,0.0,Neutral,0.0,Neutral
2006-10-30,200.0,,0.0,Neutral,0.0,Neutral
2006-10-17,200.0,,0.0,Neutral,0.0,Neutral
2006-10-16,200.0,,0.0,Neutral,0.0,Neutral
2006-10-11,197.0,,0.0,Neutral,0.0,Neutral
2006-09-20,197.0,,0.0,Neutral,0.0,Neutral
2006-09-19,188.0,,0.0,Neutral,0.0,Neutral
2006-09-18,185.0,,0.0,Neutral,0.0,Neutral
2006-09-14,180.0,,0.0,Neutral,0.0,Neutral
2006-09-11,185.0,,0.0,Neutral,0.0,Neutral
2006-09-10,185.0,,0.0,Neutral,0.0,Neutral
2006-09-04,185.0,,0.0,Neutral,0.0,Neutral
2006-09-03,185.0,,0.0,Neutral,0.0,Neutral
2006-08-31,185.0,,0.0,Neutral,0.0,Neutral
2006-08-30,182.0,,0.0,Neutral,0.0,Neutral
2006-08-28,180.0,,0.0,Neutral,0.0,Neutral
2006-08-27,180.0,,0.0,Neutral,0.0,Neutral
2006-08-17,180.0,,0.0,Neutral,0.0,Neutral
2006-08-15,185.0,,0.0,Neutral,0.0,Neutral
2006-08-03,185.0,,0.0,Neutral,0.0,Neutral
2006-07-25,180.0,,0.0,Neutral,0.0,Neutral
2006-07-23,180.0,,0.0,Neutral,0.0,Neutral
2006-07-19,180.0,,0.0,Neutral,0.0,Neutral
2006-07-18,180.0,,0.0,Neutral,0.0,Neutral
2006-07-10,180.0,,0.0,Neutral,0.0,Neutral
2006-07-09,180.0,,0.0,Neutral,0.0,Neutral
2006-06-29,180.0,,0.0,Neutral,0.0,Neutral
2006-06-18,180.0,,0.0,Neutral,0.0,Neutral
2006-06-15,180.0,,0.0,Neutral,0.0,Neutral
2006-03-01,190.0,,0.0,Neutral,0.0,Neutral
2006-02-28,190.0,,0.0,Neutral,0.0,Neutral
2006-02-23,185.0,,0.0,Neutral,0.0,Neutral
2006-02-22,184.0,,0.0,Neutral,0.0,Neutral
2006-02-21,176.0,,0.0,Neutral,0.0,Neutral
2006-02-20,185.0,,0.0,Neutral,0.0,Neutral
2006-02-16,181.0,,0.0,Neutral,0.0,Neutral
2006-02-14,174.0,,0.0,Neutral,0.0,Neutral
2006-02-13,166.0,,0.0,Neutral,0.0,Neutral
2006-02-09,162.0,,0.0,Neutral,0.0,Neutral
2006-02-06,155.0,,0.0,Neutral,0.0,Neutral
2006-02-05,155.0,,0.0,Neutral,0.0,Neutral
2006-02-02,155.0,,0.0,Neutral,0.0,Neutral
2006-01-25,153.0,,0.0,Neutral,0.0,Neutral
2006-01-23,153.0,,0.0,Neutral,0.0,Neutral
2006-01-22,153.0,,0.0,Neutral,0.0,Neutral
2006-01-04,150.0,,0.0,Neutral,0.0,Neutral
2006-01-01,150.0,,0.0,Neutral,0.0,Neutral
2005-12-27,150.0,,0.0,Neutral,0.0,Neutral
2005-12-22,150.0,,0.0,Neutral,0.0,Neutral
2005-12-14,150.0,,0.0,Neutral,0.0,Neutral
2005-12-11,150.0,,0.0,Neutral,0.0,Neutral
2005-12-08,147.0,,0.0,Neutral,0.0,Neutral
2005-11-29,145.0,,0.0,Neutral,0.0,Neutral
2005-11-28,148.0,,0.0,Neutral,0.0,Neutral
2005-11-22,148.0,,0.0,Neutral,0.0,Neutral
2005-11-21,148.0,,0.0,Neutral,0.0,Neutral
2005-11-15,148.0,,0.0,Neutral,0.0,Neutral
2005-11-14,148.0,,0.0,Neutral,0.0,Neutral
2005-11-13,148.0,,0.0,Neutral,0.0,Neutral
2005-11-08,148.0,,0.0,Neutral,0.0,Neutral
2005-09-28,152.0,,0.0,Neutral,0.0,Neutral
2005-09-26,160.0,,0.0,Neutral,0.0,Neutral
2005-09-25,160.0,,0.0,Neutral,0.0,Neutral
2005-09-21,160.0,,0.0,Neutral,0.0,Neutral
2005-09-20,160.0,,0.0,Neutral,0.0,Neutral
2005-09-11,160.0,,0.0,Neutral,0.0,Neutral
2005-09-08,160.0,,0.0,Neutral,0.0,Neutral
2005-09-05,160.0,,0.0,Neutral,0.0,Neutral
2005-08-29,160.0,,0.0,Neutral,0.0,Neutral
2005-08-22,162.0,,0.0,Neutral,0.0,Neutral
2005-08-18,160.0,,0.0,Neutral,0.0,Neutral
2005-08-16,160.0,,0.0,Neutral,0.0,Neutral
2005-08-14,158.0,,0.0,Neutral,0.0,Neutral
2005-08-09,158.0,,0.0,Neutral,0.0,Neutral
2005-08-01,158.0,,0.0,Neutral,0.0,Neutral
2005-07-26,158.0,,0.0,Neutral,0.0,Neutral
2005-07-24,158.0,,0.0,Neutral,0.0,Neutral
2005-07-18,158.0,,0.0,Neutral,0.0,Neutral
2005-07-17,160.0,,0.0,Neutral,0.0,Neutral
2005-07-11,160.0,,0.0,Neutral,0.0,Neutral
2005-06-16,160.0,,0.0,Neutral,0.0,Neutral
2005-06-15,158.0,,0.0,Neutral,0.0,Neutral
2005-06-06,160.0,,0.0,Neutral,0.0,Neutral
2005-06-05,160.0,,0.0,Neutral,0.0,Neutral
2005-05-25,160.0,,0.0,Neutral,0.0,Neutral
2005-05-24,160.0,,0.0,Neutral,0.0,Neutral
2005-05-19,165.0,,0.0,Neutral,0.0,Neutral
2005-05-17,165.0,,0.0,Neutral,0.0,Neutral
2005-05-09,160.0,,0.0,Neutral,0.0,Neutral
2005-05-02,160.0,,0.0,Neutral,0.0,Neutral
2005-04-13,160.0,,0.0,Neutral,0.0,Neutral
2005-04-07,160.0,,0.0,Neutral,0.0,Neutral
2005-03-18,160.0,,0.0,Neutral,0.0,Neutral
2005-02-28,160.0,,0.0,Neutral,0.0,Neutral
2005-02-11,161.0,,0.0,Neutral,0.0,Neutral
2005-02-10,161.0,,0.0,Neutral,0.0,Neutral
2005-02-07,161.0,,0.0,Neutral,0.0,Neutral
2005-01-28,160.0,,0.0,Neutral,0.0,Neutral
2005-01-27,157.0,,0.0,Neutral,0.0,Neutral
2005-01-26,160.0,,0.0,Neutral,0.0,Neutral
2005-01-24,160.0,,0.0,Neutral,0.0,Neutral
2005-01-06,158.0,,0.0,Neutral,0.0,Neutral
2005-01-04,160.0,,0.0,Neutral,0.0,Neutral
2004-12-29,161.0,,0.0,Neutral,0.0,Neutral
2004-12-28,161.0,,0.0,Neutral,0.0,Neutral
2004-12-24,161.0,,0.0,Neutral,0.0,Neutral
2004-12-20,155.0,,0.0,Neutral,0.0,Neutral
2004-12-17,160.0,,0.0,Neutral,0.0,Neutral
2004-12-15,160.0,,0.0,Neutral,0.0,Neutral
2004-12-08,157.0,,0.0,Neutral,0.0,Neutral
2004-12-07,150.0,,0.0,Neutral,0.0,Neutral
2004-12-06,157.0,,0.0,Neutral,0.0,Neutral
2004-12-02,155.0,,0.0,Neutral,0.0,Neutral
2004-11-26,148.0,,0.0,Neutral,0.0,Neutral
2004-11-23,148.0,,0.0,Neutral,0.0,Neutral
2004-11-18,148.0,,0.0,Neutral,0.0,Neutral
2004-11-17,145.0,,0.0,Neutral,0.0,Neutral
2004-11-03,145.0,,0.0,Neutral,0.0,Neutral
2004-10-29,145.0,,0.0,Neutral,0.0,Neutral
2004-10-13,146.0,,0.0,Neutral,0.0,Neutral
2004-10-08,148.0,,0.0,Neutral,0.0,Neutral
2004-10-07,148.0,,0.0,Neutral,0.0,Neutral
2004-10-06,148.0,,0.0,Neutral,0.0,Neutral
2004-10-04,148.0,,0.0,Neutral,0.0,Neutral
2004-09-23,150.0,,0.0,Neutral,0.0,Neutral
2004-09-22,150.0,,0.0,Neutral,0.0,Neutral
2004-09-09,148.0,,0.0,Neutral,0.0,Neutral
2004-09-07,152.0,,0.0,Neutral,0.0,Neutral
2004-08-26,150.0,,0.0,Neutral,0.0,Neutral
2004-08-24,150.0,,0.0,Neutral,0.0,Neutral
2004-08-23,143.0,,0.0,Neutral,0.0,Neutral
2004-08-18,143.0,,0.0,Neutral,0.0,Neutral
2004-08-10,140.0,,0.0,Neutral,0.0,Neutral
2004-07-27,132.0,,0.0,Neutral,0.0,Neutral
2004-07-21,132.0,,0.0,Neutral,0.0,Neutral
2004-07-20,132.0,,0.0,Neutral,0.0,Neutral
2004-07-16,130.0,,0.0,Neutral,0.0,Neutral
2004-07-05,130.0,,0.0,Neutral,0.0,Neutral
2004-07-02,130.0,,0.0,Neutral,0.0,Neutral
2004-06-29,130.0,,0.0,Neutral,0.0,Neutral
2004-06-28,130.0,,0.0,Neutral,0.0,Neutral
2004-06-25,130.0,,0.0,Neutral,0.0,Neutral
2004-06-24,130.0,,0.0,Neutral,0.0,Neutral
2004-06-15,130.0,,0.0,Neutral,0.0,Neutral
2004-06-07,132.0,,0.0,Neutral,0.0,Neutral
2004-06-03,132.0,,0.0,Neutral,0.0,Neutral
2004-06-02,135.0,,0.0,Neutral,0.0,Neutral
2004-05-31,133.0,,0.0,Neutral,0.0,Neutral
2004-05-28,132.0,,0.0,Neutral,0.0,Neutral
2004-05-27,132.0,,0.0,Neutral,0.0,Neutral
2004-05-26,132.0,,0.0,Neutral,0.0,Neutral
2004-05-19,126.0,,0.0,Neutral,0.0,Neutral
2004-04-19,124.0,,0.0,Neutral,0.0,Neutral
2004-04-12,123.0,,0.0,Neutral,0.0,Neutral
2004-04-09,121.0,,0.0,Neutral,0.0,Neutral
2004-04-06,120.0,,0.0,Neutral,0.0,Neutral
2004-03-22,120.0,,0.0,Neutral,0.0,Neutral
2004-01-22,118.0,,0.0,Neutral,0.0,Neutral
2004-01-07,118.0,,0.0,Neutral,0.0,Neutral
2003-12-30,132.0,,0.0,Neutral,0.0,Neutral
2003-12-29,132.0,,0.0,Neutral,0.0,Neutral
2003-12-26,132.0,,0.0,Neutral,0.0,Neutral
2003-12-25,130.0,,0.0,Neutral,0.0,Neutral
2003-12-24,131.0,,0.0,Neutral,0.0,Neutral
2003-12-18,131.0,,0.0,Neutral,0.0,Neutral
2003-12-15,135.0,,0.0,Neutral,0.0,Neutral
2003-12-11,135.0,,0.0,Neutral,0.0,Neutral
2003-12-10,133.0,,0.0,Neutral,0.0,Neutral
2003-12-09,133.0,,0.0,Neutral,0.0,Neutral
2003-12-08,128.0,,0.0,Neutral,0.0,Neutral
2003-12-04,125.0,,0.0,Neutral,0.0,Neutral
2003-12-02,126.0,,0.0,Neutral,0.0,Neutral
2003-11-28,125.0,,0.0,Neutral,0.0,Neutral
2003-11-25,125.0,,0.0,Neutral,0.0,Neutral
2003-11-24,125.0,,0.0,Neutral,0.0,Neutral
2003-11-19,125.0,,0.0,Neutral,0.0,Neutral
2003-11-17,125.0,,0.0,Neutral,0.0,Neutral
2003-11-14,124.0,,0.0,Neutral,0.0,Neutral
2003-11-12,122.0,,0.0,Neutral,0.0,Neutral
2003-11-10,123.0,,0.0,Neutral,0.0,Neutral
2003-11-05,123.0,,0.0,Neutral,0.0,Neutral
2003-11-04,122.0,,0.0,Neutral,0.0,Neutral
2003-10-31,123.0,,0.0,Neutral,0.0,Neutral
2003-10-30,123.0,,0.0,Neutral,0.0,Neutral
2003-10-28,122.0,,0.0,Neutral,0.0,Neutral
2003-10-21,120.0,,0.0,Neutral,0.0,Neutral
2003-10-20,122.0,,0.0,Neutral,0.0,Neutral
2003-10-17,121.0,,0.0,Neutral,0.0,Neutral
2003-10-16,121.0,,0.0,Neutral,0.0,Neutral
2003-10-15,125.0,,0.0,Neutral,0.0,Neutral
2003-10-08,130.0,,0.0,Neutral,0.0,Neutral
2003-09-30,130.0,,0.0,Neutral,0.0,Neutral
2003-09-29,129.0,,0.0,Neutral,0.0,Neutral
2003-09-26,130.0,,0.0,Neutral,0.0,Neutral
2003-09-25,130.0,,0.0,Neutral,0.0,Neutral
2003-09-24,130.0,,0.0,Neutral,0.0,Neutral
2003-09-23,130.0,,0.0,Neutral,0.0,Neutral
2003-09-22,135.0,,0.0,Neutral,0.0,Neutral
2003-09-19,130.0,,0.0,Neutral,0.0,Neutral
2003-09-18,130.0,,0.0,Neutral,0.0,Neutral
2003-09-17,135.0,,0.0,Neutral,0.0,Neutral
2003-09-16,141.0,,0.0,Neutral,0.0,Neutral
2003-09-05,148.0,,0.0,Neutral,0.0,Neutral
2003-08-15,150.0,,0.0,Neutral,0.0,Neutral
2003-08-14,151.0,,0.0,Neutral,0.0,Neutral
2003-08-13,154.0,,0.0,Neutral,0.0,Neutral
2003-08-11,151.0,,0.0,Neutral,0.0,Neutral
2003-08-08,151.0,,0.0,Neutral,0.0,Neutral
2003-08-07,151.0,,0.0,Neutral,0.0,Neutral
2003-08-04,146.0,,0.0,Neutral,0.0,Neutral
2003-08-01,142.0,,0.0,Neutral,0.0,Neutral
2003-07-30,142.0,,0.0,Neutral,0.0,Neutral
2003-07-28,136.0,,0.0,Neutral,0.0,Neutral
2003-07-24,136.0,,0.0,Neutral,0.0,Neutral
2003-07-23,138.0,,0.0,Neutral,0.0,Neutral
2003-07-14,138.0,,0.0,Neutral,0.0,Neutral
2003-07-11,138.0,,0.0,Neutral,0.0,Neutral
2003-07-10,136.0,,0.0,Neutral,0.0,Neutral
2003-07-08,136.0,,0.0,Neutral,0.0,Neutral
2003-07-03,135.0,,0.0,Neutral,0.0,Neutral
2003-07-02,138.0,,0.0,Neutral,0.0,Neutral
2003-07-01,141.0,,0.0,Neutral,0.0,Neutral
2003-06-30,141.0,,0.0,Neutral,0.0,Neutral
2003-06-27,143.0,,0.0,Neutral,0.0,Neutral
2003-06-25,145.0,,0.0,Neutral,0.0,Neutral
2003-06-24,146.0,,0.0,Neutral,0.0,Neutral
2003-06-23,150.0,,0.0,Neutral,0.0,Neutral
2003-06-19,151.0,,0.0,Neutral,0.0,Neutral
2003-06-18,150.0,,0.0,Neutral,0.0,Neutral
2003-06-13,149.0,,0.0,Neutral,0.0,Neutral
2003-06-09,145.0,,0.0,Neutral,0.0,Neutral
2003-06-06,145.0,,0.0,Neutral,0.0,Neutral
2003-06-05,143.0,,0.0,Neutral,0.0,Neutral
2003-06-04,141.0,,0.0,Neutral,0.0,Neutral
2003-06-02,142.0,,0.0,Neutral,0.0,Neutral
2003-05-30,141.0,,0.0,Neutral,0.0,Neutral
2003-05-29,142.0,,0.0,Neutral,0.0,Neutral
2003-05-28,141.0,,0.0,Neutral,0.0,Neutral
2003-05-27,140.0,,0.0,Neutral,0.0,Neutral
2003-05-26,140.0,,0.0,Neutral,0.0,Neutral
2003-05-23,141.0,,0.0,Neutral,0.0,Neutral
2003-05-22,140.0,,0.0,Neutral,0.0,Neutral
2003-05-21,140.0,,0.0,Neutral,0.0,Neutral
2003-05-14,135.0,,0.0,Neutral,0.0,Neutral
2003-05-09,135.0,,0.0,Neutral,0.0,Neutral
2003-05-08,142.0,,0.0,Neutral,0.0,Neutral
2003-05-07,142.0,,0.0,Neutral,0.0,Neutral
2003-05-06,143.0,,0.0,Neutral,0.0,Neutral
2003-05-05,143.0,,0.0,Neutral,0.0,Neutral
2003-05-01,142.0,,0.0,Neutral,0.0,Neutral
2003-04-30,143.0,,0.0,Neutral,0.0,Neutral
2003-04-29,143.0,,0.0,Neutral,0.0,Neutral
2003-04-28,143.0,,0.0,Neutral,0.0,Neutral
2003-04-25,142.0,,0.0,Neutral,0.0,Neutral
2003-04-24,142.0,,0.0,Neutral,0.0,Neutral
2003-04-23,141.0,,0.0,Neutral,0.0,Neutral
2003-04-22,142.0,,0.0,Neutral,0.0,Neutral
2003-04-18,145.0,,0.0,Neutral,0.0,Neutral
2003-04-17,141.0,,0.0,Neutral,0.0,Neutral
2003-04-16,141.0,,0.0,Neutral,0.0,Neutral
2003-04-10,145.0,,0.0,Neutral,0.0,Neutral
2003-04-09,145.0,,0.0,Neutral,0.0,Neutral
2003-04-08,145.0,,0.0,Neutral,0.0,Neutral
2003-04-04,140.0,,0.0,Neutral,0.0,Neutral
2023-11-08,168.0,,0.0,Neutral,0.0,Neutral
2021-09-02,425.0,,0.0,Neutral,0.0,Neutral
2019-04-16,113.0,2019-04-16,0.7619708776473999,Strongly Positive,0.7619708776473999,Strongly Positive
2018-02-20,100.0,,0.0,Neutral,0.38098543882369995,Positive
2023-01-09,199.5,,0.0,Neutral,0.19049271941184998,Slightly Positive
2023-01-08,193.1,,0.0,Neutral,0.0,Neutral
2023-01-05,191.4,,0.0,Neutral,0.0,Neutral
2023-01-04,192.5,,0.0,Neutral,0.0,Neutral
2023-01-03,190.0,,0.0,Neutral,0.0,Neutral
2023-01-02,190.1,2023-01-02,-0.3848305940628052,Negative,-0.3848305940628052,Negative
2023-01-01,190.4,,0.0,Neutral,-0.1924152970314026,Slightly Negative
2022-12-29,190.0,,0.0,Neutral,-0.0962076485157013,Slightly Negative
2022-12-28,186.1,,0.0,Neutral,0.0,Neutral
2022-12-27,187.0,,0.0,Neutral,0.0,Neutral
2022-12-26,180.5,,0.0,Neutral,0.0,Neutral
2022-12-22,178.5,,0.0,Neutral,0.0,Neutral
2022-12-21,177.2,2022-12-21,0.6173017024993896,Strongly Positive,0.6173017024993896,Strongly Positive
2022-12-20,179.0,,0.0,Neutral,0.3086508512496948,Positive
2022-12-19,179.5,,0.0,Neutral,0.1543254256248474,Slightly Positive
2022-12-18,185.0,,0.0,Neutral,0.0,Neutral
2022-12-15,190.0,,0.0,Neutral,0.0,Neutral
2022-12-14,190.0,,0.0,Neutral,0.0,Neutral
2022-12-13,192.0,2022-12-13,0.7148497700691223,Strongly Positive,0.7148497700691223,Strongly Positive
2022-12-12,188.1,,0.0,Neutral,0.35742488503456116,Positive
2022-12-11,186.6,,0.0,Neutral,0.17871244251728058,Slightly Positive
2022-12-07,184.9,,0.0,Neutral,0.0,Neutral
2022-12-06,186.6,,0.0,Neutral,0.0,Neutral
2022-12-05,187.3,,0.0,Neutral,0.0,Neutral
2022-12-04,188.0,,0.0,Neutral,0.0,Neutral
2022-12-01,189.5,,0.0,Neutral,0.0,Neutral
2022-11-30,189.0,,0.0,Neutral,0.0,Neutral
2022-11-29,191.3,,0.0,Neutral,0.0,Neutral
2022-11-28,191.0,2022-11-28,0.1627677381038665,Slightly Positive,0.1627677381038665,Slightly Positive
2022-07-31,193.0,2022-07-31,-0.3070221543312073,Negative,-0.22563828527927404,Negative
2022-07-29,187.0,2022-07-29,-0.1990431249141693,Slightly Negative,-0.3118622675538063,Negative
2022-07-28,188.0,,0.0,Neutral,-0.17627710103988647,Slightly Negative
2022-07-27,189.9,,0.0,Neutral,-0.04976078122854233,Neutral
2022-07-26,189.0,,0.0,Neutral,0.0,Neutral
2022-07-25,194.3,,0.0,Neutral,0.0,Neutral
2022-07-24,188.0,,0.0,Neutral,0.0,Neutral
2022-07-22,185.9,,0.0,Neutral,0.0,Neutral
2022-07-21,186.9,,0.0,Neutral,0.0,Neutral
2022-07-20,187.5,,0.0,Neutral,0.0,Neutral
2022-07-19,188.2,,0.0,Neutral,0.0,Neutral
2022-07-18,186.2,,0.0,Neutral,0.0,Neutral
2022-07-17,186.4,,0.0,Neutral,0.0,Neutral
2022-07-15,183.0,2022-07-15,-0.1234379112720489,Slightly Negative,-0.1234379112720489,Slightly Negative
2022-07-14,184.9,,0.0,Neutral,-0.06171895563602445,Slightly Negative
2022-07-13,183.0,2022-07-13,0.9082242250442504,Strongly Positive,0.8773647472262381,Strongly Positive
2022-07-12,178.9,,0.0,Neutral,0.4541121125221252,Positive
2022-07-11,178.8,,0.0,Neutral,0.2270560562610626,Positive
2022-07-08,186.0,,0.0,Neutral,0.0,Neutral
2022-07-07,187.0,,0.0,Neutral,0.0,Neutral
2022-07-06,189.8,,0.0,Neutral,0.0,Neutral
2022-07-05,187.3,,0.0,Neutral,0.0,Neutral
2022-07-04,191.0,2022-07-04,-0.2904195189476013,Negative,-0.2904195189476013,Negative
2022-07-03,193.0,,0.0,Neutral,-0.14520975947380066,Slightly Negative
2022-07-01,190.0,,0.0,Neutral,-0.07260487973690033,Slightly Negative
2022-06-30,193.8,2022-06-30,-0.2598440945148468,Negative,-0.2598440945148468,Negative
2022-06-29,188.9,,0.0,Neutral,-0.1299220472574234,Slightly Negative
2022-06-28,186.6,2022-06-28,0.4208382070064544,Positive,0.3558771833777427,Positive
2022-06-27,188.0,,0.0,Neutral,0.2104191035032272,Positive
2022-06-26,191.0,2022-06-26,-0.4419355690479278,Negative,-0.3367260172963142,Negative
2022-06-24,186.0,2022-06-24,0.5870148539543152,Positive,0.36604706943035126,Positive
2022-06-23,183.5,,0.0,Neutral,0.18302353471517563,Slightly Positive
2022-06-22,189.0,,0.0,Neutral,0.1467537134885788,Slightly Positive
2022-06-21,194.5,,0.0,Neutral,0.0,Neutral
2022-06-20,189.5,2022-06-20,0.5693178772926331,Positive,0.5693178772926331,Positive
2022-06-19,191.4,,0.0,Neutral,0.28465893864631653,Positive
2022-06-17,193.0,,0.0,Neutral,0.14232946932315826,Slightly Positive
2022-06-16,193.7,2022-06-16,0.8982492685317993,Strongly Positive,0.8982492685317993,Strongly Positive
2022-06-15,192.0,,0.0,Neutral,0.44912463426589966,Positive
2022-06-14,194.9,,0.0,Neutral,0.22456231713294983,Positive
2022-06-13,197.2,,0.0,Neutral,0.0,Neutral
2022-06-10,199.0,,0.0,Neutral,0.0,Neutral
2022-06-09,199.0,,0.0,Neutral,0.0,Neutral
2022-06-08,201.0,,0.0,Neutral,0.0,Neutral
2022-06-07,196.9,2022-06-07,0.2998286485671997,Positive,0.2998286485671997,Positive
2022-06-06,200.0,2022-06-06,0.0207726825028657,Neutral,0.17068700678646556,Slightly Positive
2022-06-03,202.5,,0.0,Neutral,0.08534350339323278,Slightly Positive
2022-06-02,203.1,2022-06-02,0.8461382985115051,Strongly Positive,0.8513314691372216,Strongly Positive
2022-06-01,206.9,2022-06-01,0.3814393877983093,Positive,0.8045085370540619,Strongly Positive
2022-05-31,205.0,,0.0,Neutral,0.40225426852703094,Positive
2022-05-30,210.0,,0.0,Neutral,0.09535984694957733,Slightly Positive
2022-05-27,210.0,,0.0,Neutral,0.0,Neutral
2022-05-26,213.5,,0.0,Neutral,0.0,Neutral
2022-05-25,206.7,,0.0,Neutral,0.0,Neutral
2022-05-24,203.3,2022-05-24,0.0325568914413452,Neutral,0.0325568914413452,Neutral
2022-05-23,202.1,,0.0,Neutral,0.0162784457206726,Neutral
2022-05-20,207.0,,0.0,Neutral,0.0081392228603363,Neutral
2022-05-19,208.0,,0.0,Neutral,0.0,Neutral
2022-05-18,210.0,2022-05-18,0.2235666513442993,Positive,0.2235666513442993,Positive
2022-05-17,209.0,,0.0,Neutral,0.11178332567214964,Slightly Positive
2022-05-12,216.0,,0.0,Neutral,0.05589166283607482,Slightly Positive
2022-05-11,218.0,,0.0,Neutral,0.0,Neutral
2022-05-10,212.5,,0.0,Neutral,0.0,Neutral
2022-05-09,208.0,,0.0,Neutral,0.0,Neutral
2022-05-08,209.0,,0.0,Neutral,0.0,Neutral
2022-05-05,207.0,,0.0,Neutral,0.0,Neutral
2022-05-04,212.0,,0.0,Neutral,0.0,Neutral
2022-05-02,214.0,,0.0,Neutral,0.0,Neutral
2022-04-28,216.0,,0.0,Neutral,0.0,Neutral
2022-04-27,217.4,,0.0,Neutral,0.0,Neutral
2022-04-26,215.2,2022-04-26,0.0814896821975708,Slightly Positive,0.0814896821975708,Slightly Positive
2022-04-25,218.0,,0.0,Neutral,0.0407448410987854,Neutral
2022-04-24,222.0,2022-04-24,0.4896917045116424,Positive,0.5100641250610352,Positive
2022-04-21,214.0,2022-04-21,0.435576420277357,Positive,0.6804222725331782,Strongly Positive
2022-04-20,214.1,2022-04-20,0.1363096833229065,Slightly Positive,0.4765208195894956,Positive
2022-04-19,212.0,2022-04-19,0.9145817756652832,Strongly Positive,1.0916307223960757,Strongly Positive
2022-04-18,210.1,2022-04-18,0.6108980178833008,Strongly Positive,1.102266326546669,Strongly Positive
2022-04-17,214.0,,0.0,Neutral,0.5340944528579712,Positive
2022-04-13,215.0,,0.0,Neutral,0.1527245044708252,Slightly Positive
2022-04-12,213.5,2022-04-12,0.5773056745529175,Positive,0.5773056745529175,Positive
2022-04-11,215.1,2022-04-11,0.8681013584136963,Strongly Positive,1.156754195690155,Strongly Positive
2022-04-07,223.0,,0.0,Neutral,0.5783770978450775,Positive
2022-04-06,214.0,2022-04-06,0.3428605794906616,Positive,0.5598859190940857,Positive
2022-04-05,214.7,2022-04-05,0.651929497718811,Strongly Positive,0.8233597874641418,Strongly Positive
2022-04-04,219.4,,0.0,Neutral,0.4116798937320709,Positive
2022-04-03,220.9,2022-04-03,-0.0272224247455596,Neutral,0.13575994968414315,Slightly Positive
2022-03-31,222.8,,0.0,Neutral,-0.0136112123727798,Neutral
2022-03-30,225.0,,0.0,Neutral,-0.0068056061863899,Neutral
2022-03-29,221.9,2022-03-29,0.8759951591491699,Strongly Positive,0.8759951591491699,Strongly Positive
2022-03-28,224.8,2022-03-28,0.6411234736442566,Strongly Positive,1.0791210532188416,Strongly Positive
2022-03-27,224.7,,0.0,Neutral,0.5395605266094208,Positive
2022-03-24,229.0,,0.0,Neutral,0.16028086841106415,Slightly Positive
2022-03-23,231.1,2022-03-23,-0.0178897380828857,Neutral,-0.0178897380828857,Neutral
2022-03-22,232.0,,0.0,Neutral,-0.00894486904144285,Neutral
2022-03-21,231.4,,0.0,Neutral,-0.004472434520721425,Neutral
2022-03-20,227.5,2022-03-20,0.8301899433135986,Strongly Positive,0.8301899433135986,Strongly Positive
2022-03-16,229.3,,0.0,Neutral,0.4150949716567993,Positive
2022-03-15,231.0,,0.0,Neutral,0.20754748582839966,Positive
2022-03-14,233.0,2022-03-14,0.5405178843066096,Positive,0.5405178843066096,Positive
2022-03-13,233.0,,0.0,Neutral,0.2702589421533048,Positive
2022-03-10,226.0,,0.0,Neutral,0.1351294710766524,Slightly Positive
2022-03-09,223.0,2022-03-09,-0.5977263450622559,Negative,-0.5977263450622559,Negative
2022-03-07,225.8,,0.0,Neutral,-0.29886317253112793,Negative
2022-03-06,224.8,,0.0,Neutral,-0.14943158626556396,Slightly Negative
2022-03-02,222.0,,0.0,Neutral,0.0,Neutral
2022-02-28,224.0,2022-02-28,0.4970417022705078,Positive,0.4970417022705078,Positive
2022-02-27,229.5,,0.0,Neutral,0.2485208511352539,Positive
2022-02-24,231.0,2022-02-24,0.5140209197998047,Positive,0.6382813453674316,Strongly Positive
2022-02-23,236.0,,0.0,Neutral,0.25701045989990234,Positive
2022-02-22,237.1,,0.0,Neutral,0.12850522994995117,Slightly Positive
2022-02-21,237.6,2022-02-21,0.5519900321960449,Positive,0.5519900321960449,Positive
2022-02-20,232.0,,0.0,Neutral,0.27599501609802246,Positive
2022-02-17,237.9,,0.0,Neutral,0.13799750804901123,Slightly Positive
2022-02-16,235.0,2022-02-16,0.5795700550079346,Positive,0.5795700550079346,Positive
2022-02-15,240.4,2022-02-15,-0.3125604093074798,Negative,-0.022775381803512518,Neutral
2022-02-14,239.0,2022-02-14,-0.5765681266784668,Negative,-0.5879558175802231,Negative
2022-02-13,240.0,2022-02-13,0.4978555937608083,Positive,0.13143142809470493,Slightly Positive
2022-02-10,246.3,,0.0,Neutral,0.10478576521078745,Slightly Positive
2022-02-09,249.0,,0.0,Neutral,0.12446389844020207,Slightly Positive
2022-02-08,250.1,2022-02-08,-0.0566993355751037,Slightly Negative,-0.0566993355751037,Slightly Negative
2022-02-07,253.4,2022-02-07,0.5250307619571686,Positive,0.49668109416961675,Positive
2022-02-06,254.0,,0.0,Neutral,0.24834054708480838,Positive
2022-02-03,256.5,2022-02-03,0.908535659313202,Strongly Positive,1.039793349802494,Strongly Positive
2022-02-01,258.2,,0.0,Neutral,0.454267829656601,Positive
2022-01-31,256.0,,0.0,Neutral,0.2271339148283005,Positive
2022-01-30,262.0,,0.0,Neutral,0.0,Neutral
2022-01-27,254.3,,0.0,Neutral,0.0,Neutral
2022-01-26,253.4,2022-01-26,0.4082410056143999,Positive,0.4082410056143999,Positive
2022-01-25,258.3,,0.0,Neutral,0.20412050280719995,Positive
2022-01-24,259.5,,0.0,Neutral,0.10206025140359998,Slightly Positive
2022-01-23,268.0,,0.0,Neutral,0.0,Neutral
2022-01-20,275.6,,0.0,Neutral,0.0,Neutral
2022-01-19,276.0,2022-01-19,0.3360106647014618,Positive,0.3360106647014618,Positive
2022-01-18,268.5,2022-01-18,0.3734949231147766,Positive,0.5415002554655075,Positive
2022-01-17,268.0,2022-01-17,0.4422468543052673,Positive,0.7129969820380211,Strongly Positive
2022-01-16,268.0,,0.0,Neutral,0.3144971579313278,Positive
2022-01-13,253.6,,0.0,Neutral,0.11056171357631682,Slightly Positive
2022-01-12,253.0,2022-01-12,-0.4808397889137268,Negative,-0.4808397889137268,Negative
2022-01-11,260.0,,0.0,Neutral,-0.2404198944568634,Negative
2022-01-10,257.0,2022-01-10,0.519367516040802,Positive,0.3991575688123703,Positive
2022-01-09,263.0,2022-01-09,0.7907711267471313,Strongly Positive,1.0504548847675323,Strongly Positive
2022-01-06,250.0,,0.0,Neutral,0.5252274423837662,Positive
2022-01-05,237.0,,0.0,Neutral,0.19769278168678284,Slightly Positive
2022-01-04,243.1,2022-01-04,0.65803462266922,Strongly Positive,0.65803462266922,Strongly Positive
2022-01-03,233.0,2022-01-03,0.0013054907321929,Neutral,0.33032280206680287,Positive
2022-01-02,239.0,,0.0,Neutral,0.16516140103340143,Slightly Positive
2021-12-29,230.5,,0.0,Neutral,0.000326372683048225,Neutral
2021-12-28,229.5,,0.0,Neutral,0.0,Neutral
2021-12-27,229.0,2021-12-27,0.1544867753982544,Slightly Positive,0.1544867753982544,Slightly Positive
2021-12-26,230.2,,0.0,Neutral,0.0772433876991272,Slightly Positive
2021-12-23,226.8,,0.0,Neutral,0.0386216938495636,Neutral
2021-12-22,225.3,,0.0,Neutral,0.0,Neutral
2021-12-21,221.9,2021-12-21,-0.6907034516334534,Strongly Negative,-0.6907034516334534,Strongly Negative
2021-12-20,218.0,,0.0,Neutral,-0.3453517258167267,Negative
2021-12-16,221.0,2021-12-16,0.7056154310703278,Strongly Positive,0.5329395681619644,Positive
2021-12-15,220.1,2021-12-15,-0.3610247150063515,Negative,-0.008216999471187647,Neutral
2021-12-14,224.0,2021-12-14,0.0240390766412019,Neutral,0.019930576905608066,Neutral
2021-12-13,217.0,,0.0,Neutral,-0.07823664043098694,Slightly Negative
2021-12-12,219.2,,0.0,Neutral,0.006009769160300475,Neutral
2021-12-09,224.5,2021-12-09,0.7948119044303894,Strongly Positive,0.7948119044303894,Strongly Positive
2021-12-08,223.0,,0.0,Neutral,0.3974059522151947,Positive
2021-12-07,226.0,,0.0,Neutral,0.19870297610759735,Slightly Positive
2021-12-06,227.0,2021-12-06,-0.0454929023981094,Neutral,-0.0454929023981094,Neutral
2021-12-05,223.7,2021-12-05,-0.3157088458538055,Negative,-0.3384552970528602,Negative
2021-12-02,231.0,,0.0,Neutral,-0.1692276485264301,Slightly Negative
2021-12-01,232.0,,0.0,Neutral,-0.07892721146345137,Slightly Negative
2021-11-30,231.0,2021-11-30,0.0353909358382225,Neutral,0.0353909358382225,Neutral
2021-11-29,234.0,,0.0,Neutral,0.01769546791911125,Neutral
2021-11-28,233.9,,0.0,Neutral,0.008847733959555624,Neutral
2021-11-25,242.0,2021-11-25,-0.1864838898181915,Slightly Negative,-0.1864838898181915,Slightly Negative
2021-11-24,233.0,2021-11-24,-0.2785083949565887,Negative,-0.37175033986568445,Negative
2021-11-23,234.5,2021-11-23,0.6356387138366699,Strongly Positive,0.44976354390382767,Positive
2021-11-22,236.9,2021-11-22,0.0131739825010299,Neutral,0.2613662406802177,Positive
2021-11-21,233.0,,0.0,Neutral,0.16549666970968244,Slightly Positive
2021-11-18,235.1,,0.0,Neutral,0.003293495625257475,Neutral
2021-11-17,238.3,2021-11-17,0.6861373782157898,Strongly Positive,0.6861373782157898,Strongly Positive
2021-11-16,237.0,2021-11-16,0.8141272664070129,Strongly Positive,1.1571959555149078,Strongly Positive
2021-11-15,231.0,2021-11-15,0.4076647162437439,Positive,0.9862626940011978,Strongly Positive
2021-11-14,229.0,2021-11-14,0.0491418664654096,Neutral,0.45650604118903476,Positive
2021-11-11,231.0,2021-11-11,0.2226513624191284,Positive,0.34913847471276915,Positive
2021-11-09,232.5,,0.0,Neutral,0.12361114782591659,Slightly Positive
2021-11-08,238.3,2021-11-08,0.4568291008472442,Positive,0.5124919414520263,Positive
2021-11-03,242.7,2021-11-03,0.2788993418216705,Positive,0.5073138922452926,Positive
2021-11-02,243.0,,0.0,Neutral,0.2536569461226463,Positive
2021-11-01,243.0,2021-11-01,0.1046939715743064,Slightly Positive,0.174418807029724,Slightly Positive
2021-10-31,237.8,,0.0,Neutral,0.0523469857871532,Slightly Positive
2021-10-28,238.0,,0.0,Neutral,0.0261734928935766,Neutral
2021-10-27,240.0,,0.0,Neutral,0.0,Neutral
2021-10-26,242.5,,0.0,Neutral,0.0,Neutral
2021-10-25,236.0,,0.0,Neutral,0.0,Neutral
2021-10-24,228.1,,0.0,Neutral,0.0,Neutral
2021-10-21,229.0,2021-10-21,0.8713273406028748,Strongly Positive,0.8713273406028748,Strongly Positive
2021-10-20,232.0,2021-10-20,0.6123760342597961,Strongly Positive,1.0480397045612335,Strongly Positive
2021-10-19,228.9,,0.0,Neutral,0.5240198522806168,Positive
2021-10-18,235.0,2021-10-18,0.8018708229064941,Strongly Positive,0.9549648314714432,Strongly Positive
2021-10-17,239.0,2021-10-17,0.9213525056838988,Strongly Positive,1.322287917137146,Strongly Positive
2021-10-11,238.5,2021-10-11,0.857159435749054,Strongly Positive,1.518303394317627,Strongly Positive
2021-10-10,240.0,,0.0,Neutral,0.6589178442955017,Strongly Positive
2021-10-06,244.5,2021-10-06,0.9232880473136902,Strongly Positive,1.1375779062509537,Strongly Positive
2021-10-05,243.0,2021-10-05,0.4259742498397827,Positive,0.8876182734966278,Strongly Positive
2021-10-04,238.0,2021-10-04,-0.1786015033721923,Slightly Negative,0.26520763337612163,Positive
2021-10-03,239.0,,0.0,Neutral,0.01719281077384953,Neutral
2021-09-30,243.3,,0.0,Neutral,-0.044650375843048075,Neutral
2021-09-29,245.5,2021-09-29,0.9257281422615052,Strongly Positive,0.9257281422615052,Strongly Positive
2021-09-28,243.3,2021-09-28,0.261738121509552,Positive,0.7246021926403046,Strongly Positive
2021-09-27,247.5,,0.0,Neutral,0.3623010963201523,Positive
2021-09-26,256.0,,0.0,Neutral,0.065434530377388,Slightly Positive
2021-09-23,260.0,2021-09-23,-0.5558741092681885,Negative,-0.5558741092681885,Negative
2021-09-22,255.1,,0.0,Neutral,-0.27793705463409424,Negative
2021-09-21,243.0,,0.0,Neutral,-0.13896852731704712,Slightly Negative
2021-09-20,241.0,,0.0,Neutral,0.0,Neutral
2021-09-16,253.0,2021-09-16,0.5890231132507324,Positive,0.5890231132507324,Positive
2021-09-15,260.0,,0.0,Neutral,0.2945115566253662,Positive
2021-09-14,266.0,,0.0,Neutral,0.1472557783126831,Slightly Positive
2021-09-13,266.9,,0.0,Neutral,0.0,Neutral
2021-09-12,266.0,2021-09-12,0.4431141316890716,Positive,0.4431141316890716,Positive
2021-09-09,261.2,,0.0,Neutral,0.2215570658445358,Positive
2021-09-08,261.0,,0.0,Neutral,0.1107785329222679,Slightly Positive
2021-09-07,265.0,,0.0,Neutral,0.0,Neutral
2021-09-06,270.9,,0.0,Neutral,0.0,Neutral
2021-09-05,258.0,,0.0,Neutral,0.0,Neutral
2021-09-02,266.9,,0.0,Neutral,0.0,Neutral
2021-09-01,270.0,,0.0,Neutral,0.0,Neutral
2021-08-31,267.0,,0.0,Neutral,0.0,Neutral
2021-08-29,272.0,,0.0,Neutral,0.0,Neutral
2021-08-26,277.5,,0.0,Neutral,0.0,Neutral
2021-08-25,278.5,,0.0,Neutral,0.0,Neutral
2021-08-24,282.0,,0.0,Neutral,0.0,Neutral
2021-08-19,284.3,2021-08-19,0.5259397625923157,Positive,0.5259397625923157,Positive
2021-08-18,288.8,,0.0,Neutral,0.26296988129615784,Positive
2021-08-17,286.5,,0.0,Neutral,0.13148494064807892,Slightly Positive
2021-08-16,285.0,2021-08-16,0.146904706954956,Slightly Positive,0.146904706954956,Slightly Positive
2021-08-15,288.1,,0.0,Neutral,0.073452353477478,Slightly Positive
2021-08-12,291.0,,0.0,Neutral,0.036726176738739,Neutral
2021-08-11,292.5,,0.0,Neutral,0.0,Neutral
2021-08-10,294.0,,0.0,Neutral,0.0,Neutral
2021-08-09,286.0,,0.0,Neutral,0.0,Neutral
2021-08-08,289.5,,0.0,Neutral,0.0,Neutral
2021-08-05,293.0,,0.0,Neutral,0.0,Neutral
2021-08-04,292.0,2021-08-04,-0.4183864593505859,Negative,-0.4183864593505859,Negative
2021-08-03,291.0,,0.0,Neutral,-0.20919322967529294,Negative
2021-08-02,292.0,,0.0,Neutral,-0.10459661483764647,Slightly Negative
2021-08-01,292.0,,0.0,Neutral,0.0,Neutral
2021-07-29,292.9,,0.0,Neutral,0.0,Neutral
2021-07-28,294.0,,0.0,Neutral,0.0,Neutral
2021-07-27,296.0,,0.0,Neutral,0.0,Neutral
2021-07-26,299.0,,0.0,Neutral,0.0,Neutral
2021-07-25,305.4,2021-07-25,-0.1586503386497497,Slightly Negative,-0.1586503386497497,Slightly Negative
2021-07-22,296.0,,0.0,Neutral,-0.07932516932487485,Slightly Negative
2021-07-20,294.0,,0.0,Neutral,-0.039662584662437425,Neutral
2021-07-19,296.0,,0.0,Neutral,0.0,Neutral
2021-07-18,299.0,,0.0,Neutral,0.0,Neutral
2021-07-15,291.0,2021-07-15,0.2684071958065033,Positive,0.2684071958065033,Positive
2021-07-14,286.0,,0.0,Neutral,0.13420359790325165,Slightly Positive
2021-07-13,287.0,,0.0,Neutral,0.06710179895162582,Slightly Positive
2021-07-12,285.0,,0.0,Neutral,0.0,Neutral
2021-07-11,290.0,2021-07-11,0.7197643518447876,Strongly Positive,0.7197643518447876,Strongly Positive
2021-07-08,284.0,,0.0,Neutral,0.3598821759223938,Positive
2021-07-07,281.0,2021-07-07,0.0943080335855484,Slightly Positive,0.2742491215467453,Positive
2021-07-06,281.0,,0.0,Neutral,0.0471540167927742,Neutral
2021-07-05,283.0,,0.0,Neutral,0.0235770083963871,Neutral
2021-07-04,291.0,,0.0,Neutral,0.0,Neutral
2021-07-01,295.0,,0.0,Neutral,0.0,Neutral
2021-06-30,286.0,2021-06-30,0.864063024520874,Strongly Positive,0.864063024520874,Strongly Positive
2021-06-29,290.0,,0.0,Neutral,0.432031512260437,Positive
2021-06-28,299.0,,0.0,Neutral,0.2160157561302185,Positive
2021-06-27,298.0,,0.0,Neutral,0.0,Neutral
2021-06-24,271.0,,0.0,Neutral,0.0,Neutral
2021-06-23,273.0,,0.0,Neutral,0.0,Neutral
2021-06-22,281.0,,0.0,Neutral,0.0,Neutral
2021-06-21,269.0,,0.0,Neutral,0.0,Neutral
2021-06-20,280.0,,0.0,Neutral,0.0,Neutral
2021-06-17,288.0,,0.0,Neutral,0.0,Neutral
2021-06-16,290.0,,0.0,Neutral,0.0,Neutral
2021-06-15,296.0,,0.0,Neutral,0.0,Neutral
2021-06-14,296.0,2021-06-14,0.6951586504777273,Strongly Positive,0.6951586504777273,Strongly Positive
2021-06-13,284.0,,0.0,Neutral,0.34757932523886365,Positive
2021-06-10,283.0,,0.0,Neutral,0.17378966261943182,Slightly Positive
2021-06-09,286.0,,0.0,Neutral,0.0,Neutral
2021-06-08,293.0,,0.0,Neutral,0.0,Neutral
2021-06-07,288.0,,0.0,Neutral,0.0,Neutral
2021-06-06,294.0,,0.0,Neutral,0.0,Neutral
2021-06-03,277.0,,0.0,Neutral,0.0,Neutral
2021-06-02,267.0,,0.0,Neutral,0.0,Neutral
2021-06-01,260.0,,0.0,Neutral,0.0,Neutral
2021-05-31,267.0,,0.0,Neutral,0.0,Neutral
2021-05-30,273.0,,0.0,Neutral,0.0,Neutral
2021-05-27,269.0,2021-05-27,0.2186865657567978,Positive,0.2186865657567978,Positive
2021-05-25,267.0,2021-05-25,0.655621349811554,Strongly Positive,0.7649646326899529,Strongly Positive
2021-05-24,274.0,,0.0,Neutral,0.3824823163449764,Positive
2021-05-23,275.0,,0.0,Neutral,0.1639053374528885,Slightly Positive
2021-05-20,268.0,,0.0,Neutral,0.0,Neutral
2021-05-19,260.0,,0.0,Neutral,0.0,Neutral
2021-05-18,253.0,,0.0,Neutral,0.0,Neutral
2021-05-17,252.0,,0.0,Neutral,0.0,Neutral
2021-05-16,250.0,2021-05-16,0.8713140487670898,Strongly Positive,0.8713140487670898,Strongly Positive
2021-05-13,245.0,,0.0,Neutral,0.4356570243835449,Positive
2021-05-12,246.0,,0.0,Neutral,0.21782851219177246,Positive
2021-05-11,243.0,,0.0,Neutral,0.0,Neutral
2021-05-10,237.0,,0.0,Neutral,0.0,Neutral
2021-05-09,235.0,,0.0,Neutral,0.0,Neutral
2021-05-06,235.0,,0.0,Neutral,0.0,Neutral
2021-05-05,233.0,,0.0,Neutral,0.0,Neutral
2021-05-04,231.0,,0.0,Neutral,0.0,Neutral
2021-05-03,231.0,,0.0,Neutral,0.0,Neutral
2021-05-02,234.0,2021-05-02,0.1060797721147537,Slightly Positive,0.1060797721147537,Slightly Positive
2021-04-29,233.0,2021-04-29,-0.3356136381626129,Negative,-0.28257375210523605,Negative
2021-04-28,231.0,2021-04-28,0.0036563519388437,Neutral,-0.13763052411377433,Slightly Negative
2021-04-27,237.0,,0.0,Neutral,-0.08207523357123138,Slightly Negative
2021-04-26,228.0,,0.0,Neutral,0.000914087984710925,Neutral
2021-04-25,238.0,,0.0,Neutral,0.0,Neutral
2021-04-22,247.0,,0.0,Neutral,0.0,Neutral
2021-04-21,247.0,2021-04-21,-0.5364495515823364,Negative,-0.5364495515823364,Negative
2021-04-20,250.0,2021-04-20,-0.8707112669944763,Strongly Negative,-1.1389360427856445,Strongly Negative
2021-04-19,249.0,,0.0,Neutral,-0.5694680213928223,Negative
2021-04-18,256.0,2021-04-18,-0.4178709387779236,Negative,-0.6355487555265427,Strongly Negative
2021-04-15,260.0,,0.0,Neutral,-0.2089354693889618,Negative
2021-04-13,257.0,2021-04-13,-0.5402607917785645,Negative,-0.6447285264730453,Strongly Negative
2021-04-12,250.0,,0.0,Neutral,-0.2701303958892822,Negative
2021-04-08,254.0,,0.0,Neutral,-0.1350651979446411,Slightly Negative
2021-04-07,256.0,,0.0,Neutral,0.0,Neutral
2021-04-06,251.0,,0.0,Neutral,0.0,Neutral
2021-04-05,250.0,2021-04-05,-0.4910283088684082,Negative,-0.4910283088684082,Negative
2021-04-04,250.0,,0.0,Neutral,-0.2455141544342041,Negative
2021-04-01,248.0,2021-04-01,0.1322474330663681,Slightly Positive,0.009490355849266052,Neutral
2021-03-31,247.0,,0.0,Neutral,0.06612371653318405,Slightly Positive
2021-03-30,245.0,,0.0,Neutral,0.033061858266592026,Neutral
2021-03-29,245.0,2021-03-29,0.849197268486023,Strongly Positive,0.849197268486023,Strongly Positive
2021-03-25,246.0,,0.0,Neutral,0.4245986342430115,Positive
2021-03-24,251.0,2021-03-24,-0.4105883538722992,Negative,-0.19828903675079346,Slightly Negative
2021-03-23,246.0,2021-03-23,0.8062120676040649,Strongly Positive,0.6009178906679153,Strongly Positive
2021-03-22,246.0,2021-03-22,-0.3435660600662231,Negative,-0.04310711473226542,Neutral
2021-03-21,251.0,,0.0,Neutral,0.02976998686790469,Neutral
2021-03-18,244.0,,0.0,Neutral,-0.08589151501655577,Slightly Negative
2021-03-17,237.0,,0.0,Neutral,0.0,Neutral
2021-03-16,235.0,,0.0,Neutral,0.0,Neutral
2021-03-15,232.0,,0.0,Neutral,0.0,Neutral
2021-03-14,234.0,2021-03-14,0.3672319650650024,Positive,0.3672319650650024,Positive
2021-03-10,240.0,,0.0,Neutral,0.1836159825325012,Slightly Positive
2021-03-09,242.0,,0.0,Neutral,0.0918079912662506,Slightly Positive
2021-03-07,245.0,2021-03-07,0.8898645639419556,Strongly Positive,0.8898645639419556,Strongly Positive
2021-03-04,250.0,,0.0,Neutral,0.4449322819709778,Positive
2021-03-03,242.0,,0.0,Neutral,0.2224661409854889,Positive
2021-03-02,246.0,2021-03-02,-0.438233733177185,Negative,-0.438233733177185,Negative
2021-03-01,256.0,,0.0,Neutral,-0.2191168665885925,Negative
2021-02-28,250.0,,0.0,Neutral,-0.10955843329429625,Slightly Negative
2021-02-25,260.0,,0.0,Neutral,0.0,Neutral
2021-02-24,267.0,2021-02-24,-0.4131810963153839,Negative,-0.4131810963153839,Negative
2021-02-23,269.0,,0.0,Neutral,-0.20659054815769196,Negative
2021-02-22,274.0,,0.0,Neutral,-0.10329527407884598,Slightly Negative
2021-02-21,290.0,2021-02-21,-0.5976194143295288,Negative,-0.5976194143295288,Negative
2021-02-18,271.0,,0.0,Neutral,-0.2988097071647644,Negative
2021-02-17,256.0,,0.0,Neutral,-0.1494048535823822,Slightly Negative
2021-02-16,255.0,,0.0,Neutral,0.0,Neutral
2021-02-15,255.0,,0.0,Neutral,0.0,Neutral
2021-02-14,254.0,,0.0,Neutral,0.0,Neutral
2021-02-11,257.0,,0.0,Neutral,0.0,Neutral
2021-02-10,251.0,2021-02-10,0.4726470112800598,Positive,0.4726470112800598,Positive
2021-02-09,254.0,2021-02-09,-0.5642222166061401,Negative,-0.32789871096611023,Negative
2021-02-08,256.0,2021-02-08,-0.4620852768421173,Negative,-0.6260346323251724,Strongly Negative
2021-02-07,256.0,,0.0,Neutral,-0.3720981925725937,Negative
2021-02-04,256.0,2021-02-04,-0.4566866755485534,Negative,-0.5722079947590828,Negative
2021-02-03,258.0,,0.0,Neutral,-0.2283433377742767,Negative
2021-02-02,247.0,,0.0,Neutral,-0.11417166888713835,Slightly Negative
2021-02-01,253.0,,0.0,Neutral,0.0,Neutral
2021-01-31,230.0,2021-01-31,0.0300732478499412,Neutral,0.0300732478499412,Neutral
2021-01-28,226.0,2021-01-28,0.7391324043273926,Strongly Positive,0.7541690282523632,Strongly Positive
2021-01-27,236.0,2021-01-27,0.9172951579093932,Strongly Positive,1.294379672035575,Strongly Positive
2021-01-26,222.0,2021-01-26,-0.5346378684043884,Negative,0.10879281163215632,Slightly Positive
2021-01-25,223.0,,0.0,Neutral,-0.037995144724845914,Neutral
2021-01-24,224.0,,0.0,Neutral,-0.1336594671010971,Slightly Negative
2021-01-21,217.0,2021-01-21,-0.8496271967887878,Strongly Negative,-0.8496271967887878,Strongly Negative
2021-01-20,219.0,,0.0,Neutral,-0.4248135983943939,Negative
2021-01-19,217.0,,0.0,Neutral,-0.21240679919719696,Negative
2021-01-18,219.0,,0.0,Neutral,0.0,Neutral
2021-01-17,217.0,2021-01-17,0.3041101396083832,Positive,0.3041101396083832,Positive
2021-01-13,219.0,2021-01-13,0.4864499568939209,Positive,0.6385050266981125,Strongly Positive
2021-01-12,220.0,,0.0,Neutral,0.31925251334905624,Positive
2021-01-11,220.0,2021-01-11,-0.3791023790836334,Negative,-0.2574898898601532,Negative
2021-01-10,221.0,2021-01-10,-0.4561843276023865,Negative,-0.6457355171442032,Strongly Negative
2021-01-07,208.0,2021-01-07,0.698971003293991,Strongly Positive,0.3761032447218894,Positive
2021-01-06,207.0,,0.0,Neutral,0.23543941974639887,Positive
2021-01-05,204.0,,0.0,Neutral,0.17474275082349774,Slightly Positive
2021-01-04,204.0,,0.0,Neutral,0.0,Neutral
2021-01-03,207.0,2021-01-03,-0.3271416127681732,Negative,-0.3271416127681732,Negative
2020-12-31,201.0,,0.0,Neutral,-0.1635708063840866,Slightly Negative
2020-12-30,209.0,2020-12-30,-0.4411584436893463,Negative,-0.5229438468813896,Negative
2020-12-29,204.0,,0.0,Neutral,-0.22057922184467316,Negative
2020-12-28,204.0,,0.0,Neutral,-0.11028961092233658,Slightly Negative
2020-12-27,205.0,,0.0,Neutral,0.0,Neutral
2020-12-24,206.0,2020-12-24,0.512558102607727,Positive,0.512558102607727,Positive
2020-12-23,206.0,,0.0,Neutral,0.2562790513038635,Positive
2020-12-22,206.0,,0.0,Neutral,0.12813952565193176,Slightly Positive
2020-12-21,198.0,2020-12-21,-0.5311627984046936,Negative,-0.5311627984046936,Negative
2020-12-20,198.0,,0.0,Neutral,-0.2655813992023468,Negative
2020-12-17,205.0,2020-12-17,0.6602139472961426,Strongly Positive,0.5274232476949692,Positive
2020-12-16,206.0,2020-12-16,0.6675947904586792,Strongly Positive,0.9977017641067505,Strongly Positive
2020-12-15,205.0,,0.0,Neutral,0.49885088205337524,Positive
2020-12-14,207.0,,0.0,Neutral,0.1668986976146698,Slightly Positive
2020-12-13,210.0,,0.0,Neutral,0.0,Neutral
2020-12-10,203.0,,0.0,Neutral,0.0,Neutral
2020-12-09,201.0,2020-12-09,0.1103778183460235,Slightly Positive,0.1103778183460235,Slightly Positive
2020-12-08,205.0,,0.0,Neutral,0.05518890917301175,Slightly Positive
2020-12-07,207.0,2020-12-07,0.6842315196990967,Strongly Positive,0.7118259742856026,Strongly Positive
2020-12-06,202.0,,0.0,Neutral,0.34211575984954834,Positive
2020-12-03,209.0,,0.0,Neutral,0.17105787992477417,Slightly Positive
2020-12-02,213.0,,0.0,Neutral,0.0,Neutral
2020-12-01,215.0,,0.0,Neutral,0.0,Neutral
2020-11-30,220.0,,0.0,Neutral,0.0,Neutral
2020-11-29,220.0,,0.0,Neutral,0.0,Neutral
2020-11-26,200.0,,0.0,Neutral,0.0,Neutral
2020-11-25,202.0,2020-11-25,0.8829460740089417,Strongly Positive,0.8829460740089417,Strongly Positive
2020-11-24,190.0,,0.0,Neutral,0.4414730370044708,Positive
2020-11-23,190.0,,0.0,Neutral,0.2207365185022354,Positive
2020-11-22,191.0,,0.0,Neutral,0.0,Neutral
2020-11-19,191.0,,0.0,Neutral,0.0,Neutral
2020-11-18,188.0,2020-11-18,0.1508250832557678,Slightly Positive,0.1508250832557678,Slightly Positive
2020-11-12,194.0,,0.0,Neutral,0.0754125416278839,Slightly Positive
2020-11-11,194.0,,0.0,Neutral,0.03770627081394195,Neutral
2020-11-10,193.0,2020-11-10,0.0448877215385437,Neutral,0.0448877215385437,Neutral
2020-11-09,191.0,,0.0,Neutral,0.02244386076927185,Neutral
2020-11-08,194.0,,0.0,Neutral,0.011221930384635925,Neutral
2020-11-05,193.0,2020-11-05,0.9027197360992432,Strongly Positive,0.9027197360992432,Strongly Positive
2020-11-04,194.0,,0.0,Neutral,0.4513598680496216,Positive
2020-11-03,196.0,,0.0,Neutral,0.2256799340248108,Positive
2020-11-02,196.0,,0.0,Neutral,0.0,Neutral
2020-11-01,199.0,,0.0,Neutral,0.0,Neutral
2020-10-29,201.0,,0.0,Neutral,0.0,Neutral
2020-10-28,205.0,,0.0,Neutral,0.0,Neutral
2020-10-22,195.0,,0.0,Neutral,0.0,Neutral
2020-10-21,188.0,2020-10-21,0.8985637426376343,Strongly Positive,0.8985637426376343,Strongly Positive
2020-10-20,189.0,,0.0,Neutral,0.44928187131881714,Positive
2020-10-19,187.0,2020-10-19,0.906398057937622,Strongly Positive,1.1310389935970306,Strongly Positive
2020-10-18,186.0,2020-10-18,0.8729951977729797,Strongly Positive,1.3261942267417908,Strongly Positive
2020-10-15,188.0,2020-10-15,0.6376285552978516,Strongly Positive,1.300725668668747,Strongly Positive
2020-10-14,187.0,,0.0,Neutral,0.5370630770921707,Positive
2020-10-13,188.0,,0.0,Neutral,0.1594071388244629,Slightly Positive
2020-10-12,189.0,,0.0,Neutral,0.0,Neutral
2020-10-11,190.0,,0.0,Neutral,0.0,Neutral
2020-10-08,191.0,,0.0,Neutral,0.0,Neutral
2020-10-07,193.0,,0.0,Neutral,0.0,Neutral
2020-10-06,190.0,,0.0,Neutral,0.0,Neutral
2020-10-05,190.0,,0.0,Neutral,0.0,Neutral
2020-10-04,190.0,,0.0,Neutral,0.0,Neutral
2020-10-01,188.0,,0.0,Neutral,0.0,Neutral
2020-09-30,187.0,,0.0,Neutral,0.0,Neutral
2020-09-29,187.0,,0.0,Neutral,0.0,Neutral
2020-09-28,190.0,,0.0,Neutral,0.0,Neutral
2020-09-27,190.0,,0.0,Neutral,0.0,Neutral
2020-09-24,182.0,,0.0,Neutral,0.0,Neutral
2020-09-23,182.0,,0.0,Neutral,0.0,Neutral
2020-09-22,180.0,,0.0,Neutral,0.0,Neutral
2020-09-21,188.0,,0.0,Neutral,0.0,Neutral
2020-09-20,193.0,,0.0,Neutral,0.0,Neutral
2020-09-17,183.0,,0.0,Neutral,0.0,Neutral
2020-09-16,172.0,2020-09-16,0.859821081161499,Strongly Positive,0.859821081161499,Strongly Positive
2020-09-15,173.0,2020-09-15,0.88677579164505,Strongly Positive,1.3166863322257996,Strongly Positive
2020-09-14,173.0,,0.0,Neutral,0.6583431661128998,Strongly Positive
2020-09-13,172.0,,0.0,Neutral,0.2216939479112625,Positive
2020-09-10,172.0,,0.0,Neutral,0.0,Neutral
2020-09-09,172.0,,0.0,Neutral,0.0,Neutral
2020-09-08,173.0,,0.0,Neutral,0.0,Neutral
2020-09-07,171.0,,0.0,Neutral,0.0,Neutral
2020-09-06,173.0,,0.0,Neutral,0.0,Neutral
2020-09-03,174.0,,0.0,Neutral,0.0,Neutral
2020-09-02,176.0,,0.0,Neutral,0.0,Neutral
2020-08-31,174.0,,0.0,Neutral,0.0,Neutral
2020-08-30,174.0,,0.0,Neutral,0.0,Neutral
2020-08-27,174.0,,0.0,Neutral,0.0,Neutral
2020-08-26,175.0,2020-08-26,0.4787486214190721,Positive,0.4787486214190721,Positive
2020-08-25,174.0,,0.0,Neutral,0.23937431070953605,Positive
2020-08-24,174.0,,0.0,Neutral,0.11968715535476802,Slightly Positive
2020-08-23,171.0,,0.0,Neutral,0.0,Neutral
2020-08-20,172.0,2020-08-20,0.3619968295097351,Positive,0.3619968295097351,Positive
2020-08-19,171.0,,0.0,Neutral,0.18099841475486755,Slightly Positive
2020-08-18,174.0,,0.0,Neutral,0.09049920737743378,Slightly Positive
2020-08-17,174.0,,0.0,Neutral,0.0,Neutral
2020-08-16,173.0,2020-08-16,0.0681280344724655,Slightly Positive,0.0681280344724655,Slightly Positive
2020-08-13,175.0,2020-08-13,-0.0032728966325521,Neutral,0.030791120603680652,Neutral
2020-08-12,178.0,,0.0,Neutral,0.015395560301840326,Neutral
2020-08-11,177.0,,0.0,Neutral,-0.000818224158138025,Neutral
2020-08-10,179.0,,0.0,Neutral,0.0,Neutral
2020-08-09,177.0,,0.0,Neutral,0.0,Neutral
2020-08-06,174.0,,0.0,Neutral,0.0,Neutral
2020-08-05,175.0,,0.0,Neutral,0.0,Neutral
2020-08-03,175.0,,0.0,Neutral,0.0,Neutral
2020-08-02,171.0,,0.0,Neutral,0.0,Neutral
2020-07-30,178.0,,0.0,Neutral,0.0,Neutral
2020-07-29,177.0,2020-07-29,0.8600679636001587,Strongly Positive,0.8600679636001587,Strongly Positive
2020-07-28,180.0,,0.0,Neutral,0.43003398180007935,Positive
2020-07-27,178.0,,0.0,Neutral,0.21501699090003967,Positive
2020-07-26,179.0,,0.0,Neutral,0.0,Neutral
2020-07-23,177.0,,0.0,Neutral,0.0,Neutral
2020-07-22,179.0,2020-07-22,0.5365362167358398,Positive,0.5365362167358398,Positive
2020-07-21,183.0,,0.0,Neutral,0.2682681083679199,Positive
2020-07-20,183.0,,0.0,Neutral,0.13413405418395996,Slightly Positive
2020-07-19,189.0,,0.0,Neutral,0.0,Neutral
2020-07-16,172.0,,0.0,Neutral,0.0,Neutral
2020-07-15,165.0,,0.0,Neutral,0.0,Neutral
2020-07-14,165.0,,0.0,Neutral,0.0,Neutral
2020-07-13,162.0,,0.0,Neutral,0.0,Neutral
2020-07-12,162.0,,0.0,Neutral,0.0,Neutral
2020-07-09,165.0,2020-07-09,0.8973246514797211,Strongly Positive,0.8973246514797211,Strongly Positive
2020-07-08,165.0,,0.0,Neutral,0.44866232573986053,Positive
2020-07-07,168.0,,0.0,Neutral,0.22433116286993027,Positive
2020-07-06,163.0,,0.0,Neutral,0.0,Neutral
2020-07-05,160.0,2020-07-05,0.2238288819789886,Positive,0.2238288819789886,Positive
2020-07-02,160.0,,0.0,Neutral,0.1119144409894943,Slightly Positive
2020-07-01,168.0,2020-07-01,-0.564888060092926,Negative,-0.5089308395981789,Negative
2020-06-30,158.0,2020-06-30,0.916642129421234,Strongly Positive,0.634198099374771,Strongly Positive
2020-06-29,145.0,,0.0,Neutral,0.3170990496873855,Positive
2020-05-13,151.0,,0.0,Neutral,0.2291605323553085,Positive
2020-05-12,155.0,,0.0,Neutral,0.0,Neutral
2020-03-22,159.0,2020-03-22,0.5310344099998474,Positive,0.5310344099998474,Positive
2020-03-19,162.0,,0.0,Neutral,0.2655172049999237,Positive
2020-03-18,157.0,,0.0,Neutral,0.13275860249996185,Slightly Positive
2020-03-17,160.0,2020-03-17,0.8020090460777283,Strongly Positive,0.8020090460777283,Strongly Positive
2020-03-16,165.0,2020-03-16,0.6043878793716431,Strongly Positive,1.0053924024105072,Strongly Positive
2020-03-15,165.0,2020-03-15,0.8521060943603516,Strongly Positive,1.3548022955656052,Strongly Positive
2020-03-12,181.0,,0.0,Neutral,0.5771500170230865,Positive
2020-03-11,185.0,2020-03-11,0.6391243934631348,Strongly Positive,0.8521509170532227,Strongly Positive
2020-03-10,174.0,2020-03-10,-0.6497147083282471,Strongly Negative,-0.3301525115966797,Negative
2020-03-05,185.0,2020-03-05,0.7326845228672028,Strongly Positive,0.5676082670688629,Positive
2020-03-04,186.0,2020-03-04,-0.0493215024471282,Neutral,0.15459208190441143,Slightly Positive
2020-03-03,191.0,2020-03-03,0.9211212992668152,Strongly Positive,1.0796316787600517,Strongly Positive
2020-03-02,190.0,2020-03-02,0.7860763669013977,Strongly Positive,1.2343066409230232,Strongly Positive
2020-03-01,199.0,,0.0,Neutral,0.6233185082674026,Strongly Positive
2020-02-27,202.0,2020-02-27,0.4762963950634002,Positive,0.6728154867887497,Strongly Positive
2020-02-26,199.0,2020-02-26,-0.5152184963226318,Negative,-0.2770702987909317,Negative
2020-02-25,192.0,2020-02-25,0.9188093543052672,Strongly Positive,0.7802742049098014,Strongly Positive
2020-02-24,191.0,2020-02-24,0.0043060332536697,Neutral,0.33490608632564534,Positive
2020-02-23,193.0,2020-02-23,0.0224795639514923,Neutral,0.25433491915464396,Positive
2020-02-20,184.0,2020-02-20,0.7416114807128906,Strongly Positive,0.7539277710020542,Strongly Positive
2020-02-19,184.0,2020-02-19,0.5676307678222656,Positive,0.944056399166584,Strongly Positive
2020-02-18,187.0,,0.0,Neutral,0.46921825408935547,Positive
2020-02-17,188.0,2020-02-17,0.7569572925567627,Strongly Positive,0.8988649845123291,Strongly Positive
2020-02-16,186.0,2020-02-16,0.3593215346336365,Positive,0.7378001809120178,Strongly Positive
2020-02-13,183.0,2020-02-13,-0.1728152632713318,Slightly Negative,0.19608482718467712,Slightly Positive
2020-02-12,186.0,,0.0,Neutral,0.003422752022743225,Neutral
2020-02-11,186.0,2020-02-11,-0.6466630697250366,Strongly Negative,-0.6898668855428696,Strongly Negative
2020-02-10,184.0,,0.0,Neutral,-0.3233315348625183,Negative
2020-02-09,186.0,,0.0,Neutral,-0.16166576743125916,Slightly Negative
2020-02-06,188.0,,0.0,Neutral,0.0,Neutral
2020-02-05,188.0,2020-02-05,0.879252552986145,Strongly Positive,0.879252552986145,Strongly Positive
2020-02-04,186.0,,0.0,Neutral,0.4396262764930725,Positive
2020-02-03,188.0,,0.0,Neutral,0.21981313824653625,Positive
2020-02-02,190.0,,0.0,Neutral,0.0,Neutral
2020-01-30,186.0,,0.0,Neutral,0.0,Neutral
2020-01-29,179.0,,0.0,Neutral,0.0,Neutral
2020-01-28,181.0,2020-01-28,0.283295214176178,Positive,0.283295214176178,Positive
2020-01-27,181.0,,0.0,Neutral,0.141647607088089,Slightly Positive
2020-01-26,178.0,2020-01-26,0.8893269896507263,Strongly Positive,0.9601507931947708,Strongly Positive
2020-01-23,181.0,,0.0,Neutral,0.44466349482536316,Positive
2020-01-22,184.0,,0.0,Neutral,0.22233174741268158,Positive
2020-01-21,184.0,,0.0,Neutral,0.0,Neutral
2020-01-20,188.0,2020-01-20,-0.2280759774148464,Negative,-0.2280759774148464,Negative
2020-01-19,192.0,,0.0,Neutral,-0.1140379887074232,Slightly Negative
2020-01-16,188.0,,0.0,Neutral,-0.0570189943537116,Slightly Negative
2020-01-15,184.0,,0.0,Neutral,0.0,Neutral
2020-01-14,178.0,2020-01-14,0.5020753741264343,Positive,0.5020753741264343,Positive
2020-01-13,178.0,,0.0,Neutral,0.25103768706321716,Positive
2020-01-12,175.0,,0.0,Neutral,0.12551884353160858,Slightly Positive
2020-01-09,170.0,,0.0,Neutral,0.0,Neutral
2020-01-08,169.0,,0.0,Neutral,0.0,Neutral
2020-01-07,171.0,,0.0,Neutral,0.0,Neutral
2020-01-06,167.0,,0.0,Neutral,0.0,Neutral
2020-01-05,167.0,2020-01-05,0.5616716295480728,Positive,0.5616716295480728,Positive
2020-01-02,165.0,,0.0,Neutral,0.2808358147740364,Positive
2020-01-01,164.0,,0.0,Neutral,0.1404179073870182,Slightly Positive
2019-12-31,163.0,,0.0,Neutral,0.0,Neutral
2019-12-30,163.0,2019-12-30,0.7870628833770752,Strongly Positive,0.7870628833770752,Strongly Positive
2019-12-29,164.0,,0.0,Neutral,0.3935314416885376,Positive
2019-12-26,164.0,2019-12-26,0.3885568231344224,Positive,0.5853225439786912,Positive
2019-12-25,164.0,,0.0,Neutral,0.1942784115672112,Slightly Positive
2019-12-24,165.0,,0.0,Neutral,0.0971392057836056,Slightly Positive
2019-12-23,167.0,,0.0,Neutral,0.0,Neutral
2019-12-22,165.0,,0.0,Neutral,0.0,Neutral
2019-12-19,164.0,,0.0,Neutral,0.0,Neutral
2019-12-18,165.0,,0.0,Neutral,0.0,Neutral
2019-12-17,166.0,,0.0,Neutral,0.0,Neutral
2019-12-16,166.0,,0.0,Neutral,0.0,Neutral
2019-12-15,168.0,,0.0,Neutral,0.0,Neutral
2019-12-12,170.0,,0.0,Neutral,0.0,Neutral
2019-12-11,167.0,,0.0,Neutral,0.0,Neutral
2019-12-10,165.0,,0.0,Neutral,0.0,Neutral
2019-12-09,163.0,,0.0,Neutral,0.0,Neutral
2019-12-08,162.0,,0.0,Neutral,0.0,Neutral
2019-12-05,162.0,,0.0,Neutral,0.0,Neutral
2019-12-04,162.0,,0.0,Neutral,0.0,Neutral
2019-12-03,163.0,2019-12-03,0.618488609790802,Strongly Positive,0.618488609790802,Strongly Positive
2019-12-02,162.0,2019-12-02,0.6570655703544617,Strongly Positive,0.9663098752498627,Strongly Positive
2019-12-01,160.0,,0.0,Neutral,0.48315493762493134,Positive
2019-11-28,159.0,,0.0,Neutral,0.16426639258861542,Slightly Positive
2019-11-27,160.0,,0.0,Neutral,0.0,Neutral
2019-11-26,158.0,,0.0,Neutral,0.0,Neutral
2019-11-25,167.0,,0.0,Neutral,0.0,Neutral
2019-11-24,159.0,2019-11-24,0.7399795055389404,Strongly Positive,0.7399795055389404,Strongly Positive
2019-11-21,160.0,,0.0,Neutral,0.3699897527694702,Positive
2019-11-20,163.0,,0.0,Neutral,0.1849948763847351,Slightly Positive
2019-11-19,162.0,2019-11-19,0.4210245609283447,Positive,0.4210245609283447,Positive
2019-11-18,161.0,,0.0,Neutral,0.21051228046417236,Positive
2019-11-17,162.0,,0.0,Neutral,0.10525614023208618,Slightly Positive
2019-11-14,155.0,,0.0,Neutral,0.0,Neutral
2019-11-13,155.0,,0.0,Neutral,0.0,Neutral
2019-11-12,155.0,,0.0,Neutral,0.0,Neutral
2019-11-11,155.0,,0.0,Neutral,0.0,Neutral
2019-11-10,154.0,2019-11-10,-0.0885843336582183,Slightly Negative,-0.0885843336582183,Slightly Negative
2019-11-07,155.0,,0.0,Neutral,-0.04429216682910915,Neutral
2019-11-06,157.0,,0.0,Neutral,-0.022146083414554575,Neutral
2019-11-05,158.0,,0.0,Neutral,0.0,Neutral
2019-11-04,158.0,2019-11-04,-0.9058239459991456,Strongly Negative,-0.9058239459991456,Strongly Negative
2019-11-03,155.0,,0.0,Neutral,-0.4529119729995728,Negative
2019-10-31,158.0,,0.0,Neutral,-0.2264559864997864,Negative
2019-10-24,157.0,,0.0,Neutral,0.0,Neutral
2019-10-23,155.0,,0.0,Neutral,0.0,Neutral
2019-10-22,152.0,,0.0,Neutral,0.0,Neutral
2019-10-21,153.0,2019-10-21,0.7867043614387512,Strongly Positive,0.7867043614387512,Strongly Positive
2019-10-20,154.0,,0.0,Neutral,0.3933521807193756,Positive
2019-10-17,154.0,,0.0,Neutral,0.1966760903596878,Slightly Positive
2019-10-16,155.0,,0.0,Neutral,0.0,Neutral
2019-10-15,155.0,,0.0,Neutral,0.0,Neutral
2019-10-14,155.0,,0.0,Neutral,0.0,Neutral
2019-10-10,155.0,,0.0,Neutral,0.0,Neutral
2019-10-03,154.0,2019-10-03,0.6210771203041077,Strongly Positive,0.6210771203041077,Strongly Positive
2019-10-02,154.0,,0.0,Neutral,0.31053856015205383,Positive
2019-10-01,155.0,2019-10-01,-0.3024523556232452,Negative,-0.14718307554721827,Slightly Negative
2019-09-30,153.0,,0.0,Neutral,-0.1512261778116226,Slightly Negative
2019-09-29,152.0,2019-09-29,0.8132269978523254,Strongly Positive,0.7376139089465141,Strongly Positive
2019-09-26,153.0,2019-09-26,0.5172597169876099,Positive,0.9238732159137726,Strongly Positive
2019-09-25,153.0,,0.0,Neutral,0.4619366079568863,Positive
2019-09-24,153.0,2019-09-24,-0.0042473077774047,Neutral,0.12506762146949776,Slightly Positive
2019-09-23,154.0,,0.0,Neutral,-0.00212365388870235,Neutral
2019-09-22,154.0,,0.0,Neutral,-0.001061826944351175,Neutral
2019-09-19,158.0,,0.0,Neutral,0.0,Neutral
2019-09-18,160.0,,0.0,Neutral,0.0,Neutral
2019-09-17,158.0,2019-09-17,0.4095453321933746,Positive,0.4095453321933746,Positive
2019-09-16,155.0,2019-09-16,0.4361126124858857,Positive,0.6408852785825729,Strongly Positive
2019-09-15,155.0,2019-09-15,0.6814584136009216,Strongly Positive,1.001901052892208,Strongly Positive
2019-09-12,158.0,,0.0,Neutral,0.4497573599219322,Positive
2019-09-11,158.0,2019-09-11,0.869890034198761,Strongly Positive,1.0402546375989914,Strongly Positive
2019-09-10,158.0,,0.0,Neutral,0.4349450170993805,Positive
2019-09-09,159.0,,0.0,Neutral,0.21747250854969025,Positive
2019-09-08,160.0,2019-09-08,0.7852203249931335,Strongly Positive,0.7852203249931335,Strongly Positive
2019-09-05,160.0,,0.0,Neutral,0.3926101624965668,Positive
2019-09-04,160.0,2019-09-04,0.4178094565868377,Positive,0.6141145378351212,Strongly Positive
2019-09-03,159.0,,0.0,Neutral,0.20890472829341886,Positive
2019-09-02,158.0,2019-09-02,0.521414041519165,Positive,0.6258664056658745,Strongly Positive
2019-09-01,159.0,,0.0,Neutral,0.2607070207595825,Positive
2019-08-29,158.0,,0.0,Neutral,0.13035351037979126,Slightly Positive
2019-08-28,156.0,,0.0,Neutral,0.0,Neutral
2019-08-27,159.0,2019-08-27,0.3579877018928528,Positive,0.3579877018928528,Positive
2019-08-26,156.0,2019-08-26,0.7882136106491089,Strongly Positive,0.9672074615955353,Strongly Positive
2019-08-25,158.0,,0.0,Neutral,0.48360373079776764,Positive
2019-08-22,157.0,,0.0,Neutral,0.19705340266227722,Slightly Positive
2019-08-21,160.0,,0.0,Neutral,0.0,Neutral
2019-08-20,160.0,,0.0,Neutral,0.0,Neutral
2019-08-19,161.0,2019-08-19,0.8192152976989746,Strongly Positive,0.8192152976989746,Strongly Positive
2019-08-18,157.0,,0.0,Neutral,0.4096076488494873,Positive
2019-08-15,162.0,,0.0,Neutral,0.20480382442474365,Positive
2019-08-14,165.0,2019-08-14,0.8356881737709045,Strongly Positive,0.8356881737709045,Strongly Positive
2019-08-13,163.0,2019-08-13,0.6991210579872131,Strongly Positive,1.1169651448726654,Strongly Positive
2019-08-12,165.0,,0.0,Neutral,0.5584825724363327,Positive
2019-08-11,165.0,,0.0,Neutral,0.17478026449680328,Slightly Positive
2019-08-08,166.0,,0.0,Neutral,0.0,Neutral
2019-08-07,167.0,2019-08-07,-0.4570404589176178,Negative,-0.4570404589176178,Negative
2019-08-06,166.0,,0.0,Neutral,-0.2285202294588089,Negative
2019-08-05,170.0,,0.0,Neutral,-0.11426011472940445,Slightly Negative
2019-08-04,170.0,,0.0,Neutral,0.0,Neutral
2019-08-01,172.0,,0.0,Neutral,0.0,Neutral
2019-07-31,170.0,2019-07-31,-0.4471966624259949,Negative,-0.4471966624259949,Negative
2019-07-30,170.0,,0.0,Neutral,-0.22359833121299744,Negative
2019-07-29,173.0,2019-07-29,0.5511285066604614,Positive,0.4393293410539627,Positive
2019-07-28,171.0,,0.0,Neutral,0.2755642533302307,Positive
2019-07-25,174.0,,0.0,Neutral,0.13778212666511536,Slightly Positive
2019-07-24,178.0,2019-07-24,0.8770189881324768,Strongly Positive,0.8770189881324768,Strongly Positive
2019-07-23,178.0,,0.0,Neutral,0.4385094940662384,Positive
2019-07-22,179.0,,0.0,Neutral,0.2192547470331192,Positive
2019-07-21,179.0,2019-07-21,0.1339715123176574,Slightly Positive,0.1339715123176574,Slightly Positive
2019-07-18,179.0,,0.0,Neutral,0.0669857561588287,Slightly Positive
2019-07-17,179.0,2019-07-17,0.8922961354255676,Strongly Positive,0.925789013504982,Strongly Positive
2019-07-16,177.0,,0.0,Neutral,0.4461480677127838,Positive
2019-07-15,177.0,,0.0,Neutral,0.2230740338563919,Positive
2019-07-14,176.0,,0.0,Neutral,0.0,Neutral
2019-07-11,177.0,,0.0,Neutral,0.0,Neutral
2019-07-10,176.0,2019-07-10,-0.4849487543106079,Negative,-0.4849487543106079,Negative
2019-07-09,178.0,,0.0,Neutral,-0.24247437715530396,Negative
2019-07-08,179.0,2019-07-08,0.8237234354019165,Strongly Positive,0.7024862468242645,Strongly Positive
2019-07-07,182.0,2019-07-07,0.8937943577766418,Strongly Positive,1.3056560754776,Strongly Positive
2019-07-04,178.0,2019-07-04,0.6093844771385193,Strongly Positive,1.2622125148773193,Strongly Positive
2019-07-03,180.0,,0.0,Neutral,0.5281408280134201,Positive
2019-07-02,176.0,2019-07-02,-0.2368516623973846,Negative,-0.08450554311275477,Slightly Negative
2019-07-01,166.0,2019-07-01,-0.4330974519252777,Negative,-0.55152328312397,Negative
2019-06-30,166.0,,0.0,Neutral,-0.275761641561985,Negative
2019-06-27,167.0,,0.0,Neutral,-0.10827436298131943,Slightly Negative
2019-06-26,167.0,,0.0,Neutral,0.0,Neutral
2019-06-25,167.0,,0.0,Neutral,0.0,Neutral
2019-06-24,169.0,,0.0,Neutral,0.0,Neutral
2019-06-23,168.0,,0.0,Neutral,0.0,Neutral
2019-06-20,171.0,,0.0,Neutral,0.0,Neutral
2019-06-19,165.0,,0.0,Neutral,0.0,Neutral
2019-06-18,166.0,,0.0,Neutral,0.0,Neutral
2019-06-17,166.0,2019-06-17,-0.6195419430732727,Strongly Negative,-0.6195419430732727,Strongly Negative
2019-06-16,165.0,2019-06-16,0.0492241531610489,Neutral,-0.26054681837558746,Negative
2019-06-13,168.0,,0.0,Neutral,-0.13027340918779373,Slightly Negative
2019-06-12,167.0,,0.0,Neutral,0.012306038290262226,Neutral
2019-06-11,166.0,,0.0,Neutral,0.0,Neutral
2019-06-10,165.0,,0.0,Neutral,0.0,Neutral
2019-06-06,166.0,,0.0,Neutral,0.0,Neutral
2019-06-04,166.0,,0.0,Neutral,0.0,Neutral
2019-06-03,166.0,,0.0,Neutral,0.0,Neutral
2019-06-02,168.0,,0.0,Neutral,0.0,Neutral
2019-05-30,169.0,,0.0,Neutral,0.0,Neutral
2019-05-29,169.0,2019-05-29,0.3382772803306579,Positive,0.3382772803306579,Positive
2019-05-28,169.0,,0.0,Neutral,0.16913864016532895,Slightly Positive
2019-05-27,168.0,,0.0,Neutral,0.08456932008266448,Slightly Positive
2019-05-26,168.0,,0.0,Neutral,0.0,Neutral
2019-05-23,168.0,,0.0,Neutral,0.0,Neutral
2019-05-22,169.0,2019-05-22,0.9192432165145874,Strongly Positive,0.9192432165145874,Strongly Positive
2019-05-21,169.0,,0.0,Neutral,0.4596216082572937,Positive
2019-05-20,168.0,,0.0,Neutral,0.22981080412864685,Positive
2019-05-19,168.0,,0.0,Neutral,0.0,Neutral
2019-05-16,169.0,2019-05-16,0.6019901037216187,Strongly Positive,0.6019901037216187,Strongly Positive
2019-05-15,170.0,,0.0,Neutral,0.3009950518608093,Positive
2019-05-14,171.0,2019-05-14,-0.1161871999502182,Slightly Negative,0.03431032598018646,Neutral
2019-05-13,173.0,,0.0,Neutral,-0.0580935999751091,Slightly Negative
2019-05-12,174.0,,0.0,Neutral,-0.02904679998755455,Neutral
2019-05-09,176.0,,0.0,Neutral,0.0,Neutral
2019-05-08,177.0,,0.0,Neutral,0.0,Neutral
2019-05-07,179.0,,0.0,Neutral,0.0,Neutral
2019-05-06,176.0,,0.0,Neutral,0.0,Neutral
2019-05-05,170.0,,0.0,Neutral,0.0,Neutral
2019-05-02,173.0,,0.0,Neutral,0.0,Neutral
2019-04-30,174.0,,0.0,Neutral,0.0,Neutral
2019-04-29,177.0,2019-04-29,0.6715145111083984,Strongly Positive,0.6715145111083984,Strongly Positive
2019-04-28,177.0,,0.0,Neutral,0.3357572555541992,Positive
2019-04-25,181.0,,0.0,Neutral,0.1678786277770996,Slightly Positive
2019-04-24,179.0,2019-04-24,-0.2091304957866668,Negative,-0.2091304957866668,Negative
2019-04-23,170.0,,0.0,Neutral,-0.1045652478933334,Slightly Negative
2019-04-22,171.0,2019-04-22,0.7112140357494354,Strongly Positive,0.6589314118027687,Strongly Positive
2019-04-21,171.0,2019-04-21,0.2224275916814804,Positive,0.5780346095561981,Positive
2019-04-18,170.0,,0.0,Neutral,0.28901730477809906,Positive
2019-04-17,170.0,,0.0,Neutral,0.0556068979203701,Slightly Positive
2019-04-16,169.0,2019-04-16,0.7619708776473999,Strongly Positive,0.7619708776473999,Strongly Positive
2019-04-15,165.0,,0.0,Neutral,0.38098543882369995,Positive
2019-04-11,170.0,2019-04-11,0.5554110407829285,Positive,0.7459037601947784,Strongly Positive
2019-04-10,172.0,2019-04-10,0.8950625061988831,Strongly Positive,1.1727680265903473,Strongly Positive
2019-04-09,168.0,2019-04-09,0.8805367946624756,Strongly Positive,1.4669208079576492,Strongly Positive
2019-04-08,171.0,,0.0,Neutral,0.6640340238809586,Strongly Positive
2019-04-07,172.0,,0.0,Neutral,0.2201341986656189,Positive
2019-04-04,167.0,,0.0,Neutral,0.0,Neutral
2019-04-03,168.0,2019-04-03,0.8603233098983765,Strongly Positive,0.8603233098983765,Strongly Positive
2019-04-02,168.0,,0.0,Neutral,0.43016165494918823,Positive
2019-04-01,165.0,2019-04-01,0.6460291147232056,Strongly Positive,0.8611099421977997,Strongly Positive
2019-03-31,165.0,,0.0,Neutral,0.3230145573616028,Positive
2019-03-28,163.0,,0.0,Neutral,0.1615072786808014,Slightly Positive
2019-03-27,163.0,,0.0,Neutral,0.0,Neutral
2019-03-26,163.0,2019-03-26,0.5928543210029602,Positive,0.5928543210029602,Positive
2019-03-25,160.0,,0.0,Neutral,0.2964271605014801,Positive
2019-03-24,159.0,,0.0,Neutral,0.14821358025074005,Slightly Positive
2019-03-21,160.0,,0.0,Neutral,0.0,Neutral
2019-03-19,162.0,2019-03-19,0.4687463641166687,Positive,0.4687463641166687,Positive
2019-03-18,164.0,,0.0,Neutral,0.23437318205833435,Positive
2019-03-17,167.0,,0.0,Neutral,0.11718659102916718,Slightly Positive
2019-03-14,166.0,,0.0,Neutral,0.0,Neutral
2019-03-13,165.0,,0.0,Neutral,0.0,Neutral
2019-03-12,169.0,,0.0,Neutral,0.0,Neutral
2019-03-11,165.0,2019-03-11,-0.5805007219314575,Negative,-0.5805007219314575,Negative
2019-03-10,162.0,,0.0,Neutral,-0.29025036096572876,Negative
2019-03-07,163.0,2019-03-07,0.8529539108276367,Strongly Positive,0.7078287303447723,Strongly Positive
2019-03-06,160.0,,0.0,Neutral,0.42647695541381836,Positive
2019-03-05,159.0,2019-03-05,-0.6652853488922119,Strongly Negative,-0.45204687118530273,Negative
2019-03-03,159.0,,0.0,Neutral,-0.33264267444610596,Negative
2019-02-27,158.0,,0.0,Neutral,-0.16632133722305298,Slightly Negative
2019-02-26,159.0,,0.0,Neutral,0.0,Neutral
2019-02-25,159.0,,0.0,Neutral,0.0,Neutral
2019-02-24,159.0,,0.0,Neutral,0.0,Neutral
2019-02-21,158.0,,0.0,Neutral,0.0,Neutral
2019-02-20,159.0,2019-02-20,-0.000268280506134,Neutral,-0.000268280506134,Neutral
2019-02-19,160.0,,0.0,Neutral,-0.000134140253067,Neutral
2019-02-18,158.0,2019-02-18,0.5097264647483826,Positive,0.5096593946218491,Positive
2019-02-17,159.0,,0.0,Neutral,0.2548632323741913,Positive
2019-02-14,160.0,,0.0,Neutral,0.12743161618709564,Slightly Positive
2019-02-13,160.0,,0.0,Neutral,0.0,Neutral
2019-02-12,161.0,,0.0,Neutral,0.0,Neutral
2019-02-11,162.0,,0.0,Neutral,0.0,Neutral
2019-02-10,163.0,,0.0,Neutral,0.0,Neutral
2019-02-07,167.0,,0.0,Neutral,0.0,Neutral
2019-02-06,166.0,,0.0,Neutral,0.0,Neutral
2019-02-05,167.0,,0.0,Neutral,0.0,Neutral
2019-02-04,166.0,2019-02-04,-0.7323634028434753,Strongly Negative,-0.7323634028434753,Strongly Negative
2019-02-03,166.0,2019-02-03,0.4023022949695587,Positive,0.036120593547821045,Neutral
2019-01-31,169.0,,0.0,Neutral,0.018060296773910522,Neutral
2019-01-30,169.0,2019-01-30,0.127448558807373,Slightly Positive,0.22802413254976267,Positive
2019-01-29,169.0,,0.0,Neutral,0.0637242794036865,Slightly Positive
2019-01-28,169.0,,0.0,Neutral,0.03186213970184325,Neutral
2019-01-27,170.0,,0.0,Neutral,0.0,Neutral
2019-01-24,171.0,2019-01-24,0.6918145418167114,Strongly Positive,0.6918145418167114,Strongly Positive
2019-01-23,172.0,,0.0,Neutral,0.3459072709083557,Positive
2019-01-22,170.0,,0.0,Neutral,0.17295363545417786,Slightly Positive
2019-01-21,171.0,2019-01-21,0.4966762065887451,Positive,0.4966762065887451,Positive
2019-01-20,170.0,2019-01-20,0.7727754712104797,Strongly Positive,1.0211135745048523,Strongly Positive
2019-01-17,171.0,,0.0,Neutral,0.5105567872524261,Positive
2019-01-16,172.0,,0.0,Neutral,0.19319386780261993,Slightly Positive
2019-01-15,172.0,2019-01-15,0.519601047039032,Positive,0.519601047039032,Positive
2019-01-14,169.0,2019-01-14,0.9134968519210817,Strongly Positive,1.1732973754405975,Strongly Positive
2019-01-13,170.0,,0.0,Neutral,0.5866486877202988,Positive
2019-01-10,172.0,,0.0,Neutral,0.2283742129802704,Positive
2019-01-09,172.0,2019-01-09,0.7550469636917114,Strongly Positive,0.7550469636917114,Strongly Positive
2019-01-08,170.0,2019-01-08,0.7743663191795349,Strongly Positive,1.1518898010253906,Strongly Positive
2019-01-07,171.0,2019-01-07,0.7200121879577637,Strongly Positive,1.295957088470459,Strongly Positive
2019-01-06,170.0,2019-01-06,0.5872798562049866,Positive,1.1408775299787521,Strongly Positive
2019-01-03,170.0,,0.0,Neutral,0.4736429750919342,Positive
2019-01-02,171.0,2019-01-02,-0.4312562644481659,Negative,-0.28443630039691925,Negative
2019-01-01,172.0,2019-01-01,0.5289696455001831,Positive,0.31334151327610016,Positive
2018-12-31,172.0,2018-12-31,0.8081836700439453,Strongly Positive,0.9648544266819954,Strongly Positive
2018-12-30,174.0,2018-12-30,0.8666418790817261,Strongly Positive,1.4029761254787445,Strongly Positive
2018-12-27,177.0,2018-12-27,0.8413619995117188,Strongly Positive,1.4767288565635681,Strongly Positive
2018-12-26,180.0,2018-12-26,0.5205397605895996,Positive,1.1578812301158905,Strongly Positive
2018-12-25,175.0,,0.0,Neutral,0.4706103801727295,Positive
2018-12-24,176.0,2018-12-24,0.912123441696167,Strongly Positive,1.042258381843567,Strongly Positive
2018-12-23,179.0,,0.0,Neutral,0.4560617208480835,Positive
2018-12-20,174.0,2018-12-20,-0.2122925519943237,Negative,0.015738308429718045,Neutral
2018-12-19,175.0,2018-12-19,-0.3084029853343963,Negative,-0.41454926133155817,Negative
2018-12-18,177.0,,0.0,Neutral,-0.20727463066577909,Negative
2018-12-17,181.0,,0.0,Neutral,-0.07710074633359908,Slightly Negative
2018-12-16,177.0,2018-12-16,0.7137515544891357,Strongly Positive,0.7137515544891357,Strongly Positive
2018-12-13,175.0,2018-12-13,-0.1332300901412964,Slightly Negative,0.22364568710327148,Positive
2018-12-12,173.0,,0.0,Neutral,0.11182284355163574,Slightly Positive
2018-12-11,173.0,2018-12-11,0.8785602450370789,Strongly Positive,0.8452527225017548,Strongly Positive
2018-12-10,174.0,2018-12-10,0.7846078276634216,Strongly Positive,1.223887950181961,Strongly Positive
2018-12-09,171.0,,0.0,Neutral,0.6119439750909805,Strongly Positive
2018-12-06,170.0,,0.0,Neutral,0.1961519569158554,Slightly Positive
2018-12-05,170.0,,0.0,Neutral,0.0,Neutral
2018-12-04,174.0,2018-12-04,0.033573567867279,Neutral,0.033573567867279,Neutral
2018-12-03,171.0,,0.0,Neutral,0.0167867839336395,Neutral
2018-12-02,170.0,2018-12-02,0.0572157725691795,Slightly Positive,0.06560916453599924,Slightly Positive
2018-11-29,174.0,2018-11-29,0.8101602792739868,Strongly Positive,0.8387681655585766,Strongly Positive
2018-11-28,177.0,,0.0,Neutral,0.4193840827792883,Positive
2018-11-27,178.0,,0.0,Neutral,0.2025400698184967,Positive
2018-11-26,178.0,,0.0,Neutral,0.0,Neutral
2018-11-25,176.0,,0.0,Neutral,0.0,Neutral
2018-11-22,179.0,,0.0,Neutral,0.0,Neutral
2018-11-21,180.0,,0.0,Neutral,0.0,Neutral
2018-11-20,179.0,,0.0,Neutral,0.0,Neutral
2018-11-19,180.0,2018-11-19,0.5714744180440903,Positive,0.5714744180440903,Positive
2018-11-18,182.0,,0.0,Neutral,0.28573720902204514,Positive
2018-11-15,184.0,,0.0,Neutral,0.14286860451102257,Slightly Positive
2018-11-14,186.0,,0.0,Neutral,0.0,Neutral
2018-11-13,186.0,2018-11-13,-0.1938473582267761,Slightly Negative,-0.1938473582267761,Slightly Negative
2018-11-12,182.0,,0.0,Neutral,-0.09692367911338805,Slightly Negative
2018-11-11,186.0,,0.0,Neutral,-0.048461839556694024,Neutral
2018-11-06,192.0,2018-11-06,-0.1830361932516098,Slightly Negative,-0.1830361932516098,Slightly Negative
2018-11-05,185.0,,0.0,Neutral,-0.0915180966258049,Slightly Negative
2018-11-04,181.0,,0.0,Neutral,-0.04575904831290245,Neutral
2018-11-01,185.0,,0.0,Neutral,0.0,Neutral
2018-10-31,185.0,,0.0,Neutral,0.0,Neutral
2018-10-30,186.0,,0.0,Neutral,0.0,Neutral
2018-10-29,185.0,,0.0,Neutral,0.0,Neutral
2018-10-28,188.0,,0.0,Neutral,0.0,Neutral
2018-10-25,192.0,,0.0,Neutral,0.0,Neutral
2018-10-24,191.0,,0.0,Neutral,0.0,Neutral
2018-10-23,193.0,,0.0,Neutral,0.0,Neutral
2018-10-22,193.0,,0.0,Neutral,0.0,Neutral
2018-10-21,194.0,,0.0,Neutral,0.0,Neutral
2018-10-15,191.0,2018-10-15,-0.192320704460144,Slightly Negative,-0.192320704460144,Slightly Negative
2018-10-14,197.0,,0.0,Neutral,-0.096160352230072,Slightly Negative
2018-10-11,188.0,,0.0,Neutral,-0.048080176115036,Neutral
2018-10-10,185.0,2018-10-10,-0.1620651185512542,Slightly Negative,-0.1620651185512542,Slightly Negative
2018-10-09,186.0,,0.0,Neutral,-0.0810325592756271,Slightly Negative
2018-10-08,184.0,,0.0,Neutral,-0.04051627963781355,Neutral
2018-10-07,182.0,,0.0,Neutral,0.0,Neutral
2018-10-04,181.0,,0.0,Neutral,0.0,Neutral
2018-10-03,182.0,,0.0,Neutral,0.0,Neutral
2018-10-02,187.0,,0.0,Neutral,0.0,Neutral
2018-10-01,185.0,,0.0,Neutral,0.0,Neutral
2018-09-30,192.0,,0.0,Neutral,0.0,Neutral
2018-09-27,194.0,,0.0,Neutral,0.0,Neutral
2018-09-26,199.0,,0.0,Neutral,0.0,Neutral
2018-09-25,200.0,,0.0,Neutral,0.0,Neutral
2018-09-23,188.0,2018-09-23,0.8959836959838867,Strongly Positive,0.8959836959838867,Strongly Positive
2018-09-20,186.0,,0.0,Neutral,0.44799184799194336,Positive
2018-09-18,185.0,2018-09-18,0.4713515937328338,Positive,0.6953475177288055,Strongly Positive
2018-09-17,186.0,,0.0,Neutral,0.2356757968664169,Positive
2018-09-16,189.0,2018-09-16,0.4487057030200958,Positive,0.5665436014533043,Positive
2018-09-13,190.0,,0.0,Neutral,0.2243528515100479,Positive
2018-09-12,178.0,,0.0,Neutral,0.11217642575502396,Slightly Positive
2018-09-11,179.0,,0.0,Neutral,0.0,Neutral
2018-09-10,175.0,,0.0,Neutral,0.0,Neutral
2018-09-09,178.0,,0.0,Neutral,0.0,Neutral
2018-09-06,183.0,,0.0,Neutral,0.0,Neutral
2018-09-05,188.0,,0.0,Neutral,0.0,Neutral
2018-09-04,177.0,,0.0,Neutral,0.0,Neutral
2018-09-03,173.0,,0.0,Neutral,0.0,Neutral
2018-09-02,170.0,2018-09-02,0.9213955402374268,Strongly Positive,0.9213955402374268,Strongly Positive
2018-08-30,169.0,,0.0,Neutral,0.4606977701187134,Positive
2018-08-29,168.0,,0.0,Neutral,0.2303488850593567,Positive
2018-08-28,168.0,2018-08-28,0.8678902387619019,Strongly Positive,0.8678902387619019,Strongly Positive
2018-08-26,168.0,2018-08-26,0.908364236354828,Strongly Positive,1.3423093557357788,Strongly Positive
2018-08-23,167.0,2018-08-23,0.9118733406066896,Strongly Positive,1.583028018474579,Strongly Positive
2018-08-22,167.0,2018-08-22,0.9089189767837524,Strongly Positive,1.5919467061758041,Strongly Positive
2018-08-21,167.0,,0.0,Neutral,0.6824278235435486,Strongly Positive
2018-08-20,167.0,,0.0,Neutral,0.2272297441959381,Positive
2018-08-19,168.0,2018-08-19,0.6557104587554932,Strongly Positive,0.6557104587554932,Strongly Positive
2018-08-16,171.0,2018-08-16,0.8950644135475159,Strongly Positive,1.2229196429252625,Strongly Positive
2018-08-15,170.0,2018-08-15,-0.1866932809352874,Slightly Negative,0.42476654052734386,Positive
2018-08-14,166.0,,0.0,Neutral,0.13041946291923529,Slightly Positive
2018-08-13,165.0,2018-08-13,0.5976293087005615,Positive,0.5509559884667397,Positive
2018-08-12,165.0,,0.0,Neutral,0.29881465435028076,Positive
2018-08-09,167.0,2018-08-09,0.9233427047729492,Strongly Positive,1.0727500319480896,Strongly Positive
2018-08-08,170.0,,0.0,Neutral,0.4616713523864746,Positive
2018-08-07,168.0,,0.0,Neutral,0.2308356761932373,Positive
2018-08-06,168.0,,0.0,Neutral,0.0,Neutral
2018-08-05,168.0,,0.0,Neutral,0.0,Neutral
2018-08-02,167.0,2018-08-02,-0.2557297945022583,Negative,-0.2557297945022583,Negative
2018-08-01,168.0,2018-08-01,0.7616575956344604,Strongly Positive,0.6337926983833313,Strongly Positive
2018-07-31,167.0,2018-07-31,0.8481963723897934,Strongly Positive,1.165092721581459,Strongly Positive
2018-07-30,166.0,,0.0,Neutral,0.6145125851035118,Strongly Positive
2018-07-29,166.0,,0.0,Neutral,0.21204909309744835,Positive
2018-07-26,166.0,2018-07-26,0.8805007934570312,Strongly Positive,0.8805007934570312,Strongly Positive
2018-07-25,166.0,2018-07-25,0.5625090003013611,Positive,1.0027593970298767,Strongly Positive
2018-07-24,170.0,2018-07-24,0.8712472915649414,Strongly Positive,1.3726269900798798,Strongly Positive
2018-07-23,167.0,,0.0,Neutral,0.576250895857811,Positive
2018-07-22,166.0,2018-07-22,0.5804762393236159,Positive,0.7982880622148513,Strongly Positive
2018-07-19,166.0,,0.0,Neutral,0.29023811966180796,Positive
2018-07-18,167.0,2018-07-18,-0.6905643939971924,Strongly Negative,-0.5454453341662884,Negative
2018-07-17,167.0,2018-07-17,0.8452868461608887,Strongly Positive,0.5000046491622925,Positive
2018-07-16,169.0,,0.0,Neutral,0.25000232458114624,Positive
2018-07-15,168.0,2018-07-15,-0.0455491840839386,Neutral,0.16577252745628357,Slightly Positive
2018-07-12,167.0,2018-07-12,-0.1427455693483352,Slightly Negative,-0.1655201613903045,Slightly Negative
2018-07-11,170.0,2018-07-11,0.1307443678379058,Slightly Positive,0.047984287142753546,Neutral
2018-07-10,169.0,,0.0,Neutral,0.029685791581869098,Neutral
2018-07-09,166.0,,0.0,Neutral,0.03268609195947645,Neutral
2018-07-08,170.0,2018-07-08,0.7769768834114075,Strongly Positive,0.7769768834114075,Strongly Positive
2018-07-05,173.0,,0.0,Neutral,0.38848844170570374,Positive
2018-07-04,165.0,2018-07-04,0.3696541786193847,Positive,0.5638983994722366,Positive
2018-07-03,164.0,,0.0,Neutral,0.18482708930969236,Slightly Positive
2018-07-02,161.0,,0.0,Neutral,0.09241354465484618,Slightly Positive
2018-07-01,163.0,,0.0,Neutral,0.0,Neutral
2018-06-28,164.0,,0.0,Neutral,0.0,Neutral
2018-06-27,163.0,2018-06-27,0.6418185830116272,Strongly Positive,0.6418185830116272,Strongly Positive
2018-06-26,163.0,,0.0,Neutral,0.3209092915058136,Positive
2018-06-25,164.0,,0.0,Neutral,0.1604546457529068,Slightly Positive
2018-06-24,166.0,,0.0,Neutral,0.0,Neutral
2018-06-21,167.0,,0.0,Neutral,0.0,Neutral
2018-06-20,170.0,,0.0,Neutral,0.0,Neutral
2018-06-19,167.0,,0.0,Neutral,0.0,Neutral
2018-06-18,170.0,,0.0,Neutral,0.0,Neutral
2018-06-17,170.0,2018-06-17,0.508649468421936,Positive,0.508649468421936,Positive
2018-06-14,171.0,,0.0,Neutral,0.254324734210968,Positive
2018-06-13,169.0,2018-06-13,-0.3404492735862732,Negative,-0.21328690648078918,Negative
2018-06-12,170.0,,0.0,Neutral,-0.1702246367931366,Slightly Negative
2018-06-11,170.0,,0.0,Neutral,-0.0851123183965683,Slightly Negative
2018-06-10,169.0,,0.0,Neutral,0.0,Neutral
2018-06-07,172.0,2018-06-07,0.787387490272522,Strongly Positive,0.787387490272522,Strongly Positive
2018-06-06,179.0,,0.0,Neutral,0.393693745136261,Positive
2018-06-04,173.0,2018-06-04,0.8630961179733276,Strongly Positive,1.0599429905414581,Strongly Positive
2018-06-03,177.0,2018-06-03,0.3452410101890564,Positive,0.7767890691757202,Strongly Positive
2018-05-31,183.0,,0.0,Neutral,0.3883945345878601,Positive
2018-05-30,183.0,2018-05-30,0.7039557695388794,Strongly Positive,0.7902660220861435,Strongly Positive
2018-05-29,185.0,,0.0,Neutral,0.3519778847694397,Positive
2018-05-28,186.0,,0.0,Neutral,0.17598894238471985,Slightly Positive
2018-05-27,181.0,,0.0,Neutral,0.0,Neutral
2018-05-24,182.0,,0.0,Neutral,0.0,Neutral
2018-05-23,185.0,,0.0,Neutral,0.0,Neutral
2018-05-22,185.0,2018-05-22,0.7939203977584839,Strongly Positive,0.7939203977584839,Strongly Positive
2018-05-21,187.0,,0.0,Neutral,0.39696019887924194,Positive
2018-05-20,186.0,,0.0,Neutral,0.19848009943962097,Slightly Positive
2018-05-17,187.0,,0.0,Neutral,0.0,Neutral
2018-05-16,188.0,,0.0,Neutral,0.0,Neutral
2018-05-15,188.0,,0.0,Neutral,0.0,Neutral
2018-05-14,188.0,2018-05-14,0.7037050724029541,Strongly Positive,0.7037050724029541,Strongly Positive
2018-05-10,192.0,,0.0,Neutral,0.35185253620147705,Positive
2018-05-09,193.0,,0.0,Neutral,0.17592626810073853,Slightly Positive
2018-05-08,194.0,2018-05-08,0.7442371547222137,Strongly Positive,0.7442371547222137,Strongly Positive
2018-05-07,190.0,,0.0,Neutral,0.3721185773611069,Positive
2018-05-06,191.0,,0.0,Neutral,0.18605928868055344,Slightly Positive
2018-05-03,195.0,,0.0,Neutral,0.0,Neutral
2018-05-02,195.0,,0.0,Neutral,0.0,Neutral
2018-04-29,195.0,,0.0,Neutral,0.0,Neutral
2018-04-26,196.0,2018-04-26,-0.1422680616378784,Slightly Negative,-0.1422680616378784,Slightly Negative
2018-04-25,199.0,,0.0,Neutral,-0.0711340308189392,Slightly Negative
2018-04-24,198.0,,0.0,Neutral,-0.0355670154094696,Neutral
2018-04-23,193.0,,0.0,Neutral,0.0,Neutral
2018-04-22,198.0,,0.0,Neutral,0.0,Neutral
2018-04-19,189.0,,0.0,Neutral,0.0,Neutral
2018-04-18,183.0,2018-04-18,0.7243727445602417,Strongly Positive,0.7243727445602417,Strongly Positive
2018-04-17,176.0,2018-04-17,-0.4689792692661285,Negative,-0.10679289698600763,Slightly Negative
2018-04-16,176.0,,0.0,Neutral,-0.05339644849300382,Slightly Negative
2018-04-15,175.0,2018-04-15,0.9221633076667786,Strongly Positive,0.8049184903502464,Strongly Positive
2018-04-12,172.0,2018-04-12,-0.6430073976516724,Strongly Negative,-0.18192574381828308,Slightly Negative
2018-04-11,171.0,,0.0,Neutral,-0.09096287190914154,Slightly Negative
2018-04-10,173.0,,0.0,Neutral,-0.1607518494129181,Slightly Negative
2018-04-09,176.0,,0.0,Neutral,0.0,Neutral
2018-04-08,177.0,2018-04-08,0.4547261595726013,Positive,0.4547261595726013,Positive
2018-04-05,174.0,,0.0,Neutral,0.22736307978630066,Positive
2018-04-04,173.0,2018-04-04,0.8857042789459229,Strongly Positive,0.9993858188390732,Strongly Positive
2018-04-03,170.0,2018-04-03,0.8998837769031525,Strongly Positive,1.342735916376114,Strongly Positive
2018-04-02,168.0,2018-04-02,0.6707487106323242,Strongly Positive,1.3421166688203812,Strongly Positive
2018-04-01,167.0,,0.0,Neutral,0.5603452995419502,Positive
2018-03-29,170.0,,0.0,Neutral,0.16768717765808105,Slightly Positive
2018-03-28,168.0,2018-03-28,0.6803320646286011,Strongly Positive,0.6803320646286011,Strongly Positive
2018-03-27,174.0,2018-03-27,-0.2121085226535797,Negative,0.12805750966072083,Slightly Positive
2018-03-26,163.0,,0.0,Neutral,0.06402875483036041,Slightly Positive
2018-03-22,169.0,2018-03-22,0.6458000540733337,Strongly Positive,0.5927729234099388,Positive
2018-03-21,170.0,,0.0,Neutral,0.32290002703666687,Positive
2018-03-20,171.0,,0.0,Neutral,0.16145001351833344,Slightly Positive
2018-03-19,172.0,,0.0,Neutral,0.0,Neutral
2018-03-18,176.0,2018-03-18,-0.5104734301567078,Negative,-0.5104734301567078,Negative
2018-03-15,177.0,,0.0,Neutral,-0.2552367150783539,Negative
2018-03-14,176.0,,0.0,Neutral,-0.12761835753917694,Slightly Negative
2018-03-13,176.0,,0.0,Neutral,0.0,Neutral
2018-03-12,172.0,,0.0,Neutral,0.0,Neutral
2018-03-11,177.0,,0.0,Neutral,0.0,Neutral
2018-03-07,180.0,2018-03-07,-0.3192073702812195,Negative,-0.3192073702812195,Negative
2018-03-06,175.0,,0.0,Neutral,-0.15960368514060974,Slightly Negative
2018-03-05,173.0,,0.0,Neutral,-0.07980184257030487,Slightly Negative
2018-03-04,179.0,,0.0,Neutral,0.0,Neutral
2018-02-28,184.0,2018-02-28,-0.4559577703475952,Negative,-0.4559577703475952,Negative
2018-02-27,188.0,2018-02-27,-0.5017960667610168,Negative,-0.7297749519348145,Strongly Negative
2018-02-26,187.0,,0.0,Neutral,-0.3648874759674072,Negative
2018-02-25,187.0,,0.0,Neutral,-0.1254490166902542,Slightly Negative
2018-02-22,203.0,,0.0,Neutral,0.0,Neutral
2018-02-21,200.0,,0.0,Neutral,0.0,Neutral
2018-02-20,200.0,,0.0,Neutral,0.0,Neutral
2018-02-18,202.0,2018-02-18,-0.7218689322471619,Strongly Negative,-0.7218689322471619,Strongly Negative
2018-02-15,199.0,2018-02-15,0.89710932970047,Strongly Positive,0.536174863576889,Positive
2018-02-14,192.0,,0.0,Neutral,0.2680874317884445,Positive
2018-02-12,191.0,2018-02-12,0.1932896673679351,Slightly Positive,0.41756699979305256,Positive
2018-02-11,191.0,,0.0,Neutral,0.09664483368396755,Slightly Positive
2018-02-08,191.0,,0.0,Neutral,0.048322416841983774,Neutral
2018-02-07,193.0,,0.0,Neutral,0.0,Neutral
2018-02-06,193.0,,0.0,Neutral,0.0,Neutral
2018-02-05,195.0,2018-02-05,0.8875495791435242,Strongly Positive,0.8875495791435242,Strongly Positive
2018-02-04,196.0,,0.0,Neutral,0.4437747895717621,Positive
2018-02-01,199.0,,0.0,Neutral,0.22188739478588104,Positive
2018-01-31,198.0,,0.0,Neutral,0.0,Neutral
2018-01-29,196.0,,0.0,Neutral,0.0,Neutral
2018-01-28,194.0,2018-01-28,0.9140734672546388,Strongly Positive,0.9140734672546388,Strongly Positive
2018-01-25,194.0,,0.0,Neutral,0.4570367336273194,Positive
2018-01-24,193.0,,0.0,Neutral,0.2285183668136597,Positive
2018-01-23,191.0,,0.0,Neutral,0.0,Neutral
2018-01-22,193.0,,0.0,Neutral,0.0,Neutral
2018-01-21,195.0,2018-01-21,0.326934814453125,Positive,0.326934814453125,Positive
2018-01-17,197.0,,0.0,Neutral,0.1634674072265625,Slightly Positive
2018-01-16,197.0,2018-01-16,0.912229597568512,Strongly Positive,0.9939633011817932,Strongly Positive
2018-01-14,199.0,,0.0,Neutral,0.456114798784256,Positive
2018-01-10,199.0,2018-01-10,-0.1146869361400604,Slightly Negative,0.1133704632520676,Slightly Positive
2018-01-09,201.0,,0.0,Neutral,-0.0573434680700302,Slightly Negative
2018-01-08,200.0,2018-01-08,0.5098813772201538,Positive,0.4812096431851387,Positive
2018-01-07,201.0,2018-01-07,0.9193395376205444,Strongly Positive,1.1742802262306213,Strongly Positive
2018-01-04,199.0,,0.0,Neutral,0.5871401131153107,Positive
2018-01-03,200.0,,0.0,Neutral,0.2298348844051361,Positive
2018-01-02,203.0,2018-01-02,0.907924234867096,Strongly Positive,0.907924234867096,Strongly Positive
2018-01-01,204.0,,0.0,Neutral,0.453962117433548,Positive
2017-12-31,200.0,,0.0,Neutral,0.226981058716774,Positive
2017-12-28,203.0,,0.0,Neutral,0.0,Neutral
2017-12-27,205.0,,0.0,Neutral,0.0,Neutral
2017-12-26,209.0,,0.0,Neutral,0.0,Neutral
2017-12-24,210.0,2017-12-24,0.5628668665885925,Positive,0.5628668665885925,Positive
2017-12-21,213.0,,0.0,Neutral,0.28143343329429626,Positive
2017-12-20,213.0,,0.0,Neutral,0.14071671664714813,Slightly Positive
2017-12-19,215.0,,0.0,Neutral,0.0,Neutral
2017-12-18,215.0,,0.0,Neutral,0.0,Neutral
2017-12-17,215.0,,0.0,Neutral,0.0,Neutral
2017-12-14,216.0,,0.0,Neutral,0.0,Neutral
2017-12-13,217.0,,0.0,Neutral,0.0,Neutral
2017-12-12,216.0,,0.0,Neutral,0.0,Neutral
2017-12-11,217.0,2017-12-11,0.5815926194190979,Positive,0.5815926194190979,Positive
2017-12-10,215.0,,0.0,Neutral,0.29079630970954895,Positive
2017-12-06,220.0,,0.0,Neutral,0.14539815485477448,Slightly Positive
2017-12-05,217.0,2017-12-05,0.1702946424484253,Slightly Positive,0.1702946424484253,Slightly Positive
2017-12-04,216.0,,0.0,Neutral,0.08514732122421265,Slightly Positive
2017-11-30,216.0,,0.0,Neutral,0.04257366061210632,Neutral
2017-11-29,219.0,,0.0,Neutral,0.0,Neutral
2017-11-28,219.0,2017-11-28,-0.5181993842124939,Negative,-0.5181993842124939,Negative
2017-11-27,218.0,,0.0,Neutral,-0.25909969210624695,Negative
2017-11-26,219.0,,0.0,Neutral,-0.12954984605312347,Slightly Negative
2017-11-23,215.0,2017-11-23,0.5980113744735718,Positive,0.5980113744735718,Positive
2017-11-22,216.0,,0.0,Neutral,0.2990056872367859,Positive
2017-11-21,217.0,,0.0,Neutral,0.14950284361839294,Slightly Positive
2017-11-20,215.0,,0.0,Neutral,0.0,Neutral
2017-11-19,216.0,,0.0,Neutral,0.0,Neutral
2017-11-16,216.0,,0.0,Neutral,0.0,Neutral
2017-11-15,219.0,,0.0,Neutral,0.0,Neutral
2017-11-14,223.0,2017-11-14,-0.7073986530303955,Strongly Negative,-0.7073986530303955,Strongly Negative
2017-11-13,219.0,,0.0,Neutral,-0.35369932651519775,Negative
2017-11-12,217.0,2017-11-12,0.9169417023658752,Strongly Positive,0.7400920391082764,Strongly Positive
2017-11-09,218.0,,0.0,Neutral,0.4584708511829376,Positive
2017-11-08,219.0,,0.0,Neutral,0.2292354255914688,Positive
2017-11-07,219.0,2017-11-07,0.3921329081058502,Positive,0.3921329081058502,Positive
2017-11-06,219.0,2017-11-06,0.2062046229839325,Positive,0.4022710770368576,Positive
2017-11-05,222.0,,0.0,Neutral,0.2011355385184288,Positive
2017-11-02,224.0,,0.0,Neutral,0.051551155745983124,Slightly Positive
2017-11-01,222.0,,0.0,Neutral,0.0,Neutral
2017-10-31,222.0,,0.0,Neutral,0.0,Neutral
2017-10-30,224.0,,0.0,Neutral,0.0,Neutral
2017-10-29,222.0,2017-10-29,-0.1552224159240722,Slightly Negative,-0.1552224159240722,Slightly Negative
2017-10-25,226.0,,0.0,Neutral,-0.0776112079620361,Slightly Negative
2017-10-24,226.0,2017-10-24,0.3031669482588768,Positive,0.26436134427785873,Positive
2017-10-23,228.0,,0.0,Neutral,0.1515834741294384,Slightly Positive
2017-10-22,228.0,,0.0,Neutral,0.0757917370647192,Slightly Positive
2017-10-18,230.0,,0.0,Neutral,0.0,Neutral
2017-10-17,226.0,,0.0,Neutral,0.0,Neutral
2017-10-16,229.0,2017-10-16,0.7397989630699158,Strongly Positive,0.7397989630699158,Strongly Positive
2017-10-15,223.0,,0.0,Neutral,0.3698994815349579,Positive
2017-10-12,220.0,,0.0,Neutral,0.18494974076747894,Slightly Positive
2017-10-11,220.0,,0.0,Neutral,0.0,Neutral
2017-10-10,221.0,,0.0,Neutral,0.0,Neutral
2017-10-09,221.0,,0.0,Neutral,0.0,Neutral
2017-10-08,222.0,,0.0,Neutral,0.0,Neutral
2017-10-04,223.0,,0.0,Neutral,0.0,Neutral
2017-10-03,224.0,,0.0,Neutral,0.0,Neutral
2017-09-26,227.0,,0.0,Neutral,0.0,Neutral
2017-09-25,229.0,2017-09-25,0.6380407959222794,Strongly Positive,0.6380407959222794,Strongly Positive
2017-09-24,224.0,,0.0,Neutral,0.3190203979611397,Positive
2017-09-20,227.0,,0.0,Neutral,0.15951019898056984,Slightly Positive
2017-09-18,225.0,,0.0,Neutral,0.0,Neutral
2017-09-17,224.0,,0.0,Neutral,0.0,Neutral
2017-09-14,220.0,,0.0,Neutral,0.0,Neutral
2017-09-13,215.0,,0.0,Neutral,0.0,Neutral
2017-09-12,217.0,2017-09-12,0.1277060508728027,Slightly Positive,0.1277060508728027,Slightly Positive
2017-09-11,220.0,,0.0,Neutral,0.06385302543640135,Slightly Positive
2017-09-10,221.0,,0.0,Neutral,0.03192651271820068,Neutral
2017-09-07,224.0,,0.0,Neutral,0.0,Neutral
2017-09-06,229.0,2017-09-06,0.8836968541145325,Strongly Positive,0.8836968541145325,Strongly Positive
2017-09-04,227.0,2017-09-04,0.0743787288665771,Slightly Positive,0.5162271559238434,Positive
2017-08-31,229.0,,0.0,Neutral,0.2581135779619217,Positive
2017-08-30,233.0,,0.0,Neutral,0.018594682216644277,Neutral
2017-08-28,240.0,,0.0,Neutral,0.0,Neutral
2017-08-27,248.0,2017-08-27,0.9203059077262878,Strongly Positive,0.9203059077262878,Strongly Positive
2017-08-24,248.0,,0.0,Neutral,0.4601529538631439,Positive
2017-08-23,248.0,,0.0,Neutral,0.23007647693157196,Positive
2017-08-22,252.0,,0.0,Neutral,0.0,Neutral
2017-08-21,252.0,2017-08-21,0.9056445956230164,Strongly Positive,0.9056445956230164,Strongly Positive
2017-08-20,253.0,,0.0,Neutral,0.4528222978115082,Positive
2017-08-17,255.0,2017-08-17,0.7896273136138916,Strongly Positive,1.0160384625196457,Strongly Positive
2017-08-16,257.0,,0.0,Neutral,0.3948136568069458,Positive
2017-08-15,255.0,,0.0,Neutral,0.1974068284034729,Slightly Positive
2017-08-13,258.0,,0.0,Neutral,0.0,Neutral
2017-08-10,262.0,2017-08-10,0.8426941633224487,Strongly Positive,0.8426941633224487,Strongly Positive
2017-08-09,263.0,,0.0,Neutral,0.42134708166122437,Positive
2017-08-07,262.0,,0.0,Neutral,0.21067354083061218,Positive
2017-08-06,265.0,,0.0,Neutral,0.0,Neutral
2017-08-03,265.0,,0.0,Neutral,0.0,Neutral
2017-08-02,266.0,,0.0,Neutral,0.0,Neutral
2017-08-01,265.0,,0.0,Neutral,0.0,Neutral
2017-07-31,263.0,2017-07-31,0.5858557224273682,Positive,0.5858557224273682,Positive
2017-07-30,268.0,,0.0,Neutral,0.2929278612136841,Positive
2017-07-27,266.0,,0.0,Neutral,0.14646393060684204,Slightly Positive
2017-07-26,268.0,,0.0,Neutral,0.0,Neutral
2017-07-25,270.0,,0.0,Neutral,0.0,Neutral
2017-07-24,267.0,,0.0,Neutral,0.0,Neutral
2017-07-23,270.0,,0.0,Neutral,0.0,Neutral
2017-07-20,279.0,2017-07-20,-0.3135278224945068,Negative,-0.3135278224945068,Negative
2017-07-19,280.0,,0.0,Neutral,-0.1567639112472534,Slightly Negative
2017-07-18,281.0,,0.0,Neutral,-0.0783819556236267,Slightly Negative
2017-07-17,285.0,2017-07-17,0.9291043877601624,Strongly Positive,0.9291043877601624,Strongly Positive
2017-07-16,282.0,,0.0,Neutral,0.4645521938800812,Positive
2017-07-13,290.0,,0.0,Neutral,0.2322760969400406,Positive
2017-07-12,293.0,,0.0,Neutral,0.0,Neutral
2017-07-11,293.0,,0.0,Neutral,0.0,Neutral
2017-07-10,373.0,,0.0,Neutral,0.0,Neutral
2017-07-09,378.0,,0.0,Neutral,0.0,Neutral
2017-07-06,373.0,2017-07-06,0.9184584617614746,Strongly Positive,0.9184584617614746,Strongly Positive
2017-07-05,365.0,2017-07-05,0.925973892211914,Strongly Positive,1.3852031230926514,Strongly Positive
2017-07-04,365.0,,0.0,Neutral,0.6926015615463257,Strongly Positive
2017-07-03,360.0,,0.0,Neutral,0.2314934730529785,Positive
2017-07-02,363.0,2017-07-02,0.8309491276741028,Strongly Positive,0.8309491276741028,Strongly Positive
2017-06-28,370.0,,0.0,Neutral,0.4154745638370514,Positive
2017-06-27,366.0,,0.0,Neutral,0.2077372819185257,Positive
2017-06-25,367.0,,0.0,Neutral,0.0,Neutral
2017-06-22,366.0,,0.0,Neutral,0.0,Neutral
2017-06-21,365.0,,0.0,Neutral,0.0,Neutral
2017-06-20,364.0,,0.0,Neutral,0.0,Neutral
2017-06-19,366.0,2017-06-19,0.2736774682998657,Positive,0.2736774682998657,Positive
2017-06-18,371.0,,0.0,Neutral,0.13683873414993286,Slightly Positive
2017-06-15,372.0,,0.0,Neutral,0.06841936707496643,Slightly Positive
2017-06-14,372.0,2017-06-14,0.7516312599182129,Strongly Positive,0.7516312599182129,Strongly Positive
2017-06-13,370.0,,0.0,Neutral,0.37581562995910645,Positive
2017-06-12,367.0,,0.0,Neutral,0.18790781497955322,Slightly Positive
2017-06-11,370.0,,0.0,Neutral,0.0,Neutral
2017-06-08,375.0,,0.0,Neutral,0.0,Neutral
2017-06-07,384.0,,0.0,Neutral,0.0,Neutral
2017-06-06,385.0,,0.0,Neutral,0.0,Neutral
2017-06-05,377.0,,0.0,Neutral,0.0,Neutral
2017-06-04,375.0,,0.0,Neutral,0.0,Neutral
2017-06-01,380.0,,0.0,Neutral,0.0,Neutral
2017-05-31,387.0,,0.0,Neutral,0.0,Neutral
2017-05-30,377.0,,0.0,Neutral,0.0,Neutral
2017-05-28,378.0,,0.0,Neutral,0.0,Neutral
2017-05-24,383.0,,0.0,Neutral,0.0,Neutral
2017-05-23,381.0,,0.0,Neutral,0.0,Neutral
2017-05-22,372.0,,0.0,Neutral,0.0,Neutral
2017-05-21,379.0,2017-05-21,0.543536901473999,Positive,0.543536901473999,Positive
2017-05-18,380.0,,0.0,Neutral,0.2717684507369995,Positive
2017-05-17,385.0,2017-05-17,0.9115880727767944,Strongly Positive,1.0474722981452942,Strongly Positive
2017-05-16,383.0,,0.0,Neutral,0.4557940363883972,Positive
2017-05-15,388.0,,0.0,Neutral,0.2278970181941986,Positive
2017-05-11,379.0,2017-05-11,0.6874037981033325,Strongly Positive,0.6874037981033325,Strongly Positive
2017-05-09,370.0,,0.0,Neutral,0.34370189905166626,Positive
2017-05-08,371.0,,0.0,Neutral,0.17185094952583313,Slightly Positive
2017-05-07,368.0,,0.0,Neutral,0.0,Neutral
2017-05-04,376.0,,0.0,Neutral,0.0,Neutral
2017-05-03,378.0,,0.0,Neutral,0.0,Neutral
2017-05-02,377.0,,0.0,Neutral,0.0,Neutral
2017-04-30,380.0,,0.0,Neutral,0.0,Neutral
2017-04-27,385.0,,0.0,Neutral,0.0,Neutral
2017-04-26,387.0,,0.0,Neutral,0.0,Neutral
2017-04-25,392.0,2017-04-25,0.7321624755859375,Strongly Positive,0.7321624755859375,Strongly Positive
2017-04-24,390.0,,0.0,Neutral,0.36608123779296875,Positive
2017-04-23,400.0,,0.0,Neutral,0.18304061889648438,Slightly Positive
2017-04-20,387.0,2017-04-20,-0.3623961433768272,Negative,-0.3623961433768272,Negative
2017-04-19,381.0,,0.0,Neutral,-0.1811980716884136,Slightly Negative
2017-04-18,365.0,,0.0,Neutral,-0.0905990358442068,Slightly Negative
2017-04-16,381.0,,0.0,Neutral,0.0,Neutral
2017-04-13,383.0,,0.0,Neutral,0.0,Neutral
2017-04-12,388.0,,0.0,Neutral,0.0,Neutral
2017-04-11,385.0,,0.0,Neutral,0.0,Neutral
2017-04-10,383.0,,0.0,Neutral,0.0,Neutral
2017-04-09,387.0,,0.0,Neutral,0.0,Neutral
2017-04-06,385.0,2017-04-06,0.5967186689376831,Positive,0.5967186689376831,Positive
2017-04-04,380.0,,0.0,Neutral,0.29835933446884155,Positive
2017-04-03,387.0,,0.0,Neutral,0.14917966723442078,Slightly Positive
2017-03-30,398.0,2017-03-30,-0.1716672480106353,Slightly Negative,-0.1716672480106353,Slightly Negative
2017-03-29,397.0,,0.0,Neutral,-0.08583362400531765,Slightly Negative
2017-03-28,405.0,,0.0,Neutral,-0.04291681200265882,Neutral
2017-03-26,369.0,,0.0,Neutral,0.0,Neutral
2017-03-23,342.0,,0.0,Neutral,0.0,Neutral
2017-03-22,328.0,2017-03-22,0.6236251592636108,Strongly Positive,0.6236251592636108,Strongly Positive
2017-03-21,327.0,,0.0,Neutral,0.3118125796318054,Positive
2017-03-20,317.0,,0.0,Neutral,0.1559062898159027,Slightly Positive
2017-03-19,305.0,,0.0,Neutral,0.0,Neutral
2017-03-16,297.0,,0.0,Neutral,0.0,Neutral
2017-03-15,300.0,,0.0,Neutral,0.0,Neutral
2017-03-14,296.0,,0.0,Neutral,0.0,Neutral
2017-03-13,300.0,,0.0,Neutral,0.0,Neutral
2017-03-09,303.0,,0.0,Neutral,0.0,Neutral
2017-03-07,301.0,2017-03-07,0.2491500675678253,Positive,0.2491500675678253,Positive
2017-03-06,306.0,,0.0,Neutral,0.12457503378391264,Slightly Positive
2017-03-05,310.0,,0.0,Neutral,0.06228751689195632,Slightly Positive
2017-03-02,291.0,2017-03-02,0.8856234550476074,Strongly Positive,0.8856234550476074,Strongly Positive
2017-03-01,292.0,2017-03-01,0.7320932149887085,Strongly Positive,1.1749049425125122,Strongly Positive
2017-02-28,285.0,,0.0,Neutral,0.5874524712562561,Positive
2017-02-26,280.0,,0.0,Neutral,0.18302330374717712,Slightly Positive
2017-02-23,284.0,2017-02-23,-0.5603695511817932,Negative,-0.5603695511817932,Negative
2017-02-22,284.0,,0.0,Neutral,-0.2801847755908966,Negative
2017-02-21,292.0,,0.0,Neutral,-0.1400923877954483,Slightly Negative
2017-02-20,291.0,,0.0,Neutral,0.0,Neutral
2017-02-19,300.0,,0.0,Neutral,0.0,Neutral
2017-02-16,295.0,,0.0,Neutral,0.0,Neutral
2017-02-15,297.0,2017-02-15,-0.5029162764549255,Negative,-0.5029162764549255,Negative
2017-02-14,280.0,,0.0,Neutral,-0.25145813822746277,Negative
2017-02-13,284.0,,0.0,Neutral,-0.12572906911373138,Slightly Negative
2017-02-12,275.0,,0.0,Neutral,0.0,Neutral
2017-02-09,291.0,,0.0,Neutral,0.0,Neutral
2017-02-08,292.0,,0.0,Neutral,0.0,Neutral
2017-02-07,300.0,2017-02-07,0.7273648977279663,Strongly Positive,0.7273648977279663,Strongly Positive
2017-02-06,300.0,,0.0,Neutral,0.36368244886398315,Positive
2017-02-05,304.0,,0.0,Neutral,0.18184122443199158,Slightly Positive
2017-02-02,308.0,,0.0,Neutral,0.0,Neutral
2017-02-01,314.0,,0.0,Neutral,0.0,Neutral
2017-01-31,293.0,,0.0,Neutral,0.0,Neutral
2017-01-30,273.0,,0.0,Neutral,0.0,Neutral
2017-01-26,302.0,,0.0,Neutral,0.0,Neutral
2017-01-25,305.0,,0.0,Neutral,0.0,Neutral
2017-01-24,320.0,,0.0,Neutral,0.0,Neutral
2017-01-23,323.0,,0.0,Neutral,0.0,Neutral
2017-01-22,322.0,,0.0,Neutral,0.0,Neutral
2017-01-19,325.0,2017-01-19,0.8906235098838806,Strongly Positive,0.8906235098838806,Strongly Positive
2017-01-18,329.0,2017-01-18,-0.7480860352516174,Strongly Negative,-0.3027742803096771,Negative
2017-01-17,326.0,,0.0,Neutral,-0.15138714015483856,Slightly Negative
2017-01-16,328.0,,0.0,Neutral,-0.18702150881290436,Slightly Negative
2017-01-15,334.0,2017-01-15,0.8086245059967041,Strongly Positive,0.8086245059967041,Strongly Positive
2017-01-12,334.0,,0.0,Neutral,0.40431225299835205,Positive
2017-01-11,332.0,,0.0,Neutral,0.20215612649917603,Positive
2017-01-10,333.0,,0.0,Neutral,0.0,Neutral
2017-01-09,332.0,,0.0,Neutral,0.0,Neutral
2017-01-08,327.0,,0.0,Neutral,0.0,Neutral
2017-01-05,335.0,,0.0,Neutral,0.0,Neutral
2017-01-04,336.0,,0.0,Neutral,0.0,Neutral
2017-01-03,338.0,,0.0,Neutral,0.0,Neutral
2017-01-02,346.0,,0.0,Neutral,0.0,Neutral
2017-01-01,340.0,2017-01-01,0.1828947961330413,Slightly Positive,0.1828947961330413,Slightly Positive
2016-12-29,330.0,,0.0,Neutral,0.09144739806652065,Slightly Positive
2016-12-28,325.0,2016-12-28,0.881725013256073,Strongly Positive,0.9274487122893333,Strongly Positive
2016-12-27,322.0,,0.0,Neutral,0.4408625066280365,Positive
2016-12-26,327.0,,0.0,Neutral,0.22043125331401825,Positive
2016-12-22,336.0,,0.0,Neutral,0.0,Neutral
2016-12-21,340.0,,0.0,Neutral,0.0,Neutral
2016-12-20,342.0,,0.0,Neutral,0.0,Neutral
2016-12-19,353.0,,0.0,Neutral,0.0,Neutral
2016-12-18,355.0,,0.0,Neutral,0.0,Neutral
2016-12-15,365.0,,0.0,Neutral,0.0,Neutral
2016-12-14,365.0,,0.0,Neutral,0.0,Neutral
2016-12-12,363.0,,0.0,Neutral,0.0,Neutral
2016-12-11,370.0,,0.0,Neutral,0.0,Neutral
2016-12-08,375.0,,0.0,Neutral,0.0,Neutral
2016-12-07,376.0,,0.0,Neutral,0.0,Neutral
2016-12-06,378.0,,0.0,Neutral,0.0,Neutral
2016-12-05,380.0,2016-12-05,0.7129253149032593,Strongly Positive,0.7129253149032593,Strongly Positive
2016-12-04,385.0,,0.0,Neutral,0.35646265745162964,Positive
2016-12-01,390.0,,0.0,Neutral,0.17823132872581482,Slightly Positive
2016-11-30,400.0,,0.0,Neutral,0.0,Neutral
2016-11-29,380.0,,0.0,Neutral,0.0,Neutral
2016-11-28,367.0,,0.0,Neutral,0.0,Neutral
2016-11-27,347.0,,0.0,Neutral,0.0,Neutral
2016-11-24,365.0,,0.0,Neutral,0.0,Neutral
2016-11-23,360.0,,0.0,Neutral,0.0,Neutral
2016-11-22,374.0,,0.0,Neutral,0.0,Neutral
2016-11-21,389.0,2016-11-21,0.8399505615234375,Strongly Positive,0.8399505615234375,Strongly Positive
2016-11-20,393.0,,0.0,Neutral,0.41997528076171875,Positive
2016-11-17,408.0,,0.0,Neutral,0.20998764038085938,Positive
2016-11-16,421.0,,0.0,Neutral,0.0,Neutral
2016-11-15,421.0,,0.0,Neutral,0.0,Neutral
2016-11-14,422.0,,0.0,Neutral,0.0,Neutral
2016-11-13,425.0,,0.0,Neutral,0.0,Neutral
2016-11-10,429.0,,0.0,Neutral,0.0,Neutral
2016-11-09,434.0,2016-11-09,-0.9314858317375184,Strongly Negative,-0.9314858317375184,Strongly Negative
2016-11-08,441.0,,0.0,Neutral,-0.4657429158687592,Negative
2016-11-07,448.0,,0.0,Neutral,-0.2328714579343796,Negative
2016-11-03,455.0,,0.0,Neutral,0.0,Neutral
2016-10-27,460.0,2016-10-27,0.7380070686340332,Strongly Positive,0.7380070686340332,Strongly Positive
2016-10-26,451.0,,0.0,Neutral,0.3690035343170166,Positive
2016-10-25,459.0,,0.0,Neutral,0.1845017671585083,Slightly Positive
2016-10-24,459.0,,0.0,Neutral,0.0,Neutral
2016-10-23,457.0,2016-10-23,-0.9054261445999146,Strongly Negative,-0.9054261445999146,Strongly Negative
2016-10-20,465.0,,0.0,Neutral,-0.4527130722999573,Negative
2016-10-19,463.0,,0.0,Neutral,-0.22635653614997864,Negative
2016-10-18,456.0,,0.0,Neutral,0.0,Neutral
2016-10-17,461.0,,0.0,Neutral,0.0,Neutral
2016-10-16,455.0,,0.0,Neutral,0.0,Neutral
2016-10-06,470.0,,0.0,Neutral,0.0,Neutral
2016-10-05,470.0,,0.0,Neutral,0.0,Neutral
2016-10-04,464.0,,0.0,Neutral,0.0,Neutral
2016-10-03,448.0,2016-10-03,0.1059269905090332,Slightly Positive,0.1059269905090332,Slightly Positive
2016-10-02,445.0,2016-10-02,0.8898768424987793,Strongly Positive,0.9428403377532959,Strongly Positive
2016-09-29,450.0,2016-09-29,0.9111406207084656,Strongly Positive,1.3825607895851135,Strongly Positive
2016-09-28,450.0,,0.0,Neutral,0.6780395209789276,Strongly Positive
2016-09-27,453.0,,0.0,Neutral,0.2277851551771164,Positive
2016-09-26,455.0,,0.0,Neutral,0.0,Neutral
2016-09-25,436.0,,0.0,Neutral,0.0,Neutral
2016-09-22,455.0,2016-09-22,0.0431180894374847,Neutral,0.0431180894374847,Neutral
2016-09-21,460.0,2016-09-21,0.8862911760807037,Strongly Positive,0.9078502207994461,Strongly Positive
2016-09-20,466.0,2016-09-20,0.9242508411407472,Strongly Positive,1.3781759515404701,Strongly Positive
2016-09-18,470.0,2016-09-18,0.8751511573791504,Strongly Positive,1.5588493719696999,Strongly Positive
2016-09-14,480.0,,0.0,Neutral,0.668638288974762,Strongly Positive
2016-09-12,467.0,2016-09-12,0.902121365070343,Strongly Positive,1.1209091544151306,Strongly Positive
2016-09-11,470.0,2016-09-11,0.8642315864562988,Strongly Positive,1.3152922689914703,Strongly Positive
2016-09-08,485.0,,0.0,Neutral,0.6576461344957352,Strongly Positive
2016-09-07,487.0,,0.0,Neutral,0.2160578966140747,Positive
2016-09-06,500.0,,0.0,Neutral,0.0,Neutral
2016-09-05,484.0,,0.0,Neutral,0.0,Neutral
2016-09-04,440.0,,0.0,Neutral,0.0,Neutral
2016-09-03,440.0,,0.0,Neutral,0.0,Neutral
2016-09-01,443.0,2016-09-01,0.7710901498794556,Strongly Positive,0.7710901498794556,Strongly Positive
2016-08-31,440.0,,0.0,Neutral,0.3855450749397278,Positive
2016-08-30,445.0,2016-08-30,-0.0680882036685943,Slightly Negative,0.12468433380126959,Slightly Positive
2016-08-29,424.0,,0.0,Neutral,-0.03404410183429715,Neutral
2016-08-28,420.0,,0.0,Neutral,-0.017022050917148576,Neutral
2016-08-24,418.0,,0.0,Neutral,0.0,Neutral
2016-08-23,408.0,,0.0,Neutral,0.0,Neutral
2016-08-22,413.0,,0.0,Neutral,0.0,Neutral
2016-08-21,423.0,,0.0,Neutral,0.0,Neutral
2016-08-17,423.0,,0.0,Neutral,0.0,Neutral
2016-08-16,428.0,2016-08-16,0.0269997715950012,Neutral,0.0269997715950012,Neutral
2016-08-15,417.0,,0.0,Neutral,0.0134998857975006,Neutral
2016-08-14,438.0,,0.0,Neutral,0.0067499428987503,Neutral
2016-08-11,447.0,,0.0,Neutral,0.0,Neutral
2016-08-10,449.0,,0.0,Neutral,0.0,Neutral
2016-08-09,437.0,,0.0,Neutral,0.0,Neutral
2016-08-08,413.0,,0.0,Neutral,0.0,Neutral
2016-08-07,445.0,,0.0,Neutral,0.0,Neutral
2016-08-04,446.0,,0.0,Neutral,0.0,Neutral
2016-08-03,470.0,,0.0,Neutral,0.0,Neutral
2016-08-02,474.0,,0.0,Neutral,0.0,Neutral
2016-08-01,575.0,,0.0,Neutral,0.0,Neutral
2016-07-31,584.0,,0.0,Neutral,0.0,Neutral
2016-07-28,595.0,,0.0,Neutral,0.0,Neutral
2016-07-27,601.0,,0.0,Neutral,0.0,Neutral
2016-07-26,599.0,,0.0,Neutral,0.0,Neutral
2016-07-25,562.0,,0.0,Neutral,0.0,Neutral
2016-07-21,515.0,2016-07-21,-0.5415614247322083,Negative,-0.5415614247322083,Negative
2016-07-20,500.0,,0.0,Neutral,-0.2707807123661041,Negative
2016-07-19,505.0,2016-07-19,-0.5339106917381287,Negative,-0.6693010479211807,Strongly Negative
2016-07-18,492.0,,0.0,Neutral,-0.26695534586906433,Negative
2016-07-17,484.0,2016-07-17,0.8322827219963074,Strongly Positive,0.6988050490617752,Strongly Positive
2016-07-14,461.0,,0.0,Neutral,0.4161413609981537,Positive
2016-07-13,460.0,,0.0,Neutral,0.20807068049907684,Positive
2016-07-12,462.0,,0.0,Neutral,0.0,Neutral
2016-07-11,469.0,,0.0,Neutral,0.0,Neutral
2016-07-10,479.0,2016-07-10,0.8081753253936768,Strongly Positive,0.8081753253936768,Strongly Positive
2016-07-06,470.0,,0.0,Neutral,0.4040876626968384,Positive
2016-07-05,475.0,,0.0,Neutral,0.2020438313484192,Positive
2016-07-04,471.0,,0.0,Neutral,0.0,Neutral
2016-07-03,466.0,,0.0,Neutral,0.0,Neutral
2016-06-30,466.0,,0.0,Neutral,0.0,Neutral
2016-06-29,482.0,,0.0,Neutral,0.0,Neutral
2016-06-28,475.0,,0.0,Neutral,0.0,Neutral
2016-06-27,474.0,,0.0,Neutral,0.0,Neutral
2016-06-26,431.0,,0.0,Neutral,0.0,Neutral
2016-06-23,423.0,2016-06-23,0.581391453742981,Positive,0.581391453742981,Positive
2016-06-22,421.0,,0.0,Neutral,0.2906957268714905,Positive
2016-06-21,418.0,,0.0,Neutral,0.14534786343574524,Slightly Positive
2016-06-20,416.0,,0.0,Neutral,0.0,Neutral
2016-06-19,417.0,2016-06-19,0.8847450613975525,Strongly Positive,0.8847450613975525,Strongly Positive
2016-06-16,416.0,,0.0,Neutral,0.44237253069877625,Positive
2016-06-15,420.0,2016-06-15,0.6763022541999817,Strongly Positive,0.8974885195493698,Strongly Positive
2016-06-14,423.0,,0.0,Neutral,0.33815112709999084,Positive
2016-06-13,421.0,,0.0,Neutral,0.16907556354999542,Slightly Positive
2016-06-12,428.0,,0.0,Neutral,0.0,Neutral
2016-06-09,412.0,,0.0,Neutral,0.0,Neutral
2016-06-08,424.0,,0.0,Neutral,0.0,Neutral
2016-06-07,410.0,,0.0,Neutral,0.0,Neutral
2016-06-06,406.0,,0.0,Neutral,0.0,Neutral
2016-06-05,398.0,2016-06-05,0.9090322256088256,Strongly Positive,0.9090322256088256,Strongly Positive
2016-06-02,411.0,2016-06-02,0.8896958827972412,Strongly Positive,1.344211995601654,Strongly Positive
2016-06-01,412.0,,0.0,Neutral,0.672105997800827,Strongly Positive
2016-05-31,416.0,,0.0,Neutral,0.2224239706993103,Positive
2016-05-30,412.0,2016-05-30,0.9280319213867188,Strongly Positive,0.9280319213867188,Strongly Positive
2016-05-29,413.0,,0.0,Neutral,0.4640159606933594,Positive
2016-05-26,417.0,,0.0,Neutral,0.2320079803466797,Positive
2016-05-25,415.0,,0.0,Neutral,0.0,Neutral
2016-05-24,429.0,,0.0,Neutral,0.0,Neutral
2016-05-23,427.0,,0.0,Neutral,0.0,Neutral
2016-05-22,426.0,,0.0,Neutral,0.0,Neutral
2016-05-19,420.0,,0.0,Neutral,0.0,Neutral
2016-05-18,399.0,,0.0,Neutral,0.0,Neutral
2016-05-17,390.0,2016-05-17,0.9240453839302064,Strongly Positive,0.9240453839302064,Strongly Positive
2016-05-16,381.0,,0.0,Neutral,0.4620226919651032,Positive
2016-05-15,381.0,,0.0,Neutral,0.2310113459825516,Positive
2016-05-12,382.0,,0.0,Neutral,0.0,Neutral
2016-05-11,383.0,,0.0,Neutral,0.0,Neutral
2016-05-10,381.0,2016-05-10,0.8823189735412598,Strongly Positive,0.8823189735412598,Strongly Positive
2016-05-09,385.0,,0.0,Neutral,0.4411594867706299,Positive
2016-05-08,380.0,,0.0,Neutral,0.22057974338531494,Positive
2016-05-05,379.0,,0.0,Neutral,0.0,Neutral
2016-05-04,380.0,,0.0,Neutral,0.0,Neutral
2016-05-03,384.0,,0.0,Neutral,0.0,Neutral
2016-05-02,387.0,,0.0,Neutral,0.0,Neutral
2016-04-28,391.0,2016-04-28,-0.6809363961219788,Strongly Negative,-0.6809363961219788,Strongly Negative
2016-04-27,390.0,2016-04-27,0.1160554587841034,Slightly Positive,-0.224412739276886,Negative
2016-04-26,390.0,,0.0,Neutral,-0.112206369638443,Slightly Negative
2016-04-25,396.0,,0.0,Neutral,0.02901386469602585,Neutral
2016-04-24,394.0,,0.0,Neutral,0.0,Neutral
2016-04-21,396.0,,0.0,Neutral,0.0,Neutral
2016-04-20,393.0,2016-04-20,0.7522884607315063,Strongly Positive,0.7522884607315063,Strongly Positive
2016-04-19,390.0,2016-04-19,-0.926275670528412,Strongly Negative,-0.5501314401626588,Negative
2016-04-18,381.0,2016-04-18,0.0300204027444124,Neutral,-0.24504531733691698,Negative
2016-04-17,378.0,2016-04-17,0.9084632992744446,Strongly Positive,0.6919045830145478,Strongly Positive
2016-04-14,374.0,,0.0,Neutral,0.4617367503233254,Positive
2016-04-12,368.0,,0.0,Neutral,0.22711582481861115,Positive
2016-04-11,370.0,,0.0,Neutral,0.0,Neutral
2016-04-10,371.0,,0.0,Neutral,0.0,Neutral
2016-04-06,375.0,,0.0,Neutral,0.0,Neutral
2016-04-05,372.0,,0.0,Neutral,0.0,Neutral
2016-04-04,371.0,,0.0,Neutral,0.0,Neutral
2016-04-03,372.0,,0.0,Neutral,0.0,Neutral
2016-03-31,376.0,,0.0,Neutral,0.0,Neutral
2016-03-30,375.0,,0.0,Neutral,0.0,Neutral
2016-03-29,378.0,,0.0,Neutral,0.0,Neutral
2016-03-28,379.0,2016-03-28,0.5935075283050537,Positive,0.5935075283050537,Positive
2016-03-27,378.0,,0.0,Neutral,0.29675376415252686,Positive
2016-03-24,375.0,2016-03-24,0.9060111045837402,Strongly Positive,1.0543879866600037,Strongly Positive
2016-03-23,378.0,,0.0,Neutral,0.4530055522918701,Positive
2016-03-21,380.0,,0.0,Neutral,0.22650277614593506,Positive
2016-03-20,380.0,,0.0,Neutral,0.0,Neutral
2016-03-17,370.0,2016-03-17,0.7216230034828186,Strongly Positive,0.7216230034828186,Strongly Positive
2016-03-16,368.0,2016-03-16,-0.7536658644676208,Strongly Negative,-0.39285436272621155,Negative
2016-03-15,362.0,2016-03-15,0.789482593536377,Strongly Positive,0.5930554121732712,Positive
2016-03-14,367.0,,0.0,Neutral,0.20632483065128326,Positive
2016-03-13,369.0,,0.0,Neutral,0.19737064838409424,Slightly Positive
2016-03-10,366.0,,0.0,Neutral,0.0,Neutral
2016-03-06,370.0,,0.0,Neutral,0.0,Neutral
2016-03-03,370.0,2016-03-03,0.7107265591621399,Strongly Positive,0.7107265591621399,Strongly Positive
2016-03-02,372.0,,0.0,Neutral,0.35536327958106995,Positive
2016-03-01,368.0,,0.0,Neutral,0.17768163979053497,Slightly Positive
2016-02-29,377.0,2016-02-29,0.6740023493766785,Strongly Positive,0.6740023493766785,Strongly Positive
2016-02-28,388.0,,0.0,Neutral,0.33700117468833923,Positive
2016-02-25,364.0,2016-02-25,0.8789723515510559,Strongly Positive,1.0474729388952255,Strongly Positive
2016-02-24,358.0,,0.0,Neutral,0.43948617577552795,Positive
2016-02-23,354.0,,0.0,Neutral,0.21974308788776398,Positive
2016-02-22,350.0,,0.0,Neutral,0.0,Neutral
2016-02-21,346.0,,0.0,Neutral,0.0,Neutral
2016-02-18,344.0,,0.0,Neutral,0.0,Neutral
2016-02-17,341.0,,0.0,Neutral,0.0,Neutral
2016-02-16,341.0,,0.0,Neutral,0.0,Neutral
2016-02-15,342.0,,0.0,Neutral,0.0,Neutral
2016-02-14,342.0,2016-02-14,0.8966696262359619,Strongly Positive,0.8966696262359619,Strongly Positive
2016-02-11,345.0,,0.0,Neutral,0.44833481311798096,Positive
2016-02-08,344.0,,0.0,Neutral,0.22416740655899048,Positive
2016-02-07,338.0,,0.0,Neutral,0.0,Neutral
2016-02-04,335.0,,0.0,Neutral,0.0,Neutral
2016-02-03,338.0,,0.0,Neutral,0.0,Neutral
2016-02-02,335.0,2016-02-02,0.6775474548339844,Strongly Positive,0.6775474548339844,Strongly Positive
2016-02-01,334.0,,0.0,Neutral,0.3387737274169922,Positive
2016-01-31,329.0,,0.0,Neutral,0.1693868637084961,Slightly Positive
2016-01-28,330.0,,0.0,Neutral,0.0,Neutral
2016-01-27,325.0,,0.0,Neutral,0.0,Neutral
2016-01-26,327.0,,0.0,Neutral,0.0,Neutral
2016-01-25,328.0,,0.0,Neutral,0.0,Neutral
2016-01-24,330.0,,0.0,Neutral,0.0,Neutral
2016-01-21,349.0,2016-01-21,-0.93006694316864,Strongly Negative,-0.93006694316864,Strongly Negative
2016-01-20,345.0,,0.0,Neutral,-0.46503347158432,Negative
2016-01-19,347.0,,0.0,Neutral,-0.23251673579216,Negative
2016-01-18,348.0,,0.0,Neutral,0.0,Neutral
2016-01-17,350.0,,0.0,Neutral,0.0,Neutral
2016-01-14,333.0,,0.0,Neutral,0.0,Neutral
2016-01-13,315.0,,0.0,Neutral,0.0,Neutral
2016-01-12,312.0,,0.0,Neutral,0.0,Neutral
2016-01-11,310.0,2016-01-11,0.6818904876708984,Strongly Positive,0.6818904876708984,Strongly Positive
2016-01-10,311.0,,0.0,Neutral,0.3409452438354492,Positive
2016-01-07,311.0,,0.0,Neutral,0.1704726219177246,Slightly Positive
2016-01-06,311.0,,0.0,Neutral,0.0,Neutral
2016-01-05,306.0,,0.0,Neutral,0.0,Neutral
2016-01-04,314.0,,0.0,Neutral,0.0,Neutral
2016-01-03,314.0,,0.0,Neutral,0.0,Neutral
2015-12-31,312.0,,0.0,Neutral,0.0,Neutral
2015-12-29,309.0,,0.0,Neutral,0.0,Neutral
2015-12-28,306.0,,0.0,Neutral,0.0,Neutral
2015-12-27,303.0,,0.0,Neutral,0.0,Neutral
2015-12-24,296.0,,0.0,Neutral,0.0,Neutral
2015-12-23,290.0,,0.0,Neutral,0.0,Neutral
2015-12-22,303.0,,0.0,Neutral,0.0,Neutral
2015-12-21,297.0,,0.0,Neutral,0.0,Neutral
2015-12-20,293.0,,0.0,Neutral,0.0,Neutral
2015-12-17,294.0,,0.0,Neutral,0.0,Neutral
2015-12-16,289.0,,0.0,Neutral,0.0,Neutral
2015-12-15,298.0,,0.0,Neutral,0.0,Neutral
2015-12-14,299.0,,0.0,Neutral,0.0,Neutral
2015-12-13,300.0,,0.0,Neutral,0.0,Neutral
2015-12-10,302.0,,0.0,Neutral,0.0,Neutral
2015-12-09,301.0,,0.0,Neutral,0.0,Neutral
2015-12-08,300.0,,0.0,Neutral,0.0,Neutral
2015-12-07,300.0,2015-12-07,0.9273107945919036,Strongly Positive,0.9273107945919036,Strongly Positive
2015-12-06,300.0,,0.0,Neutral,0.4636553972959518,Positive
2015-12-03,295.0,2015-12-03,0.9220194220542908,Strongly Positive,1.1538471207022667,Strongly Positive
2015-12-02,292.0,,0.0,Neutral,0.4610097110271454,Positive
2015-12-01,294.0,2015-12-01,-0.5810050964355469,Negative,-0.3505002409219742,Negative
2015-11-30,284.0,,0.0,Neutral,-0.29050254821777344,Negative
2015-11-29,285.0,2015-11-29,0.923660397529602,Strongly Positive,0.7784091234207153,Strongly Positive
2015-11-26,283.0,,0.0,Neutral,0.461830198764801,Positive
2015-11-25,290.0,,0.0,Neutral,0.2309150993824005,Positive
2015-11-24,290.0,,0.0,Neutral,0.0,Neutral
2015-11-23,294.0,,0.0,Neutral,0.0,Neutral
2015-11-22,293.0,,0.0,Neutral,0.0,Neutral
2015-11-19,300.0,,0.0,Neutral,0.0,Neutral
2015-11-18,297.0,,0.0,Neutral,0.0,Neutral
2015-11-16,300.0,,0.0,Neutral,0.0,Neutral
2015-11-15,301.0,,0.0,Neutral,0.0,Neutral
2015-11-10,301.0,,0.0,Neutral,0.0,Neutral
2015-11-09,302.0,,0.0,Neutral,0.0,Neutral
2015-11-08,295.0,,0.0,Neutral,0.0,Neutral
2015-11-05,295.0,,0.0,Neutral,0.0,Neutral
2015-11-04,299.0,,0.0,Neutral,0.0,Neutral
2015-11-03,295.0,,0.0,Neutral,0.0,Neutral
2015-11-02,297.0,,0.0,Neutral,0.0,Neutral
2015-11-01,296.0,,0.0,Neutral,0.0,Neutral
2015-10-29,302.0,,0.0,Neutral,0.0,Neutral
2015-10-28,300.0,,0.0,Neutral,0.0,Neutral
2015-10-27,302.0,,0.0,Neutral,0.0,Neutral
2015-10-25,315.0,,0.0,Neutral,0.0,Neutral
2015-10-19,310.0,,0.0,Neutral,0.0,Neutral
2015-10-18,314.0,,0.0,Neutral,0.0,Neutral
2015-10-15,311.0,2015-10-15,0.906463861465454,Strongly Positive,0.906463861465454,Strongly Positive
2015-10-14,315.0,,0.0,Neutral,0.453231930732727,Positive
2015-10-11,316.0,,0.0,Neutral,0.2266159653663635,Positive
2015-10-08,329.0,,0.0,Neutral,0.0,Neutral
2015-10-07,330.0,,0.0,Neutral,0.0,Neutral
2015-10-06,393.0,,0.0,Neutral,0.0,Neutral
2015-10-05,395.0,,0.0,Neutral,0.0,Neutral
2015-10-04,397.0,,0.0,Neutral,0.0,Neutral
2015-10-01,397.0,2015-10-01,-0.1944545805454254,Slightly Negative,-0.1944545805454254,Slightly Negative
2015-09-30,401.0,,0.0,Neutral,-0.0972272902727127,Slightly Negative
2015-09-29,398.0,2015-09-29,0.6452875137329102,Strongly Positive,0.5966738685965538,Positive
2015-09-28,397.0,,0.0,Neutral,0.3226437568664551,Positive
2015-09-24,396.0,2015-09-24,0.9214875102043152,Strongly Positive,1.0828093886375427,Strongly Positive
2015-09-23,398.0,2015-09-23,0.8798791170120239,Strongly Positive,1.3406228721141815,Strongly Positive
2015-09-22,386.0,2015-09-22,0.9070401191711426,Strongly Positive,1.5773515552282333,Strongly Positive
2015-09-17,400.0,,0.0,Neutral,0.6734898388385773,Strongly Positive
2015-09-16,402.0,,0.0,Neutral,0.22676002979278564,Positive
2015-09-15,401.0,,0.0,Neutral,0.0,Neutral
2015-09-14,392.0,,0.0,Neutral,0.0,Neutral
2015-09-13,390.0,,0.0,Neutral,0.0,Neutral
2015-09-10,388.0,,0.0,Neutral,0.0,Neutral
2015-09-09,387.0,,0.0,Neutral,0.0,Neutral
2015-09-08,387.0,,0.0,Neutral,0.0,Neutral
2015-09-07,385.0,,0.0,Neutral,0.0,Neutral
2015-09-06,382.0,,0.0,Neutral,0.0,Neutral
2015-09-03,381.0,2015-09-03,0.8332056999206543,Strongly Positive,0.8332056999206543,Strongly Positive
2015-09-02,384.0,,0.0,Neutral,0.41660284996032715,Positive
2015-09-01,390.0,,0.0,Neutral,0.20830142498016357,Positive
2015-08-31,390.0,,0.0,Neutral,0.0,Neutral
2015-08-27,385.0,,0.0,Neutral,0.0,Neutral
2015-08-26,390.0,2015-08-26,0.0012254416942596,Neutral,0.0012254416942596,Neutral
2015-08-25,390.0,,0.0,Neutral,0.0006127208471298,Neutral
2015-08-24,392.0,,0.0,Neutral,0.0003063604235649,Neutral
2015-08-23,390.0,,0.0,Neutral,0.0,Neutral
2015-08-20,394.0,,0.0,Neutral,0.0,Neutral
2015-08-19,389.0,,0.0,Neutral,0.0,Neutral
2015-08-18,376.0,,0.0,Neutral,0.0,Neutral
2015-08-17,363.0,,0.0,Neutral,0.0,Neutral
2015-08-16,330.0,,0.0,Neutral,0.0,Neutral
2015-08-13,330.0,,0.0,Neutral,0.0,Neutral
2015-08-12,320.0,,0.0,Neutral,0.0,Neutral
2015-08-11,325.0,,0.0,Neutral,0.0,Neutral
2015-08-10,333.0,,0.0,Neutral,0.0,Neutral
2015-08-09,334.0,,0.0,Neutral,0.0,Neutral
2015-08-06,335.0,,0.0,Neutral,0.0,Neutral
2015-08-05,333.0,,0.0,Neutral,0.0,Neutral
2015-08-04,336.0,,0.0,Neutral,0.0,Neutral
2015-08-03,338.0,2015-08-03,0.8893616795539856,Strongly Positive,0.8893616795539856,Strongly Positive
2015-08-02,339.0,,0.0,Neutral,0.4446808397769928,Positive
2015-07-30,338.0,,0.0,Neutral,0.2223404198884964,Positive
2015-07-29,340.0,,0.0,Neutral,0.0,Neutral
2015-07-28,340.0,,0.0,Neutral,0.0,Neutral
2015-07-27,342.0,,0.0,Neutral,0.0,Neutral
2015-07-26,379.0,,0.0,Neutral,0.0,Neutral
2015-07-23,345.0,,0.0,Neutral,0.0,Neutral
2015-07-22,323.0,2015-07-22,-0.7776907086372375,Strongly Negative,-0.7776907086372375,Strongly Negative
2015-07-16,319.0,,0.0,Neutral,-0.3888453543186188,Negative
2015-07-15,317.0,,0.0,Neutral,-0.1944226771593094,Slightly Negative
2015-07-14,321.0,,0.0,Neutral,0.0,Neutral
2015-07-13,317.0,,0.0,Neutral,0.0,Neutral
2015-07-12,314.0,,0.0,Neutral,0.0,Neutral
2015-07-09,315.0,,0.0,Neutral,0.0,Neutral
2015-07-08,321.0,,0.0,Neutral,0.0,Neutral
2015-07-07,313.0,,0.0,Neutral,0.0,Neutral
2015-07-06,311.0,,0.0,Neutral,0.0,Neutral
2015-07-05,310.0,,0.0,Neutral,0.0,Neutral
2015-07-02,310.0,,0.0,Neutral,0.0,Neutral
2015-07-01,315.0,2015-07-01,0.9069263339042664,Strongly Positive,0.9069263339042664,Strongly Positive
2015-06-30,317.0,,0.0,Neutral,0.4534631669521332,Positive
2015-06-29,318.0,,0.0,Neutral,0.2267315834760666,Positive
2015-06-28,316.0,,0.0,Neutral,0.0,Neutral
2015-06-25,311.0,,0.0,Neutral,0.0,Neutral
2015-06-24,313.0,,0.0,Neutral,0.0,Neutral
2015-06-23,313.0,,0.0,Neutral,0.0,Neutral
2015-06-22,315.0,,0.0,Neutral,0.0,Neutral
2015-06-21,305.0,,0.0,Neutral,0.0,Neutral
2015-06-18,314.0,,0.0,Neutral,0.0,Neutral
2015-06-17,315.0,,0.0,Neutral,0.0,Neutral
2015-06-16,315.0,,0.0,Neutral,0.0,Neutral
2015-06-15,317.0,,0.0,Neutral,0.0,Neutral
2015-06-14,315.0,,0.0,Neutral,0.0,Neutral
2015-06-11,319.0,,0.0,Neutral,0.0,Neutral
2015-06-10,321.0,,0.0,Neutral,0.0,Neutral
2015-06-09,323.0,,0.0,Neutral,0.0,Neutral
2015-06-08,321.0,,0.0,Neutral,0.0,Neutral
2015-06-07,312.0,,0.0,Neutral,0.0,Neutral
2015-06-04,303.0,2015-06-04,0.895082950592041,Strongly Positive,0.895082950592041,Strongly Positive
2015-06-03,301.0,,0.0,Neutral,0.4475414752960205,Positive
2015-06-02,291.0,,0.0,Neutral,0.22377073764801025,Positive
2015-06-01,288.0,,0.0,Neutral,0.0,Neutral
2015-05-31,277.0,,0.0,Neutral,0.0,Neutral
2015-05-28,268.0,,0.0,Neutral,0.0,Neutral
2015-05-27,252.0,,0.0,Neutral,0.0,Neutral
2015-05-26,260.0,,0.0,Neutral,0.0,Neutral
2015-05-25,277.0,,0.0,Neutral,0.0,Neutral
2015-05-24,307.0,,0.0,Neutral,0.0,Neutral
2015-04-23,313.0,,0.0,Neutral,0.0,Neutral
2015-04-22,310.0,2015-04-22,0.3517574965953827,Positive,0.3517574965953827,Positive
2015-04-21,315.0,,0.0,Neutral,0.17587874829769135,Slightly Positive
2015-04-20,308.0,2015-04-20,-0.9280198216438292,Strongly Negative,-0.8400804474949836,Strongly Negative
2015-04-19,310.0,,0.0,Neutral,-0.4640099108219146,Negative
2015-04-16,312.0,,0.0,Neutral,-0.2320049554109573,Negative
2015-04-15,310.0,,0.0,Neutral,0.0,Neutral
2015-04-13,314.0,,0.0,Neutral,0.0,Neutral
2015-04-12,313.0,,0.0,Neutral,0.0,Neutral
2015-04-09,313.0,,0.0,Neutral,0.0,Neutral
2015-04-08,311.0,,0.0,Neutral,0.0,Neutral
2015-04-07,318.0,,0.0,Neutral,0.0,Neutral
2015-04-06,310.0,,0.0,Neutral,0.0,Neutral
2015-04-05,312.0,,0.0,Neutral,0.0,Neutral
2015-04-02,310.0,,0.0,Neutral,0.0,Neutral
2015-04-01,312.0,,0.0,Neutral,0.0,Neutral
2015-03-31,307.0,,0.0,Neutral,0.0,Neutral
2015-03-30,307.0,,0.0,Neutral,0.0,Neutral
2015-03-29,307.0,,0.0,Neutral,0.0,Neutral
2015-03-26,306.0,,0.0,Neutral,0.0,Neutral
2015-03-25,308.0,,0.0,Neutral,0.0,Neutral
2015-03-24,314.0,,0.0,Neutral,0.0,Neutral
2015-03-23,314.0,,0.0,Neutral,0.0,Neutral
2015-03-22,318.0,,0.0,Neutral,0.0,Neutral
2015-03-19,319.0,,0.0,Neutral,0.0,Neutral
2015-03-18,315.0,,0.0,Neutral,0.0,Neutral
2015-03-17,318.0,,0.0,Neutral,0.0,Neutral
2015-03-16,320.0,,0.0,Neutral,0.0,Neutral
2015-03-15,319.0,,0.0,Neutral,0.0,Neutral
2015-03-12,324.0,,0.0,Neutral,0.0,Neutral
2015-03-11,326.0,,0.0,Neutral,0.0,Neutral
2015-03-10,320.0,,0.0,Neutral,0.0,Neutral
2015-03-09,327.0,,0.0,Neutral,0.0,Neutral
2015-03-04,322.0,,0.0,Neutral,0.0,Neutral
2015-03-03,325.0,,0.0,Neutral,0.0,Neutral
2015-03-02,325.0,,0.0,Neutral,0.0,Neutral
2015-03-01,330.0,,0.0,Neutral,0.0,Neutral
2015-02-26,322.0,,0.0,Neutral,0.0,Neutral
2015-02-25,325.0,,0.0,Neutral,0.0,Neutral
2015-02-24,325.0,,0.0,Neutral,0.0,Neutral
2015-02-23,318.0,,0.0,Neutral,0.0,Neutral
2015-02-22,324.0,,0.0,Neutral,0.0,Neutral
2015-02-18,322.0,,0.0,Neutral,0.0,Neutral
2015-02-16,322.0,,0.0,Neutral,0.0,Neutral
2015-02-15,318.0,,0.0,Neutral,0.0,Neutral
2015-02-12,321.0,,0.0,Neutral,0.0,Neutral
2015-02-11,328.0,,0.0,Neutral,0.0,Neutral
2015-02-10,342.0,,0.0,Neutral,0.0,Neutral
2015-02-09,338.0,,0.0,Neutral,0.0,Neutral
2015-02-08,340.0,,0.0,Neutral,0.0,Neutral
2015-02-05,338.0,,0.0,Neutral,0.0,Neutral
2015-02-04,346.0,,0.0,Neutral,0.0,Neutral
2015-02-03,344.0,,0.0,Neutral,0.0,Neutral
2015-02-02,349.0,,0.0,Neutral,0.0,Neutral
2015-02-01,339.0,,0.0,Neutral,0.0,Neutral
2015-01-29,323.0,,0.0,Neutral,0.0,Neutral
2015-01-28,328.0,,0.0,Neutral,0.0,Neutral
2015-01-27,320.0,,0.0,Neutral,0.0,Neutral
2015-01-26,312.0,,0.0,Neutral,0.0,Neutral
2015-01-25,326.0,,0.0,Neutral,0.0,Neutral
2015-01-22,305.0,,0.0,Neutral,0.0,Neutral
2015-01-20,305.0,,0.0,Neutral,0.0,Neutral
2015-01-19,313.0,2015-01-19,-0.893301248550415,Strongly Negative,-0.893301248550415,Strongly Negative
2015-01-18,299.0,,0.0,Neutral,-0.4466506242752075,Negative
2015-01-14,290.0,,0.0,Neutral,-0.22332531213760376,Negative
2015-01-13,289.0,,0.0,Neutral,0.0,Neutral
2015-01-12,283.0,,0.0,Neutral,0.0,Neutral
2015-01-11,288.0,,0.0,Neutral,0.0,Neutral
2015-01-08,285.0,,0.0,Neutral,0.0,Neutral
2015-01-07,288.0,,0.0,Neutral,0.0,Neutral
2015-01-06,287.0,,0.0,Neutral,0.0,Neutral
2015-01-05,289.0,,0.0,Neutral,0.0,Neutral
2015-01-04,290.0,2015-01-04,0.9143463969230652,Strongly Positive,0.9143463969230652,Strongly Positive
2015-01-01,282.0,,0.0,Neutral,0.4571731984615326,Positive
2014-12-31,281.0,,0.0,Neutral,0.2285865992307663,Positive
2014-12-29,285.0,,0.0,Neutral,0.0,Neutral
2014-12-28,285.0,,0.0,Neutral,0.0,Neutral
2014-12-24,280.0,,0.0,Neutral,0.0,Neutral
2014-12-23,281.0,,0.0,Neutral,0.0,Neutral
2014-12-22,279.0,,0.0,Neutral,0.0,Neutral
2014-12-21,285.0,,0.0,Neutral,0.0,Neutral
2014-12-18,281.0,,0.0,Neutral,0.0,Neutral
2014-12-17,278.0,,0.0,Neutral,0.0,Neutral
2014-12-16,278.0,,0.0,Neutral,0.0,Neutral
2014-12-15,279.0,,0.0,Neutral,0.0,Neutral
2014-12-14,280.0,,0.0,Neutral,0.0,Neutral
2014-12-11,265.0,,0.0,Neutral,0.0,Neutral
2014-12-10,256.0,,0.0,Neutral,0.0,Neutral
2014-12-09,250.0,,0.0,Neutral,0.0,Neutral
2014-12-08,250.0,,0.0,Neutral,0.0,Neutral
2014-12-07,252.0,,0.0,Neutral,0.0,Neutral
2014-12-04,252.0,,0.0,Neutral,0.0,Neutral
2014-12-03,250.0,,0.0,Neutral,0.0,Neutral
2014-12-02,249.0,,0.0,Neutral,0.0,Neutral
2014-12-01,252.0,,0.0,Neutral,0.0,Neutral
2014-11-30,254.0,,0.0,Neutral,0.0,Neutral
2014-11-25,259.0,,0.0,Neutral,0.0,Neutral
2014-11-24,258.0,,0.0,Neutral,0.0,Neutral
2014-11-23,259.0,,0.0,Neutral,0.0,Neutral
2014-11-20,260.0,,0.0,Neutral,0.0,Neutral
2014-11-19,246.0,,0.0,Neutral,0.0,Neutral
2014-11-18,242.0,,0.0,Neutral,0.0,Neutral
2014-11-17,253.0,2014-11-17,0.198180817067623,Slightly Positive,0.198180817067623,Slightly Positive
2014-11-16,259.0,,0.0,Neutral,0.0990904085338115,Slightly Positive
2014-11-13,265.0,,0.0,Neutral,0.04954520426690575,Neutral
2014-11-12,268.0,,0.0,Neutral,0.0,Neutral
2014-11-11,270.0,,0.0,Neutral,0.0,Neutral
2014-11-10,260.0,,0.0,Neutral,0.0,Neutral
2014-11-09,269.0,,0.0,Neutral,0.0,Neutral
2014-11-06,272.0,,0.0,Neutral,0.0,Neutral
2014-11-05,272.0,,0.0,Neutral,0.0,Neutral
2014-11-04,270.0,,0.0,Neutral,0.0,Neutral
2014-11-03,275.0,,0.0,Neutral,0.0,Neutral
2014-11-02,278.0,,0.0,Neutral,0.0,Neutral
2014-10-30,281.0,,0.0,Neutral,0.0,Neutral
2014-10-28,285.0,,0.0,Neutral,0.0,Neutral
2014-10-27,282.0,2014-10-27,-0.8635430335998535,Strongly Negative,-0.8635430335998535,Strongly Negative
2014-10-26,284.0,,0.0,Neutral,-0.43177151679992676,Negative
2014-10-22,287.0,,0.0,Neutral,-0.21588575839996338,Negative
2014-10-21,281.0,,0.0,Neutral,0.0,Neutral
2014-10-20,285.0,,0.0,Neutral,0.0,Neutral
2014-10-19,280.0,,0.0,Neutral,0.0,Neutral
2014-10-16,282.0,,0.0,Neutral,0.0,Neutral
2014-10-15,280.0,,0.0,Neutral,0.0,Neutral
2014-10-14,278.0,,0.0,Neutral,0.0,Neutral
2014-10-13,279.0,,0.0,Neutral,0.0,Neutral
2014-10-12,280.0,,0.0,Neutral,0.0,Neutral
2014-10-09,283.0,,0.0,Neutral,0.0,Neutral
2014-10-08,286.0,,0.0,Neutral,0.0,Neutral
2014-09-30,295.0,,0.0,Neutral,0.0,Neutral
2014-09-29,301.0,,0.0,Neutral,0.0,Neutral
2014-09-28,293.0,,0.0,Neutral,0.0,Neutral
2014-09-24,287.0,,0.0,Neutral,0.0,Neutral
2014-09-23,285.0,,0.0,Neutral,0.0,Neutral
2014-09-22,276.0,,0.0,Neutral,0.0,Neutral
2014-09-21,270.0,,0.0,Neutral,0.0,Neutral
2014-09-18,282.0,,0.0,Neutral,0.0,Neutral
2014-09-17,285.0,,0.0,Neutral,0.0,Neutral
2014-09-16,285.0,,0.0,Neutral,0.0,Neutral
2014-09-15,289.0,,0.0,Neutral,0.0,Neutral
2014-09-14,295.0,,0.0,Neutral,0.0,Neutral
2014-09-11,294.0,2014-09-11,-0.7906786203384399,Strongly Negative,-0.7906786203384399,Strongly Negative
2014-09-10,292.0,,0.0,Neutral,-0.39533931016921997,Negative
2014-09-09,302.0,,0.0,Neutral,-0.19766965508460999,Slightly Negative
2014-09-07,275.0,,0.0,Neutral,0.0,Neutral
2014-09-04,295.0,,0.0,Neutral,0.0,Neutral
2014-09-03,301.0,,0.0,Neutral,0.0,Neutral
2014-09-01,302.0,,0.0,Neutral,0.0,Neutral
2014-08-31,306.0,,0.0,Neutral,0.0,Neutral
2014-08-28,322.0,,0.0,Neutral,0.0,Neutral
2014-08-27,315.0,,0.0,Neutral,0.0,Neutral
2014-08-26,300.0,,0.0,Neutral,0.0,Neutral
2014-08-25,304.0,,0.0,Neutral,0.0,Neutral
2014-08-24,315.0,,0.0,Neutral,0.0,Neutral
2014-08-21,325.0,,0.0,Neutral,0.0,Neutral
2014-08-20,315.0,,0.0,Neutral,0.0,Neutral
2014-08-19,325.0,,0.0,Neutral,0.0,Neutral
2014-08-18,318.0,,0.0,Neutral,0.0,Neutral
2014-08-14,330.0,,0.0,Neutral,0.0,Neutral
2014-08-13,330.0,,0.0,Neutral,0.0,Neutral
2014-08-12,329.0,,0.0,Neutral,0.0,Neutral
2014-08-07,338.0,,0.0,Neutral,0.0,Neutral
2014-08-06,336.0,,0.0,Neutral,0.0,Neutral
2014-08-05,346.0,,0.0,Neutral,0.0,Neutral
2014-08-04,339.0,,0.0,Neutral,0.0,Neutral
2014-08-03,343.0,,0.0,Neutral,0.0,Neutral
2014-07-31,354.0,,0.0,Neutral,0.0,Neutral
2014-07-30,352.0,,0.0,Neutral,0.0,Neutral
2014-07-28,355.0,,0.0,Neutral,0.0,Neutral
2014-07-27,364.0,,0.0,Neutral,0.0,Neutral
2014-07-24,370.0,2014-07-24,-0.9164826273918152,Strongly Negative,-0.9164826273918152,Strongly Negative
2014-07-23,370.0,2014-07-23,-0.9311224818229676,Strongly Negative,-1.3893637955188751,Strongly Negative
2014-07-22,364.0,,0.0,Neutral,-0.6946818977594376,Strongly Negative
2014-07-21,360.0,,0.0,Neutral,-0.2327806204557419,Negative
2014-07-20,349.0,,0.0,Neutral,0.0,Neutral
2014-07-17,340.0,,0.0,Neutral,0.0,Neutral
2014-07-16,331.0,,0.0,Neutral,0.0,Neutral
2014-07-15,329.0,,0.0,Neutral,0.0,Neutral
2014-07-14,332.0,,0.0,Neutral,0.0,Neutral
2014-07-13,340.0,,0.0,Neutral,0.0,Neutral
2014-07-10,335.0,,0.0,Neutral,0.0,Neutral
2014-07-09,326.0,,0.0,Neutral,0.0,Neutral
2014-07-08,332.0,,0.0,Neutral,0.0,Neutral
2014-07-07,327.0,,0.0,Neutral,0.0,Neutral
2014-07-06,319.0,,0.0,Neutral,0.0,Neutral
2014-07-03,316.0,,0.0,Neutral,0.0,Neutral
2014-07-02,316.0,,0.0,Neutral,0.0,Neutral
2014-07-01,317.0,,0.0,Neutral,0.0,Neutral
2014-06-30,318.0,,0.0,Neutral,0.0,Neutral
2014-06-29,320.0,,0.0,Neutral,0.0,Neutral
2014-06-26,320.0,,0.0,Neutral,0.0,Neutral
2014-06-25,311.0,,0.0,Neutral,0.0,Neutral
2014-06-24,314.0,,0.0,Neutral,0.0,Neutral
2014-06-23,310.0,2014-06-23,0.8464714288711548,Strongly Positive,0.8464714288711548,Strongly Positive
2014-06-19,308.0,,0.0,Neutral,0.4232357144355774,Positive
2014-06-18,323.0,,0.0,Neutral,0.2116178572177887,Positive
2014-06-17,336.0,,0.0,Neutral,0.0,Neutral
2014-06-16,334.0,,0.0,Neutral,0.0,Neutral
2014-06-15,325.0,,0.0,Neutral,0.0,Neutral
2014-06-12,296.0,,0.0,Neutral,0.0,Neutral
2014-06-11,282.0,2014-06-11,0.2576161623001098,Positive,0.2576161623001098,Positive
2014-06-10,276.0,,0.0,Neutral,0.1288080811500549,Slightly Positive
2014-06-09,274.0,,0.0,Neutral,0.06440404057502745,Slightly Positive
2014-06-08,280.0,,0.0,Neutral,0.0,Neutral
2022-12-14,103.0,,0.0,Neutral,0.0,Neutral
2022-07-15,120.0,2022-07-15,-0.1234379112720489,Slightly Negative,-0.1234379112720489,Slightly Negative
2022-06-24,120.0,2022-06-24,0.5870148539543152,Positive,0.5252958983182907,Positive
2022-06-14,120.0,,0.0,Neutral,0.26264794915914536,Positive
2022-06-08,120.0,,0.0,Neutral,0.1467537134885788,Slightly Positive
2022-05-31,120.0,,0.0,Neutral,0.0,Neutral
2022-05-30,120.0,,0.0,Neutral,0.0,Neutral
2022-05-24,118.0,2022-05-24,0.0325568914413452,Neutral,0.0325568914413452,Neutral
2022-04-18,120.0,2022-04-18,0.6108980178833008,Strongly Positive,0.6271764636039734,Strongly Positive
2022-04-17,118.0,,0.0,Neutral,0.3135882318019867,Positive
2022-03-28,118.0,2022-03-28,0.6411234736442566,Strongly Positive,0.7938479781150818,Strongly Positive
2022-02-20,120.0,,0.0,Neutral,0.3205617368221283,Positive
2022-01-06,120.0,,0.0,Neutral,0.16028086841106415,Slightly Positive
2022-01-05,120.0,,0.0,Neutral,0.0,Neutral
2022-01-02,120.0,,0.0,Neutral,0.0,Neutral
2021-12-28,120.0,,0.0,Neutral,0.0,Neutral
2021-11-03,120.0,2021-11-03,0.2788993418216705,Positive,0.2788993418216705,Positive
2021-10-31,120.0,,0.0,Neutral,0.13944967091083524,Slightly Positive
2021-09-21,120.0,,0.0,Neutral,0.06972483545541762,Slightly Positive
2021-09-15,120.0,,0.0,Neutral,0.0,Neutral
2021-08-26,120.0,,0.0,Neutral,0.0,Neutral
2021-08-25,120.0,,0.0,Neutral,0.0,Neutral
2021-08-24,120.0,,0.0,Neutral,0.0,Neutral
2021-08-18,120.0,,0.0,Neutral,0.0,Neutral
2021-08-01,120.0,,0.0,Neutral,0.0,Neutral
2021-07-29,118.0,,0.0,Neutral,0.0,Neutral
2021-07-26,118.0,,0.0,Neutral,0.0,Neutral
2021-07-12,118.0,,0.0,Neutral,0.0,Neutral
2021-07-07,116.0,2021-07-07,0.0943080335855484,Slightly Positive,0.0943080335855484,Slightly Positive
2021-06-24,112.0,,0.0,Neutral,0.0471540167927742,Neutral
2021-06-20,112.0,,0.0,Neutral,0.0235770083963871,Neutral
2021-06-17,112.0,,0.0,Neutral,0.0,Neutral
2021-06-16,112.0,,0.0,Neutral,0.0,Neutral
2021-05-09,112.0,,0.0,Neutral,0.0,Neutral
2021-05-02,112.0,2021-05-02,0.1060797721147537,Slightly Positive,0.1060797721147537,Slightly Positive
2021-04-27,112.0,,0.0,Neutral,0.05303988605737685,Slightly Positive
2021-04-20,112.0,2021-04-20,-0.8707112669944763,Strongly Negative,-0.8441913239657879,Strongly Negative
2021-04-15,112.0,,0.0,Neutral,-0.43535563349723816,Negative
2021-04-01,112.0,2021-04-01,0.1322474330663681,Slightly Positive,-0.08543038368225098,Slightly Negative
2021-03-31,112.0,,0.0,Neutral,0.06612371653318405,Slightly Positive
2021-03-30,112.0,,0.0,Neutral,0.033061858266592026,Neutral
2021-03-10,112.0,,0.0,Neutral,0.0,Neutral
2021-01-25,112.0,,0.0,Neutral,0.0,Neutral
2021-01-03,112.0,2021-01-03,-0.3271416127681732,Negative,-0.3271416127681732,Negative
2020-12-30,112.0,2020-12-30,-0.4411584436893463,Negative,-0.6047292500734329,Strongly Negative
2020-12-29,112.0,,0.0,Neutral,-0.30236462503671646,Negative
2020-12-17,112.0,2020-12-17,0.6602139472961426,Strongly Positive,0.549924336373806,Positive
2020-12-13,112.0,,0.0,Neutral,0.3301069736480713,Positive
2020-12-07,112.0,2020-12-07,0.6842315196990967,Strongly Positive,0.8492850065231323,Strongly Positive
2020-12-06,112.0,,0.0,Neutral,0.34211575984954834,Positive
2020-12-02,112.0,,0.0,Neutral,0.17105787992477417,Slightly Positive
2020-12-01,112.0,,0.0,Neutral,0.0,Neutral
2020-11-23,112.0,,0.0,Neutral,0.0,Neutral
2020-11-22,112.0,,0.0,Neutral,0.0,Neutral
2020-11-19,112.0,,0.0,Neutral,0.0,Neutral
2020-11-03,112.0,,0.0,Neutral,0.0,Neutral
2020-10-18,112.0,2020-10-18,0.8729951977729797,Strongly Positive,0.8729951977729797,Strongly Positive
2020-10-14,112.0,,0.0,Neutral,0.43649759888648987,Positive
2020-10-05,112.0,,0.0,Neutral,0.21824879944324493,Positive
2020-09-24,112.0,,0.0,Neutral,0.0,Neutral
2020-08-18,112.0,,0.0,Neutral,0.0,Neutral
2020-08-17,114.0,,0.0,Neutral,0.0,Neutral
2020-08-03,114.0,,0.0,Neutral,0.0,Neutral
2020-07-26,114.0,,0.0,Neutral,0.0,Neutral
2020-03-12,103.0,,0.0,Neutral,0.0,Neutral
2020-03-11,103.0,2020-03-11,0.6391243934631348,Strongly Positive,0.6391243934631348,Strongly Positive
2020-03-04,103.0,2020-03-04,-0.0493215024471282,Neutral,0.2702406942844392,Positive
2020-02-25,100.0,2020-02-25,0.9188093543052672,Strongly Positive,1.0539297014474869,Strongly Positive
2020-02-18,116.0,,0.0,Neutral,0.44707430154085154,Positive
2020-01-14,116.0,2020-01-14,0.5020753741264343,Positive,0.7317777127027512,Strongly Positive
2020-01-05,118.0,2020-01-05,0.5616716295480728,Positive,0.81270931661129,Strongly Positive
2019-12-12,120.0,,0.0,Neutral,0.406354658305645,Positive
2019-12-02,120.0,2019-12-02,0.6570655703544617,Strongly Positive,0.7974834777414799,Strongly Positive
2019-11-04,120.0,2019-11-04,-0.9058239459991456,Strongly Negative,-0.5772911608219148,Negative
2019-09-29,122.0,2019-09-29,0.8132269978523254,Strongly Positive,0.5245814174413681,Positive
2019-09-25,122.0,,0.0,Neutral,0.18015751242637632,Slightly Positive
2019-09-24,124.0,2019-09-24,-0.0042473077774047,Neutral,0.19905944168567666,Slightly Positive
2019-09-22,124.0,,0.0,Neutral,-0.00212365388870235,Neutral
2019-09-11,130.0,2019-09-11,0.869890034198761,Strongly Positive,0.8688282072544098,Strongly Positive
2019-09-09,130.0,,0.0,Neutral,0.4349450170993805,Positive
2019-09-02,132.0,2019-09-02,0.521414041519165,Positive,0.7388865500688553,Strongly Positive
2019-08-18,134.0,,0.0,Neutral,0.2607070207595825,Positive
2019-07-21,136.0,2019-07-21,0.1339715123176574,Slightly Positive,0.2643250226974486,Positive
2019-06-27,138.0,,0.0,Neutral,0.0669857561588287,Slightly Positive
2019-06-26,138.0,,0.0,Neutral,0.03349287807941435,Neutral
2019-06-03,140.0,,0.0,Neutral,0.0,Neutral
2019-05-19,140.0,,0.0,Neutral,0.0,Neutral
2019-04-29,140.0,2019-04-29,0.6715145111083984,Strongly Positive,0.6715145111083984,Strongly Positive
2019-04-11,140.0,2019-04-11,0.5554110407829285,Positive,0.8911682963371277,Strongly Positive
2019-04-04,140.0,,0.0,Neutral,0.44558414816856384,Positive
2019-03-28,140.0,,0.0,Neutral,0.13885276019573212,Slightly Positive
2019-03-12,140.0,,0.0,Neutral,0.0,Neutral
2019-03-07,140.0,2019-03-07,0.8529539108276367,Strongly Positive,0.8529539108276367,Strongly Positive
2019-02-27,140.0,,0.0,Neutral,0.42647695541381836,Positive
2019-02-26,140.0,,0.0,Neutral,0.21323847770690918,Positive
2019-02-25,140.0,,0.0,Neutral,0.0,Neutral
2019-01-27,143.0,,0.0,Neutral,0.0,Neutral
2019-01-21,143.0,2019-01-21,0.4966762065887451,Positive,0.4966762065887451,Positive
2018-12-25,145.0,,0.0,Neutral,0.24833810329437256,Positive
2018-12-06,145.0,,0.0,Neutral,0.12416905164718628,Slightly Positive
2018-12-04,145.0,2018-12-04,0.033573567867279,Neutral,0.033573567867279,Neutral
2018-11-27,145.0,,0.0,Neutral,0.0167867839336395,Neutral
2018-11-13,147.0,2018-11-13,-0.1938473582267761,Slightly Negative,-0.18545396625995636,Slightly Negative
2018-11-05,150.0,,0.0,Neutral,-0.09692367911338805,Slightly Negative
2018-10-24,150.0,,0.0,Neutral,-0.048461839556694024,Neutral
2018-10-09,158.0,,0.0,Neutral,0.0,Neutral
2018-10-02,161.0,,0.0,Neutral,0.0,Neutral
2018-09-27,161.0,,0.0,Neutral,0.0,Neutral
2018-09-09,161.0,,0.0,Neutral,0.0,Neutral
2018-08-30,164.0,,0.0,Neutral,0.0,Neutral
2018-08-28,167.0,2018-08-28,0.8678902387619019,Strongly Positive,0.8678902387619019,Strongly Positive
2018-08-23,167.0,2018-08-23,0.9118733406066896,Strongly Positive,1.3458184599876404,Strongly Positive
2018-08-20,167.0,,0.0,Neutral,0.6729092299938202,Strongly Positive
2018-07-31,170.0,2018-07-31,0.8481963723897934,Strongly Positive,1.0761647075414658,Strongly Positive
2018-07-25,170.0,2018-07-25,0.5625090003013611,Positive,0.9866071864962578,Strongly Positive
2018-07-16,170.0,,0.0,Neutral,0.4933035932481289,Positive
2018-07-15,173.0,2018-07-15,-0.0455491840839386,Neutral,0.09507806599140167,Slightly Positive
2018-06-21,173.0,,0.0,Neutral,-0.0227745920419693,Neutral
2018-06-19,173.0,,0.0,Neutral,-0.01138729602098465,Neutral
2018-06-14,176.0,,0.0,Neutral,0.0,Neutral
2018-05-31,179.0,,0.0,Neutral,0.0,Neutral
2018-05-27,100.0,,0.0,Neutral,0.0,Neutral
2018-05-21,182.0,,0.0,Neutral,0.0,Neutral
2018-05-03,182.0,,0.0,Neutral,0.0,Neutral
2018-04-29,182.0,,0.0,Neutral,0.0,Neutral
2018-04-16,182.0,,0.0,Neutral,0.0,Neutral
2018-03-29,185.0,,0.0,Neutral,0.0,Neutral
2018-03-28,188.0,2018-03-28,0.6803320646286011,Strongly Positive,0.6803320646286011,Strongly Positive
2018-03-27,191.0,2018-03-27,-0.2121085226535797,Negative,0.12805750966072083,Slightly Positive
2018-03-13,191.0,,0.0,Neutral,0.06402875483036041,Slightly Positive
2018-03-11,194.0,,0.0,Neutral,-0.05302713066339493,Slightly Negative
2018-02-28,197.0,2018-02-28,-0.4559577703475952,Negative,-0.4559577703475952,Negative
2018-02-22,201.0,,0.0,Neutral,-0.2279788851737976,Negative
2018-02-15,205.0,2018-02-15,0.89710932970047,Strongly Positive,0.7831198871135712,Strongly Positive
2018-01-14,205.0,,0.0,Neutral,0.448554664850235,Positive
2017-12-06,205.0,,0.0,Neutral,0.2242773324251175,Positive
2017-11-30,209.0,,0.0,Neutral,0.0,Neutral
2017-10-29,209.0,2017-10-29,-0.1552224159240722,Slightly Negative,-0.1552224159240722,Slightly Negative
2017-10-25,209.0,,0.0,Neutral,-0.0776112079620361,Slightly Negative
2017-09-20,209.0,,0.0,Neutral,-0.03880560398101805,Neutral
2017-09-07,209.0,,0.0,Neutral,0.0,Neutral
2017-07-26,209.0,,0.0,Neutral,0.0,Neutral
2017-07-23,209.0,,0.0,Neutral,0.0,Neutral
2026-03-03,937.9,,0.0,Neutral,0.0,Neutral
2026-03-01,920.0,,0.0,Neutral,0.0,Neutral
2026-02-26,923.0,,0.0,Neutral,0.0,Neutral
2026-02-25,931.0,2026-02-25,0.8774493336677551,Strongly Positive,0.8774493336677551,Strongly Positive
2026-02-24,932.0,,0.0,Neutral,0.43872466683387756,Positive
2026-02-23,918.0,,0.0,Neutral,0.21936233341693878,Positive
2026-02-22,920.1,,0.0,Neutral,0.0,Neutral
2026-02-17,920.0,,0.0,Neutral,0.0,Neutral
2026-02-16,924.0,,0.0,Neutral,0.0,Neutral
2026-02-12,919.2,2026-02-12,-0.2644221298396587,Negative,-0.2644221298396587,Negative
2026-02-11,923.2,2026-02-11,-0.4408624172210693,Negative,-0.5730734821408986,Negative
2026-02-10,921.0,2026-02-10,-0.5762443542480469,Negative,-0.8627810953184962,Strongly Negative
2026-02-09,930.0,,0.0,Neutral,-0.39833778142929077,Negative
2026-02-08,936.0,,0.0,Neutral,-0.14406108856201172,Slightly Negative
2026-02-05,940.0,,0.0,Neutral,0.0,Neutral
2026-02-04,927.2,,0.0,Neutral,0.0,Neutral
2026-02-03,933.0,,0.0,Neutral,0.0,Neutral
2026-02-02,935.0,,0.0,Neutral,0.0,Neutral
2026-02-01,940.5,,0.0,Neutral,0.0,Neutral
2026-01-29,936.0,,0.0,Neutral,0.0,Neutral
2026-01-28,940.0,2026-01-28,0.0113222198560833,Neutral,0.0113222198560833,Neutral
2026-01-27,943.0,,0.0,Neutral,0.00566110992804165,Neutral
2026-01-26,960.0,,0.0,Neutral,0.002830554964020825,Neutral
2026-01-25,970.0,,0.0,Neutral,0.0,Neutral
2026-01-22,959.0,,0.0,Neutral,0.0,Neutral
2026-01-21,945.0,,0.0,Neutral,0.0,Neutral
2026-01-20,942.0,,0.0,Neutral,0.0,Neutral
2026-01-18,923.1,,0.0,Neutral,0.0,Neutral
2026-01-14,919.9,2026-01-14,0.0140300989151,Neutral,0.0140300989151,Neutral
2026-01-13,922.0,,0.0,Neutral,0.00701504945755,Neutral
2026-01-12,915.0,,0.0,Neutral,0.003507524728775,Neutral
2026-01-08,918.0,,0.0,Neutral,0.0,Neutral
2026-01-07,919.0,,0.0,Neutral,0.0,Neutral
2026-01-06,915.0,,0.0,Neutral,0.0,Neutral
2026-01-05,910.9,2026-01-05,-0.8387445211410522,Strongly Negative,-0.8387445211410522,Strongly Negative
2026-01-04,916.0,,0.0,Neutral,-0.4193722605705261,Negative
2026-01-01,932.0,,0.0,Neutral,-0.20968613028526306,Negative
2025-12-31,937.0,,0.0,Neutral,0.0,Neutral
2025-12-29,0.0,,0.0,Neutral,0.0,Neutral
2025-12-28,0.0,,0.0,Neutral,0.0,Neutral
2025-12-24,0.0,,0.0,Neutral,0.0,Neutral
2025-12-23,0.0,,0.0,Neutral,0.0,Neutral
2025-12-22,0.0,,0.0,Neutral,0.0,Neutral
2025-12-21,0.0,,0.0,Neutral,0.0,Neutral
2025-12-18,0.0,,0.0,Neutral,0.0,Neutral
2025-12-17,0.0,,0.0,Neutral,0.0,Neutral
2025-12-16,0.0,,0.0,Neutral,0.0,Neutral
2025-12-15,0.0,2025-12-15,0.0156788323074579,Neutral,0.0156788323074579,Neutral
2025-12-14,0.0,,0.0,Neutral,0.00783941615372895,Neutral
2025-12-11,0.0,2025-12-11,0.4957837536931038,Positive,0.49970346176996827,Positive
2025-12-10,0.0,,0.0,Neutral,0.2478918768465519,Positive
2025-12-09,0.0,,0.0,Neutral,0.12394593842327595,Slightly Positive
2025-12-08,0.0,,0.0,Neutral,0.0,Neutral
2025-12-07,0.0,,0.0,Neutral,0.0,Neutral
2025-12-03,0.0,,0.0,Neutral,0.0,Neutral
2025-12-02,0.0,,0.0,Neutral,0.0,Neutral
2025-12-01,0.0,,0.0,Neutral,0.0,Neutral
2025-11-30,0.0,2025-11-30,-0.5521965622901917,Negative,-0.5521965622901917,Negative
2025-11-27,0.0,,0.0,Neutral,-0.2760982811450958,Negative
2025-11-26,0.0,,0.0,Neutral,-0.1380491405725479,Slightly Negative
2025-11-25,0.0,2025-11-25,0.6663917303085327,Strongly Positive,0.6663917303085327,Strongly Positive
2025-11-24,0.0,,0.0,Neutral,0.33319586515426636,Positive
2025-11-23,0.0,,0.0,Neutral,0.16659793257713318,Slightly Positive
2025-11-20,998.0,,0.0,Neutral,0.0,Neutral
2025-11-19,0.0,,0.0,Neutral,0.0,Neutral
2025-11-18,0.0,,0.0,Neutral,0.0,Neutral
2025-11-17,993.1,,0.0,Neutral,0.0,Neutral
2025-11-16,994.9,,0.0,Neutral,0.0,Neutral
2025-11-13,997.5,,0.0,Neutral,0.0,Neutral
2025-11-12,993.0,,0.0,Neutral,0.0,Neutral
2025-11-11,993.0,2025-11-11,-0.5206417441368103,Negative,-0.5206417441368103,Negative
2025-11-10,990.2,2025-11-10,0.1399208903312683,Slightly Positive,-0.12039998173713684,Slightly Negative
2025-11-09,991.1,,0.0,Neutral,-0.06019999086856842,Slightly Negative
2025-11-06,999.9,,0.0,Neutral,0.03498022258281708,Neutral
2025-11-05,0.0,2025-11-05,0.9275050759315492,Strongly Positive,0.9275050759315492,Strongly Positive
2025-11-04,999.7,,0.0,Neutral,0.4637525379657746,Positive
2025-11-03,0.0,,0.0,Neutral,0.2318762689828873,Positive
2025-11-02,998.0,2025-11-02,0.8304534256458282,Strongly Positive,0.8304534256458282,Strongly Positive
2025-10-30,983.2,,0.0,Neutral,0.4152267128229141,Positive
2025-10-29,977.5,,0.0,Neutral,0.20761335641145706,Positive
2025-10-28,973.0,,0.0,Neutral,0.0,Neutral
2025-10-26,953.8,,0.0,Neutral,0.0,Neutral
2025-10-19,963.0,2025-10-19,-0.7027487754821777,Strongly Negative,-0.7027487754821777,Strongly Negative
2025-10-16,960.0,,0.0,Neutral,-0.35137438774108887,Negative
2025-10-15,977.0,,0.0,Neutral,-0.17568719387054443,Slightly Negative
2025-10-14,985.0,,0.0,Neutral,0.0,Neutral
2025-10-13,986.0,,0.0,Neutral,0.0,Neutral
2025-10-12,978.0,,0.0,Neutral,0.0,Neutral
2025-10-09,998.0,,0.0,Neutral,0.0,Neutral
2025-10-08,994.0,,0.0,Neutral,0.0,Neutral
2025-10-07,0.0,,0.0,Neutral,0.0,Neutral
2025-09-28,0.0,,0.0,Neutral,0.0,Neutral
2025-09-25,0.0,,0.0,Neutral,0.0,Neutral
2025-09-24,0.0,,0.0,Neutral,0.0,Neutral
2025-09-23,0.0,,0.0,Neutral,0.0,Neutral
2025-09-21,995.7,,0.0,Neutral,0.0,Neutral
2025-09-18,925.0,2025-09-18,0.0988965034484863,Slightly Positive,0.0988965034484863,Slightly Positive
2025-09-08,0.0,,0.0,Neutral,0.04944825172424315,Neutral
2025-09-07,0.0,,0.0,Neutral,0.024724125862121575,Neutral
2025-09-04,0.0,,0.0,Neutral,0.0,Neutral
2025-09-03,0.0,,0.0,Neutral,0.0,Neutral
2025-09-02,0.0,,0.0,Neutral,0.0,Neutral
2025-09-01,0.0,,0.0,Neutral,0.0,Neutral
2025-08-31,0.0,2025-08-31,-0.8702601194381714,Strongly Negative,-0.8702601194381714,Strongly Negative
2025-08-28,0.0,2025-08-28,0.9314732551574708,Strongly Positive,0.4963431954383851,Positive
2025-08-27,0.0,2025-08-27,-0.8449028730392456,Strongly Negative,-0.5967312753200531,Negative
2025-08-26,0.0,,0.0,Neutral,-0.1895831227302551,Slightly Negative
2025-08-25,0.0,,0.0,Neutral,-0.2112257182598114,Negative
2025-08-24,0.0,,0.0,Neutral,0.0,Neutral
2025-08-21,0.0,,0.0,Neutral,0.0,Neutral
2025-08-20,0.0,,0.0,Neutral,0.0,Neutral
2025-08-19,0.0,,0.0,Neutral,0.0,Neutral
2025-08-18,0.0,,0.0,Neutral,0.0,Neutral
2025-08-17,0.0,2025-08-17,-0.0869648940861225,Slightly Negative,-0.0869648940861225,Slightly Negative
2025-08-14,0.0,,0.0,Neutral,-0.04348244704306125,Neutral
2025-08-13,0.0,,0.0,Neutral,-0.021741223521530625,Neutral
2025-08-12,0.0,,0.0,Neutral,0.0,Neutral
2025-08-11,0.0,,0.0,Neutral,0.0,Neutral
2025-08-07,0.0,,0.0,Neutral,0.0,Neutral
2025-08-06,0.0,,0.0,Neutral,0.0,Neutral
2025-08-05,0.0,,0.0,Neutral,0.0,Neutral
2025-08-04,0.0,,0.0,Neutral,0.0,Neutral
2025-08-03,0.0,,0.0,Neutral,0.0,Neutral
2025-07-31,0.0,,0.0,Neutral,0.0,Neutral
2025-07-30,0.0,,0.0,Neutral,0.0,Neutral
2025-07-29,0.0,,0.0,Neutral,0.0,Neutral
2025-07-28,0.0,,0.0,Neutral,0.0,Neutral
2025-07-27,0.0,,0.0,Neutral,0.0,Neutral
2025-07-24,0.0,,0.0,Neutral,0.0,Neutral
2025-07-23,0.0,,0.0,Neutral,0.0,Neutral
2025-07-22,0.0,,0.0,Neutral,0.0,Neutral
2025-07-21,0.0,,0.0,Neutral,0.0,Neutral
2025-07-20,0.0,,0.0,Neutral,0.0,Neutral
2025-07-17,0.0,2025-07-17,0.0606837570667266,Slightly Positive,0.0606837570667266,Slightly Positive
2025-07-16,0.0,,0.0,Neutral,0.0303418785333633,Neutral
2025-07-15,0.0,,0.0,Neutral,0.01517093926668165,Neutral
2025-07-14,0.0,2025-07-14,0.3165594339370727,Positive,0.3165594339370727,Positive
2025-07-13,0.0,,0.0,Neutral,0.15827971696853635,Slightly Positive
2025-07-10,983.68,,0.0,Neutral,0.07913985848426817,Slightly Positive
2025-07-09,972.57,2025-07-09,0.5959690809249878,Positive,0.5959690809249878,Positive
2025-07-08,957.41,,0.0,Neutral,0.2979845404624939,Positive
2025-07-07,952.29,,0.0,Neutral,0.14899227023124695,Slightly Positive
2025-07-06,970.15,,0.0,Neutral,0.0,Neutral
2025-07-03,947.61,,0.0,Neutral,0.0,Neutral
2025-07-02,945.0,,0.0,Neutral,0.0,Neutral
2025-07-01,916.0,,0.0,Neutral,0.0,Neutral
2025-06-30,904.5,,0.0,Neutral,0.0,Neutral
2025-06-29,893.5,2025-06-29,0.0124993920326232,Neutral,0.0124993920326232,Neutral
2025-06-26,881.88,,0.0,Neutral,0.0062496960163116,Neutral
2025-06-25,879.11,2025-06-25,-0.5497723817825317,Negative,-0.5466475337743759,Negative
2025-06-24,880.95,,0.0,Neutral,-0.27488619089126587,Negative
2025-06-23,878.58,,0.0,Neutral,-0.13744309544563293,Slightly Negative
2025-06-22,879.61,,0.0,Neutral,0.0,Neutral
2025-06-19,892.12,2025-06-19,0.9185822606086732,Strongly Positive,0.9185822606086732,Strongly Positive
2025-06-18,896.58,2025-06-18,0.134243756532669,Slightly Positive,0.5935348868370056,Positive
2025-06-17,904.84,,0.0,Neutral,0.2967674434185028,Positive
2025-06-16,890.26,,0.0,Neutral,0.03356093913316725,Neutral
2025-06-15,884.81,,0.0,Neutral,0.0,Neutral
2025-06-12,883.08,,0.0,Neutral,0.0,Neutral
2025-06-11,882.58,2025-06-11,-0.1211603879928588,Slightly Negative,-0.1211603879928588,Slightly Negative
2025-06-10,874.15,2025-06-10,-0.4339157342910766,Negative,-0.494495928287506,Negative
2025-06-09,869.61,2025-06-09,-0.3343536257743835,Negative,-0.5816015899181365,Negative
2025-06-08,868.05,,0.0,Neutral,-0.2756557464599609,Negative
2025-06-05,875.33,2025-06-05,-0.5912338495254517,Negative,-0.6748222559690475,Strongly Negative
2025-06-04,878.5,,0.0,Neutral,-0.29561692476272583,Negative
2025-06-03,880.03,2025-06-03,-0.2338424623012542,Negative,-0.3816509246826171,Negative
2025-06-02,890.11,2025-06-02,-0.5659517645835876,Negative,-0.6828729957342148,Strongly Negative
2025-05-28,889.37,,0.0,Neutral,-0.3414364978671074,Negative
2025-05-27,894.97,,0.0,Neutral,-0.1414879411458969,Slightly Negative
2025-05-26,900.78,2025-05-26,-0.7628889083862305,Strongly Negative,-0.7628889083862305,Strongly Negative
2025-05-25,917.77,,0.0,Neutral,-0.38144445419311523,Negative
2025-05-22,899.91,2025-05-22,-0.7128505706787109,Strongly Negative,-0.9035727977752686,Strongly Negative
2025-05-21,879.39,,0.0,Neutral,-0.35642528533935547,Negative
2025-05-20,880.38,2025-05-20,-0.6116074919700623,Strongly Negative,-0.78982013463974,Strongly Negative
2025-05-19,872.92,,0.0,Neutral,-0.30580374598503113,Negative
2025-05-18,861.55,,0.0,Neutral,-0.15290187299251556,Slightly Negative
2025-05-15,848.17,,0.0,Neutral,0.0,Neutral
2025-05-14,847.56,2025-05-14,-0.120438814163208,Slightly Negative,-0.120438814163208,Slightly Negative
2025-05-13,851.06,,0.0,Neutral,-0.060219407081604,Slightly Negative
2025-05-11,853.96,,0.0,Neutral,-0.030109703540802,Neutral
2025-05-08,852.43,,0.0,Neutral,0.0,Neutral
2025-05-07,851.23,,0.0,Neutral,0.0,Neutral
2025-05-06,842.75,,0.0,Neutral,0.0,Neutral
2025-05-05,844.67,,0.0,Neutral,0.0,Neutral
2025-05-04,836.21,,0.0,Neutral,0.0,Neutral
2025-04-30,832.28,,0.0,Neutral,0.0,Neutral
2025-04-29,824.63,,0.0,Neutral,0.0,Neutral
2025-04-28,827.49,,0.0,Neutral,0.0,Neutral
2025-04-27,834.92,,0.0,Neutral,0.0,Neutral
2025-04-24,835.71,,0.0,Neutral,0.0,Neutral
2025-04-23,835.48,,0.0,Neutral,0.0,Neutral
2025-04-22,840.97,2025-04-22,0.0065177381038665,Neutral,0.0065177381038665,Neutral
2025-04-21,848.54,2025-04-21,-0.1222520172595977,Slightly Negative,-0.11899314820766445,Slightly Negative
2025-04-20,852.21,2025-04-20,-0.9325382113456726,Strongly Negative,-0.9920347854495049,Strongly Negative
2025-04-17,849.33,,0.0,Neutral,-0.49683210998773575,Negative
2025-04-16,845.07,2025-04-16,-0.1533498167991638,Slightly Negative,-0.38648436963558197,Negative
2025-04-15,844.54,,0.0,Neutral,-0.0766749083995819,Slightly Negative
2025-04-13,844.44,2025-04-13,0.0838408172130584,Slightly Positive,0.045503363013267455,Neutral
2025-04-10,844.85,2025-04-10,0.1280533671379089,Slightly Positive,0.16997377574443812,Slightly Positive
2025-04-09,843.05,,0.0,Neutral,0.08498688787221906,Slightly Positive
2025-04-08,837.2,,0.0,Neutral,0.03201334178447723,Neutral
2025-04-07,848.04,,0.0,Neutral,0.0,Neutral
2025-04-03,852.72,,0.0,Neutral,0.0,Neutral
2025-04-02,850.87,,0.0,Neutral,0.0,Neutral
2025-04-01,854.11,,0.0,Neutral,0.0,Neutral
2025-03-30,853.43,2025-03-30,-0.4880945086479187,Negative,-0.4880945086479187,Negative
2025-03-27,843.11,,0.0,Neutral,-0.24404725432395935,Negative
2025-03-26,832.33,2025-03-26,-0.6513763070106506,Strongly Negative,-0.7733999341726303,Strongly Negative
2025-03-25,825.72,2025-03-25,0.2815593183040619,Positive,-0.04412883520126343,Neutral
2025-03-24,839.71,,0.0,Neutral,-0.022064417600631714,Neutral
2025-03-23,838.22,2025-03-23,-0.6444237232208252,Strongly Negative,-0.5740338936448097,Negative
2025-03-20,858.14,2025-03-20,-0.406167596578598,Negative,-0.7283794581890106,Strongly Negative
2025-03-19,861.6,,0.0,Neutral,-0.3641897290945053,Negative
2025-03-18,864.1,,0.0,Neutral,-0.1015418991446495,Slightly Negative
2025-03-17,864.1,2025-03-17,-0.0320629775524139,Neutral,-0.0320629775524139,Neutral
2025-03-16,863.0,,0.0,Neutral,-0.01603148877620695,Neutral
2025-03-12,866.0,,0.0,Neutral,-0.008015744388103475,Neutral
2025-03-11,865.0,,0.0,Neutral,0.0,Neutral
2025-03-10,870.0,2025-03-10,-0.7477757930755615,Strongly Negative,-0.7477757930755615,Strongly Negative
2025-03-09,870.0,,0.0,Neutral,-0.37388789653778076,Negative
2025-03-06,878.5,,0.0,Neutral,-0.18694394826889038,Slightly Negative
2025-03-05,883.0,,0.0,Neutral,0.0,Neutral
2025-03-04,896.0,,0.0,Neutral,0.0,Neutral
2025-03-03,902.0,,0.0,Neutral,0.0,Neutral
2025-03-02,918.0,,0.0,Neutral,0.0,Neutral
2025-02-27,896.0,,0.0,Neutral,0.0,Neutral
2025-02-25,869.0,,0.0,Neutral,0.0,Neutral
2025-02-24,866.0,2025-02-24,-0.3941380977630615,Negative,-0.3941380977630615,Negative
2025-02-23,868.0,,0.0,Neutral,-0.19706904888153076,Slightly Negative
2025-02-20,877.0,,0.0,Neutral,-0.09853452444076538,Slightly Negative
2025-02-18,885.0,,0.0,Neutral,0.0,Neutral
2025-02-17,888.0,,0.0,Neutral,0.0,Neutral
2025-02-16,876.5,,0.0,Neutral,0.0,Neutral
2025-02-13,870.0,2025-02-13,-0.6699524521827698,Strongly Negative,-0.6699524521827698,Strongly Negative
2025-02-12,875.0,2025-02-12,0.2080480456352233,Positive,-0.12692818045616158,Slightly Negative
2025-02-11,872.0,,0.0,Neutral,-0.06346409022808079,Slightly Negative
2025-02-10,870.0,,0.0,Neutral,0.052012011408805826,Slightly Positive
2025-02-09,867.0,,0.0,Neutral,0.0,Neutral
2025-02-06,859.0,,0.0,Neutral,0.0,Neutral
2025-02-05,870.0,,0.0,Neutral,0.0,Neutral
2025-02-04,878.0,,0.0,Neutral,0.0,Neutral
2025-02-03,883.0,,0.0,Neutral,0.0,Neutral
2025-02-02,865.0,,0.0,Neutral,0.0,Neutral
2025-01-28,844.0,,0.0,Neutral,0.0,Neutral
2025-01-27,851.0,,0.0,Neutral,0.0,Neutral
2025-01-26,859.0,,0.0,Neutral,0.0,Neutral
2025-01-23,859.0,2025-01-23,-0.2442322820425033,Negative,-0.2442322820425033,Negative
2025-01-22,854.0,,0.0,Neutral,-0.12211614102125165,Slightly Negative
2025-01-21,843.1,,0.0,Neutral,-0.061058070510625825,Slightly Negative
2025-01-20,842.0,2025-01-20,-0.0088043892756104,Neutral,-0.0088043892756104,Neutral
2025-01-19,845.5,,0.0,Neutral,-0.0044021946378052,Neutral
2025-01-16,844.1,,0.0,Neutral,-0.0022010973189026,Neutral
2025-01-15,850.0,,0.0,Neutral,0.0,Neutral
2025-01-13,849.0,,0.0,Neutral,0.0,Neutral
2025-01-12,856.0,,0.0,Neutral,0.0,Neutral
2025-01-09,862.0,,0.0,Neutral,0.0,Neutral
2025-01-08,866.0,,0.0,Neutral,0.0,Neutral
2025-01-07,847.0,,0.0,Neutral,0.0,Neutral
2025-01-06,853.0,,0.0,Neutral,0.0,Neutral
2025-01-05,848.1,,0.0,Neutral,0.0,Neutral
2025-01-02,850.0,2025-01-02,0.9056085348129272,Strongly Positive,0.9056085348129272,Strongly Positive
2025-01-01,855.0,,0.0,Neutral,0.4528042674064636,Positive
2024-12-31,855.0,,0.0,Neutral,0.2264021337032318,Positive
2024-12-29,930.1,,0.0,Neutral,0.0,Neutral
2024-12-26,927.1,,0.0,Neutral,0.0,Neutral
2024-12-24,926.5,,0.0,Neutral,0.0,Neutral
2024-12-23,911.0,,0.0,Neutral,0.0,Neutral
2024-12-22,905.0,,0.0,Neutral,0.0,Neutral
2024-12-19,912.0,,0.0,Neutral,0.0,Neutral
2024-12-18,919.0,,0.0,Neutral,0.0,Neutral
2024-12-17,916.0,,0.0,Neutral,0.0,Neutral
2024-12-16,916.0,2024-12-16,-0.1873531192541122,Slightly Negative,-0.1873531192541122,Slightly Negative
2024-12-12,930.6,2024-12-12,-0.7372568249702454,Strongly Negative,-0.8309333845973015,Strongly Negative
2024-12-11,935.2,,0.0,Neutral,-0.41546669229865074,Negative
2024-12-10,936.0,2024-12-10,0.0605501011013984,Slightly Positive,-0.12376410514116294,Slightly Negative
2024-12-09,935.0,2024-12-09,0.0543120503425598,Slightly Positive,0.08458710089325899,Slightly Positive
2024-12-08,952.0,,0.0,Neutral,0.042293550446629496,Neutral
2024-12-05,950.0,2024-12-05,-0.8622756004333496,Strongly Negative,-0.8486975878477097,Strongly Negative
2024-12-04,956.0,,0.0,Neutral,-0.4311378002166748,Negative
2024-12-03,958.6,,0.0,Neutral,-0.2155689001083374,Negative
2024-12-02,962.0,,0.0,Neutral,0.0,Neutral
2024-12-01,960.0,,0.0,Neutral,0.0,Neutral
2024-11-28,963.0,,0.0,Neutral,0.0,Neutral
2024-11-27,965.0,,0.0,Neutral,0.0,Neutral
2024-11-26,960.0,,0.0,Neutral,0.0,Neutral
2024-11-25,951.2,,0.0,Neutral,0.0,Neutral
2024-11-24,958.0,,0.0,Neutral,0.0,Neutral
2024-11-21,971.0,2024-11-21,0.3522944152355194,Positive,0.3522944152355194,Positive
2024-11-20,985.0,,0.0,Neutral,0.1761472076177597,Slightly Positive
2024-11-19,971.0,,0.0,Neutral,0.08807360380887985,Slightly Positive
2024-11-17,983.1,,0.0,Neutral,0.0,Neutral
2024-11-14,974.0,,0.0,Neutral,0.0,Neutral
2024-11-13,976.0,,0.0,Neutral,0.0,Neutral
2024-11-12,982.0,,0.0,Neutral,0.0,Neutral
2024-11-11,990.0,2024-11-11,0.9224844574928284,Strongly Positive,0.9224844574928284,Strongly Positive
2024-11-10,975.1,2024-11-10,0.0913766026496887,Slightly Positive,0.5526188313961029,Positive
2024-11-06,961.2,2024-11-06,0.6941941380500793,Strongly Positive,0.9705035537481308,Strongly Positive
2024-11-05,963.0,,0.0,Neutral,0.36994121968746185,Positive
2024-10-30,965.0,,0.0,Neutral,0.17354853451251984,Slightly Positive
2024-10-29,975.0,2024-10-29,-0.4482151567935943,Negative,-0.4482151567935943,Negative
2024-10-28,965.2,,0.0,Neutral,-0.22410757839679715,Negative
2024-10-27,949.2,,0.0,Neutral,-0.11205378919839858,Slightly Negative
2024-10-24,968.5,,0.0,Neutral,0.0,Neutral
2024-10-23,980.0,2024-10-23,-0.5182260870933533,Negative,-0.5182260870933533,Negative
2024-10-22,979.0,,0.0,Neutral,-0.25911304354667664,Negative
2024-10-21,975.0,,0.0,Neutral,-0.12955652177333832,Slightly Negative
2024-10-20,995.0,2024-10-20,-0.0460387840867042,Neutral,-0.0460387840867042,Neutral
2024-10-17,0.0,2024-10-17,-0.5775560140609741,Negative,-0.6005754061043262,Strongly Negative
2024-10-16,0.0,2024-10-16,0.3032940030097961,Positive,0.003006299957632977,Neutral
2024-10-15,995.1,,0.0,Neutral,0.007257997989654513,Neutral
2024-10-09,0.0,2024-10-09,0.9219281077384948,Strongly Positive,0.9977516084909438,Strongly Positive
2024-10-08,994.8,,0.0,Neutral,0.4609640538692474,Positive
2024-10-07,0.0,2024-10-07,0.9075050950050354,Strongly Positive,1.1379871219396591,Strongly Positive
2024-10-06,971.0,,0.0,Neutral,0.4537525475025177,Positive
2024-10-02,951.0,,0.0,Neutral,0.22687627375125885,Positive
2024-10-01,948.0,2024-10-01,0.9054638147354126,Strongly Positive,0.9054638147354126,Strongly Positive
2024-09-30,920.1,,0.0,Neutral,0.4527319073677063,Positive
2024-09-29,915.2,,0.0,Neutral,0.22636595368385315,Positive
2024-09-26,909.2,,0.0,Neutral,0.0,Neutral
2024-09-25,928.5,,0.0,Neutral,0.0,Neutral
2024-09-24,911.0,2024-09-24,0.9053268432617188,Strongly Positive,0.9053268432617188,Strongly Positive
2024-09-23,941.0,,0.0,Neutral,0.4526634216308594,Positive
2024-09-22,964.0,,0.0,Neutral,0.2263317108154297,Positive
2024-09-18,948.9,2024-09-18,0.0292224586009979,Neutral,0.0292224586009979,Neutral
2024-09-16,960.1,2024-09-16,0.0701217502355575,Slightly Positive,0.08473297953605645,Slightly Positive
2024-09-15,980.0,,0.0,Neutral,0.042366489768028225,Neutral
2024-09-12,999.0,2024-09-12,0.7334011197090149,Strongly Positive,0.7509315572679043,Strongly Positive
2024-09-11,974.0,,0.0,Neutral,0.36670055985450745,Positive
2024-09-10,985.1,,0.0,Neutral,0.18335027992725372,Slightly Positive
2024-09-09,985.1,,0.0,Neutral,0.0,Neutral
2024-09-08,0.0,2024-09-08,0.0105989575386047,Neutral,0.0105989575386047,Neutral
2024-09-05,0.0,,0.0,Neutral,0.00529947876930235,Neutral
2024-09-04,0.0,,0.0,Neutral,0.002649739384651175,Neutral
2024-09-03,0.0,2024-09-03,-0.2997061610221863,Negative,-0.2997061610221863,Negative
2024-09-02,0.0,,0.0,Neutral,-0.14985308051109314,Slightly Negative
2024-09-01,0.0,,0.0,Neutral,-0.07492654025554657,Slightly Negative
2024-08-29,0.0,,0.0,Neutral,0.0,Neutral
2024-08-28,0.0,,0.0,Neutral,0.0,Neutral
2024-08-27,0.0,,0.0,Neutral,0.0,Neutral
2024-08-25,0.0,,0.0,Neutral,0.0,Neutral
2024-08-22,0.0,,0.0,Neutral,0.0,Neutral
2024-08-21,0.0,,0.0,Neutral,0.0,Neutral
2024-08-18,0.0,,0.0,Neutral,0.0,Neutral
2024-08-15,0.0,,0.0,Neutral,0.0,Neutral
2024-08-14,0.0,,0.0,Neutral,0.0,Neutral
2024-08-13,0.0,,0.0,Neutral,0.0,Neutral
2024-08-12,0.0,,0.0,Neutral,0.0,Neutral
2024-08-11,0.0,2024-08-11,-0.6217007637023926,Strongly Negative,-0.6217007637023926,Strongly Negative
2024-08-08,0.0,,0.0,Neutral,-0.3108503818511963,Negative
2024-08-07,0.0,,0.0,Neutral,-0.15542519092559814,Slightly Negative
2024-08-06,994.7,2024-08-06,0.06113051623106,Slightly Positive,0.06113051623106,Slightly Positive
2024-08-05,0.0,2024-08-05,-0.0004892461001873,Neutral,0.0300760120153427,Neutral
2024-08-01,0.0,,0.0,Neutral,0.01503800600767135,Neutral
2024-07-31,0.0,,0.0,Neutral,-0.000122311525046825,Neutral
2024-07-30,0.0,,0.0,Neutral,0.0,Neutral
2024-07-29,0.0,,0.0,Neutral,0.0,Neutral
2024-07-28,0.0,,0.0,Neutral,0.0,Neutral
2024-07-25,0.0,,0.0,Neutral,0.0,Neutral
2024-07-24,984.0,,0.0,Neutral,0.0,Neutral
2024-07-23,990.3,,0.0,Neutral,0.0,Neutral
2024-07-22,984.0,,0.0,Neutral,0.0,Neutral
2024-07-21,988.9,2024-07-21,0.2961920797824859,Positive,0.2961920797824859,Positive
2024-07-18,954.0,,0.0,Neutral,0.14809603989124295,Slightly Positive
2024-07-17,925.0,,0.0,Neutral,0.07404801994562148,Slightly Positive
2024-07-16,912.9,,0.0,Neutral,0.0,Neutral
2024-07-15,900.0,2024-07-15,0.0531130880117416,Slightly Positive,0.0531130880117416,Slightly Positive
2024-07-14,906.0,2024-07-14,0.4453930258750915,Positive,0.4719495698809623,Positive
2024-07-11,890.0,,0.0,Neutral,0.23597478494048116,Positive
2024-07-10,888.0,2024-07-10,-0.0372032523155212,Neutral,0.07414500415325168,Slightly Positive
2024-07-09,870.0,,0.0,Neutral,-0.0186016261577606,Neutral
2024-07-08,855.0,,0.0,Neutral,-0.0093008130788803,Neutral
2024-07-07,847.0,2024-07-07,-0.6083687543869019,Strongly Negative,-0.6083687543869019,Strongly Negative
2024-07-04,835.0,2024-07-04,-0.7496742010116577,Strongly Negative,-1.0538585782051086,Strongly Negative
2024-07-03,830.5,,0.0,Neutral,-0.5269292891025543,Negative
2024-07-02,833.9,,0.0,Neutral,-0.18741855025291443,Slightly Negative
2024-07-01,818.0,,0.0,Neutral,0.0,Neutral
2024-06-30,820.0,2024-06-30,-0.5555654168128967,Negative,-0.5555654168128967,Negative
2024-06-27,825.0,,0.0,Neutral,-0.27778270840644836,Negative
2024-06-26,830.0,,0.0,Neutral,-0.13889135420322418,Slightly Negative
2024-06-25,837.0,,0.0,Neutral,0.0,Neutral
2024-06-24,830.7,,0.0,Neutral,0.0,Neutral
2024-06-23,832.0,,0.0,Neutral,0.0,Neutral
2024-06-20,840.0,2024-06-20,-0.7754740715026855,Strongly Negative,-0.7754740715026855,Strongly Negative
2024-06-19,843.0,2024-06-19,0.928455650806427,Strongly Positive,0.5407186150550842,Positive
2024-06-18,845.0,,0.0,Neutral,0.2703593075275421,Positive
2024-06-16,850.0,,0.0,Neutral,0.23211391270160675,Positive
2024-06-13,858.0,,0.0,Neutral,0.0,Neutral
2024-06-12,863.0,2024-06-12,-0.3344677183777093,Negative,-0.3344677183777093,Negative
2024-06-11,859.0,2024-06-11,-0.703773021697998,Strongly Negative,-0.8710068808868527,Strongly Negative
2024-06-10,851.0,2024-06-10,0.0591075792908668,Slightly Positive,-0.3763958611525595,Negative
2024-06-09,850.0,,0.0,Neutral,-0.1463894657790661,Slightly Negative
2024-06-06,847.0,,0.0,Neutral,0.0147768948227167,Neutral
2024-06-05,836.0,,0.0,Neutral,0.0,Neutral
2024-06-04,833.1,,0.0,Neutral,0.0,Neutral
2024-06-03,833.8,,0.0,Neutral,0.0,Neutral
2024-06-02,839.0,,0.0,Neutral,0.0,Neutral
2024-05-30,841.0,,0.0,Neutral,0.0,Neutral
2024-05-29,849.0,,0.0,Neutral,0.0,Neutral
2024-05-27,858.4,2024-05-27,-0.6427181959152222,Strongly Negative,-0.6427181959152222,Strongly Negative
2024-05-26,853.1,2024-05-26,-0.5461372137069702,Negative,-0.8674963116645813,Strongly Negative
2024-05-22,854.0,,0.0,Neutral,-0.43374815583229065,Negative
2024-05-21,854.0,2024-05-21,0.9287891387939452,Strongly Positive,0.7922548353672026,Strongly Positive
2024-05-20,856.7,2024-05-20,-0.7473208904266357,Strongly Negative,-0.28292632102966314,Negative
2024-05-19,863.0,,0.0,Neutral,-0.14146316051483157,Slightly Negative
2024-05-16,851.8,,0.0,Neutral,-0.18683022260665894,Slightly Negative
2024-05-15,835.0,,0.0,Neutral,0.0,Neutral
2024-05-14,842.7,,0.0,Neutral,0.0,Neutral
2024-05-13,819.3,2024-05-13,-0.0147014185786247,Neutral,-0.0147014185786247,Neutral
2024-05-12,820.0,,0.0,Neutral,-0.00735070928931235,Neutral
2024-05-09,822.1,,0.0,Neutral,-0.003675354644656175,Neutral
2024-05-08,835.0,,0.0,Neutral,0.0,Neutral
2024-05-07,824.0,,0.0,Neutral,0.0,Neutral
2024-05-06,815.0,,0.0,Neutral,0.0,Neutral
2024-05-05,830.0,,0.0,Neutral,0.0,Neutral
2024-05-02,833.0,,0.0,Neutral,0.0,Neutral
2024-04-30,821.0,,0.0,Neutral,0.0,Neutral
2024-04-29,816.0,2024-04-29,-0.2238787710666656,Negative,-0.2238787710666656,Negative
2024-04-28,816.0,,0.0,Neutral,-0.1119393855333328,Slightly Negative
2024-04-25,816.9,,0.0,Neutral,-0.0559696927666664,Slightly Negative
2024-04-24,820.0,,0.0,Neutral,0.0,Neutral
2024-04-22,822.0,2024-04-22,-0.397852748632431,Negative,-0.397852748632431,Negative
2024-04-21,829.0,2024-04-21,-0.6756387948989868,Strongly Negative,-0.8745651692152023,Strongly Negative
2024-04-18,830.0,,0.0,Neutral,-0.43728258460760117,Negative
2024-04-16,830.1,2024-04-16,0.4685211181640625,Positive,0.2996114194393158,Positive
2024-04-15,833.0,2024-04-15,-0.5954660177230835,Negative,-0.36120545864105225,Negative
2024-04-14,836.0,2024-04-14,-0.4558782577514648,Negative,-0.636480987071991,Strongly Negative
2024-04-10,834.9,2024-04-10,-0.0239664651453495,Neutral,-0.40077209845185274,Negative
2024-04-09,837.0,,0.0,Neutral,-0.12595279701054093,Slightly Negative
2024-04-07,847.0,2024-04-07,-0.6892299056053162,Strongly Negative,-0.6952215218916535,Strongly Negative
2024-04-04,847.0,2024-04-04,-0.323227971792221,Negative,-0.6678429245948792,Strongly Negative
2024-04-03,835.0,,0.0,Neutral,-0.3339214622974396,Negative
2024-04-02,827.0,2024-04-02,-0.4733312129974365,Negative,-0.5541382059454918,Negative
2024-04-01,829.0,,0.0,Neutral,-0.23666560649871826,Negative
2024-03-31,829.9,,0.0,Neutral,-0.11833280324935913,Slightly Negative
2024-03-28,835.0,,0.0,Neutral,0.0,Neutral
2024-03-27,839.0,,0.0,Neutral,0.0,Neutral
2024-03-26,846.0,2024-03-26,-0.2324217855930328,Negative,-0.2324217855930328,Negative
2024-03-25,845.1,,0.0,Neutral,-0.1162108927965164,Slightly Negative
2024-03-21,866.0,2024-03-21,-0.3527610003948211,Negative,-0.4108664467930793,Negative
2024-03-20,877.9,,0.0,Neutral,-0.17638050019741056,Slightly Negative
2024-03-19,866.0,,0.0,Neutral,-0.08819025009870528,Slightly Negative
2024-03-18,860.0,,0.0,Neutral,0.0,Neutral
2024-03-17,863.0,,0.0,Neutral,0.0,Neutral
2024-03-14,864.9,2024-03-14,-0.0184712968766689,Neutral,-0.0184712968766689,Neutral
2024-03-13,881.0,2024-03-13,-0.5365344434976578,Negative,-0.5457700919359922,Negative
2024-03-12,889.0,,0.0,Neutral,-0.2728850459679961,Negative
2024-03-10,845.0,,0.0,Neutral,-0.13413361087441444,Slightly Negative
2024-03-07,821.0,,0.0,Neutral,0.0,Neutral
2024-03-06,817.0,,0.0,Neutral,0.0,Neutral
2024-03-05,816.0,,0.0,Neutral,0.0,Neutral
2024-03-04,841.5,,0.0,Neutral,0.0,Neutral
2024-03-03,809.0,2024-03-03,0.659336507320404,Strongly Positive,0.659336507320404,Strongly Positive
2024-02-29,820.0,2024-02-29,0.5973718166351318,Positive,0.9270400702953339,Strongly Positive
2024-02-28,830.0,,0.0,Neutral,0.46352003514766693,Positive
2024-02-27,830.0,,0.0,Neutral,0.14934295415878296,Slightly Positive
2024-02-26,833.2,2024-02-26,-0.6391295790672302,Strongly Negative,-0.6391295790672302,Strongly Negative
2024-02-25,831.2,2024-02-25,-0.7076578140258789,Strongly Negative,-1.027222603559494,Strongly Negative
2024-02-22,840.0,,0.0,Neutral,-0.513611301779747,Negative
2024-02-21,836.0,,0.0,Neutral,-0.17691445350646973,Slightly Negative
2024-02-20,835.1,,0.0,Neutral,0.0,Neutral
2024-02-18,841.3,,0.0,Neutral,0.0,Neutral
2024-02-15,842.0,,0.0,Neutral,0.0,Neutral
2024-02-14,846.0,,0.0,Neutral,0.0,Neutral
2024-02-13,845.1,,0.0,Neutral,0.0,Neutral
2024-02-12,858.6,2024-02-12,0.0213358532637357,Neutral,0.0213358532637357,Neutral
2024-02-11,860.0,,0.0,Neutral,0.01066792663186785,Neutral
2024-02-08,859.0,,0.0,Neutral,0.005333963315933925,Neutral
2024-02-07,856.0,2024-02-07,0.9190106987953186,Strongly Positive,0.9190106987953186,Strongly Positive
2024-02-06,859.0,,0.0,Neutral,0.4595053493976593,Positive
2024-02-05,849.2,,0.0,Neutral,0.22975267469882965,Positive
2024-02-04,857.0,,0.0,Neutral,0.0,Neutral
2024-02-01,862.9,2024-02-01,0.9017196297645568,Strongly Positive,0.9017196297645568,Strongly Positive
2024-01-31,867.0,,0.0,Neutral,0.4508598148822784,Positive
2024-01-30,871.0,,0.0,Neutral,0.2254299074411392,Positive
2024-01-29,873.0,,0.0,Neutral,0.0,Neutral
2024-01-28,867.0,2024-01-28,-0.5602532029151917,Negative,-0.5602532029151917,Negative
2024-01-25,873.0,2024-01-25,0.9305034875869752,Strongly Positive,0.6503768861293794,Strongly Positive
2024-01-24,876.0,,0.0,Neutral,0.3251884430646897,Positive
2024-01-23,870.0,,0.0,Neutral,0.2326258718967438,Positive
2024-01-22,873.0,2024-01-22,0.0955185890197753,Slightly Positive,0.0955185890197753,Slightly Positive
2024-01-21,886.0,2024-01-21,-0.0024153357371688,Neutral,0.045343958772718844,Neutral
2024-01-18,900.2,2024-01-18,0.7747501134872437,Strongly Positive,0.7974220928736031,Strongly Positive
2024-01-17,903.1,,0.0,Neutral,0.38677122280932963,Positive
2024-01-16,900.0,2024-01-16,-0.0303513295948505,Neutral,0.16333619877696043,Slightly Positive
2024-01-14,872.0,2024-01-14,-0.0015759468078613,Neutral,-0.01675161160528655,Neutral
2024-01-11,858.0,,0.0,Neutral,-0.008375805802643275,Neutral
2024-01-10,808.8,,0.0,Neutral,-0.000393986701965325,Neutral
2024-01-09,860.0,,0.0,Neutral,0.0,Neutral
2024-01-08,842.0,2024-01-08,0.3354699239134788,Positive,0.3354699239134788,Positive
2024-01-07,845.0,,0.0,Neutral,0.1677349619567394,Slightly Positive
2024-01-04,854.0,,0.0,Neutral,0.0838674809783697,Slightly Positive
2024-01-03,855.0,,0.0,Neutral,0.0,Neutral
2024-01-02,860.1,,0.0,Neutral,0.0,Neutral
2024-01-01,909.0,,0.0,Neutral,0.0,Neutral
2023-12-28,907.0,,0.0,Neutral,0.0,Neutral
2023-12-27,912.0,,0.0,Neutral,0.0,Neutral
2023-12-24,906.0,,0.0,Neutral,0.0,Neutral
2023-12-21,923.0,,0.0,Neutral,0.0,Neutral
2023-12-20,950.0,,0.0,Neutral,0.0,Neutral
2023-12-19,935.0,2023-12-19,-0.0495426394045352,Neutral,-0.0495426394045352,Neutral
2023-12-18,930.0,,0.0,Neutral,-0.0247713197022676,Neutral
2023-12-17,900.0,2023-12-17,0.1858166120946406,Slightly Positive,0.1734309522435068,Slightly Positive
2023-12-14,876.0,2023-12-14,-0.3237503468990326,Negative,-0.23084204085171228,Negative
2023-12-13,885.6,,0.0,Neutral,-0.11542102042585614,Slightly Negative
2023-12-12,900.0,,0.0,Neutral,-0.08093758672475815,Slightly Negative
2023-12-11,936.0,2023-12-11,0.8129301071166992,Strongly Positive,0.8129301071166992,Strongly Positive
2023-12-10,950.0,2023-12-10,0.3414733707904815,Positive,0.7479384243488312,Strongly Positive
2023-12-07,899.2,2023-12-07,0.7270581126213074,Strongly Positive,1.101027324795723,Strongly Positive
2023-12-06,904.0,,0.0,Neutral,0.4488973990082741,Positive
2023-12-05,899.9,,0.0,Neutral,0.18176452815532684,Slightly Positive
2023-12-04,907.0,2023-12-04,0.9314891695976256,Strongly Positive,0.9314891695976256,Strongly Positive
2023-12-03,900.0,,0.0,Neutral,0.4657445847988128,Positive
2023-11-30,910.0,,0.0,Neutral,0.2328722923994064,Positive
2023-11-29,880.0,2023-11-29,0.5706247091293335,Positive,0.5706247091293335,Positive
2023-11-28,882.0,2023-11-28,0.2470296770334244,Positive,0.5323420315980911,Positive
2023-11-27,896.1,,0.0,Neutral,0.26617101579904556,Positive
2023-11-26,897.0,,0.0,Neutral,0.0617574192583561,Slightly Positive
2023-11-23,870.1,,0.0,Neutral,0.0,Neutral
2023-11-22,868.0,,0.0,Neutral,0.0,Neutral
2023-11-21,862.0,,0.0,Neutral,0.0,Neutral
2023-11-20,891.0,2023-11-20,-0.0071662440896034,Neutral,-0.0071662440896034,Neutral
2023-11-09,901.1,,0.0,Neutral,-0.0035831220448017,Neutral
2023-11-08,908.0,,0.0,Neutral,-0.00179156102240085,Neutral
2023-11-07,910.0,,0.0,Neutral,0.0,Neutral
2023-11-06,899.0,,0.0,Neutral,0.0,Neutral
2023-11-05,895.0,2023-11-05,0.7400195002555847,Strongly Positive,0.7400195002555847,Strongly Positive
2023-11-02,909.0,,0.0,Neutral,0.37000975012779236,Positive
2023-11-01,913.9,2023-11-01,0.0985844135284423,Slightly Positive,0.28358928859233845,Positive
2023-10-31,916.0,,0.0,Neutral,0.04929220676422115,Neutral
2023-10-30,915.0,,0.0,Neutral,0.024646103382110575,Neutral
2023-10-29,926.9,,0.0,Neutral,0.0,Neutral
2023-10-19,940.0,2023-10-19,0.8292142748832703,Strongly Positive,0.8292142748832703,Strongly Positive
2023-10-18,942.0,2023-10-18,0.2993601306031147,Positive,0.7139672680447499,Strongly Positive
2023-10-17,917.0,2023-10-17,0.3895330764353275,Positive,0.7465167104577024,Strongly Positive
2023-10-16,903.0,2023-10-16,0.8377037644386292,Strongly Positive,1.1073103353070717,Strongly Positive
2023-10-12,914.0,,0.0,Neutral,0.5162351513281465,Positive
2023-10-11,917.0,,0.0,Neutral,0.2094259411096573,Positive
2023-10-10,921.0,,0.0,Neutral,0.0,Neutral
2023-10-09,934.0,2023-10-09,0.9241541624069214,Strongly Positive,0.9241541624069214,Strongly Positive
2023-10-08,940.0,2023-10-08,0.9193177223205566,Strongly Positive,1.3813948035240173,Strongly Positive
2023-10-05,948.0,,0.0,Neutral,0.6906974017620087,Strongly Positive
2023-10-04,951.0,2023-10-04,0.141101211309433,Slightly Positive,0.37093064188957214,Positive
2023-10-03,953.5,,0.0,Neutral,0.0705506056547165,Slightly Positive
2023-10-02,957.0,2023-10-02,0.8697748184204102,Strongly Positive,0.9050501212477684,Strongly Positive
2023-10-01,951.0,2023-10-01,0.9149264097213744,Strongly Positive,1.3498138189315796,Strongly Positive
2023-09-27,960.0,,0.0,Neutral,0.6749069094657898,Strongly Positive
2023-09-26,963.0,2023-09-26,0.1121289655566215,Slightly Positive,0.34086056798696507,Positive
2023-09-25,957.0,2023-09-25,0.9218896627426147,Strongly Positive,0.9779541455209255,Strongly Positive
2023-09-24,960.0,2023-09-24,0.8438069820404053,Strongly Positive,1.332784054800868,Strongly Positive
2023-09-21,962.0,,0.0,Neutral,0.6523759067058563,Strongly Positive
2023-09-19,951.1,,0.0,Neutral,0.21095174551010132,Positive
2023-09-18,960.0,2023-09-18,0.8191651403903961,Strongly Positive,0.8191651403903961,Strongly Positive
2023-09-17,956.0,2023-09-17,0.2316693365573883,Positive,0.6412519067525864,Strongly Positive
2023-09-13,975.0,,0.0,Neutral,0.3206259533762932,Positive
2023-09-12,951.0,,0.0,Neutral,0.057917334139347076,Slightly Positive
2023-09-11,955.0,2023-09-11,-0.1270755678415298,Slightly Negative,-0.1270755678415298,Slightly Negative
2023-09-10,947.0,,0.0,Neutral,-0.0635377839207649,Slightly Negative
2023-09-07,945.0,,0.0,Neutral,-0.03176889196038245,Neutral
2023-09-05,951.0,,0.0,Neutral,0.0,Neutral
2023-09-04,958.0,,0.0,Neutral,0.0,Neutral
2023-09-03,949.0,,0.0,Neutral,0.0,Neutral
2023-08-30,953.0,,0.0,Neutral,0.0,Neutral
2023-08-29,953.0,,0.0,Neutral,0.0,Neutral
2023-08-28,958.0,,0.0,Neutral,0.0,Neutral
2023-08-27,957.1,,0.0,Neutral,0.0,Neutral
2023-08-24,967.0,,0.0,Neutral,0.0,Neutral
2023-08-23,976.0,,0.0,Neutral,0.0,Neutral
2023-08-22,968.0,,0.0,Neutral,0.0,Neutral
2023-08-21,964.0,,0.0,Neutral,0.0,Neutral
2023-08-20,973.0,2023-08-20,0.4706372022628784,Positive,0.4706372022628784,Positive
2023-08-17,980.0,,0.0,Neutral,0.2353186011314392,Positive
2023-08-16,976.0,,0.0,Neutral,0.1176593005657196,Slightly Positive
2023-08-15,985.0,2023-08-15,0.0367373526096344,Neutral,0.0367373526096344,Neutral
2023-08-14,981.0,,0.0,Neutral,0.0183686763048172,Neutral
2023-08-13,962.0,2023-08-13,0.3550106883049011,Positive,0.3641950264573097,Positive
2023-08-10,955.1,2023-08-10,0.6593401432037354,Strongly Positive,0.8368454873561859,Strongly Positive
2023-08-09,950.0,,0.0,Neutral,0.41842274367809296,Positive
2023-08-08,940.1,2023-08-08,0.0437265634536743,Neutral,0.20856159925460815,Positive
2023-08-07,950.0,2023-08-07,0.7810200452804565,Strongly Positive,0.8028833270072937,Strongly Positive
2023-08-06,949.0,2023-08-06,0.2109157014638185,Positive,0.6123573649674654,Strongly Positive
2023-08-03,960.0,,0.0,Neutral,0.3007128620520234,Positive
2023-08-02,955.0,2023-08-02,-0.4065877497196197,Negative,-0.35385882435366506,Negative
2023-08-01,949.9,,0.0,Neutral,-0.20329387485980985,Negative
2023-07-31,953.0,,0.0,Neutral,-0.10164693742990492,Slightly Negative
2023-07-30,950.1,,0.0,Neutral,0.0,Neutral
2023-07-27,970.5,,0.0,Neutral,0.0,Neutral
2023-07-26,985.8,,0.0,Neutral,0.0,Neutral
2023-07-25,983.9,,0.0,Neutral,0.0,Neutral
2023-07-24,997.0,2023-07-24,-0.4698981344699859,Negative,-0.4698981344699859,Negative
2023-07-23,0.0,,0.0,Neutral,-0.23494906723499295,Negative
2023-07-20,0.0,,0.0,Neutral,-0.11747453361749648,Slightly Negative
2023-07-19,0.0,,0.0,Neutral,0.0,Neutral
2023-07-18,0.0,,0.0,Neutral,0.0,Neutral
2023-07-17,0.0,,0.0,Neutral,0.0,Neutral
2023-07-16,0.0,2023-07-16,0.883343517780304,Strongly Positive,0.883343517780304,Strongly Positive
2023-07-13,980.0,,0.0,Neutral,0.441671758890152,Positive
2023-07-12,985.0,,0.0,Neutral,0.220835879445076,Positive
2023-07-11,961.0,2023-07-11,-0.3590094149112701,Negative,-0.3590094149112701,Negative
2023-07-10,955.0,,0.0,Neutral,-0.17950470745563504,Slightly Negative
2023-07-09,939.0,2023-07-09,0.5350947976112366,Positive,0.44534244388341904,Positive
2023-07-06,932.0,,0.0,Neutral,0.2675473988056183,Positive
2023-07-05,927.1,2023-07-05,0.4177348017692566,Positive,0.5515085011720657,Positive
2023-07-04,941.0,2023-07-04,-0.20897176861763,Negative,-0.00010436773300170898,Neutral
2023-07-03,925.0,2023-07-03,0.7068891525268555,Strongly Positive,0.7068369686603546,Strongly Positive
2023-07-02,960.0,,0.0,Neutral,0.30120163410902023,Positive
2023-06-28,997.0,,0.0,Neutral,0.17672228813171387,Slightly Positive
2023-06-27,0.0,,0.0,Neutral,0.0,Neutral
2023-06-26,960.0,,0.0,Neutral,0.0,Neutral
2023-06-25,915.0,,0.0,Neutral,0.0,Neutral
2023-06-22,900.0,2023-06-22,0.873332142829895,Strongly Positive,0.873332142829895,Strongly Positive
2023-06-21,901.0,,0.0,Neutral,0.4366660714149475,Positive
2023-06-20,911.0,,0.0,Neutral,0.21833303570747375,Positive
2023-06-19,925.0,,0.0,Neutral,0.0,Neutral
2023-06-18,929.0,,0.0,Neutral,0.0,Neutral
2023-06-15,918.0,2023-06-15,0.4683806300163269,Positive,0.4683806300163269,Positive
2023-06-14,920.0,2023-06-14,0.4930647611618042,Positive,0.7272550761699677,Strongly Positive
2023-06-13,910.0,2023-06-13,0.7564454078674316,Strongly Positive,1.1200729459524155,Strongly Positive
2023-06-12,900.0,2023-06-12,0.7213075160980225,Strongly Positive,1.2227964103221893,Strongly Positive
2023-06-11,904.0,,0.0,Neutral,0.5497651100158691,Positive
2023-06-08,885.0,2023-06-08,0.7539471387863159,Strongly Positive,0.9342740178108215,Strongly Positive
2023-06-07,876.0,2023-06-07,0.4957673549652099,Positive,0.8727409243583679,Strongly Positive
2023-06-06,877.5,2023-06-06,0.7798135876655579,Strongly Positive,1.2161840498447418,Strongly Positive
2023-06-05,870.5,,0.0,Neutral,0.5138486325740814,Positive
2023-06-04,875.0,,0.0,Neutral,0.19495339691638947,Slightly Positive
2023-06-01,861.0,2023-06-01,0.4650955200195312,Positive,0.4650955200195312,Positive
2023-05-31,851.1,2023-05-31,0.9306153655052184,Strongly Positive,1.163163125514984,Strongly Positive
2023-05-30,861.1,,0.0,Neutral,0.581581562757492,Positive
2023-05-28,897.0,,0.0,Neutral,0.2326538413763046,Positive
2023-05-24,897.5,2023-05-24,0.6379044055938721,Strongly Positive,0.6379044055938721,Strongly Positive
2023-05-23,899.0,,0.0,Neutral,0.31895220279693604,Positive
2023-05-22,869.9,,0.0,Neutral,0.15947610139846802,Slightly Positive
2023-05-21,862.0,2023-05-21,0.2752208411693573,Positive,0.2752208411693573,Positive
2023-05-18,845.0,2023-05-18,-0.428337037563324,Negative,-0.2907266169786453,Negative
2023-05-17,827.0,2023-05-17,-0.1411273777484893,Slightly Negative,-0.28649068623781193,Negative
2023-05-16,822.0,,0.0,Neutral,-0.17764794826507563,Slightly Negative
2023-05-15,819.0,,0.0,Neutral,-0.035281844437122324,Neutral
2023-05-14,816.0,,0.0,Neutral,0.0,Neutral
2023-05-11,803.0,,0.0,Neutral,0.0,Neutral
2023-05-10,787.0,2023-05-10,0.3141437768936157,Positive,0.3141437768936157,Positive
2023-05-09,767.1,2023-05-09,0.6824951767921448,Strongly Positive,0.8395670652389526,Strongly Positive
2023-05-08,764.0,,0.0,Neutral,0.4197835326194763,Positive
2023-05-07,764.0,2023-05-07,-0.1594992876052856,Slightly Negative,0.011124506592750605,Neutral
2023-05-04,773.0,,0.0,Neutral,-0.0797496438026428,Slightly Negative
2023-05-03,774.0,2023-05-03,-0.3371529579162597,Negative,-0.3770277798175811,Negative
2023-05-02,784.0,,0.0,Neutral,-0.16857647895812986,Slightly Negative
2023-04-30,782.0,2023-04-30,0.5406634211540222,Positive,0.4563751816749573,Positive
2023-04-27,791.1,2023-04-27,0.3818577229976654,Positive,0.6521894335746765,Strongly Positive
2023-04-26,794.0,,0.0,Neutral,0.32609471678733826,Positive
2023-04-25,797.0,,0.0,Neutral,0.09546443074941635,Slightly Positive
2023-04-24,799.0,,0.0,Neutral,0.0,Neutral
2023-04-23,802.0,,0.0,Neutral,0.0,Neutral
2023-04-20,808.0,2023-04-20,0.1440556347370147,Slightly Positive,0.1440556347370147,Slightly Positive
2023-04-19,814.0,,0.0,Neutral,0.07202781736850734,Slightly Positive
2023-04-18,805.6,,0.0,Neutral,0.03601390868425367,Neutral
2023-04-17,805.0,,0.0,Neutral,0.0,Neutral
2023-04-16,824.1,,0.0,Neutral,0.0,Neutral
2023-04-13,822.0,,0.0,Neutral,0.0,Neutral
2023-04-12,824.9,,0.0,Neutral,0.0,Neutral
2023-04-11,795.0,,0.0,Neutral,0.0,Neutral
2023-04-10,782.5,,0.0,Neutral,0.0,Neutral
2023-04-09,778.0,,0.0,Neutral,0.0,Neutral
2023-04-06,777.1,,0.0,Neutral,0.0,Neutral
2023-04-05,777.9,,0.0,Neutral,0.0,Neutral
2023-04-04,771.0,,0.0,Neutral,0.0,Neutral
2023-04-03,771.2,,0.0,Neutral,0.0,Neutral
2023-04-02,784.0,,0.0,Neutral,0.0,Neutral
2023-03-30,785.0,,0.0,Neutral,0.0,Neutral
2023-03-29,788.0,,0.0,Neutral,0.0,Neutral
2023-03-28,780.0,,0.0,Neutral,0.0,Neutral
2023-03-27,756.9,,0.0,Neutral,0.0,Neutral
2023-03-26,751.5,,0.0,Neutral,0.0,Neutral
2023-03-23,774.3,2023-03-23,0.052819263190031,Slightly Positive,0.052819263190031,Slightly Positive
2023-03-22,788.0,,0.0,Neutral,0.0264096315950155,Neutral
2023-03-20,785.0,,0.0,Neutral,0.01320481579750775,Neutral
2023-03-19,787.0,,0.0,Neutral,0.0,Neutral
2023-03-16,798.0,,0.0,Neutral,0.0,Neutral
2023-03-15,799.9,,0.0,Neutral,0.0,Neutral
2023-03-14,820.0,,0.0,Neutral,0.0,Neutral
2023-03-13,831.0,,0.0,Neutral,0.0,Neutral
2023-03-12,849.9,,0.0,Neutral,0.0,Neutral
2023-03-09,859.0,,0.0,Neutral,0.0,Neutral
2023-03-07,0.0,,0.0,Neutral,0.0,Neutral
2023-03-05,999.0,,0.0,Neutral,0.0,Neutral
2023-03-02,0.0,,0.0,Neutral,0.0,Neutral
2023-03-01,0.0,,0.0,Neutral,0.0,Neutral
2023-02-28,0.0,,0.0,Neutral,0.0,Neutral
2023-02-27,0.0,,0.0,Neutral,0.0,Neutral
2023-02-26,0.0,,0.0,Neutral,0.0,Neutral
2023-02-23,0.0,,0.0,Neutral,0.0,Neutral
2023-02-22,0.0,,0.0,Neutral,0.0,Neutral
2023-02-20,0.0,,0.0,Neutral,0.0,Neutral
2023-02-16,0.0,,0.0,Neutral,0.0,Neutral
2023-02-15,0.0,,0.0,Neutral,0.0,Neutral
2023-02-14,0.0,,0.0,Neutral,0.0,Neutral
2023-02-12,0.0,,0.0,Neutral,0.0,Neutral
2023-02-09,0.0,,0.0,Neutral,0.0,Neutral
2023-02-08,0.0,,0.0,Neutral,0.0,Neutral
2023-02-07,0.0,,0.0,Neutral,0.0,Neutral
2023-02-06,0.0,,0.0,Neutral,0.0,Neutral
2023-02-05,0.0,,0.0,Neutral,0.0,Neutral
2023-02-02,0.0,2023-02-02,-0.6716222763061523,Strongly Negative,-0.6716222763061523,Strongly Negative
2023-02-01,0.0,,0.0,Neutral,-0.33581113815307617,Negative
2023-01-31,0.0,,0.0,Neutral,-0.16790556907653809,Slightly Negative
2023-01-30,0.0,,0.0,Neutral,0.0,Neutral
2023-01-29,0.0,2023-01-29,-0.4091926515102386,Negative,-0.4091926515102386,Negative
2023-01-26,0.0,2023-01-26,0.9144240617752076,Strongly Positive,0.7098277360200883,Strongly Positive
2023-01-25,0.0,,0.0,Neutral,0.35491386801004415,Positive
2023-01-24,0.0,,0.0,Neutral,0.2286060154438019,Positive
2023-01-23,0.0,,0.0,Neutral,0.0,Neutral
2023-01-19,0.0,,0.0,Neutral,0.0,Neutral
2023-01-18,0.0,,0.0,Neutral,0.0,Neutral
2023-01-17,0.0,2023-01-17,-0.623460054397583,Strongly Negative,-0.623460054397583,Strongly Negative
2023-01-12,0.0,2023-01-12,0.5015150904655457,Positive,0.18978506326675415,Slightly Positive
2023-01-10,0.0,2023-01-10,-0.2437212616205215,Negative,-0.14882872998714441,Slightly Negative
2023-01-09,0.0,,0.0,Neutral,0.0035181418061256686,Neutral
2023-01-08,0.0,,0.0,Neutral,-0.06093031540513037,Slightly Negative
2023-01-05,0.0,,0.0,Neutral,0.0,Neutral
2023-01-04,0.0,,0.0,Neutral,0.0,Neutral
2023-01-03,0.0,,0.0,Neutral,0.0,Neutral
2023-01-02,0.0,2023-01-02,-0.3848305940628052,Negative,-0.3848305940628052,Negative
2023-01-01,0.0,,0.0,Neutral,-0.1924152970314026,Slightly Negative
2022-12-29,0.0,,0.0,Neutral,-0.0962076485157013,Slightly Negative
2022-12-28,0.0,,0.0,Neutral,0.0,Neutral
2022-12-27,0.0,,0.0,Neutral,0.0,Neutral
2022-12-26,0.0,,0.0,Neutral,0.0,Neutral
2022-12-22,0.0,,0.0,Neutral,0.0,Neutral
2022-12-21,0.0,2022-12-21,0.6173017024993896,Strongly Positive,0.6173017024993896,Strongly Positive
2022-12-20,0.0,,0.0,Neutral,0.3086508512496948,Positive
2022-12-19,0.0,,0.0,Neutral,0.1543254256248474,Slightly Positive
2022-12-18,0.0,,0.0,Neutral,0.0,Neutral
2022-12-15,0.0,,0.0,Neutral,0.0,Neutral
2022-12-14,0.0,,0.0,Neutral,0.0,Neutral
2022-12-13,0.0,2022-12-13,0.7148497700691223,Strongly Positive,0.7148497700691223,Strongly Positive
2022-12-12,0.0,,0.0,Neutral,0.35742488503456116,Positive
2022-12-11,0.0,,0.0,Neutral,0.17871244251728058,Slightly Positive
2022-12-07,0.0,,0.0,Neutral,0.0,Neutral
2022-12-06,0.0,,0.0,Neutral,0.0,Neutral
2022-12-05,0.0,,0.0,Neutral,0.0,Neutral
2022-12-04,0.0,,0.0,Neutral,0.0,Neutral
2022-12-01,0.0,,0.0,Neutral,0.0,Neutral
2022-11-30,0.0,,0.0,Neutral,0.0,Neutral
2022-11-29,0.0,,0.0,Neutral,0.0,Neutral
2022-11-28,0.0,2022-11-28,0.1627677381038665,Slightly Positive,0.1627677381038665,Slightly Positive
2022-11-27,0.0,,0.0,Neutral,0.08138386905193325,Slightly Positive
2022-11-24,0.0,,0.0,Neutral,0.040691934525966623,Neutral
2022-11-23,0.0,,0.0,Neutral,0.0,Neutral
2022-11-22,0.0,,0.0,Neutral,0.0,Neutral
2022-11-17,0.0,,0.0,Neutral,0.0,Neutral
2022-11-16,0.0,,0.0,Neutral,0.0,Neutral
2022-11-15,0.0,2022-11-15,0.7105873227119446,Strongly Positive,0.7105873227119446,Strongly Positive
2022-11-14,0.0,2022-11-14,-0.6556950807571411,Strongly Negative,-0.3004014194011688,Negative
2022-11-13,0.0,,0.0,Neutral,-0.1502007097005844,Slightly Negative
2022-11-10,0.0,2022-11-10,0.6085646748542786,Strongly Positive,0.4446409046649933,Positive
2022-11-09,0.0,,0.0,Neutral,0.3042823374271393,Positive
2022-11-08,0.0,,0.0,Neutral,0.15214116871356964,Slightly Positive
2022-11-07,0.0,,0.0,Neutral,0.0,Neutral
2022-11-06,0.0,,0.0,Neutral,0.0,Neutral
2022-11-03,0.0,,0.0,Neutral,0.0,Neutral
2022-11-02,0.0,,0.0,Neutral,0.0,Neutral
2022-11-01,0.0,,0.0,Neutral,0.0,Neutral
2022-10-31,995.5,2022-10-31,0.1629264950752258,Slightly Positive,0.1629264950752258,Slightly Positive
2022-10-23,995.0,2022-10-23,-0.0040155053138732,Neutral,0.07744774222373971,Slightly Positive
2022-10-20,980.2,,0.0,Neutral,0.038723871111869854,Neutral
2022-10-19,985.0,2022-10-19,0.903040885925293,Strongly Positive,0.9020370095968246,Strongly Positive
2022-10-17,985.0,2022-10-17,0.71620774269104,Strongly Positive,1.1677281856536865,Strongly Positive
2022-10-16,982.0,,0.0,Neutral,0.5838640928268433,Positive
2022-10-13,996.1,2022-10-13,0.5541855245828629,Positive,0.7332374602556229,Strongly Positive
2022-10-12,996.1,,0.0,Neutral,0.2770927622914314,Positive
2022-10-11,999.0,,0.0,Neutral,0.1385463811457157,Slightly Positive
2022-10-10,0.0,,0.0,Neutral,0.0,Neutral
2022-10-09,0.0,,0.0,Neutral,0.0,Neutral
2022-09-29,991.0,2022-09-29,0.9351661205291748,Strongly Positive,0.9351661205291748,Strongly Positive
2022-09-28,975.0,,0.0,Neutral,0.4675830602645874,Positive
2022-09-27,955.0,,0.0,Neutral,0.2337915301322937,Positive
2022-09-25,948.0,,0.0,Neutral,0.0,Neutral
2022-09-22,960.1,2022-09-22,0.9082857966423036,Strongly Positive,0.9082857966423036,Strongly Positive
2022-09-21,965.0,2022-09-21,0.534334659576416,Positive,0.9884775578975677,Strongly Positive
2022-09-20,961.0,,0.0,Neutral,0.4942387789487839,Positive
2022-09-18,994.0,,0.0,Neutral,0.133583664894104,Slightly Positive
2022-09-16,0.0,,0.0,Neutral,0.0,Neutral
2022-09-15,0.0,,0.0,Neutral,0.0,Neutral
2022-09-14,0.0,,0.0,Neutral,0.0,Neutral
2022-09-13,0.0,,0.0,Neutral,0.0,Neutral
2022-09-12,0.0,,0.0,Neutral,0.0,Neutral
2022-09-11,0.0,,0.0,Neutral,0.0,Neutral
2022-09-08,0.0,,0.0,Neutral,0.0,Neutral
2022-09-07,0.0,2022-09-07,0.006325364112854,Neutral,0.006325364112854,Neutral
2022-09-06,0.0,,0.0,Neutral,0.003162682056427,Neutral
2022-09-05,0.0,,0.0,Neutral,0.0015813410282135,Neutral
2022-09-04,0.0,,0.0,Neutral,0.0,Neutral
2022-09-02,0.0,,0.0,Neutral,0.0,Neutral
2022-09-01,0.0,2022-09-01,-0.2566113471984863,Negative,-0.2566113471984863,Negative
2022-08-31,0.0,,0.0,Neutral,-0.12830567359924314,Slightly Negative
2022-08-30,0.0,2022-08-30,0.0258980691432952,Neutral,-0.03825476765632636,Neutral
2022-08-29,0.0,,0.0,Neutral,0.0129490345716476,Neutral
2022-08-28,0.0,,0.0,Neutral,0.0064745172858238,Neutral
2022-08-26,0.0,,0.0,Neutral,0.0,Neutral
2022-08-25,0.0,,0.0,Neutral,0.0,Neutral
2022-08-24,0.0,2022-08-24,0.6355215311050415,Strongly Positive,0.6355215311050415,Strongly Positive
2022-08-23,0.0,2022-08-23,0.894823431968689,Strongly Positive,1.2125841975212097,Strongly Positive
2022-08-22,0.0,,0.0,Neutral,0.6062920987606049,Strongly Positive
2022-08-21,0.0,,0.0,Neutral,0.22370585799217224,Positive
2022-08-18,0.0,,0.0,Neutral,0.0,Neutral
2022-08-17,0.0,,0.0,Neutral,0.0,Neutral
2022-08-16,0.0,,0.0,Neutral,0.0,Neutral
2022-08-15,0.0,,0.0,Neutral,0.0,Neutral
2022-08-14,0.0,,0.0,Neutral,0.0,Neutral
2022-08-11,0.0,2022-08-11,-0.061613380908966,Slightly Negative,-0.061613380908966,Slightly Negative
2022-08-10,0.0,,0.0,Neutral,-0.030806690454483,Neutral
2022-08-09,0.0,,0.0,Neutral,-0.0154033452272415,Neutral
2022-08-08,0.0,,0.0,Neutral,0.0,Neutral
2022-08-07,0.0,2022-08-07,0.0195572879165411,Neutral,0.0195572879165411,Neutral
2022-08-05,0.0,2022-08-05,0.2184320390224456,Positive,0.22821068298071615,Positive
2022-08-04,0.0,,0.0,Neutral,0.11410534149035807,Slightly Positive
2022-08-03,0.0,2022-08-03,0.7975225448608398,Strongly Positive,0.8521305546164513,Strongly Positive
2022-08-02,0.0,,0.0,Neutral,0.3987612724304199,Positive
2022-08-01,0.0,2022-08-01,-0.2906584739685058,Negative,-0.09127783775329584,Slightly Negative
2022-07-31,0.0,2022-07-31,-0.3070221543312073,Negative,-0.4523513913154602,Negative
2022-07-29,0.0,2022-07-29,-0.1990431249141693,Slightly Negative,-0.4252188205718994,Negative
2022-07-28,0.0,,0.0,Neutral,-0.17627710103988647,Slightly Negative
2022-07-27,0.0,,0.0,Neutral,-0.04976078122854233,Neutral
2022-07-26,0.0,,0.0,Neutral,0.0,Neutral
2022-07-25,0.0,,0.0,Neutral,0.0,Neutral
2022-07-24,0.0,,0.0,Neutral,0.0,Neutral
2022-07-22,0.0,,0.0,Neutral,0.0,Neutral
2022-07-21,0.0,,0.0,Neutral,0.0,Neutral
2022-07-20,0.0,,0.0,Neutral,0.0,Neutral
2022-07-19,0.0,,0.0,Neutral,0.0,Neutral
2022-07-18,0.0,,0.0,Neutral,0.0,Neutral
2022-07-17,0.0,,0.0,Neutral,0.0,Neutral
2022-07-15,0.0,2022-07-15,-0.1234379112720489,Slightly Negative,-0.1234379112720489,Slightly Negative
2022-07-14,0.0,,0.0,Neutral,-0.06171895563602445,Slightly Negative
2022-07-13,0.0,2022-07-13,0.9082242250442504,Strongly Positive,0.8773647472262381,Strongly Positive
2022-07-12,982.0,,0.0,Neutral,0.4541121125221252,Positive
2022-07-11,980.0,,0.0,Neutral,0.2270560562610626,Positive
2022-07-08,0.0,,0.0,Neutral,0.0,Neutral
2022-07-07,0.0,,0.0,Neutral,0.0,Neutral
2022-07-06,0.0,,0.0,Neutral,0.0,Neutral
2022-07-05,0.0,,0.0,Neutral,0.0,Neutral
2022-07-04,0.0,2022-07-04,-0.2904195189476013,Negative,-0.2904195189476013,Negative
2022-07-03,0.0,,0.0,Neutral,-0.14520975947380066,Slightly Negative
2022-07-01,0.0,,0.0,Neutral,-0.07260487973690033,Slightly Negative
2022-06-30,0.0,2022-06-30,-0.2598440945148468,Negative,-0.2598440945148468,Negative
2022-06-29,963.0,,0.0,Neutral,-0.1299220472574234,Slightly Negative
2022-06-28,935.0,2022-06-28,0.4208382070064544,Positive,0.3558771833777427,Positive
2022-06-27,941.0,,0.0,Neutral,0.2104191035032272,Positive
2022-06-26,954.9,2022-06-26,-0.4419355690479278,Negative,-0.3367260172963142,Negative
2022-06-24,910.0,2022-06-24,0.5870148539543152,Positive,0.36604706943035126,Positive
2022-06-23,918.0,,0.0,Neutral,0.18302353471517563,Slightly Positive
2022-06-22,942.0,,0.0,Neutral,0.1467537134885788,Slightly Positive
2022-06-21,940.1,,0.0,Neutral,0.0,Neutral
2022-06-20,942.0,2022-06-20,0.5693178772926331,Positive,0.5693178772926331,Positive
2022-06-19,959.9,,0.0,Neutral,0.28465893864631653,Positive
2022-06-17,969.0,,0.0,Neutral,0.14232946932315826,Slightly Positive
2022-06-16,975.0,2022-06-16,0.8982492685317993,Strongly Positive,0.8982492685317993,Strongly Positive
2022-06-15,970.0,,0.0,Neutral,0.44912463426589966,Positive
2022-06-14,990.0,,0.0,Neutral,0.22456231713294983,Positive
2022-06-13,0.0,,0.0,Neutral,0.0,Neutral
2022-06-10,0.0,,0.0,Neutral,0.0,Neutral
2022-06-09,0.0,,0.0,Neutral,0.0,Neutral
2022-06-08,0.0,,0.0,Neutral,0.0,Neutral
2022-06-07,0.0,2022-06-07,0.2998286485671997,Positive,0.2998286485671997,Positive
2022-06-06,0.0,2022-06-06,0.0207726825028657,Neutral,0.17068700678646556,Slightly Positive
2022-06-03,999.0,,0.0,Neutral,0.08534350339323278,Slightly Positive
2022-06-02,0.0,2022-06-02,0.8461382985115051,Strongly Positive,0.8513314691372216,Strongly Positive
2022-06-01,0.0,2022-06-01,0.3814393877983093,Positive,0.8045085370540619,Strongly Positive
2022-05-31,0.0,,0.0,Neutral,0.40225426852703094,Positive
2022-05-30,0.0,,0.0,Neutral,0.09535984694957733,Slightly Positive
2022-05-27,0.0,,0.0,Neutral,0.0,Neutral
2022-05-26,0.0,,0.0,Neutral,0.0,Neutral
2022-05-25,0.0,,0.0,Neutral,0.0,Neutral
2022-05-24,0.0,2022-05-24,0.0325568914413452,Neutral,0.0325568914413452,Neutral
2022-05-23,0.0,,0.0,Neutral,0.0162784457206726,Neutral
2022-05-20,0.0,,0.0,Neutral,0.0081392228603363,Neutral
2022-05-19,0.0,,0.0,Neutral,0.0,Neutral
2022-05-18,0.0,2022-05-18,0.2235666513442993,Positive,0.2235666513442993,Positive
2022-05-17,0.0,,0.0,Neutral,0.11178332567214964,Slightly Positive
2022-05-12,0.0,,0.0,Neutral,0.05589166283607482,Slightly Positive
2022-05-11,0.0,,0.0,Neutral,0.0,Neutral
2022-05-10,0.0,,0.0,Neutral,0.0,Neutral
2022-05-09,0.0,,0.0,Neutral,0.0,Neutral
2022-05-08,999.0,,0.0,Neutral,0.0,Neutral
2022-05-05,0.0,,0.0,Neutral,0.0,Neutral
2022-05-04,0.0,,0.0,Neutral,0.0,Neutral
2022-05-02,0.0,,0.0,Neutral,0.0,Neutral
2022-04-28,0.0,,0.0,Neutral,0.0,Neutral
2022-04-27,0.0,,0.0,Neutral,0.0,Neutral
2022-04-26,0.0,2022-04-26,0.0814896821975708,Slightly Positive,0.0814896821975708,Slightly Positive
2022-04-25,0.0,,0.0,Neutral,0.0407448410987854,Neutral
2022-04-24,0.0,2022-04-24,0.4896917045116424,Positive,0.5100641250610352,Positive
2022-04-21,0.0,2022-04-21,0.435576420277357,Positive,0.6804222725331782,Strongly Positive
2022-04-20,0.0,2022-04-20,0.1363096833229065,Slightly Positive,0.4765208195894956,Positive
2022-04-19,0.0,2022-04-19,0.9145817756652832,Strongly Positive,1.0916307223960757,Strongly Positive
2022-04-18,0.0,2022-04-18,0.6108980178833008,Strongly Positive,1.102266326546669,Strongly Positive
2022-04-17,0.0,,0.0,Neutral,0.5340944528579712,Positive
2022-04-13,0.0,,0.0,Neutral,0.1527245044708252,Slightly Positive
2022-04-12,0.0,2022-04-12,0.5773056745529175,Positive,0.5773056745529175,Positive
2022-04-11,0.0,2022-04-11,0.8681013584136963,Strongly Positive,1.156754195690155,Strongly Positive
2022-04-07,0.0,,0.0,Neutral,0.5783770978450775,Positive
2022-04-06,0.0,2022-04-06,0.3428605794906616,Positive,0.5598859190940857,Positive
2022-04-05,0.0,2022-04-05,0.651929497718811,Strongly Positive,0.8233597874641418,Strongly Positive
2022-04-04,0.0,,0.0,Neutral,0.4116798937320709,Positive
2022-04-03,0.0,2022-04-03,-0.0272224247455596,Neutral,0.13575994968414315,Slightly Positive
2022-03-31,0.0,,0.0,Neutral,-0.0136112123727798,Neutral
2022-03-30,0.0,,0.0,Neutral,-0.0068056061863899,Neutral
2022-03-29,0.0,2022-03-29,0.8759951591491699,Strongly Positive,0.8759951591491699,Strongly Positive
2022-03-28,0.0,2022-03-28,0.6411234736442566,Strongly Positive,1.0791210532188416,Strongly Positive
2022-03-27,0.0,,0.0,Neutral,0.5395605266094208,Positive
2022-03-24,0.0,,0.0,Neutral,0.16028086841106415,Slightly Positive
2022-03-23,0.0,2022-03-23,-0.0178897380828857,Neutral,-0.0178897380828857,Neutral
2022-03-22,0.0,,0.0,Neutral,-0.00894486904144285,Neutral
2022-03-21,0.0,,0.0,Neutral,-0.004472434520721425,Neutral
2022-03-20,0.0,2022-03-20,0.8301899433135986,Strongly Positive,0.8301899433135986,Strongly Positive
2022-03-16,0.0,,0.0,Neutral,0.4150949716567993,Positive
2022-03-15,0.0,,0.0,Neutral,0.20754748582839966,Positive
2022-03-14,0.0,2022-03-14,0.5405178843066096,Positive,0.5405178843066096,Positive
2022-03-13,0.0,,0.0,Neutral,0.2702589421533048,Positive
2022-03-10,0.0,,0.0,Neutral,0.1351294710766524,Slightly Positive
2022-03-09,0.0,2022-03-09,-0.5977263450622559,Negative,-0.5977263450622559,Negative
2022-03-07,0.0,,0.0,Neutral,-0.29886317253112793,Negative
2022-03-06,0.0,,0.0,Neutral,-0.14943158626556396,Slightly Negative
2022-03-02,0.0,,0.0,Neutral,0.0,Neutral
2022-02-28,0.0,2022-02-28,0.4970417022705078,Positive,0.4970417022705078,Positive
2022-02-27,0.0,,0.0,Neutral,0.2485208511352539,Positive
2022-02-24,0.0,2022-02-24,0.5140209197998047,Positive,0.6382813453674316,Strongly Positive
2022-02-23,0.0,,0.0,Neutral,0.25701045989990234,Positive
2022-02-22,0.0,,0.0,Neutral,0.12850522994995117,Slightly Positive
2022-02-21,0.0,2022-02-21,0.5519900321960449,Positive,0.5519900321960449,Positive
2022-02-20,0.0,,0.0,Neutral,0.27599501609802246,Positive
2022-02-17,0.0,,0.0,Neutral,0.13799750804901123,Slightly Positive
2022-02-16,0.0,2022-02-16,0.5795700550079346,Positive,0.5795700550079346,Positive
2022-02-15,0.0,2022-02-15,-0.3125604093074798,Negative,-0.022775381803512518,Neutral
2022-02-14,0.0,2022-02-14,-0.5765681266784668,Negative,-0.5879558175802231,Negative
2022-02-13,0.0,2022-02-13,0.4978555937608083,Positive,0.13143142809470493,Slightly Positive
2022-02-10,0.0,,0.0,Neutral,0.10478576521078745,Slightly Positive
2022-02-09,0.0,,0.0,Neutral,0.12446389844020207,Slightly Positive
2022-02-08,0.0,2022-02-08,-0.0566993355751037,Slightly Negative,-0.0566993355751037,Slightly Negative
2022-02-07,0.0,2022-02-07,0.5250307619571686,Positive,0.49668109416961675,Positive
2022-02-06,0.0,,0.0,Neutral,0.24834054708480838,Positive
2022-02-03,0.0,2022-02-03,0.908535659313202,Strongly Positive,1.039793349802494,Strongly Positive
2022-02-01,0.0,,0.0,Neutral,0.454267829656601,Positive
2022-01-31,0.0,,0.0,Neutral,0.2271339148283005,Positive
2022-01-30,0.0,,0.0,Neutral,0.0,Neutral
2022-01-27,0.0,,0.0,Neutral,0.0,Neutral
2022-01-26,0.0,2022-01-26,0.4082410056143999,Positive,0.4082410056143999,Positive
2022-01-25,0.0,,0.0,Neutral,0.20412050280719995,Positive
2022-01-24,0.0,,0.0,Neutral,0.10206025140359998,Slightly Positive
2022-01-23,0.0,,0.0,Neutral,0.0,Neutral
2022-01-20,0.0,,0.0,Neutral,0.0,Neutral
2022-01-19,0.0,2022-01-19,0.3360106647014618,Positive,0.3360106647014618,Positive
2022-01-18,0.0,2022-01-18,0.3734949231147766,Positive,0.5415002554655075,Positive
2022-01-17,0.0,2022-01-17,0.4422468543052673,Positive,0.7129969820380211,Strongly Positive
2022-01-16,0.0,,0.0,Neutral,0.3144971579313278,Positive
2022-01-13,0.0,,0.0,Neutral,0.11056171357631682,Slightly Positive
2022-01-12,0.0,2022-01-12,-0.4808397889137268,Negative,-0.4808397889137268,Negative
2022-01-11,0.0,,0.0,Neutral,-0.2404198944568634,Negative
2022-01-10,0.0,2022-01-10,0.519367516040802,Positive,0.3991575688123703,Positive
2022-01-09,0.0,2022-01-09,0.7907711267471313,Strongly Positive,1.0504548847675323,Strongly Positive
2022-01-06,0.0,,0.0,Neutral,0.5252274423837662,Positive
2022-01-05,0.0,,0.0,Neutral,0.19769278168678284,Slightly Positive
2022-01-04,0.0,2022-01-04,0.65803462266922,Strongly Positive,0.65803462266922,Strongly Positive
2022-01-03,0.0,2022-01-03,0.0013054907321929,Neutral,0.33032280206680287,Positive
2022-01-02,0.0,,0.0,Neutral,0.16516140103340143,Slightly Positive
2021-12-29,0.0,,0.0,Neutral,0.000326372683048225,Neutral
2021-12-28,0.0,,0.0,Neutral,0.0,Neutral
2021-12-27,0.0,2021-12-27,0.1544867753982544,Slightly Positive,0.1544867753982544,Slightly Positive
2021-12-26,0.0,,0.0,Neutral,0.0772433876991272,Slightly Positive
2021-12-23,0.0,,0.0,Neutral,0.0386216938495636,Neutral
2021-12-22,0.0,,0.0,Neutral,0.0,Neutral
2021-12-21,0.0,2021-12-21,-0.6907034516334534,Strongly Negative,-0.6907034516334534,Strongly Negative
2021-12-20,0.0,,0.0,Neutral,-0.3453517258167267,Negative
2021-12-16,0.0,2021-12-16,0.7056154310703278,Strongly Positive,0.5329395681619644,Positive
2021-12-15,0.0,2021-12-15,-0.3610247150063515,Negative,-0.008216999471187647,Neutral
2021-12-14,0.0,2021-12-14,0.0240390766412019,Neutral,0.019930576905608066,Neutral
2021-12-13,0.0,,0.0,Neutral,-0.07823664043098694,Slightly Negative
2021-12-12,0.0,,0.0,Neutral,0.006009769160300475,Neutral
2021-12-09,0.0,2021-12-09,0.7948119044303894,Strongly Positive,0.7948119044303894,Strongly Positive
2021-12-08,0.0,,0.0,Neutral,0.3974059522151947,Positive
2021-12-07,0.0,,0.0,Neutral,0.19870297610759735,Slightly Positive
2021-12-06,0.0,2021-12-06,-0.0454929023981094,Neutral,-0.0454929023981094,Neutral
2021-12-05,0.0,2021-12-05,-0.3157088458538055,Negative,-0.3384552970528602,Negative
2021-12-02,0.0,,0.0,Neutral,-0.1692276485264301,Slightly Negative
2021-12-01,0.0,,0.0,Neutral,-0.07892721146345137,Slightly Negative
2021-11-30,0.0,2021-11-30,0.0353909358382225,Neutral,0.0353909358382225,Neutral
2021-11-29,0.0,,0.0,Neutral,0.01769546791911125,Neutral
2021-11-28,0.0,,0.0,Neutral,0.008847733959555624,Neutral
2021-11-25,0.0,2021-11-25,-0.1864838898181915,Slightly Negative,-0.1864838898181915,Slightly Negative
2021-11-24,0.0,2021-11-24,-0.2785083949565887,Negative,-0.37175033986568445,Negative
2021-11-23,0.0,2021-11-23,0.6356387138366699,Strongly Positive,0.44976354390382767,Positive
2021-11-22,0.0,2021-11-22,0.0131739825010299,Neutral,0.2613662406802177,Positive
2021-11-21,0.0,,0.0,Neutral,0.16549666970968244,Slightly Positive
2021-11-18,0.0,,0.0,Neutral,0.003293495625257475,Neutral
2021-11-17,0.0,2021-11-17,0.6861373782157898,Strongly Positive,0.6861373782157898,Strongly Positive
2021-11-16,0.0,2021-11-16,0.8141272664070129,Strongly Positive,1.1571959555149078,Strongly Positive
2021-11-15,0.0,2021-11-15,0.4076647162437439,Positive,0.9862626940011978,Strongly Positive
2021-11-14,0.0,2021-11-14,0.0491418664654096,Neutral,0.45650604118903476,Positive
2021-11-11,0.0,2021-11-11,0.2226513624191284,Positive,0.34913847471276915,Positive
2021-11-09,0.0,,0.0,Neutral,0.12361114782591659,Slightly Positive
2021-11-08,0.0,2021-11-08,0.4568291008472442,Positive,0.5124919414520263,Positive
2021-11-03,0.0,2021-11-03,0.2788993418216705,Positive,0.5073138922452926,Positive
2021-11-02,0.0,,0.0,Neutral,0.2536569461226463,Positive
2021-11-01,0.0,2021-11-01,0.1046939715743064,Slightly Positive,0.174418807029724,Slightly Positive
2021-10-31,0.0,,0.0,Neutral,0.0523469857871532,Slightly Positive
2021-10-28,0.0,,0.0,Neutral,0.0261734928935766,Neutral
2021-10-27,0.0,,0.0,Neutral,0.0,Neutral
2021-10-26,0.0,,0.0,Neutral,0.0,Neutral
2021-10-25,0.0,,0.0,Neutral,0.0,Neutral
2021-10-24,0.0,,0.0,Neutral,0.0,Neutral
2021-10-21,0.0,2021-10-21,0.8713273406028748,Strongly Positive,0.8713273406028748,Strongly Positive
2021-10-20,0.0,2021-10-20,0.6123760342597961,Strongly Positive,1.0480397045612335,Strongly Positive
2021-10-19,0.0,,0.0,Neutral,0.5240198522806168,Positive
2021-10-18,0.0,2021-10-18,0.8018708229064941,Strongly Positive,0.9549648314714432,Strongly Positive
2021-10-17,0.0,2021-10-17,0.9213525056838988,Strongly Positive,1.322287917137146,Strongly Positive
2021-10-11,0.0,2021-10-11,0.857159435749054,Strongly Positive,1.518303394317627,Strongly Positive
2021-10-10,0.0,,0.0,Neutral,0.6589178442955017,Strongly Positive
2021-10-06,0.0,2021-10-06,0.9232880473136902,Strongly Positive,1.1375779062509537,Strongly Positive
2021-10-05,0.0,2021-10-05,0.4259742498397827,Positive,0.8876182734966278,Strongly Positive
2021-10-04,0.0,2021-10-04,-0.1786015033721923,Slightly Negative,0.26520763337612163,Positive
2021-10-03,0.0,,0.0,Neutral,0.01719281077384953,Neutral
2021-09-30,0.0,,0.0,Neutral,-0.044650375843048075,Neutral
2021-09-29,0.0,2021-09-29,0.9257281422615052,Strongly Positive,0.9257281422615052,Strongly Positive
2021-09-28,0.0,2021-09-28,0.261738121509552,Positive,0.7246021926403046,Strongly Positive
2021-09-27,0.0,,0.0,Neutral,0.3623010963201523,Positive
2021-09-26,0.0,,0.0,Neutral,0.065434530377388,Slightly Positive
2021-09-23,0.0,2021-09-23,-0.5558741092681885,Negative,-0.5558741092681885,Negative
2021-09-22,0.0,,0.0,Neutral,-0.27793705463409424,Negative
2021-09-21,0.0,,0.0,Neutral,-0.13896852731704712,Slightly Negative
2021-09-20,0.0,,0.0,Neutral,0.0,Neutral
2021-09-16,0.0,2021-09-16,0.5890231132507324,Positive,0.5890231132507324,Positive
2021-09-15,0.0,,0.0,Neutral,0.2945115566253662,Positive
2021-09-14,0.0,,0.0,Neutral,0.1472557783126831,Slightly Positive
2021-09-13,0.0,,0.0,Neutral,0.0,Neutral
2021-09-12,0.0,2021-09-12,0.4431141316890716,Positive,0.4431141316890716,Positive
2021-09-09,0.0,,0.0,Neutral,0.2215570658445358,Positive
2021-09-08,0.0,,0.0,Neutral,0.1107785329222679,Slightly Positive
2021-09-07,0.0,,0.0,Neutral,0.0,Neutral
2021-09-06,0.0,,0.0,Neutral,0.0,Neutral
2021-09-05,0.0,,0.0,Neutral,0.0,Neutral
2021-09-02,0.0,,0.0,Neutral,0.0,Neutral
2021-09-01,0.0,,0.0,Neutral,0.0,Neutral
2021-08-31,0.0,,0.0,Neutral,0.0,Neutral
2021-08-29,0.0,,0.0,Neutral,0.0,Neutral
2021-08-26,0.0,,0.0,Neutral,0.0,Neutral
2021-08-25,0.0,,0.0,Neutral,0.0,Neutral
2021-08-24,0.0,,0.0,Neutral,0.0,Neutral
2021-08-19,0.0,2021-08-19,0.5259397625923157,Positive,0.5259397625923157,Positive
2021-08-18,0.0,,0.0,Neutral,0.26296988129615784,Positive
2021-08-17,0.0,,0.0,Neutral,0.13148494064807892,Slightly Positive
2021-08-16,0.0,2021-08-16,0.146904706954956,Slightly Positive,0.146904706954956,Slightly Positive
2021-08-15,0.0,,0.0,Neutral,0.073452353477478,Slightly Positive
2021-08-12,0.0,,0.0,Neutral,0.036726176738739,Neutral
2021-08-11,0.0,,0.0,Neutral,0.0,Neutral
2021-08-10,0.0,,0.0,Neutral,0.0,Neutral
2021-08-09,0.0,,0.0,Neutral,0.0,Neutral
2021-08-08,0.0,,0.0,Neutral,0.0,Neutral
2021-08-05,0.0,,0.0,Neutral,0.0,Neutral
2021-08-04,0.0,2021-08-04,-0.4183864593505859,Negative,-0.4183864593505859,Negative
2021-08-03,0.0,,0.0,Neutral,-0.20919322967529294,Negative
2021-08-02,0.0,,0.0,Neutral,-0.10459661483764647,Slightly Negative
2021-08-01,0.0,,0.0,Neutral,0.0,Neutral
2021-07-29,0.0,,0.0,Neutral,0.0,Neutral
2021-07-28,0.0,,0.0,Neutral,0.0,Neutral
2021-07-27,0.0,,0.0,Neutral,0.0,Neutral
2021-07-26,0.0,,0.0,Neutral,0.0,Neutral
2021-07-25,0.0,2021-07-25,-0.1586503386497497,Slightly Negative,-0.1586503386497497,Slightly Negative
2021-07-22,0.0,,0.0,Neutral,-0.07932516932487485,Slightly Negative
2021-07-20,0.0,,0.0,Neutral,-0.039662584662437425,Neutral
2021-07-19,0.0,,0.0,Neutral,0.0,Neutral
2021-07-18,0.0,,0.0,Neutral,0.0,Neutral
2021-07-15,0.0,2021-07-15,0.2684071958065033,Positive,0.2684071958065033,Positive
2021-07-14,0.0,,0.0,Neutral,0.13420359790325165,Slightly Positive
2021-07-13,0.0,,0.0,Neutral,0.06710179895162582,Slightly Positive
2021-07-12,0.0,,0.0,Neutral,0.0,Neutral
2021-07-11,0.0,2021-07-11,0.7197643518447876,Strongly Positive,0.7197643518447876,Strongly Positive
2021-07-08,0.0,,0.0,Neutral,0.3598821759223938,Positive
2021-07-07,0.0,2021-07-07,0.0943080335855484,Slightly Positive,0.2742491215467453,Positive
2021-07-06,0.0,,0.0,Neutral,0.0471540167927742,Neutral
2021-07-05,0.0,,0.0,Neutral,0.0235770083963871,Neutral
2021-07-04,0.0,,0.0,Neutral,0.0,Neutral
2021-07-01,0.0,,0.0,Neutral,0.0,Neutral
2021-06-30,0.0,2021-06-30,0.864063024520874,Strongly Positive,0.864063024520874,Strongly Positive
2021-06-29,0.0,,0.0,Neutral,0.432031512260437,Positive
2021-06-28,0.0,,0.0,Neutral,0.2160157561302185,Positive
2021-06-27,0.0,,0.0,Neutral,0.0,Neutral
2021-06-24,0.0,,0.0,Neutral,0.0,Neutral
2021-06-23,0.0,,0.0,Neutral,0.0,Neutral
2021-06-22,0.0,,0.0,Neutral,0.0,Neutral
2021-06-21,0.0,,0.0,Neutral,0.0,Neutral
2021-06-20,0.0,,0.0,Neutral,0.0,Neutral
2021-06-17,0.0,,0.0,Neutral,0.0,Neutral
2021-06-16,0.0,,0.0,Neutral,0.0,Neutral
2021-06-15,0.0,,0.0,Neutral,0.0,Neutral
2021-06-14,0.0,2021-06-14,0.6951586504777273,Strongly Positive,0.6951586504777273,Strongly Positive
2021-06-13,0.0,,0.0,Neutral,0.34757932523886365,Positive
2021-06-10,0.0,,0.0,Neutral,0.17378966261943182,Slightly Positive
2021-06-09,0.0,,0.0,Neutral,0.0,Neutral
2021-06-08,0.0,,0.0,Neutral,0.0,Neutral
2021-06-07,0.0,,0.0,Neutral,0.0,Neutral
2021-06-06,0.0,,0.0,Neutral,0.0,Neutral
2021-06-03,0.0,,0.0,Neutral,0.0,Neutral
2021-06-02,0.0,,0.0,Neutral,0.0,Neutral
2021-06-01,0.0,,0.0,Neutral,0.0,Neutral
2021-05-31,0.0,,0.0,Neutral,0.0,Neutral
2021-05-30,0.0,,0.0,Neutral,0.0,Neutral
2021-05-27,0.0,2021-05-27,0.2186865657567978,Positive,0.2186865657567978,Positive
2021-05-25,0.0,2021-05-25,0.655621349811554,Strongly Positive,0.7649646326899529,Strongly Positive
2021-05-24,0.0,,0.0,Neutral,0.3824823163449764,Positive
2021-05-23,0.0,,0.0,Neutral,0.1639053374528885,Slightly Positive
2021-05-20,0.0,,0.0,Neutral,0.0,Neutral
2021-05-19,0.0,,0.0,Neutral,0.0,Neutral
2021-05-18,0.0,,0.0,Neutral,0.0,Neutral
2021-05-17,0.0,,0.0,Neutral,0.0,Neutral
2021-05-16,0.0,2021-05-16,0.8713140487670898,Strongly Positive,0.8713140487670898,Strongly Positive
2021-05-13,0.0,,0.0,Neutral,0.4356570243835449,Positive
2021-05-12,0.0,,0.0,Neutral,0.21782851219177246,Positive
2021-05-11,0.0,,0.0,Neutral,0.0,Neutral
2021-05-10,0.0,,0.0,Neutral,0.0,Neutral
2021-05-09,0.0,,0.0,Neutral,0.0,Neutral
2021-05-06,0.0,,0.0,Neutral,0.0,Neutral
2021-05-05,0.0,,0.0,Neutral,0.0,Neutral
2021-05-04,0.0,,0.0,Neutral,0.0,Neutral
2021-05-03,0.0,,0.0,Neutral,0.0,Neutral
2021-05-02,0.0,2021-05-02,0.1060797721147537,Slightly Positive,0.1060797721147537,Slightly Positive
2021-04-29,0.0,2021-04-29,-0.3356136381626129,Negative,-0.28257375210523605,Negative
2021-04-28,0.0,2021-04-28,0.0036563519388437,Neutral,-0.13763052411377433,Slightly Negative
2021-04-27,0.0,,0.0,Neutral,-0.08207523357123138,Slightly Negative
2021-04-26,0.0,,0.0,Neutral,0.000914087984710925,Neutral
2021-04-25,0.0,,0.0,Neutral,0.0,Neutral
2021-04-22,0.0,,0.0,Neutral,0.0,Neutral
2021-04-21,0.0,2021-04-21,-0.5364495515823364,Negative,-0.5364495515823364,Negative
2021-04-20,0.0,2021-04-20,-0.8707112669944763,Strongly Negative,-1.1389360427856445,Strongly Negative
2021-04-19,0.0,,0.0,Neutral,-0.5694680213928223,Negative
2021-04-18,0.0,2021-04-18,-0.4178709387779236,Negative,-0.6355487555265427,Strongly Negative
2021-04-15,0.0,,0.0,Neutral,-0.2089354693889618,Negative
2021-04-13,0.0,2021-04-13,-0.5402607917785645,Negative,-0.6447285264730453,Strongly Negative
2021-04-12,0.0,,0.0,Neutral,-0.2701303958892822,Negative
2021-04-08,0.0,,0.0,Neutral,-0.1350651979446411,Slightly Negative
2021-04-07,0.0,,0.0,Neutral,0.0,Neutral
2021-04-06,0.0,,0.0,Neutral,0.0,Neutral
2021-04-05,0.0,2021-04-05,-0.4910283088684082,Negative,-0.4910283088684082,Negative
2021-04-04,0.0,,0.0,Neutral,-0.2455141544342041,Negative
2021-04-01,0.0,2021-04-01,0.1322474330663681,Slightly Positive,0.009490355849266052,Neutral
2021-03-31,0.0,,0.0,Neutral,0.06612371653318405,Slightly Positive
2021-03-30,0.0,,0.0,Neutral,0.033061858266592026,Neutral
2021-03-29,0.0,2021-03-29,0.849197268486023,Strongly Positive,0.849197268486023,Strongly Positive
2021-03-25,0.0,,0.0,Neutral,0.4245986342430115,Positive
2021-03-24,0.0,2021-03-24,-0.4105883538722992,Negative,-0.19828903675079346,Slightly Negative
2021-03-23,0.0,2021-03-23,0.8062120676040649,Strongly Positive,0.6009178906679153,Strongly Positive
2021-03-22,0.0,2021-03-22,-0.3435660600662231,Negative,-0.04310711473226542,Neutral
2021-03-21,0.0,,0.0,Neutral,0.02976998686790469,Neutral
2021-03-18,0.0,,0.0,Neutral,-0.08589151501655577,Slightly Negative
2021-03-17,0.0,,0.0,Neutral,0.0,Neutral
2021-03-16,0.0,,0.0,Neutral,0.0,Neutral
2021-03-15,0.0,,0.0,Neutral,0.0,Neutral
2021-03-14,0.0,2021-03-14,0.3672319650650024,Positive,0.3672319650650024,Positive
2021-03-10,0.0,,0.0,Neutral,0.1836159825325012,Slightly Positive
2021-03-09,0.0,,0.0,Neutral,0.0918079912662506,Slightly Positive
2021-03-07,0.0,2021-03-07,0.8898645639419556,Strongly Positive,0.8898645639419556,Strongly Positive
2021-03-04,0.0,,0.0,Neutral,0.4449322819709778,Positive
2021-03-03,0.0,,0.0,Neutral,0.2224661409854889,Positive
2021-03-02,0.0,2021-03-02,-0.438233733177185,Negative,-0.438233733177185,Negative
2021-03-01,0.0,,0.0,Neutral,-0.2191168665885925,Negative
2021-02-28,0.0,,0.0,Neutral,-0.10955843329429625,Slightly Negative
2021-02-25,0.0,,0.0,Neutral,0.0,Neutral
2021-02-24,0.0,2021-02-24,-0.4131810963153839,Negative,-0.4131810963153839,Negative
2021-02-23,0.0,,0.0,Neutral,-0.20659054815769196,Negative
2021-02-22,0.0,,0.0,Neutral,-0.10329527407884598,Slightly Negative
2021-02-21,0.0,2021-02-21,-0.5976194143295288,Negative,-0.5976194143295288,Negative
2021-02-18,0.0,,0.0,Neutral,-0.2988097071647644,Negative
2021-02-17,0.0,,0.0,Neutral,-0.1494048535823822,Slightly Negative
2021-02-16,0.0,,0.0,Neutral,0.0,Neutral
2021-02-15,0.0,,0.0,Neutral,0.0,Neutral
2021-02-14,0.0,,0.0,Neutral,0.0,Neutral
2021-02-11,0.0,,0.0,Neutral,0.0,Neutral
2021-02-10,0.0,2021-02-10,0.4726470112800598,Positive,0.4726470112800598,Positive
2021-02-09,0.0,2021-02-09,-0.5642222166061401,Negative,-0.32789871096611023,Negative
2021-02-08,0.0,2021-02-08,-0.4620852768421173,Negative,-0.6260346323251724,Strongly Negative
2021-02-07,0.0,,0.0,Neutral,-0.3720981925725937,Negative
2021-02-04,0.0,2021-02-04,-0.4566866755485534,Negative,-0.5722079947590828,Negative
2021-02-03,0.0,,0.0,Neutral,-0.2283433377742767,Negative
2021-02-02,0.0,,0.0,Neutral,-0.11417166888713835,Slightly Negative
2021-02-01,0.0,,0.0,Neutral,0.0,Neutral
2021-01-31,0.0,2021-01-31,0.0300732478499412,Neutral,0.0300732478499412,Neutral
2021-01-28,0.0,2021-01-28,0.7391324043273926,Strongly Positive,0.7541690282523632,Strongly Positive
2021-01-27,0.0,2021-01-27,0.9172951579093932,Strongly Positive,1.294379672035575,Strongly Positive
2021-01-26,0.0,2021-01-26,-0.5346378684043884,Negative,0.10879281163215632,Slightly Positive
2021-01-25,0.0,,0.0,Neutral,-0.037995144724845914,Neutral
2021-01-24,0.0,,0.0,Neutral,-0.1336594671010971,Slightly Negative
2021-01-21,0.0,2021-01-21,-0.8496271967887878,Strongly Negative,-0.8496271967887878,Strongly Negative
2021-01-20,0.0,,0.0,Neutral,-0.4248135983943939,Negative
2021-01-19,0.0,,0.0,Neutral,-0.21240679919719696,Negative
2021-01-18,0.0,,0.0,Neutral,0.0,Neutral
2021-01-17,0.0,2021-01-17,0.3041101396083832,Positive,0.3041101396083832,Positive
2021-01-13,0.0,2021-01-13,0.4864499568939209,Positive,0.6385050266981125,Strongly Positive
2021-01-12,0.0,,0.0,Neutral,0.31925251334905624,Positive
2021-01-11,0.0,2021-01-11,-0.3791023790836334,Negative,-0.2574898898601532,Negative
2021-01-10,0.0,2021-01-10,-0.4561843276023865,Negative,-0.6457355171442032,Strongly Negative
2021-01-07,0.0,2021-01-07,0.698971003293991,Strongly Positive,0.3761032447218894,Positive
2021-01-06,0.0,,0.0,Neutral,0.23543941974639887,Positive
2021-01-05,0.0,,0.0,Neutral,0.17474275082349774,Slightly Positive
2021-01-04,0.0,,0.0,Neutral,0.0,Neutral
2021-01-03,0.0,2021-01-03,-0.3271416127681732,Negative,-0.3271416127681732,Negative
2020-12-31,0.0,,0.0,Neutral,-0.1635708063840866,Slightly Negative
2020-12-30,0.0,2020-12-30,-0.4411584436893463,Negative,-0.5229438468813896,Negative
2020-12-29,0.0,,0.0,Neutral,-0.22057922184467316,Negative
2020-12-28,0.0,,0.0,Neutral,-0.11028961092233658,Slightly Negative
2020-12-27,0.0,,0.0,Neutral,0.0,Neutral
2020-12-24,0.0,2020-12-24,0.512558102607727,Positive,0.512558102607727,Positive
2020-12-23,0.0,,0.0,Neutral,0.2562790513038635,Positive
2020-12-22,0.0,,0.0,Neutral,0.12813952565193176,Slightly Positive
2020-12-21,0.0,2020-12-21,-0.5311627984046936,Negative,-0.5311627984046936,Negative
2020-12-20,0.0,,0.0,Neutral,-0.2655813992023468,Negative
2020-12-17,0.0,2020-12-17,0.6602139472961426,Strongly Positive,0.5274232476949692,Positive
2020-12-16,0.0,2020-12-16,0.6675947904586792,Strongly Positive,0.9977017641067505,Strongly Positive
2020-12-15,0.0,,0.0,Neutral,0.49885088205337524,Positive
2020-12-14,0.0,,0.0,Neutral,0.1668986976146698,Slightly Positive
2020-12-13,0.0,,0.0,Neutral,0.0,Neutral
2020-12-10,0.0,,0.0,Neutral,0.0,Neutral
2020-12-09,0.0,2020-12-09,0.1103778183460235,Slightly Positive,0.1103778183460235,Slightly Positive
2020-12-08,0.0,,0.0,Neutral,0.05518890917301175,Slightly Positive
2020-12-07,0.0,2020-12-07,0.6842315196990967,Strongly Positive,0.7118259742856026,Strongly Positive
2020-12-06,0.0,,0.0,Neutral,0.34211575984954834,Positive
2020-12-03,0.0,,0.0,Neutral,0.17105787992477417,Slightly Positive
2020-12-02,0.0,,0.0,Neutral,0.0,Neutral
2020-12-01,0.0,,0.0,Neutral,0.0,Neutral
2020-11-30,0.0,,0.0,Neutral,0.0,Neutral
2020-11-29,0.0,,0.0,Neutral,0.0,Neutral
2020-11-26,0.0,,0.0,Neutral,0.0,Neutral
2020-11-25,0.0,2020-11-25,0.8829460740089417,Strongly Positive,0.8829460740089417,Strongly Positive
2020-11-24,0.0,,0.0,Neutral,0.4414730370044708,Positive
2020-11-23,0.0,,0.0,Neutral,0.2207365185022354,Positive
2020-11-22,0.0,,0.0,Neutral,0.0,Neutral
2020-11-19,0.0,,0.0,Neutral,0.0,Neutral
2020-11-18,0.0,2020-11-18,0.1508250832557678,Slightly Positive,0.1508250832557678,Slightly Positive
2020-11-12,0.0,,0.0,Neutral,0.0754125416278839,Slightly Positive
2020-11-11,0.0,,0.0,Neutral,0.03770627081394195,Neutral
2020-11-10,0.0,2020-11-10,0.0448877215385437,Neutral,0.0448877215385437,Neutral
2020-11-09,0.0,,0.0,Neutral,0.02244386076927185,Neutral
2020-11-08,0.0,,0.0,Neutral,0.011221930384635925,Neutral
2020-11-05,0.0,2020-11-05,0.9027197360992432,Strongly Positive,0.9027197360992432,Strongly Positive
2020-11-04,0.0,,0.0,Neutral,0.4513598680496216,Positive
2020-11-03,0.0,,0.0,Neutral,0.2256799340248108,Positive
2020-11-02,0.0,,0.0,Neutral,0.0,Neutral
2020-11-01,0.0,,0.0,Neutral,0.0,Neutral
2020-10-29,0.0,,0.0,Neutral,0.0,Neutral
2020-10-28,0.0,,0.0,Neutral,0.0,Neutral
2020-10-22,0.0,,0.0,Neutral,0.0,Neutral
2020-10-21,0.0,2020-10-21,0.8985637426376343,Strongly Positive,0.8985637426376343,Strongly Positive
2020-10-20,0.0,,0.0,Neutral,0.44928187131881714,Positive
2020-10-19,0.0,2020-10-19,0.906398057937622,Strongly Positive,1.1310389935970306,Strongly Positive
2020-10-18,0.0,2020-10-18,0.8729951977729797,Strongly Positive,1.3261942267417908,Strongly Positive
2020-10-15,0.0,2020-10-15,0.6376285552978516,Strongly Positive,1.300725668668747,Strongly Positive
2020-10-14,0.0,,0.0,Neutral,0.5370630770921707,Positive
2020-10-13,0.0,,0.0,Neutral,0.1594071388244629,Slightly Positive
2020-10-12,0.0,,0.0,Neutral,0.0,Neutral
2020-10-11,0.0,,0.0,Neutral,0.0,Neutral
2020-10-08,0.0,,0.0,Neutral,0.0,Neutral
2020-10-07,0.0,,0.0,Neutral,0.0,Neutral
2020-10-06,0.0,,0.0,Neutral,0.0,Neutral
2020-10-05,0.0,,0.0,Neutral,0.0,Neutral
2020-10-04,0.0,,0.0,Neutral,0.0,Neutral
2020-10-01,0.0,,0.0,Neutral,0.0,Neutral
2020-09-30,0.0,,0.0,Neutral,0.0,Neutral
2020-09-29,0.0,,0.0,Neutral,0.0,Neutral
2020-09-28,0.0,,0.0,Neutral,0.0,Neutral
2020-09-27,0.0,,0.0,Neutral,0.0,Neutral
2020-09-24,0.0,,0.0,Neutral,0.0,Neutral
2020-09-23,0.0,,0.0,Neutral,0.0,Neutral
2020-09-22,0.0,,0.0,Neutral,0.0,Neutral
2020-09-21,0.0,,0.0,Neutral,0.0,Neutral
2020-09-20,0.0,,0.0,Neutral,0.0,Neutral
2020-09-17,0.0,,0.0,Neutral,0.0,Neutral
2020-09-16,0.0,2020-09-16,0.859821081161499,Strongly Positive,0.859821081161499,Strongly Positive
2020-09-15,0.0,2020-09-15,0.88677579164505,Strongly Positive,1.3166863322257996,Strongly Positive
2020-09-14,0.0,,0.0,Neutral,0.6583431661128998,Strongly Positive
2020-09-13,0.0,,0.0,Neutral,0.2216939479112625,Positive
2020-09-10,0.0,,0.0,Neutral,0.0,Neutral
2020-09-09,0.0,,0.0,Neutral,0.0,Neutral
2020-09-08,0.0,,0.0,Neutral,0.0,Neutral
2020-09-07,0.0,,0.0,Neutral,0.0,Neutral
2020-09-06,0.0,,0.0,Neutral,0.0,Neutral
2020-09-03,0.0,,0.0,Neutral,0.0,Neutral
2020-09-02,0.0,,0.0,Neutral,0.0,Neutral
2020-08-31,0.0,,0.0,Neutral,0.0,Neutral
2020-08-30,0.0,,0.0,Neutral,0.0,Neutral
2020-08-27,0.0,,0.0,Neutral,0.0,Neutral
2020-08-26,0.0,2020-08-26,0.4787486214190721,Positive,0.4787486214190721,Positive
2020-08-25,0.0,,0.0,Neutral,0.23937431070953605,Positive
2020-08-24,0.0,,0.0,Neutral,0.11968715535476802,Slightly Positive
2020-08-23,0.0,,0.0,Neutral,0.0,Neutral
2020-08-20,0.0,2020-08-20,0.3619968295097351,Positive,0.3619968295097351,Positive
2020-08-19,0.0,,0.0,Neutral,0.18099841475486755,Slightly Positive
2020-08-18,0.0,,0.0,Neutral,0.09049920737743378,Slightly Positive
2020-08-17,0.0,,0.0,Neutral,0.0,Neutral
2020-08-16,0.0,2020-08-16,0.0681280344724655,Slightly Positive,0.0681280344724655,Slightly Positive
2020-08-13,0.0,2020-08-13,-0.0032728966325521,Neutral,0.030791120603680652,Neutral
2020-08-12,0.0,,0.0,Neutral,0.015395560301840326,Neutral
2020-08-11,0.0,,0.0,Neutral,-0.000818224158138025,Neutral
2020-08-10,0.0,,0.0,Neutral,0.0,Neutral
2020-08-09,0.0,,0.0,Neutral,0.0,Neutral
2020-08-06,0.0,,0.0,Neutral,0.0,Neutral
2020-08-05,0.0,,0.0,Neutral,0.0,Neutral
2020-08-03,0.0,,0.0,Neutral,0.0,Neutral
2020-08-02,0.0,,0.0,Neutral,0.0,Neutral
2020-07-30,0.0,,0.0,Neutral,0.0,Neutral
2020-07-29,0.0,2020-07-29,0.8600679636001587,Strongly Positive,0.8600679636001587,Strongly Positive
2020-07-28,0.0,,0.0,Neutral,0.43003398180007935,Positive
2020-07-27,0.0,,0.0,Neutral,0.21501699090003967,Positive
2020-07-26,0.0,,0.0,Neutral,0.0,Neutral
2020-07-23,0.0,,0.0,Neutral,0.0,Neutral
2020-07-22,0.0,2020-07-22,0.5365362167358398,Positive,0.5365362167358398,Positive
2020-07-21,0.0,,0.0,Neutral,0.2682681083679199,Positive
2020-07-20,0.0,,0.0,Neutral,0.13413405418395996,Slightly Positive
2020-07-19,0.0,,0.0,Neutral,0.0,Neutral
2020-07-16,0.0,,0.0,Neutral,0.0,Neutral
2020-07-15,0.0,,0.0,Neutral,0.0,Neutral
2020-07-14,0.0,,0.0,Neutral,0.0,Neutral
2020-07-13,0.0,,0.0,Neutral,0.0,Neutral
2020-07-12,0.0,,0.0,Neutral,0.0,Neutral
2020-07-09,0.0,2020-07-09,0.8973246514797211,Strongly Positive,0.8973246514797211,Strongly Positive
2020-07-08,0.0,,0.0,Neutral,0.44866232573986053,Positive
2020-07-07,0.0,,0.0,Neutral,0.22433116286993027,Positive
2020-07-06,0.0,,0.0,Neutral,0.0,Neutral
2020-07-05,967.0,2020-07-05,0.2238288819789886,Positive,0.2238288819789886,Positive
2020-07-02,940.0,,0.0,Neutral,0.1119144409894943,Slightly Positive
2020-07-01,0.0,2020-07-01,-0.564888060092926,Negative,-0.5089308395981789,Negative
2020-06-30,982.0,2020-06-30,0.916642129421234,Strongly Positive,0.634198099374771,Strongly Positive
2020-06-29,930.0,,0.0,Neutral,0.3170990496873855,Positive
2020-05-13,900.0,,0.0,Neutral,0.2291605323553085,Positive
2020-05-12,927.0,,0.0,Neutral,0.0,Neutral
2020-03-22,955.0,2020-03-22,0.5310344099998474,Positive,0.5310344099998474,Positive
2020-03-19,965.0,,0.0,Neutral,0.2655172049999237,Positive
2020-03-18,965.0,,0.0,Neutral,0.13275860249996185,Slightly Positive
2020-03-17,980.0,2020-03-17,0.8020090460777283,Strongly Positive,0.8020090460777283,Strongly Positive
2020-03-16,0.0,2020-03-16,0.6043878793716431,Strongly Positive,1.0053924024105072,Strongly Positive
2020-03-15,993.0,2020-03-15,0.8521060943603516,Strongly Positive,1.3548022955656052,Strongly Positive
2020-03-12,0.0,,0.0,Neutral,0.5771500170230865,Positive
2020-03-11,0.0,2020-03-11,0.6391243934631348,Strongly Positive,0.8521509170532227,Strongly Positive
2020-03-10,970.0,2020-03-10,-0.6497147083282471,Strongly Negative,-0.3301525115966797,Negative
2020-03-05,0.0,2020-03-05,0.7326845228672028,Strongly Positive,0.5676082670688629,Positive
2020-03-04,0.0,2020-03-04,-0.0493215024471282,Neutral,0.15459208190441143,Slightly Positive
2020-03-03,0.0,2020-03-03,0.9211212992668152,Strongly Positive,1.0796316787600517,Strongly Positive
2020-03-02,0.0,2020-03-02,0.7860763669013977,Strongly Positive,1.2343066409230232,Strongly Positive
2020-03-01,0.0,,0.0,Neutral,0.6233185082674026,Strongly Positive
2020-02-27,0.0,2020-02-27,0.4762963950634002,Positive,0.6728154867887497,Strongly Positive
2020-02-26,0.0,2020-02-26,-0.5152184963226318,Negative,-0.2770702987909317,Negative
2020-02-25,0.0,2020-02-25,0.9188093543052672,Strongly Positive,0.7802742049098014,Strongly Positive
2020-02-24,0.0,2020-02-24,0.0043060332536697,Neutral,0.33490608632564534,Positive
2020-02-23,0.0,2020-02-23,0.0224795639514923,Neutral,0.25433491915464396,Positive
2020-02-20,0.0,2020-02-20,0.7416114807128906,Strongly Positive,0.7539277710020542,Strongly Positive
2020-02-19,0.0,2020-02-19,0.5676307678222656,Positive,0.944056399166584,Strongly Positive
2020-02-18,0.0,,0.0,Neutral,0.46921825408935547,Positive
2020-02-17,0.0,2020-02-17,0.7569572925567627,Strongly Positive,0.8988649845123291,Strongly Positive
2020-02-16,0.0,2020-02-16,0.3593215346336365,Positive,0.7378001809120178,Strongly Positive
2020-02-13,0.0,2020-02-13,-0.1728152632713318,Slightly Negative,0.19608482718467712,Slightly Positive
2020-02-12,0.0,,0.0,Neutral,0.003422752022743225,Neutral
2020-02-11,0.0,2020-02-11,-0.6466630697250366,Strongly Negative,-0.6898668855428696,Strongly Negative
2020-02-10,0.0,,0.0,Neutral,-0.3233315348625183,Negative
2020-02-09,981.0,,0.0,Neutral,-0.16166576743125916,Slightly Negative
2020-02-06,988.0,,0.0,Neutral,0.0,Neutral
2020-02-05,991.0,2020-02-05,0.879252552986145,Strongly Positive,0.879252552986145,Strongly Positive
2020-02-04,991.0,,0.0,Neutral,0.4396262764930725,Positive
2020-02-03,0.0,,0.0,Neutral,0.21981313824653625,Positive
2020-02-02,997.0,,0.0,Neutral,0.0,Neutral
2020-01-30,985.0,,0.0,Neutral,0.0,Neutral
2020-01-29,975.0,,0.0,Neutral,0.0,Neutral
2020-01-28,935.0,2020-01-28,0.283295214176178,Positive,0.283295214176178,Positive
2020-01-27,904.0,,0.0,Neutral,0.141647607088089,Slightly Positive
2020-01-26,880.0,2020-01-26,0.8893269896507263,Strongly Positive,0.9601507931947708,Strongly Positive
2020-01-23,882.0,,0.0,Neutral,0.44466349482536316,Positive
2020-01-22,891.0,,0.0,Neutral,0.22233174741268158,Positive
2020-01-21,903.0,,0.0,Neutral,0.0,Neutral
2020-01-20,904.0,2020-01-20,-0.2280759774148464,Negative,-0.2280759774148464,Negative
2020-01-19,916.0,,0.0,Neutral,-0.1140379887074232,Slightly Negative
2020-01-16,917.0,,0.0,Neutral,-0.0570189943537116,Slightly Negative
2020-01-15,895.0,,0.0,Neutral,0.0,Neutral
2020-01-14,888.0,2020-01-14,0.5020753741264343,Positive,0.5020753741264343,Positive
2020-01-13,890.0,,0.0,Neutral,0.25103768706321716,Positive
2020-01-12,890.0,,0.0,Neutral,0.12551884353160858,Slightly Positive
2020-01-09,856.0,,0.0,Neutral,0.0,Neutral
2020-01-08,839.0,,0.0,Neutral,0.0,Neutral
2020-01-07,838.0,,0.0,Neutral,0.0,Neutral
2020-01-06,830.0,,0.0,Neutral,0.0,Neutral
2020-01-05,815.0,2020-01-05,0.5616716295480728,Positive,0.5616716295480728,Positive
2020-01-02,810.0,,0.0,Neutral,0.2808358147740364,Positive
2020-01-01,806.0,,0.0,Neutral,0.1404179073870182,Slightly Positive
2019-12-31,792.0,,0.0,Neutral,0.0,Neutral
2019-12-30,790.0,2019-12-30,0.7870628833770752,Strongly Positive,0.7870628833770752,Strongly Positive
2019-12-29,788.0,,0.0,Neutral,0.3935314416885376,Positive
2019-12-26,799.0,2019-12-26,0.3885568231344224,Positive,0.5853225439786912,Positive
2019-12-25,790.0,,0.0,Neutral,0.1942784115672112,Slightly Positive
2019-12-24,800.0,,0.0,Neutral,0.0971392057836056,Slightly Positive
2019-12-23,805.0,,0.0,Neutral,0.0,Neutral
2019-12-22,785.0,,0.0,Neutral,0.0,Neutral
2019-12-19,786.0,,0.0,Neutral,0.0,Neutral
2019-12-18,800.0,,0.0,Neutral,0.0,Neutral
2019-12-17,805.0,,0.0,Neutral,0.0,Neutral
2019-12-16,793.0,,0.0,Neutral,0.0,Neutral
2019-12-15,804.0,,0.0,Neutral,0.0,Neutral
2019-12-12,810.0,,0.0,Neutral,0.0,Neutral
2019-12-11,803.0,,0.0,Neutral,0.0,Neutral
2019-12-10,796.0,,0.0,Neutral,0.0,Neutral
2019-12-09,800.0,,0.0,Neutral,0.0,Neutral
2019-12-08,792.0,,0.0,Neutral,0.0,Neutral
2019-12-05,780.0,,0.0,Neutral,0.0,Neutral
2019-12-04,793.0,,0.0,Neutral,0.0,Neutral
2019-12-03,765.0,2019-12-03,0.618488609790802,Strongly Positive,0.618488609790802,Strongly Positive
2019-12-02,760.0,2019-12-02,0.6570655703544617,Strongly Positive,0.9663098752498627,Strongly Positive
2019-12-01,983.0,,0.0,Neutral,0.48315493762493134,Positive
2019-11-28,981.0,,0.0,Neutral,0.16426639258861542,Slightly Positive
2019-11-27,982.0,,0.0,Neutral,0.0,Neutral
2019-11-26,980.0,,0.0,Neutral,0.0,Neutral
2019-11-25,973.0,,0.0,Neutral,0.0,Neutral
2019-11-24,969.0,2019-11-24,0.7399795055389404,Strongly Positive,0.7399795055389404,Strongly Positive
2019-11-21,966.0,,0.0,Neutral,0.3699897527694702,Positive
2019-11-20,970.0,,0.0,Neutral,0.1849948763847351,Slightly Positive
2019-11-19,970.0,2019-11-19,0.4210245609283447,Positive,0.4210245609283447,Positive
2019-11-18,974.0,,0.0,Neutral,0.21051228046417236,Positive
2019-11-17,979.0,,0.0,Neutral,0.10525614023208618,Slightly Positive
2019-11-14,975.0,,0.0,Neutral,0.0,Neutral
2019-11-13,977.0,,0.0,Neutral,0.0,Neutral
2019-11-12,980.0,,0.0,Neutral,0.0,Neutral
2019-11-11,974.0,,0.0,Neutral,0.0,Neutral
2019-11-10,971.0,2019-11-10,-0.0885843336582183,Slightly Negative,-0.0885843336582183,Slightly Negative
2019-11-07,965.0,,0.0,Neutral,-0.04429216682910915,Neutral
2019-11-06,969.0,,0.0,Neutral,-0.022146083414554575,Neutral
2019-11-05,964.0,,0.0,Neutral,0.0,Neutral
2019-11-04,968.0,2019-11-04,-0.9058239459991456,Strongly Negative,-0.9058239459991456,Strongly Negative
2019-11-03,972.0,,0.0,Neutral,-0.4529119729995728,Negative
2019-10-31,971.0,,0.0,Neutral,-0.2264559864997864,Negative
2019-10-24,971.0,,0.0,Neutral,0.0,Neutral
2019-10-23,970.0,,0.0,Neutral,0.0,Neutral
2019-10-22,965.0,,0.0,Neutral,0.0,Neutral
2019-10-21,964.0,2019-10-21,0.7867043614387512,Strongly Positive,0.7867043614387512,Strongly Positive
2019-10-20,961.0,,0.0,Neutral,0.3933521807193756,Positive
2019-10-17,965.0,,0.0,Neutral,0.1966760903596878,Slightly Positive
2019-10-16,960.0,,0.0,Neutral,0.0,Neutral
2019-10-15,961.0,,0.0,Neutral,0.0,Neutral
2019-10-14,969.0,,0.0,Neutral,0.0,Neutral
2019-10-10,970.0,,0.0,Neutral,0.0,Neutral
2019-10-03,974.0,2019-10-03,0.6210771203041077,Strongly Positive,0.6210771203041077,Strongly Positive
2019-10-02,972.0,,0.0,Neutral,0.31053856015205383,Positive
2019-10-01,970.0,2019-10-01,-0.3024523556232452,Negative,-0.14718307554721827,Slightly Negative
2019-09-30,970.0,,0.0,Neutral,-0.1512261778116226,Slightly Negative
2019-09-29,964.0,2019-09-29,0.8132269978523254,Strongly Positive,0.7376139089465141,Strongly Positive
2019-09-26,956.0,2019-09-26,0.5172597169876099,Positive,0.9238732159137726,Strongly Positive
2019-09-25,974.0,,0.0,Neutral,0.4619366079568863,Positive
2019-09-24,961.0,2019-09-24,-0.0042473077774047,Neutral,0.12506762146949776,Slightly Positive
2019-09-23,965.0,,0.0,Neutral,-0.00212365388870235,Neutral
2019-09-22,965.0,,0.0,Neutral,-0.001061826944351175,Neutral
2019-09-19,978.0,,0.0,Neutral,0.0,Neutral
2019-09-18,975.0,,0.0,Neutral,0.0,Neutral
2019-09-17,970.0,2019-09-17,0.4095453321933746,Positive,0.4095453321933746,Positive
2019-09-16,965.0,2019-09-16,0.4361126124858857,Positive,0.6408852785825729,Strongly Positive
2019-09-15,963.0,2019-09-15,0.6814584136009216,Strongly Positive,1.001901052892208,Strongly Positive
2019-09-12,976.0,,0.0,Neutral,0.4497573599219322,Positive
2019-09-11,978.0,2019-09-11,0.869890034198761,Strongly Positive,1.0402546375989914,Strongly Positive
2019-09-10,979.0,,0.0,Neutral,0.4349450170993805,Positive
2019-09-09,979.0,,0.0,Neutral,0.21747250854969025,Positive
2019-09-08,997.0,2019-09-08,0.7852203249931335,Strongly Positive,0.7852203249931335,Strongly Positive
2019-09-05,980.0,,0.0,Neutral,0.3926101624965668,Positive
2019-09-04,980.0,2019-09-04,0.4178094565868377,Positive,0.6141145378351212,Strongly Positive
2019-09-03,984.0,,0.0,Neutral,0.20890472829341886,Positive
2019-09-02,956.0,2019-09-02,0.521414041519165,Positive,0.6258664056658745,Strongly Positive
2019-09-01,970.0,,0.0,Neutral,0.2607070207595825,Positive
2019-08-29,968.0,,0.0,Neutral,0.13035351037979126,Slightly Positive
2019-08-28,977.0,,0.0,Neutral,0.0,Neutral
2019-08-27,985.0,2019-08-27,0.3579877018928528,Positive,0.3579877018928528,Positive
2019-08-26,983.0,2019-08-26,0.7882136106491089,Strongly Positive,0.9672074615955353,Strongly Positive
2019-08-25,985.0,,0.0,Neutral,0.48360373079776764,Positive
2019-08-22,989.0,,0.0,Neutral,0.19705340266227722,Slightly Positive
2019-08-21,990.0,,0.0,Neutral,0.0,Neutral
2019-08-20,990.0,,0.0,Neutral,0.0,Neutral
2019-08-19,993.0,2019-08-19,0.8192152976989746,Strongly Positive,0.8192152976989746,Strongly Positive
2019-08-18,988.0,,0.0,Neutral,0.4096076488494873,Positive
2019-08-15,999.0,,0.0,Neutral,0.20480382442474365,Positive
2019-08-14,999.0,2019-08-14,0.8356881737709045,Strongly Positive,0.8356881737709045,Strongly Positive
2019-08-13,980.0,2019-08-13,0.6991210579872131,Strongly Positive,1.1169651448726654,Strongly Positive
2019-08-12,987.0,,0.0,Neutral,0.5584825724363327,Positive
2019-08-11,989.0,,0.0,Neutral,0.17478026449680328,Slightly Positive
2019-08-08,989.0,,0.0,Neutral,0.0,Neutral
2019-08-07,0.0,2019-08-07,-0.4570404589176178,Negative,-0.4570404589176178,Negative
2019-08-06,999.0,,0.0,Neutral,-0.2285202294588089,Negative
2019-08-05,0.0,,0.0,Neutral,-0.11426011472940445,Slightly Negative
2019-08-04,0.0,,0.0,Neutral,0.0,Neutral
2019-08-01,997.0,,0.0,Neutral,0.0,Neutral
2019-07-31,993.0,2019-07-31,-0.4471966624259949,Negative,-0.4471966624259949,Negative
2019-07-30,980.0,,0.0,Neutral,-0.22359833121299744,Negative
2019-07-29,982.0,2019-07-29,0.5511285066604614,Positive,0.4393293410539627,Positive
2019-07-28,983.0,,0.0,Neutral,0.2755642533302307,Positive
2019-07-25,990.0,,0.0,Neutral,0.13778212666511536,Slightly Positive
2019-07-24,0.0,2019-07-24,0.8770189881324768,Strongly Positive,0.8770189881324768,Strongly Positive
2019-07-23,999.0,,0.0,Neutral,0.4385094940662384,Positive
2019-07-22,977.0,,0.0,Neutral,0.2192547470331192,Positive
2019-07-21,973.0,2019-07-21,0.1339715123176574,Slightly Positive,0.1339715123176574,Slightly Positive
2019-07-18,974.0,,0.0,Neutral,0.0669857561588287,Slightly Positive
2019-07-17,965.0,2019-07-17,0.8922961354255676,Strongly Positive,0.925789013504982,Strongly Positive
2019-07-16,950.0,,0.0,Neutral,0.4461480677127838,Positive
2019-07-15,950.0,,0.0,Neutral,0.2230740338563919,Positive
2019-07-14,943.0,,0.0,Neutral,0.0,Neutral
2019-07-11,950.0,,0.0,Neutral,0.0,Neutral
2019-07-10,950.0,2019-07-10,-0.4849487543106079,Negative,-0.4849487543106079,Negative
2019-07-09,947.0,,0.0,Neutral,-0.24247437715530396,Negative
2019-07-08,945.0,2019-07-08,0.8237234354019165,Strongly Positive,0.7024862468242645,Strongly Positive
2019-07-07,951.0,2019-07-07,0.8937943577766418,Strongly Positive,1.3056560754776,Strongly Positive
2019-07-04,960.0,2019-07-04,0.6093844771385193,Strongly Positive,1.2622125148773193,Strongly Positive
2019-07-03,959.0,,0.0,Neutral,0.5281408280134201,Positive
2019-07-02,948.0,2019-07-02,-0.2368516623973846,Negative,-0.08450554311275477,Slightly Negative
2019-07-01,932.0,2019-07-01,-0.4330974519252777,Negative,-0.55152328312397,Negative
2019-06-30,935.0,,0.0,Neutral,-0.275761641561985,Negative
2019-06-27,935.0,,0.0,Neutral,-0.10827436298131943,Slightly Negative
2019-06-26,939.0,,0.0,Neutral,0.0,Neutral
2019-06-25,938.0,,0.0,Neutral,0.0,Neutral
2019-06-24,949.0,,0.0,Neutral,0.0,Neutral
2019-06-23,935.0,,0.0,Neutral,0.0,Neutral
2019-06-20,932.0,,0.0,Neutral,0.0,Neutral
2019-06-19,930.0,,0.0,Neutral,0.0,Neutral
2019-06-18,930.0,,0.0,Neutral,0.0,Neutral
2019-06-17,928.0,2019-06-17,-0.6195419430732727,Strongly Negative,-0.6195419430732727,Strongly Negative
2019-06-16,925.0,2019-06-16,0.0492241531610489,Neutral,-0.26054681837558746,Negative
2019-06-13,939.0,,0.0,Neutral,-0.13027340918779373,Slightly Negative
2019-06-12,936.0,,0.0,Neutral,0.012306038290262226,Neutral
2019-06-11,939.0,,0.0,Neutral,0.0,Neutral
2019-06-10,939.0,,0.0,Neutral,0.0,Neutral
2019-06-06,939.0,,0.0,Neutral,0.0,Neutral
2019-06-04,942.0,,0.0,Neutral,0.0,Neutral
2019-06-03,944.0,,0.0,Neutral,0.0,Neutral
2019-06-02,948.0,,0.0,Neutral,0.0,Neutral
2019-05-30,953.0,,0.0,Neutral,0.0,Neutral
2019-05-29,956.0,2019-05-29,0.3382772803306579,Positive,0.3382772803306579,Positive
2019-05-28,957.0,,0.0,Neutral,0.16913864016532895,Slightly Positive
2019-05-27,955.0,,0.0,Neutral,0.08456932008266448,Slightly Positive
2019-05-26,950.0,,0.0,Neutral,0.0,Neutral
2019-05-23,952.0,,0.0,Neutral,0.0,Neutral
2019-05-22,956.0,2019-05-22,0.9192432165145874,Strongly Positive,0.9192432165145874,Strongly Positive
2019-05-21,942.0,,0.0,Neutral,0.4596216082572937,Positive
2019-05-20,941.0,,0.0,Neutral,0.22981080412864685,Positive
2019-05-19,948.0,,0.0,Neutral,0.0,Neutral
2019-05-16,954.0,2019-05-16,0.6019901037216187,Strongly Positive,0.6019901037216187,Strongly Positive
2019-05-15,957.0,,0.0,Neutral,0.3009950518608093,Positive
2019-05-14,958.0,2019-05-14,-0.1161871999502182,Slightly Negative,0.03431032598018646,Neutral
2019-05-13,951.0,,0.0,Neutral,-0.0580935999751091,Slightly Negative
2019-05-12,951.0,,0.0,Neutral,-0.02904679998755455,Neutral
2019-05-09,953.0,,0.0,Neutral,0.0,Neutral
2019-05-08,961.0,,0.0,Neutral,0.0,Neutral
2019-05-07,970.0,,0.0,Neutral,0.0,Neutral
2019-05-06,962.0,,0.0,Neutral,0.0,Neutral
2019-05-05,958.0,,0.0,Neutral,0.0,Neutral
2019-05-02,970.0,,0.0,Neutral,0.0,Neutral
2019-04-30,968.0,,0.0,Neutral,0.0,Neutral
2019-04-29,952.0,2019-04-29,0.6715145111083984,Strongly Positive,0.6715145111083984,Strongly Positive
2019-04-28,0.0,,0.0,Neutral,0.3357572555541992,Positive
2019-04-25,0.0,,0.0,Neutral,0.1678786277770996,Slightly Positive
2019-04-24,0.0,2019-04-24,-0.2091304957866668,Negative,-0.2091304957866668,Negative
2019-04-23,0.0,,0.0,Neutral,-0.1045652478933334,Slightly Negative
2019-04-22,0.0,2019-04-22,0.7112140357494354,Strongly Positive,0.6589314118027687,Strongly Positive
2019-04-21,0.0,2019-04-21,0.2224275916814804,Positive,0.5780346095561981,Positive
2019-04-18,0.0,,0.0,Neutral,0.28901730477809906,Positive
2019-04-17,970.0,,0.0,Neutral,0.0556068979203701,Slightly Positive
2019-04-16,960.0,2019-04-16,0.7619708776473999,Strongly Positive,0.7619708776473999,Strongly Positive
2019-04-15,930.0,,0.0,Neutral,0.38098543882369995,Positive
2019-04-11,903.0,2019-04-11,0.5554110407829285,Positive,0.7459037601947784,Strongly Positive
2019-04-10,910.0,2019-04-10,0.8950625061988831,Strongly Positive,1.1727680265903473,Strongly Positive
2019-04-09,907.0,2019-04-09,0.8805367946624756,Strongly Positive,1.4669208079576492,Strongly Positive
2019-04-08,913.0,,0.0,Neutral,0.6640340238809586,Strongly Positive
2019-04-07,895.0,,0.0,Neutral,0.2201341986656189,Positive
2019-04-04,890.0,,0.0,Neutral,0.0,Neutral
2019-04-03,895.0,2019-04-03,0.8603233098983765,Strongly Positive,0.8603233098983765,Strongly Positive
2019-04-02,897.0,,0.0,Neutral,0.43016165494918823,Positive
2019-04-01,890.0,2019-04-01,0.6460291147232056,Strongly Positive,0.8611099421977997,Strongly Positive
2019-03-31,885.0,,0.0,Neutral,0.3230145573616028,Positive
2019-03-28,885.0,,0.0,Neutral,0.1615072786808014,Slightly Positive
2019-03-27,888.0,,0.0,Neutral,0.0,Neutral
2019-03-26,879.0,2019-03-26,0.5928543210029602,Positive,0.5928543210029602,Positive
2019-03-25,884.0,,0.0,Neutral,0.2964271605014801,Positive
2019-03-24,883.0,,0.0,Neutral,0.14821358025074005,Slightly Positive
2019-03-21,880.0,,0.0,Neutral,0.0,Neutral
2019-03-19,878.0,2019-03-19,0.4687463641166687,Positive,0.4687463641166687,Positive
2019-03-18,880.0,,0.0,Neutral,0.23437318205833435,Positive
2019-03-17,891.0,,0.0,Neutral,0.11718659102916718,Slightly Positive
2019-03-14,893.0,,0.0,Neutral,0.0,Neutral
2019-03-13,892.0,,0.0,Neutral,0.0,Neutral
2019-03-12,898.0,,0.0,Neutral,0.0,Neutral
2019-03-11,897.0,2019-03-11,-0.5805007219314575,Negative,-0.5805007219314575,Negative
2019-03-10,895.0,,0.0,Neutral,-0.29025036096572876,Negative
2019-03-07,886.0,2019-03-07,0.8529539108276367,Strongly Positive,0.7078287303447723,Strongly Positive
2019-03-06,874.0,,0.0,Neutral,0.42647695541381836,Positive
2019-03-05,868.0,2019-03-05,-0.6652853488922119,Strongly Negative,-0.45204687118530273,Negative
2019-03-03,868.0,,0.0,Neutral,-0.33264267444610596,Negative
2019-02-27,865.0,,0.0,Neutral,-0.16632133722305298,Slightly Negative
2019-02-26,869.0,,0.0,Neutral,0.0,Neutral
2019-02-25,875.0,,0.0,Neutral,0.0,Neutral
2019-02-24,865.0,,0.0,Neutral,0.0,Neutral
2019-02-21,871.0,,0.0,Neutral,0.0,Neutral
2019-02-20,860.0,2019-02-20,-0.000268280506134,Neutral,-0.000268280506134,Neutral
2019-02-19,879.0,,0.0,Neutral,-0.000134140253067,Neutral
2019-02-18,863.0,2019-02-18,0.5097264647483826,Positive,0.5096593946218491,Positive
2019-02-17,870.0,,0.0,Neutral,0.2548632323741913,Positive
2019-02-14,864.0,,0.0,Neutral,0.12743161618709564,Slightly Positive
2019-02-13,868.0,,0.0,Neutral,0.0,Neutral
2019-02-12,877.0,,0.0,Neutral,0.0,Neutral
2019-02-11,877.0,,0.0,Neutral,0.0,Neutral
2019-02-10,874.0,,0.0,Neutral,0.0,Neutral
2019-02-07,877.0,,0.0,Neutral,0.0,Neutral
2019-02-06,876.0,,0.0,Neutral,0.0,Neutral
2019-02-05,873.0,,0.0,Neutral,0.0,Neutral
2019-02-04,868.0,2019-02-04,-0.7323634028434753,Strongly Negative,-0.7323634028434753,Strongly Negative
2019-02-03,877.0,2019-02-03,0.4023022949695587,Positive,0.036120593547821045,Neutral
2019-01-31,875.0,,0.0,Neutral,0.018060296773910522,Neutral
2019-01-30,866.0,2019-01-30,0.127448558807373,Slightly Positive,0.22802413254976267,Positive
2019-01-29,870.0,,0.0,Neutral,0.0637242794036865,Slightly Positive
2019-01-28,877.0,,0.0,Neutral,0.03186213970184325,Neutral
2019-01-27,880.0,,0.0,Neutral,0.0,Neutral
2019-01-24,895.0,2019-01-24,0.6918145418167114,Strongly Positive,0.6918145418167114,Strongly Positive
2019-01-23,886.0,,0.0,Neutral,0.3459072709083557,Positive
2019-01-22,884.0,,0.0,Neutral,0.17295363545417786,Slightly Positive
2019-01-21,876.0,2019-01-21,0.4966762065887451,Positive,0.4966762065887451,Positive
2019-01-20,893.0,2019-01-20,0.7727754712104797,Strongly Positive,1.0211135745048523,Strongly Positive
2019-01-17,925.0,,0.0,Neutral,0.5105567872524261,Positive
2019-01-16,890.0,,0.0,Neutral,0.19319386780261993,Slightly Positive
2019-01-15,885.0,2019-01-15,0.519601047039032,Positive,0.519601047039032,Positive
2019-01-14,867.0,2019-01-14,0.9134968519210817,Strongly Positive,1.1732973754405975,Strongly Positive
2019-01-13,840.0,,0.0,Neutral,0.5866486877202988,Positive
2019-01-10,846.0,,0.0,Neutral,0.2283742129802704,Positive
2019-01-09,821.0,2019-01-09,0.7550469636917114,Strongly Positive,0.7550469636917114,Strongly Positive
2019-01-08,818.0,2019-01-08,0.7743663191795349,Strongly Positive,1.1518898010253906,Strongly Positive
2019-01-07,825.0,2019-01-07,0.7200121879577637,Strongly Positive,1.295957088470459,Strongly Positive
2019-01-06,808.0,2019-01-06,0.5872798562049866,Positive,1.1408775299787521,Strongly Positive
2019-01-03,858.0,,0.0,Neutral,0.4736429750919342,Positive
2019-01-02,856.0,2019-01-02,-0.4312562644481659,Negative,-0.28443630039691925,Negative
2019-01-01,843.0,2019-01-01,0.5289696455001831,Positive,0.31334151327610016,Positive
2018-12-31,848.0,2018-12-31,0.8081836700439453,Strongly Positive,0.9648544266819954,Strongly Positive
2018-12-30,858.0,2018-12-30,0.8666418790817261,Strongly Positive,1.4029761254787445,Strongly Positive
2018-12-27,859.0,2018-12-27,0.8413619995117188,Strongly Positive,1.4767288565635681,Strongly Positive
2018-12-26,855.0,2018-12-26,0.5205397605895996,Positive,1.1578812301158905,Strongly Positive
2018-12-25,833.0,,0.0,Neutral,0.4706103801727295,Positive
2018-12-24,831.0,2018-12-24,0.912123441696167,Strongly Positive,1.042258381843567,Strongly Positive
2018-12-23,827.0,,0.0,Neutral,0.4560617208480835,Positive
2018-12-20,820.0,2018-12-20,-0.2122925519943237,Negative,0.015738308429718045,Neutral
2018-12-19,815.0,2018-12-19,-0.3084029853343963,Negative,-0.41454926133155817,Negative
2018-12-18,829.0,,0.0,Neutral,-0.20727463066577909,Negative
2018-12-17,830.0,,0.0,Neutral,-0.07710074633359908,Slightly Negative
2018-12-16,830.0,2018-12-16,0.7137515544891357,Strongly Positive,0.7137515544891357,Strongly Positive
2018-12-13,822.0,2018-12-13,-0.1332300901412964,Slightly Negative,0.22364568710327148,Positive
2018-12-12,830.0,,0.0,Neutral,0.11182284355163574,Slightly Positive
2018-12-11,829.0,2018-12-11,0.8785602450370789,Strongly Positive,0.8452527225017548,Strongly Positive
2018-12-10,840.0,2018-12-10,0.7846078276634216,Strongly Positive,1.223887950181961,Strongly Positive
2018-12-09,832.0,,0.0,Neutral,0.6119439750909805,Strongly Positive
2018-12-06,827.0,,0.0,Neutral,0.1961519569158554,Slightly Positive
2018-12-05,827.0,,0.0,Neutral,0.0,Neutral
2018-12-04,841.0,2018-12-04,0.033573567867279,Neutral,0.033573567867279,Neutral
2018-12-03,840.0,,0.0,Neutral,0.0167867839336395,Neutral
2018-12-02,839.0,2018-12-02,0.0572157725691795,Slightly Positive,0.06560916453599924,Slightly Positive
2018-11-29,851.0,2018-11-29,0.8101602792739868,Strongly Positive,0.8387681655585766,Strongly Positive
2018-11-28,856.0,,0.0,Neutral,0.4193840827792883,Positive
2018-11-27,860.0,,0.0,Neutral,0.2025400698184967,Positive
2018-11-26,872.0,,0.0,Neutral,0.0,Neutral
2018-11-25,870.0,,0.0,Neutral,0.0,Neutral
2018-11-22,880.0,,0.0,Neutral,0.0,Neutral
2018-11-21,878.0,,0.0,Neutral,0.0,Neutral
2018-11-20,861.0,,0.0,Neutral,0.0,Neutral
2018-11-19,874.0,2018-11-19,0.5714744180440903,Positive,0.5714744180440903,Positive
2018-11-18,875.0,,0.0,Neutral,0.28573720902204514,Positive
2018-11-15,881.0,,0.0,Neutral,0.14286860451102257,Slightly Positive
2018-11-14,893.0,,0.0,Neutral,0.0,Neutral
2018-11-13,894.0,2018-11-13,-0.1938473582267761,Slightly Negative,-0.1938473582267761,Slightly Negative
2018-11-12,880.0,,0.0,Neutral,-0.09692367911338805,Slightly Negative
2018-11-11,873.0,,0.0,Neutral,-0.048461839556694024,Neutral
2018-11-06,890.0,2018-11-06,-0.1830361932516098,Slightly Negative,-0.1830361932516098,Slightly Negative
2018-11-05,884.0,,0.0,Neutral,-0.0915180966258049,Slightly Negative
2018-11-04,875.0,,0.0,Neutral,-0.04575904831290245,Neutral
2018-11-01,885.0,,0.0,Neutral,0.0,Neutral
2018-10-31,889.0,,0.0,Neutral,0.0,Neutral
2018-10-30,885.0,,0.0,Neutral,0.0,Neutral
2018-10-29,876.0,,0.0,Neutral,0.0,Neutral
2018-10-28,872.0,,0.0,Neutral,0.0,Neutral
2018-10-25,885.0,,0.0,Neutral,0.0,Neutral
2018-10-24,896.0,,0.0,Neutral,0.0,Neutral
2018-10-23,898.0,,0.0,Neutral,0.0,Neutral
2018-10-22,900.0,,0.0,Neutral,0.0,Neutral
2018-10-15,892.0,2018-10-15,-0.192320704460144,Slightly Negative,-0.192320704460144,Slightly Negative
2018-10-14,902.0,,0.0,Neutral,-0.096160352230072,Slightly Negative
2018-10-11,895.0,,0.0,Neutral,-0.048080176115036,Neutral
2018-10-10,899.0,2018-10-10,-0.1620651185512542,Slightly Negative,-0.1620651185512542,Slightly Negative
2018-10-09,900.0,,0.0,Neutral,-0.0810325592756271,Slightly Negative
2018-10-08,908.0,,0.0,Neutral,-0.04051627963781355,Neutral
2018-10-07,900.0,,0.0,Neutral,0.0,Neutral
2018-10-04,903.0,,0.0,Neutral,0.0,Neutral
2018-10-03,908.0,,0.0,Neutral,0.0,Neutral
2018-10-02,910.0,,0.0,Neutral,0.0,Neutral
2018-10-01,917.0,,0.0,Neutral,0.0,Neutral
2018-09-30,930.0,,0.0,Neutral,0.0,Neutral
2018-09-27,938.0,,0.0,Neutral,0.0,Neutral
2018-09-26,945.0,,0.0,Neutral,0.0,Neutral
2018-09-25,942.0,,0.0,Neutral,0.0,Neutral
2018-09-23,948.0,2018-09-23,0.8959836959838867,Strongly Positive,0.8959836959838867,Strongly Positive
2018-09-20,955.0,,0.0,Neutral,0.44799184799194336,Positive
2018-09-18,954.0,2018-09-18,0.4713515937328338,Positive,0.6953475177288055,Strongly Positive
2018-09-17,947.0,,0.0,Neutral,0.2356757968664169,Positive
2018-09-16,965.0,2018-09-16,0.4487057030200958,Positive,0.5665436014533043,Positive
2018-09-13,935.0,,0.0,Neutral,0.2243528515100479,Positive
2018-09-12,934.0,,0.0,Neutral,0.11217642575502396,Slightly Positive
2018-09-11,913.0,,0.0,Neutral,0.0,Neutral
2018-09-10,912.0,,0.0,Neutral,0.0,Neutral
2018-09-09,906.0,,0.0,Neutral,0.0,Neutral
2018-09-06,913.0,,0.0,Neutral,0.0,Neutral
2018-09-05,920.0,,0.0,Neutral,0.0,Neutral
2018-09-04,910.0,,0.0,Neutral,0.0,Neutral
2018-09-03,910.0,,0.0,Neutral,0.0,Neutral
2018-09-02,890.0,2018-09-02,0.9213955402374268,Strongly Positive,0.9213955402374268,Strongly Positive
2018-08-30,890.0,,0.0,Neutral,0.4606977701187134,Positive
2018-08-29,890.0,,0.0,Neutral,0.2303488850593567,Positive
2018-08-28,895.0,2018-08-28,0.8678902387619019,Strongly Positive,0.8678902387619019,Strongly Positive
2018-08-26,901.0,2018-08-26,0.908364236354828,Strongly Positive,1.3423093557357788,Strongly Positive
2018-08-23,900.0,2018-08-23,0.9118733406066896,Strongly Positive,1.583028018474579,Strongly Positive
2018-08-22,900.0,2018-08-22,0.9089189767837524,Strongly Positive,1.5919467061758041,Strongly Positive
2018-08-21,906.0,,0.0,Neutral,0.6824278235435486,Strongly Positive
2018-08-20,904.0,,0.0,Neutral,0.2272297441959381,Positive
2018-08-19,904.0,2018-08-19,0.6557104587554932,Strongly Positive,0.6557104587554932,Strongly Positive
2018-08-16,919.0,2018-08-16,0.8950644135475159,Strongly Positive,1.2229196429252625,Strongly Positive
2018-08-15,915.0,2018-08-15,-0.1866932809352874,Slightly Negative,0.42476654052734386,Positive
2018-08-14,900.0,,0.0,Neutral,0.13041946291923529,Slightly Positive
2018-08-13,894.0,2018-08-13,0.5976293087005615,Positive,0.5509559884667397,Positive
2018-08-12,888.0,,0.0,Neutral,0.29881465435028076,Positive
2018-08-09,890.0,2018-08-09,0.9233427047729492,Strongly Positive,1.0727500319480896,Strongly Positive
2018-08-08,905.0,,0.0,Neutral,0.4616713523864746,Positive
2018-08-07,900.0,,0.0,Neutral,0.2308356761932373,Positive
2018-08-06,899.0,,0.0,Neutral,0.0,Neutral
2018-08-05,865.0,,0.0,Neutral,0.0,Neutral
2018-08-02,868.0,2018-08-02,-0.2557297945022583,Negative,-0.2557297945022583,Negative
2018-08-01,865.0,2018-08-01,0.7616575956344604,Strongly Positive,0.6337926983833313,Strongly Positive
2018-07-31,864.0,2018-07-31,0.8481963723897934,Strongly Positive,1.165092721581459,Strongly Positive
2018-07-30,864.0,,0.0,Neutral,0.6145125851035118,Strongly Positive
2018-07-29,858.0,,0.0,Neutral,0.21204909309744835,Positive
2018-07-26,868.0,2018-07-26,0.8805007934570312,Strongly Positive,0.8805007934570312,Strongly Positive
2018-07-25,880.0,2018-07-25,0.5625090003013611,Positive,1.0027593970298767,Strongly Positive
2018-07-24,856.0,2018-07-24,0.8712472915649414,Strongly Positive,1.3726269900798798,Strongly Positive
2018-07-23,865.0,,0.0,Neutral,0.576250895857811,Positive
2018-07-22,840.0,2018-07-22,0.5804762393236159,Positive,0.7982880622148513,Strongly Positive
2018-07-19,860.0,,0.0,Neutral,0.29023811966180796,Positive
2018-07-18,865.0,2018-07-18,-0.6905643939971924,Strongly Negative,-0.5454453341662884,Negative
2018-07-17,871.0,2018-07-17,0.8452868461608887,Strongly Positive,0.5000046491622925,Positive
2018-07-16,877.0,,0.0,Neutral,0.25000232458114624,Positive
2018-07-15,865.0,2018-07-15,-0.0455491840839386,Neutral,0.16577252745628357,Slightly Positive
2018-07-12,855.0,2018-07-12,-0.1427455693483352,Slightly Negative,-0.1655201613903045,Slightly Negative
2018-07-11,884.0,2018-07-11,0.1307443678379058,Slightly Positive,0.047984287142753546,Neutral
2018-07-10,883.0,,0.0,Neutral,0.029685791581869098,Neutral
2018-07-09,873.0,,0.0,Neutral,0.03268609195947645,Neutral
2018-07-08,869.0,2018-07-08,0.7769768834114075,Strongly Positive,0.7769768834114075,Strongly Positive
2018-07-05,891.0,,0.0,Neutral,0.38848844170570374,Positive
2018-07-04,865.0,2018-07-04,0.3696541786193847,Positive,0.5638983994722366,Positive
2018-07-03,868.0,,0.0,Neutral,0.18482708930969236,Slightly Positive
2018-07-02,870.0,,0.0,Neutral,0.09241354465484618,Slightly Positive
2018-07-01,871.0,,0.0,Neutral,0.0,Neutral
2018-06-28,875.0,,0.0,Neutral,0.0,Neutral
2018-06-27,876.0,2018-06-27,0.6418185830116272,Strongly Positive,0.6418185830116272,Strongly Positive
2018-06-26,875.0,,0.0,Neutral,0.3209092915058136,Positive
2018-06-25,910.0,,0.0,Neutral,0.1604546457529068,Slightly Positive
2018-06-24,891.0,,0.0,Neutral,0.0,Neutral
2018-06-21,895.0,,0.0,Neutral,0.0,Neutral
2018-06-20,896.0,,0.0,Neutral,0.0,Neutral
2018-06-19,900.0,,0.0,Neutral,0.0,Neutral
2018-06-18,910.0,,0.0,Neutral,0.0,Neutral
2018-06-17,899.0,2018-06-17,0.508649468421936,Positive,0.508649468421936,Positive
2018-06-14,930.0,,0.0,Neutral,0.254324734210968,Positive
2018-06-13,919.0,2018-06-13,-0.3404492735862732,Negative,-0.21328690648078918,Negative
2018-06-12,921.0,,0.0,Neutral,-0.1702246367931366,Slightly Negative
2018-06-11,930.0,,0.0,Neutral,-0.0851123183965683,Slightly Negative
2018-06-10,917.0,,0.0,Neutral,0.0,Neutral
2018-06-07,935.0,2018-06-07,0.787387490272522,Strongly Positive,0.787387490272522,Strongly Positive
2018-06-06,960.0,,0.0,Neutral,0.393693745136261,Positive
2018-06-04,932.0,2018-06-04,0.8630961179733276,Strongly Positive,1.0599429905414581,Strongly Positive
2018-06-03,965.0,2018-06-03,0.3452410101890564,Positive,0.7767890691757202,Strongly Positive
2018-05-31,990.0,,0.0,Neutral,0.3883945345878601,Positive
2018-05-30,990.0,2018-05-30,0.7039557695388794,Strongly Positive,0.7902660220861435,Strongly Positive
2018-05-29,0.0,,0.0,Neutral,0.3519778847694397,Positive
2018-05-28,0.0,,0.0,Neutral,0.17598894238471985,Slightly Positive
2018-05-27,982.0,,0.0,Neutral,0.0,Neutral
2018-05-24,995.0,,0.0,Neutral,0.0,Neutral
2018-05-23,0.0,,0.0,Neutral,0.0,Neutral
2018-05-22,0.0,2018-05-22,0.7939203977584839,Strongly Positive,0.7939203977584839,Strongly Positive
2018-05-21,0.0,,0.0,Neutral,0.39696019887924194,Positive
2018-05-20,0.0,,0.0,Neutral,0.19848009943962097,Slightly Positive
2018-05-17,0.0,,0.0,Neutral,0.0,Neutral
2018-05-16,0.0,,0.0,Neutral,0.0,Neutral
2018-05-15,0.0,,0.0,Neutral,0.0,Neutral
2018-05-14,0.0,2018-05-14,0.7037050724029541,Strongly Positive,0.7037050724029541,Strongly Positive
2018-05-10,0.0,,0.0,Neutral,0.35185253620147705,Positive
2018-05-09,0.0,,0.0,Neutral,0.17592626810073853,Slightly Positive
2018-05-08,0.0,2018-05-08,0.7442371547222137,Strongly Positive,0.7442371547222137,Strongly Positive
2018-05-07,0.0,,0.0,Neutral,0.3721185773611069,Positive
2018-05-06,0.0,,0.0,Neutral,0.18605928868055344,Slightly Positive
2018-05-03,0.0,,0.0,Neutral,0.0,Neutral
2018-05-02,0.0,,0.0,Neutral,0.0,Neutral
2018-04-29,0.0,,0.0,Neutral,0.0,Neutral
2018-04-26,0.0,2018-04-26,-0.1422680616378784,Slightly Negative,-0.1422680616378784,Slightly Negative
2018-04-25,0.0,,0.0,Neutral,-0.0711340308189392,Slightly Negative
2018-04-24,0.0,,0.0,Neutral,-0.0355670154094696,Neutral
2018-04-23,0.0,,0.0,Neutral,0.0,Neutral
2018-04-22,0.0,,0.0,Neutral,0.0,Neutral
2018-04-19,0.0,,0.0,Neutral,0.0,Neutral
2018-04-18,0.0,2018-04-18,0.7243727445602417,Strongly Positive,0.7243727445602417,Strongly Positive
2018-04-17,0.0,2018-04-17,-0.4689792692661285,Negative,-0.10679289698600763,Slightly Negative
2018-04-16,957.0,,0.0,Neutral,-0.05339644849300382,Slightly Negative
2018-04-15,910.0,2018-04-15,0.9221633076667786,Strongly Positive,0.8049184903502464,Strongly Positive
2018-04-12,900.0,2018-04-12,-0.6430073976516724,Strongly Negative,-0.18192574381828308,Slightly Negative
2018-04-11,888.0,,0.0,Neutral,-0.09096287190914154,Slightly Negative
2018-04-10,898.0,,0.0,Neutral,-0.1607518494129181,Slightly Negative
2018-04-09,940.0,,0.0,Neutral,0.0,Neutral
2018-04-08,915.0,2018-04-08,0.4547261595726013,Positive,0.4547261595726013,Positive
2018-04-05,850.0,,0.0,Neutral,0.22736307978630066,Positive
2018-04-04,830.0,2018-04-04,0.8857042789459229,Strongly Positive,0.9993858188390732,Strongly Positive
2018-04-03,804.0,2018-04-03,0.8998837769031525,Strongly Positive,1.342735916376114,Strongly Positive
2018-04-02,800.0,2018-04-02,0.6707487106323242,Strongly Positive,1.3421166688203812,Strongly Positive
2018-04-01,802.0,,0.0,Neutral,0.5603452995419502,Positive
2018-03-29,823.0,,0.0,Neutral,0.16768717765808105,Slightly Positive
2018-03-28,800.0,2018-03-28,0.6803320646286011,Strongly Positive,0.6803320646286011,Strongly Positive
2018-03-27,815.0,2018-03-27,-0.2121085226535797,Negative,0.12805750966072083,Slightly Positive
2018-03-26,790.0,,0.0,Neutral,0.06402875483036041,Slightly Positive
2018-03-22,825.0,2018-03-22,0.6458000540733337,Strongly Positive,0.5927729234099388,Positive
2018-03-21,841.0,,0.0,Neutral,0.32290002703666687,Positive
2018-03-20,870.0,,0.0,Neutral,0.16145001351833344,Slightly Positive
2018-03-19,900.0,,0.0,Neutral,0.0,Neutral
2018-03-18,901.0,2018-03-18,-0.5104734301567078,Negative,-0.5104734301567078,Negative
2018-03-15,901.0,,0.0,Neutral,-0.2552367150783539,Negative
2018-03-14,899.0,,0.0,Neutral,-0.12761835753917694,Slightly Negative
2018-03-13,895.0,,0.0,Neutral,0.0,Neutral
2018-03-12,900.0,,0.0,Neutral,0.0,Neutral
2018-03-11,900.0,,0.0,Neutral,0.0,Neutral
2018-03-07,910.0,2018-03-07,-0.3192073702812195,Negative,-0.3192073702812195,Negative
2018-03-06,900.0,,0.0,Neutral,-0.15960368514060974,Slightly Negative
2018-03-05,889.0,,0.0,Neutral,-0.07980184257030487,Slightly Negative
2018-03-04,940.0,,0.0,Neutral,0.0,Neutral
2018-02-28,980.0,2018-02-28,-0.4559577703475952,Negative,-0.4559577703475952,Negative
2018-02-27,985.0,2018-02-27,-0.5017960667610168,Negative,-0.7297749519348145,Strongly Negative
2018-02-26,976.0,,0.0,Neutral,-0.3648874759674072,Negative
2018-02-25,986.0,,0.0,Neutral,-0.1254490166902542,Slightly Negative
2018-02-22,0.0,,0.0,Neutral,0.0,Neutral
2018-02-21,0.0,,0.0,Neutral,0.0,Neutral
2018-02-20,0.0,,0.0,Neutral,0.0,Neutral
2018-02-18,0.0,2018-02-18,-0.7218689322471619,Strongly Negative,-0.7218689322471619,Strongly Negative
2018-02-15,0.0,2018-02-15,0.89710932970047,Strongly Positive,0.536174863576889,Positive
2018-02-14,0.0,,0.0,Neutral,0.2680874317884445,Positive
2018-02-12,995.0,2018-02-12,0.1932896673679351,Slightly Positive,0.41756699979305256,Positive
2018-02-11,995.0,,0.0,Neutral,0.09664483368396755,Slightly Positive
2018-02-08,0.0,,0.0,Neutral,0.048322416841983774,Neutral
2018-02-07,995.0,,0.0,Neutral,0.0,Neutral
2018-02-06,997.0,,0.0,Neutral,0.0,Neutral
2018-02-05,0.0,2018-02-05,0.8875495791435242,Strongly Positive,0.8875495791435242,Strongly Positive
2018-02-04,0.0,,0.0,Neutral,0.4437747895717621,Positive
2018-02-01,0.0,,0.0,Neutral,0.22188739478588104,Positive
2018-01-31,0.0,,0.0,Neutral,0.0,Neutral
2018-01-29,0.0,,0.0,Neutral,0.0,Neutral
2018-01-28,0.0,2018-01-28,0.9140734672546388,Strongly Positive,0.9140734672546388,Strongly Positive
2018-01-25,0.0,,0.0,Neutral,0.4570367336273194,Positive
2018-01-24,0.0,,0.0,Neutral,0.2285183668136597,Positive
2018-01-23,0.0,,0.0,Neutral,0.0,Neutral
2018-01-22,997.0,,0.0,Neutral,0.0,Neutral
2018-01-21,0.0,2018-01-21,0.326934814453125,Positive,0.326934814453125,Positive
2018-01-17,0.0,,0.0,Neutral,0.1634674072265625,Slightly Positive
2018-01-16,0.0,2018-01-16,0.912229597568512,Strongly Positive,0.9939633011817932,Strongly Positive
2018-01-14,0.0,,0.0,Neutral,0.456114798784256,Positive
2018-01-10,0.0,2018-01-10,-0.1146869361400604,Slightly Negative,0.1133704632520676,Slightly Positive
2018-01-09,0.0,,0.0,Neutral,-0.0573434680700302,Slightly Negative
2018-01-08,0.0,2018-01-08,0.5098813772201538,Positive,0.4812096431851387,Positive
2018-01-07,0.0,2018-01-07,0.9193395376205444,Strongly Positive,1.1742802262306213,Strongly Positive
2018-01-04,0.0,,0.0,Neutral,0.5871401131153107,Positive
2018-01-03,995.0,,0.0,Neutral,0.2298348844051361,Positive
2018-01-02,0.0,2018-01-02,0.907924234867096,Strongly Positive,0.907924234867096,Strongly Positive
2018-01-01,0.0,,0.0,Neutral,0.453962117433548,Positive
2017-12-31,980.0,,0.0,Neutral,0.226981058716774,Positive
2017-12-28,0.0,,0.0,Neutral,0.0,Neutral
2017-12-27,0.0,,0.0,Neutral,0.0,Neutral
2017-12-26,0.0,,0.0,Neutral,0.0,Neutral
2017-12-24,0.0,2017-12-24,0.5628668665885925,Positive,0.5628668665885925,Positive
2017-12-21,0.0,,0.0,Neutral,0.28143343329429626,Positive
2017-12-20,0.0,,0.0,Neutral,0.14071671664714813,Slightly Positive
2017-12-19,0.0,,0.0,Neutral,0.0,Neutral
2017-12-18,0.0,,0.0,Neutral,0.0,Neutral
2017-12-17,0.0,,0.0,Neutral,0.0,Neutral
2017-12-14,0.0,,0.0,Neutral,0.0,Neutral
2017-12-13,0.0,,0.0,Neutral,0.0,Neutral
2017-12-12,0.0,,0.0,Neutral,0.0,Neutral
2017-12-11,0.0,2017-12-11,0.5815926194190979,Positive,0.5815926194190979,Positive
2017-12-10,0.0,,0.0,Neutral,0.29079630970954895,Positive
2017-12-06,0.0,,0.0,Neutral,0.14539815485477448,Slightly Positive
2017-12-05,0.0,2017-12-05,0.1702946424484253,Slightly Positive,0.1702946424484253,Slightly Positive
2017-12-04,0.0,,0.0,Neutral,0.08514732122421265,Slightly Positive
2017-11-30,0.0,,0.0,Neutral,0.04257366061210632,Neutral
2017-11-29,0.0,,0.0,Neutral,0.0,Neutral
2017-11-28,0.0,2017-11-28,-0.5181993842124939,Negative,-0.5181993842124939,Negative
2017-11-27,0.0,,0.0,Neutral,-0.25909969210624695,Negative
2017-11-26,0.0,,0.0,Neutral,-0.12954984605312347,Slightly Negative
2017-11-23,0.0,2017-11-23,0.5980113744735718,Positive,0.5980113744735718,Positive
2017-11-22,0.0,,0.0,Neutral,0.2990056872367859,Positive
2017-11-21,0.0,,0.0,Neutral,0.14950284361839294,Slightly Positive
2017-11-20,0.0,,0.0,Neutral,0.0,Neutral
2017-11-19,0.0,,0.0,Neutral,0.0,Neutral
2017-11-16,0.0,,0.0,Neutral,0.0,Neutral
2017-11-15,0.0,,0.0,Neutral,0.0,Neutral
2017-11-14,0.0,2017-11-14,-0.7073986530303955,Strongly Negative,-0.7073986530303955,Strongly Negative
2017-11-13,0.0,,0.0,Neutral,-0.35369932651519775,Negative
2017-11-12,0.0,2017-11-12,0.9169417023658752,Strongly Positive,0.7400920391082764,Strongly Positive
2017-11-09,0.0,,0.0,Neutral,0.4584708511829376,Positive
2017-11-08,0.0,,0.0,Neutral,0.2292354255914688,Positive
2017-11-07,0.0,2017-11-07,0.3921329081058502,Positive,0.3921329081058502,Positive
2017-11-06,0.0,2017-11-06,0.2062046229839325,Positive,0.4022710770368576,Positive
2017-11-05,0.0,,0.0,Neutral,0.2011355385184288,Positive
2017-11-02,0.0,,0.0,Neutral,0.051551155745983124,Slightly Positive
2017-11-01,0.0,,0.0,Neutral,0.0,Neutral
2017-10-31,0.0,,0.0,Neutral,0.0,Neutral
2017-10-30,0.0,,0.0,Neutral,0.0,Neutral
2017-10-29,0.0,2017-10-29,-0.1552224159240722,Slightly Negative,-0.1552224159240722,Slightly Negative
2017-10-25,0.0,,0.0,Neutral,-0.0776112079620361,Slightly Negative
2017-10-24,0.0,2017-10-24,0.3031669482588768,Positive,0.26436134427785873,Positive
2017-10-23,0.0,,0.0,Neutral,0.1515834741294384,Slightly Positive
2017-10-22,0.0,,0.0,Neutral,0.0757917370647192,Slightly Positive
2017-10-18,0.0,,0.0,Neutral,0.0,Neutral
2017-10-17,0.0,,0.0,Neutral,0.0,Neutral
2017-10-16,0.0,2017-10-16,0.7397989630699158,Strongly Positive,0.7397989630699158,Strongly Positive
2017-10-15,0.0,,0.0,Neutral,0.3698994815349579,Positive
2017-10-12,0.0,,0.0,Neutral,0.18494974076747894,Slightly Positive
2017-10-11,0.0,,0.0,Neutral,0.0,Neutral
2017-10-10,0.0,,0.0,Neutral,0.0,Neutral
2017-10-09,0.0,,0.0,Neutral,0.0,Neutral
2017-10-08,0.0,,0.0,Neutral,0.0,Neutral
2017-10-04,0.0,,0.0,Neutral,0.0,Neutral
2017-10-03,0.0,,0.0,Neutral,0.0,Neutral
2017-09-26,0.0,,0.0,Neutral,0.0,Neutral
2017-09-25,0.0,2017-09-25,0.6380407959222794,Strongly Positive,0.6380407959222794,Strongly Positive
2017-09-24,0.0,,0.0,Neutral,0.3190203979611397,Positive
2017-09-20,0.0,,0.0,Neutral,0.15951019898056984,Slightly Positive
2017-09-18,0.0,,0.0,Neutral,0.0,Neutral
2017-09-17,0.0,,0.0,Neutral,0.0,Neutral
2017-09-14,0.0,,0.0,Neutral,0.0,Neutral
2017-09-13,0.0,,0.0,Neutral,0.0,Neutral
2017-09-12,0.0,2017-09-12,0.1277060508728027,Slightly Positive,0.1277060508728027,Slightly Positive
2017-09-11,0.0,,0.0,Neutral,0.06385302543640135,Slightly Positive
2017-09-10,0.0,,0.0,Neutral,0.03192651271820068,Neutral
2017-09-07,0.0,,0.0,Neutral,0.0,Neutral
2017-09-06,0.0,2017-09-06,0.8836968541145325,Strongly Positive,0.8836968541145325,Strongly Positive
2017-09-04,0.0,2017-09-04,0.0743787288665771,Slightly Positive,0.5162271559238434,Positive
2017-08-31,0.0,,0.0,Neutral,0.2581135779619217,Positive
2017-08-30,0.0,,0.0,Neutral,0.018594682216644277,Neutral
2017-08-28,0.0,,0.0,Neutral,0.0,Neutral
2017-08-27,0.0,2017-08-27,0.9203059077262878,Strongly Positive,0.9203059077262878,Strongly Positive
2017-08-24,0.0,,0.0,Neutral,0.4601529538631439,Positive
2017-08-23,0.0,,0.0,Neutral,0.23007647693157196,Positive
2017-08-22,0.0,,0.0,Neutral,0.0,Neutral
2017-08-21,0.0,2017-08-21,0.9056445956230164,Strongly Positive,0.9056445956230164,Strongly Positive
2017-08-20,0.0,,0.0,Neutral,0.4528222978115082,Positive
2017-08-17,0.0,2017-08-17,0.7896273136138916,Strongly Positive,1.0160384625196457,Strongly Positive
2017-08-16,0.0,,0.0,Neutral,0.3948136568069458,Positive
2017-08-15,0.0,,0.0,Neutral,0.1974068284034729,Slightly Positive
2017-08-13,0.0,,0.0,Neutral,0.0,Neutral
2017-08-10,0.0,2017-08-10,0.8426941633224487,Strongly Positive,0.8426941633224487,Strongly Positive
2017-08-09,0.0,,0.0,Neutral,0.42134708166122437,Positive
2017-08-07,0.0,,0.0,Neutral,0.21067354083061218,Positive
2017-08-06,0.0,,0.0,Neutral,0.0,Neutral
2017-08-03,0.0,,0.0,Neutral,0.0,Neutral
2017-08-02,0.0,,0.0,Neutral,0.0,Neutral
2017-08-01,0.0,,0.0,Neutral,0.0,Neutral
2017-07-31,0.0,2017-07-31,0.5858557224273682,Positive,0.5858557224273682,Positive
2017-07-30,0.0,,0.0,Neutral,0.2929278612136841,Positive
2017-07-27,0.0,,0.0,Neutral,0.14646393060684204,Slightly Positive
2017-07-26,0.0,,0.0,Neutral,0.0,Neutral
2017-07-25,0.0,,0.0,Neutral,0.0,Neutral
2017-07-24,0.0,,0.0,Neutral,0.0,Neutral
2017-07-23,0.0,,0.0,Neutral,0.0,Neutral
2017-07-20,0.0,2017-07-20,-0.3135278224945068,Negative,-0.3135278224945068,Negative
2017-07-19,0.0,,0.0,Neutral,-0.1567639112472534,Slightly Negative
2017-07-18,0.0,,0.0,Neutral,-0.0783819556236267,Slightly Negative
2017-07-17,0.0,2017-07-17,0.9291043877601624,Strongly Positive,0.9291043877601624,Strongly Positive
2017-07-16,0.0,,0.0,Neutral,0.4645521938800812,Positive
2017-07-13,0.0,,0.0,Neutral,0.2322760969400406,Positive
2017-07-12,0.0,,0.0,Neutral,0.0,Neutral
2017-07-11,0.0,,0.0,Neutral,0.0,Neutral
2017-07-10,0.0,,0.0,Neutral,0.0,Neutral
2017-07-09,0.0,,0.0,Neutral,0.0,Neutral
2017-07-06,0.0,2017-07-06,0.9184584617614746,Strongly Positive,0.9184584617614746,Strongly Positive
2017-07-05,0.0,2017-07-05,0.925973892211914,Strongly Positive,1.3852031230926514,Strongly Positive
2017-07-04,0.0,,0.0,Neutral,0.6926015615463257,Strongly Positive
2017-07-03,0.0,,0.0,Neutral,0.2314934730529785,Positive
2017-07-02,0.0,2017-07-02,0.8309491276741028,Strongly Positive,0.8309491276741028,Strongly Positive
2017-06-28,0.0,,0.0,Neutral,0.4154745638370514,Positive
2017-06-27,0.0,,0.0,Neutral,0.2077372819185257,Positive
2017-06-25,0.0,,0.0,Neutral,0.0,Neutral
2017-06-22,0.0,,0.0,Neutral,0.0,Neutral
2017-06-21,0.0,,0.0,Neutral,0.0,Neutral
2017-06-20,0.0,,0.0,Neutral,0.0,Neutral
2017-06-19,0.0,2017-06-19,0.2736774682998657,Positive,0.2736774682998657,Positive
2017-06-18,0.0,,0.0,Neutral,0.13683873414993286,Slightly Positive
2017-06-15,0.0,,0.0,Neutral,0.06841936707496643,Slightly Positive
2017-06-14,0.0,2017-06-14,0.7516312599182129,Strongly Positive,0.7516312599182129,Strongly Positive
2017-06-13,0.0,,0.0,Neutral,0.37581562995910645,Positive
2017-06-12,0.0,,0.0,Neutral,0.18790781497955322,Slightly Positive
2017-06-11,0.0,,0.0,Neutral,0.0,Neutral
2017-06-08,0.0,,0.0,Neutral,0.0,Neutral
2017-06-07,0.0,,0.0,Neutral,0.0,Neutral
2017-06-06,0.0,,0.0,Neutral,0.0,Neutral
2017-06-05,0.0,,0.0,Neutral,0.0,Neutral
2017-06-04,0.0,,0.0,Neutral,0.0,Neutral
2017-06-01,0.0,,0.0,Neutral,0.0,Neutral
2017-05-31,0.0,,0.0,Neutral,0.0,Neutral
2017-05-30,0.0,,0.0,Neutral,0.0,Neutral
2017-05-28,0.0,,0.0,Neutral,0.0,Neutral
2017-05-24,0.0,,0.0,Neutral,0.0,Neutral
2017-05-23,0.0,,0.0,Neutral,0.0,Neutral
2017-05-22,0.0,,0.0,Neutral,0.0,Neutral
2017-05-21,0.0,2017-05-21,0.543536901473999,Positive,0.543536901473999,Positive
2017-05-18,0.0,,0.0,Neutral,0.2717684507369995,Positive
2017-05-17,0.0,2017-05-17,0.9115880727767944,Strongly Positive,1.0474722981452942,Strongly Positive
2017-05-16,0.0,,0.0,Neutral,0.4557940363883972,Positive
2017-05-15,0.0,,0.0,Neutral,0.2278970181941986,Positive
2017-05-11,0.0,2017-05-11,0.6874037981033325,Strongly Positive,0.6874037981033325,Strongly Positive
2017-05-09,0.0,,0.0,Neutral,0.34370189905166626,Positive
2017-05-08,0.0,,0.0,Neutral,0.17185094952583313,Slightly Positive
2017-05-07,0.0,,0.0,Neutral,0.0,Neutral
2017-05-04,0.0,,0.0,Neutral,0.0,Neutral
2017-05-03,0.0,,0.0,Neutral,0.0,Neutral
2017-05-02,0.0,,0.0,Neutral,0.0,Neutral
2017-04-30,0.0,,0.0,Neutral,0.0,Neutral
2017-04-27,0.0,,0.0,Neutral,0.0,Neutral
2017-04-26,0.0,,0.0,Neutral,0.0,Neutral
2017-04-25,0.0,2017-04-25,0.7321624755859375,Strongly Positive,0.7321624755859375,Strongly Positive
2017-04-24,0.0,,0.0,Neutral,0.36608123779296875,Positive
2017-04-23,0.0,,0.0,Neutral,0.18304061889648438,Slightly Positive
2017-04-20,0.0,2017-04-20,-0.3623961433768272,Negative,-0.3623961433768272,Negative
2017-04-19,0.0,,0.0,Neutral,-0.1811980716884136,Slightly Negative
2017-04-18,0.0,,0.0,Neutral,-0.0905990358442068,Slightly Negative
2017-04-16,0.0,,0.0,Neutral,0.0,Neutral
2017-04-13,0.0,,0.0,Neutral,0.0,Neutral
2017-04-12,0.0,,0.0,Neutral,0.0,Neutral
2017-04-11,0.0,,0.0,Neutral,0.0,Neutral
2017-04-10,0.0,,0.0,Neutral,0.0,Neutral
2017-04-09,0.0,,0.0,Neutral,0.0,Neutral
2017-04-06,0.0,2017-04-06,0.5967186689376831,Positive,0.5967186689376831,Positive
2017-04-04,0.0,,0.0,Neutral,0.29835933446884155,Positive
2017-04-03,0.0,,0.0,Neutral,0.14917966723442078,Slightly Positive
2017-04-02,0.0,2017-04-02,0.903369665145874,Strongly Positive,0.903369665145874,Strongly Positive
2017-03-30,0.0,2017-03-30,-0.1716672480106353,Slightly Negative,0.28001758456230175,Positive
2017-03-29,0.0,,0.0,Neutral,0.14000879228115087,Slightly Positive
2017-03-28,0.0,,0.0,Neutral,-0.04291681200265882,Neutral
2017-03-26,0.0,,0.0,Neutral,0.0,Neutral
2017-03-23,0.0,,0.0,Neutral,0.0,Neutral
2017-03-22,0.0,2017-03-22,0.6236251592636108,Strongly Positive,0.6236251592636108,Strongly Positive
2017-03-21,0.0,,0.0,Neutral,0.3118125796318054,Positive
2017-03-20,0.0,,0.0,Neutral,0.1559062898159027,Slightly Positive
2017-03-19,0.0,,0.0,Neutral,0.0,Neutral
2017-03-16,995.0,,0.0,Neutral,0.0,Neutral
2017-03-15,0.0,,0.0,Neutral,0.0,Neutral
2017-03-14,0.0,,0.0,Neutral,0.0,Neutral
2017-03-13,999.0,,0.0,Neutral,0.0,Neutral
2017-03-09,990.0,,0.0,Neutral,0.0,Neutral
2017-03-07,980.0,2017-03-07,0.2491500675678253,Positive,0.2491500675678253,Positive
2017-03-06,0.0,,0.0,Neutral,0.12457503378391264,Slightly Positive
2017-03-05,0.0,,0.0,Neutral,0.06228751689195632,Slightly Positive
2017-03-02,0.0,2017-03-02,0.8856234550476074,Strongly Positive,0.8856234550476074,Strongly Positive
2017-03-01,991.0,2017-03-01,0.7320932149887085,Strongly Positive,1.1749049425125122,Strongly Positive
2017-02-28,935.0,,0.0,Neutral,0.5874524712562561,Positive
2017-02-23,961.0,2017-02-23,-0.5603695511817932,Negative,-0.3773462474346161,Negative
2017-02-22,999.0,,0.0,Neutral,-0.2801847755908966,Negative
2017-02-21,0.0,,0.0,Neutral,-0.1400923877954483,Slightly Negative
2017-02-20,999.0,,0.0,Neutral,0.0,Neutral
2017-02-19,0.0,,0.0,Neutral,0.0,Neutral
2017-02-16,0.0,,0.0,Neutral,0.0,Neutral
2017-02-15,990.0,2017-02-15,-0.5029162764549255,Negative,-0.5029162764549255,Negative
2017-02-14,920.0,,0.0,Neutral,-0.25145813822746277,Negative
2017-02-13,908.0,,0.0,Neutral,-0.12572906911373138,Slightly Negative
2017-02-12,891.0,,0.0,Neutral,0.0,Neutral
2017-02-09,914.0,,0.0,Neutral,0.0,Neutral
2017-02-08,932.0,,0.0,Neutral,0.0,Neutral
2017-02-07,965.0,2017-02-07,0.7273648977279663,Strongly Positive,0.7273648977279663,Strongly Positive
2017-02-06,970.0,,0.0,Neutral,0.36368244886398315,Positive
2017-02-05,973.0,,0.0,Neutral,0.18184122443199158,Slightly Positive
2017-02-02,990.0,,0.0,Neutral,0.0,Neutral
2017-02-01,946.0,,0.0,Neutral,0.0,Neutral
2017-01-31,860.0,,0.0,Neutral,0.0,Neutral
2017-01-30,895.0,,0.0,Neutral,0.0,Neutral
2017-01-26,971.0,,0.0,Neutral,0.0,Neutral
2017-01-25,980.0,,0.0,Neutral,0.0,Neutral
2017-01-24,0.0,,0.0,Neutral,0.0,Neutral
2017-01-23,0.0,,0.0,Neutral,0.0,Neutral
2017-01-22,0.0,,0.0,Neutral,0.0,Neutral
2017-01-19,0.0,2017-01-19,0.8906235098838806,Strongly Positive,0.8906235098838806,Strongly Positive
2017-01-18,0.0,2017-01-18,-0.7480860352516174,Strongly Negative,-0.3027742803096771,Negative
2017-01-17,0.0,,0.0,Neutral,-0.15138714015483856,Slightly Negative
2017-01-16,0.0,,0.0,Neutral,-0.18702150881290436,Slightly Negative
2017-01-15,0.0,2017-01-15,0.8086245059967041,Strongly Positive,0.8086245059967041,Strongly Positive
2017-01-12,0.0,,0.0,Neutral,0.40431225299835205,Positive
2017-01-11,0.0,,0.0,Neutral,0.20215612649917603,Positive
2017-01-10,0.0,,0.0,Neutral,0.0,Neutral
2017-01-09,0.0,,0.0,Neutral,0.0,Neutral
2017-01-08,0.0,,0.0,Neutral,0.0,Neutral
2017-01-05,0.0,,0.0,Neutral,0.0,Neutral
2017-01-04,0.0,,0.0,Neutral,0.0,Neutral
2017-01-03,0.0,,0.0,Neutral,0.0,Neutral
2017-01-02,0.0,,0.0,Neutral,0.0,Neutral
2017-01-01,0.0,2017-01-01,0.1828947961330413,Slightly Positive,0.1828947961330413,Slightly Positive
2016-12-29,0.0,,0.0,Neutral,0.09144739806652065,Slightly Positive
2016-12-28,0.0,2016-12-28,0.881725013256073,Strongly Positive,0.9274487122893333,Strongly Positive
2016-12-27,0.0,,0.0,Neutral,0.4408625066280365,Positive
2016-12-26,0.0,,0.0,Neutral,0.22043125331401825,Positive
2016-12-22,0.0,,0.0,Neutral,0.0,Neutral
2016-12-21,0.0,,0.0,Neutral,0.0,Neutral
2016-12-20,0.0,,0.0,Neutral,0.0,Neutral
2016-12-19,0.0,,0.0,Neutral,0.0,Neutral
2016-12-18,0.0,,0.0,Neutral,0.0,Neutral
2016-12-15,0.0,,0.0,Neutral,0.0,Neutral
2016-12-14,0.0,,0.0,Neutral,0.0,Neutral
2016-12-12,0.0,,0.0,Neutral,0.0,Neutral
2016-12-11,0.0,,0.0,Neutral,0.0,Neutral
2016-12-08,0.0,,0.0,Neutral,0.0,Neutral
2016-12-07,0.0,,0.0,Neutral,0.0,Neutral
2016-12-06,0.0,,0.0,Neutral,0.0,Neutral
2016-12-05,0.0,2016-12-05,0.7129253149032593,Strongly Positive,0.7129253149032593,Strongly Positive
2016-12-04,0.0,,0.0,Neutral,0.35646265745162964,Positive
2016-12-01,0.0,,0.0,Neutral,0.17823132872581482,Slightly Positive
2016-11-30,0.0,,0.0,Neutral,0.0,Neutral
2016-11-29,0.0,,0.0,Neutral,0.0,Neutral
2016-11-28,0.0,,0.0,Neutral,0.0,Neutral
2016-11-27,0.0,,0.0,Neutral,0.0,Neutral
2016-11-24,0.0,,0.0,Neutral,0.0,Neutral
2016-11-23,0.0,,0.0,Neutral,0.0,Neutral
2016-11-22,0.0,,0.0,Neutral,0.0,Neutral
2016-11-21,0.0,2016-11-21,0.8399505615234375,Strongly Positive,0.8399505615234375,Strongly Positive
2016-11-20,0.0,,0.0,Neutral,0.41997528076171875,Positive
2016-11-17,0.0,,0.0,Neutral,0.20998764038085938,Positive
2016-11-16,0.0,,0.0,Neutral,0.0,Neutral
2016-11-15,0.0,,0.0,Neutral,0.0,Neutral
2016-11-14,0.0,,0.0,Neutral,0.0,Neutral
2016-11-13,0.0,,0.0,Neutral,0.0,Neutral
2016-11-10,0.0,,0.0,Neutral,0.0,Neutral
2016-11-09,0.0,2016-11-09,-0.9314858317375184,Strongly Negative,-0.9314858317375184,Strongly Negative
2016-11-08,0.0,,0.0,Neutral,-0.4657429158687592,Negative
2016-11-07,0.0,,0.0,Neutral,-0.2328714579343796,Negative
2016-11-03,0.0,,0.0,Neutral,0.0,Neutral
2016-10-27,0.0,2016-10-27,0.7380070686340332,Strongly Positive,0.7380070686340332,Strongly Positive
2016-10-26,0.0,,0.0,Neutral,0.3690035343170166,Positive
2016-10-25,0.0,,0.0,Neutral,0.1845017671585083,Slightly Positive
2016-10-24,0.0,,0.0,Neutral,0.0,Neutral
2016-10-23,0.0,2016-10-23,-0.9054261445999146,Strongly Negative,-0.9054261445999146,Strongly Negative
2016-10-20,0.0,,0.0,Neutral,-0.4527130722999573,Negative
2016-10-19,0.0,,0.0,Neutral,-0.22635653614997864,Negative
2016-10-18,0.0,,0.0,Neutral,0.0,Neutral
2016-10-17,0.0,,0.0,Neutral,0.0,Neutral
2016-10-16,0.0,,0.0,Neutral,0.0,Neutral
2016-10-06,0.0,,0.0,Neutral,0.0,Neutral
2016-10-05,0.0,,0.0,Neutral,0.0,Neutral
2016-10-04,0.0,,0.0,Neutral,0.0,Neutral
2016-10-03,0.0,2016-10-03,0.1059269905090332,Slightly Positive,0.1059269905090332,Slightly Positive
2016-10-02,0.0,2016-10-02,0.8898768424987793,Strongly Positive,0.9428403377532959,Strongly Positive
2016-09-29,0.0,2016-09-29,0.9111406207084656,Strongly Positive,1.3825607895851135,Strongly Positive
2016-09-28,0.0,,0.0,Neutral,0.6780395209789276,Strongly Positive
2016-09-27,0.0,,0.0,Neutral,0.2277851551771164,Positive
2016-09-26,0.0,,0.0,Neutral,0.0,Neutral
2016-09-25,0.0,,0.0,Neutral,0.0,Neutral
2016-09-22,0.0,2016-09-22,0.0431180894374847,Neutral,0.0431180894374847,Neutral
2016-09-21,0.0,2016-09-21,0.8862911760807037,Strongly Positive,0.9078502207994461,Strongly Positive
2016-09-20,0.0,2016-09-20,0.9242508411407472,Strongly Positive,1.3781759515404701,Strongly Positive
2016-09-18,0.0,2016-09-18,0.8751511573791504,Strongly Positive,1.5588493719696999,Strongly Positive
2016-09-14,0.0,,0.0,Neutral,0.668638288974762,Strongly Positive
2016-09-12,0.0,2016-09-12,0.902121365070343,Strongly Positive,1.1209091544151306,Strongly Positive
2016-09-11,0.0,2016-09-11,0.8642315864562988,Strongly Positive,1.3152922689914703,Strongly Positive
2016-09-08,0.0,,0.0,Neutral,0.6576461344957352,Strongly Positive
2016-09-07,0.0,,0.0,Neutral,0.2160578966140747,Positive
2016-09-06,0.0,,0.0,Neutral,0.0,Neutral
2016-09-05,0.0,,0.0,Neutral,0.0,Neutral
2016-09-04,0.0,,0.0,Neutral,0.0,Neutral
2016-09-03,0.0,,0.0,Neutral,0.0,Neutral
2016-09-01,0.0,2016-09-01,0.7710901498794556,Strongly Positive,0.7710901498794556,Strongly Positive
2016-08-31,0.0,,0.0,Neutral,0.3855450749397278,Positive
2016-08-30,0.0,2016-08-30,-0.0680882036685943,Slightly Negative,0.12468433380126959,Slightly Positive
2016-08-29,0.0,,0.0,Neutral,-0.03404410183429715,Neutral
2016-08-28,0.0,,0.0,Neutral,-0.017022050917148576,Neutral
2016-08-24,0.0,,0.0,Neutral,0.0,Neutral
2016-08-23,0.0,,0.0,Neutral,0.0,Neutral
2016-08-22,0.0,,0.0,Neutral,0.0,Neutral
2016-08-21,0.0,,0.0,Neutral,0.0,Neutral
2016-08-17,0.0,,0.0,Neutral,0.0,Neutral
2016-08-16,0.0,2016-08-16,0.0269997715950012,Neutral,0.0269997715950012,Neutral
2016-08-15,0.0,,0.0,Neutral,0.0134998857975006,Neutral
2016-08-14,0.0,,0.0,Neutral,0.0067499428987503,Neutral
2016-08-11,0.0,,0.0,Neutral,0.0,Neutral
2016-08-10,0.0,,0.0,Neutral,0.0,Neutral
2016-08-09,0.0,,0.0,Neutral,0.0,Neutral
2016-08-08,0.0,,0.0,Neutral,0.0,Neutral
2016-08-07,0.0,,0.0,Neutral,0.0,Neutral
2016-08-04,0.0,,0.0,Neutral,0.0,Neutral
2016-08-03,0.0,,0.0,Neutral,0.0,Neutral
2016-08-02,0.0,,0.0,Neutral,0.0,Neutral
2016-08-01,0.0,,0.0,Neutral,0.0,Neutral
2016-07-31,0.0,,0.0,Neutral,0.0,Neutral
2016-07-28,0.0,,0.0,Neutral,0.0,Neutral
2016-07-27,0.0,,0.0,Neutral,0.0,Neutral
2016-07-26,0.0,,0.0,Neutral,0.0,Neutral
2016-07-25,0.0,,0.0,Neutral,0.0,Neutral
2016-07-21,0.0,2016-07-21,-0.5415614247322083,Negative,-0.5415614247322083,Negative
2016-07-20,0.0,,0.0,Neutral,-0.2707807123661041,Negative
2016-07-19,0.0,2016-07-19,-0.5339106917381287,Negative,-0.6693010479211807,Strongly Negative
2016-07-18,0.0,,0.0,Neutral,-0.26695534586906433,Negative
2016-07-17,0.0,2016-07-17,0.8322827219963074,Strongly Positive,0.6988050490617752,Strongly Positive
2016-07-14,0.0,,0.0,Neutral,0.4161413609981537,Positive
2016-07-13,0.0,,0.0,Neutral,0.20807068049907684,Positive
2016-07-12,0.0,,0.0,Neutral,0.0,Neutral
2016-07-11,0.0,,0.0,Neutral,0.0,Neutral
2016-07-10,0.0,2016-07-10,0.8081753253936768,Strongly Positive,0.8081753253936768,Strongly Positive
2016-07-06,0.0,,0.0,Neutral,0.4040876626968384,Positive
2016-07-05,0.0,,0.0,Neutral,0.2020438313484192,Positive
2016-07-04,0.0,,0.0,Neutral,0.0,Neutral
2016-07-03,0.0,,0.0,Neutral,0.0,Neutral
2016-06-30,0.0,,0.0,Neutral,0.0,Neutral
2016-06-29,0.0,,0.0,Neutral,0.0,Neutral
2016-06-28,0.0,,0.0,Neutral,0.0,Neutral
2016-06-27,0.0,,0.0,Neutral,0.0,Neutral
2016-06-26,0.0,,0.0,Neutral,0.0,Neutral
2016-06-23,0.0,2016-06-23,0.581391453742981,Positive,0.581391453742981,Positive
2016-06-22,0.0,,0.0,Neutral,0.2906957268714905,Positive
2016-06-21,0.0,,0.0,Neutral,0.14534786343574524,Slightly Positive
2016-06-20,0.0,,0.0,Neutral,0.0,Neutral
2016-06-19,0.0,2016-06-19,0.8847450613975525,Strongly Positive,0.8847450613975525,Strongly Positive
2016-06-16,0.0,,0.0,Neutral,0.44237253069877625,Positive
2016-06-15,0.0,2016-06-15,0.6763022541999817,Strongly Positive,0.8974885195493698,Strongly Positive
2016-06-14,0.0,,0.0,Neutral,0.33815112709999084,Positive
2016-06-13,0.0,,0.0,Neutral,0.16907556354999542,Slightly Positive
2016-06-12,0.0,,0.0,Neutral,0.0,Neutral
2016-06-09,0.0,,0.0,Neutral,0.0,Neutral
2016-06-08,0.0,,0.0,Neutral,0.0,Neutral
2016-06-07,0.0,,0.0,Neutral,0.0,Neutral
2016-06-06,0.0,,0.0,Neutral,0.0,Neutral
2016-06-05,0.0,2016-06-05,0.9090322256088256,Strongly Positive,0.9090322256088256,Strongly Positive
2016-06-02,0.0,2016-06-02,0.8896958827972412,Strongly Positive,1.344211995601654,Strongly Positive
2016-06-01,0.0,,0.0,Neutral,0.672105997800827,Strongly Positive
2016-05-31,0.0,,0.0,Neutral,0.2224239706993103,Positive
2016-05-30,0.0,2016-05-30,0.9280319213867188,Strongly Positive,0.9280319213867188,Strongly Positive
2016-05-29,0.0,,0.0,Neutral,0.4640159606933594,Positive
2016-05-26,0.0,,0.0,Neutral,0.2320079803466797,Positive
2016-05-25,0.0,,0.0,Neutral,0.0,Neutral
2016-05-24,0.0,,0.0,Neutral,0.0,Neutral
2016-05-23,0.0,,0.0,Neutral,0.0,Neutral
2016-05-22,0.0,,0.0,Neutral,0.0,Neutral
2016-05-19,0.0,,0.0,Neutral,0.0,Neutral
2016-05-18,0.0,,0.0,Neutral,0.0,Neutral
2016-05-17,0.0,2016-05-17,0.9240453839302064,Strongly Positive,0.9240453839302064,Strongly Positive
2016-05-16,0.0,,0.0,Neutral,0.4620226919651032,Positive
2016-05-15,0.0,,0.0,Neutral,0.2310113459825516,Positive
2016-05-12,0.0,,0.0,Neutral,0.0,Neutral
2016-05-11,0.0,,0.0,Neutral,0.0,Neutral
2016-05-10,0.0,2016-05-10,0.8823189735412598,Strongly Positive,0.8823189735412598,Strongly Positive
2016-05-09,0.0,,0.0,Neutral,0.4411594867706299,Positive
2016-05-08,0.0,,0.0,Neutral,0.22057974338531494,Positive
2016-05-05,0.0,,0.0,Neutral,0.0,Neutral
2016-05-04,0.0,,0.0,Neutral,0.0,Neutral
2016-05-03,0.0,,0.0,Neutral,0.0,Neutral
2016-05-02,0.0,,0.0,Neutral,0.0,Neutral
2016-04-28,0.0,2016-04-28,-0.6809363961219788,Strongly Negative,-0.6809363961219788,Strongly Negative
2016-04-27,0.0,2016-04-27,0.1160554587841034,Slightly Positive,-0.224412739276886,Negative
2016-04-26,0.0,,0.0,Neutral,-0.112206369638443,Slightly Negative
2016-04-25,0.0,,0.0,Neutral,0.02901386469602585,Neutral
2016-04-24,0.0,,0.0,Neutral,0.0,Neutral
2016-04-21,0.0,,0.0,Neutral,0.0,Neutral
2016-04-20,0.0,2016-04-20,0.7522884607315063,Strongly Positive,0.7522884607315063,Strongly Positive
2016-04-19,0.0,2016-04-19,-0.926275670528412,Strongly Negative,-0.5501314401626588,Negative
2016-04-18,0.0,2016-04-18,0.0300204027444124,Neutral,-0.24504531733691698,Negative
2016-04-17,0.0,2016-04-17,0.9084632992744446,Strongly Positive,0.6919045830145478,Strongly Positive
2016-04-14,0.0,,0.0,Neutral,0.4617367503233254,Positive
2016-04-12,0.0,,0.0,Neutral,0.22711582481861115,Positive
2016-04-11,0.0,,0.0,Neutral,0.0,Neutral
2016-04-10,0.0,,0.0,Neutral,0.0,Neutral
2016-04-06,0.0,,0.0,Neutral,0.0,Neutral
2016-04-05,0.0,,0.0,Neutral,0.0,Neutral
2016-04-04,0.0,,0.0,Neutral,0.0,Neutral
2016-04-03,0.0,,0.0,Neutral,0.0,Neutral
2016-03-31,0.0,,0.0,Neutral,0.0,Neutral
2016-03-30,0.0,,0.0,Neutral,0.0,Neutral
2016-03-29,0.0,,0.0,Neutral,0.0,Neutral
2016-03-28,0.0,2016-03-28,0.5935075283050537,Positive,0.5935075283050537,Positive
2016-03-27,0.0,,0.0,Neutral,0.29675376415252686,Positive
2016-03-24,0.0,2016-03-24,0.9060111045837402,Strongly Positive,1.0543879866600037,Strongly Positive
2016-03-23,0.0,,0.0,Neutral,0.4530055522918701,Positive
2016-03-21,0.0,,0.0,Neutral,0.22650277614593506,Positive
2016-03-20,0.0,,0.0,Neutral,0.0,Neutral
2016-03-17,0.0,2016-03-17,0.7216230034828186,Strongly Positive,0.7216230034828186,Strongly Positive
2016-03-16,0.0,2016-03-16,-0.7536658644676208,Strongly Negative,-0.39285436272621155,Negative
2016-03-15,0.0,2016-03-15,0.789482593536377,Strongly Positive,0.5930554121732712,Positive
2016-03-14,0.0,,0.0,Neutral,0.20632483065128326,Positive
2016-03-13,0.0,,0.0,Neutral,0.19737064838409424,Slightly Positive
2016-03-10,0.0,,0.0,Neutral,0.0,Neutral
2016-03-06,0.0,,0.0,Neutral,0.0,Neutral
2016-03-03,0.0,2016-03-03,0.7107265591621399,Strongly Positive,0.7107265591621399,Strongly Positive
2016-03-02,0.0,,0.0,Neutral,0.35536327958106995,Positive
2016-03-01,0.0,,0.0,Neutral,0.17768163979053497,Slightly Positive
2016-02-29,0.0,2016-02-29,0.6740023493766785,Strongly Positive,0.6740023493766785,Strongly Positive
2016-02-28,0.0,,0.0,Neutral,0.33700117468833923,Positive
2016-02-25,0.0,2016-02-25,0.8789723515510559,Strongly Positive,1.0474729388952255,Strongly Positive
2016-02-24,0.0,,0.0,Neutral,0.43948617577552795,Positive
2016-02-23,0.0,,0.0,Neutral,0.21974308788776398,Positive
2016-02-22,0.0,,0.0,Neutral,0.0,Neutral
2016-02-21,0.0,,0.0,Neutral,0.0,Neutral
2016-02-18,0.0,,0.0,Neutral,0.0,Neutral
2016-02-17,0.0,,0.0,Neutral,0.0,Neutral
2016-02-16,0.0,,0.0,Neutral,0.0,Neutral
2016-02-15,0.0,,0.0,Neutral,0.0,Neutral
2016-02-14,0.0,2016-02-14,0.8966696262359619,Strongly Positive,0.8966696262359619,Strongly Positive
2016-02-11,0.0,,0.0,Neutral,0.44833481311798096,Positive
2016-02-08,0.0,,0.0,Neutral,0.22416740655899048,Positive
2016-02-07,0.0,,0.0,Neutral,0.0,Neutral
2016-02-04,0.0,,0.0,Neutral,0.0,Neutral
2016-02-03,0.0,,0.0,Neutral,0.0,Neutral
2016-02-02,0.0,2016-02-02,0.6775474548339844,Strongly Positive,0.6775474548339844,Strongly Positive
2016-02-01,0.0,,0.0,Neutral,0.3387737274169922,Positive
2016-01-31,0.0,,0.0,Neutral,0.1693868637084961,Slightly Positive
2016-01-28,0.0,,0.0,Neutral,0.0,Neutral
2016-01-27,0.0,,0.0,Neutral,0.0,Neutral
2016-01-26,0.0,,0.0,Neutral,0.0,Neutral
2016-01-25,0.0,,0.0,Neutral,0.0,Neutral
2016-01-24,0.0,,0.0,Neutral,0.0,Neutral
2016-01-20,0.0,,0.0,Neutral,0.0,Neutral
2016-01-19,0.0,,0.0,Neutral,0.0,Neutral
2016-01-18,0.0,,0.0,Neutral,0.0,Neutral
2016-01-17,0.0,,0.0,Neutral,0.0,Neutral
2016-01-14,0.0,,0.0,Neutral,0.0,Neutral
2016-01-13,0.0,,0.0,Neutral,0.0,Neutral
2016-01-12,0.0,,0.0,Neutral,0.0,Neutral
2016-01-11,0.0,2016-01-11,0.6818904876708984,Strongly Positive,0.6818904876708984,Strongly Positive
2016-01-10,0.0,,0.0,Neutral,0.3409452438354492,Positive
2016-01-07,0.0,,0.0,Neutral,0.1704726219177246,Slightly Positive
2016-01-06,0.0,,0.0,Neutral,0.0,Neutral
2016-01-05,0.0,,0.0,Neutral,0.0,Neutral
2016-01-04,0.0,,0.0,Neutral,0.0,Neutral
2016-01-03,0.0,,0.0,Neutral,0.0,Neutral
2015-12-31,0.0,,0.0,Neutral,0.0,Neutral
2015-12-29,0.0,,0.0,Neutral,0.0,Neutral
2015-12-28,0.0,,0.0,Neutral,0.0,Neutral
2015-12-27,0.0,,0.0,Neutral,0.0,Neutral
2015-12-24,0.0,,0.0,Neutral,0.0,Neutral
2015-12-23,0.0,,0.0,Neutral,0.0,Neutral
2015-12-22,0.0,,0.0,Neutral,0.0,Neutral
2015-12-21,0.0,,0.0,Neutral,0.0,Neutral
2015-12-20,0.0,,0.0,Neutral,0.0,Neutral
2015-12-17,0.0,,0.0,Neutral,0.0,Neutral
2015-12-16,0.0,,0.0,Neutral,0.0,Neutral
2015-12-15,0.0,,0.0,Neutral,0.0,Neutral
2015-12-14,0.0,,0.0,Neutral,0.0,Neutral
2015-12-13,0.0,,0.0,Neutral,0.0,Neutral
2015-12-10,0.0,,0.0,Neutral,0.0,Neutral
2015-12-09,0.0,,0.0,Neutral,0.0,Neutral
2015-12-08,0.0,,0.0,Neutral,0.0,Neutral
2015-12-07,0.0,2015-12-07,0.9273107945919036,Strongly Positive,0.9273107945919036,Strongly Positive
2015-12-06,0.0,,0.0,Neutral,0.4636553972959518,Positive
2015-12-03,0.0,2015-12-03,0.9220194220542908,Strongly Positive,1.1538471207022667,Strongly Positive
2015-12-02,0.0,,0.0,Neutral,0.4610097110271454,Positive
2015-12-01,0.0,2015-12-01,-0.5810050964355469,Negative,-0.3505002409219742,Negative
2015-11-30,0.0,,0.0,Neutral,-0.29050254821777344,Negative
2015-11-29,0.0,2015-11-29,0.923660397529602,Strongly Positive,0.7784091234207153,Strongly Positive
2015-11-26,0.0,,0.0,Neutral,0.461830198764801,Positive
2015-11-25,0.0,,0.0,Neutral,0.2309150993824005,Positive
2015-11-24,0.0,,0.0,Neutral,0.0,Neutral
2015-11-23,0.0,,0.0,Neutral,0.0,Neutral
2015-11-22,0.0,,0.0,Neutral,0.0,Neutral
2015-11-19,0.0,,0.0,Neutral,0.0,Neutral
2015-11-18,0.0,,0.0,Neutral,0.0,Neutral
2015-11-16,0.0,,0.0,Neutral,0.0,Neutral
2015-11-15,0.0,,0.0,Neutral,0.0,Neutral
2015-11-10,0.0,,0.0,Neutral,0.0,Neutral
2015-11-09,0.0,,0.0,Neutral,0.0,Neutral
2015-11-08,0.0,,0.0,Neutral,0.0,Neutral
2015-11-05,0.0,,0.0,Neutral,0.0,Neutral
2015-11-04,0.0,,0.0,Neutral,0.0,Neutral
2015-11-03,0.0,,0.0,Neutral,0.0,Neutral
2015-11-02,0.0,,0.0,Neutral,0.0,Neutral
2015-11-01,0.0,,0.0,Neutral,0.0,Neutral
2015-10-29,0.0,,0.0,Neutral,0.0,Neutral
2015-10-28,0.0,,0.0,Neutral,0.0,Neutral
2015-10-27,0.0,,0.0,Neutral,0.0,Neutral
2015-10-25,0.0,,0.0,Neutral,0.0,Neutral
2015-10-19,0.0,,0.0,Neutral,0.0,Neutral
2015-10-18,0.0,,0.0,Neutral,0.0,Neutral
2015-10-15,0.0,2015-10-15,0.906463861465454,Strongly Positive,0.906463861465454,Strongly Positive
2015-10-14,0.0,,0.0,Neutral,0.453231930732727,Positive
2015-10-11,0.0,,0.0,Neutral,0.2266159653663635,Positive
2015-10-08,0.0,,0.0,Neutral,0.0,Neutral
2015-10-07,0.0,,0.0,Neutral,0.0,Neutral
2015-10-06,0.0,,0.0,Neutral,0.0,Neutral
2015-10-05,0.0,,0.0,Neutral,0.0,Neutral
2015-10-04,0.0,,0.0,Neutral,0.0,Neutral
2015-10-01,0.0,2015-10-01,-0.1944545805454254,Slightly Negative,-0.1944545805454254,Slightly Negative
2015-09-30,0.0,,0.0,Neutral,-0.0972272902727127,Slightly Negative
2015-09-29,0.0,2015-09-29,0.6452875137329102,Strongly Positive,0.5966738685965538,Positive
2015-09-28,0.0,,0.0,Neutral,0.3226437568664551,Positive
2015-09-24,0.0,2015-09-24,0.9214875102043152,Strongly Positive,1.0828093886375427,Strongly Positive
2015-09-23,0.0,2015-09-23,0.8798791170120239,Strongly Positive,1.3406228721141815,Strongly Positive
2015-09-22,0.0,2015-09-22,0.9070401191711426,Strongly Positive,1.5773515552282333,Strongly Positive
2015-09-17,0.0,,0.0,Neutral,0.6734898388385773,Strongly Positive
2015-09-16,0.0,,0.0,Neutral,0.22676002979278564,Positive
2015-09-15,0.0,,0.0,Neutral,0.0,Neutral
2015-09-14,0.0,,0.0,Neutral,0.0,Neutral
2015-09-13,0.0,,0.0,Neutral,0.0,Neutral
2015-09-10,0.0,,0.0,Neutral,0.0,Neutral
2015-09-09,0.0,,0.0,Neutral,0.0,Neutral
2015-09-08,0.0,,0.0,Neutral,0.0,Neutral
2015-09-07,0.0,,0.0,Neutral,0.0,Neutral
2015-09-06,0.0,,0.0,Neutral,0.0,Neutral
2015-09-03,0.0,2015-09-03,0.8332056999206543,Strongly Positive,0.8332056999206543,Strongly Positive
2015-09-02,0.0,,0.0,Neutral,0.41660284996032715,Positive
2015-09-01,0.0,,0.0,Neutral,0.20830142498016357,Positive
2015-08-31,0.0,,0.0,Neutral,0.0,Neutral
2015-08-27,0.0,,0.0,Neutral,0.0,Neutral
2015-08-26,0.0,2015-08-26,0.0012254416942596,Neutral,0.0012254416942596,Neutral
2015-08-25,0.0,,0.0,Neutral,0.0006127208471298,Neutral
2015-08-24,0.0,,0.0,Neutral,0.0003063604235649,Neutral
2015-08-23,0.0,,0.0,Neutral,0.0,Neutral
2015-08-20,0.0,,0.0,Neutral,0.0,Neutral
2015-08-19,0.0,,0.0,Neutral,0.0,Neutral
2015-08-17,0.0,,0.0,Neutral,0.0,Neutral
2015-08-16,0.0,,0.0,Neutral,0.0,Neutral
2015-08-13,0.0,,0.0,Neutral,0.0,Neutral
2015-08-12,0.0,,0.0,Neutral,0.0,Neutral
2015-08-11,0.0,,0.0,Neutral,0.0,Neutral
2015-08-10,0.0,,0.0,Neutral,0.0,Neutral
2015-08-09,0.0,,0.0,Neutral,0.0,Neutral
2015-08-06,0.0,,0.0,Neutral,0.0,Neutral
2015-08-05,0.0,,0.0,Neutral,0.0,Neutral
2015-08-04,0.0,,0.0,Neutral,0.0,Neutral
2015-08-03,0.0,2015-08-03,0.8893616795539856,Strongly Positive,0.8893616795539856,Strongly Positive
2015-08-02,0.0,,0.0,Neutral,0.4446808397769928,Positive
2015-07-30,0.0,,0.0,Neutral,0.2223404198884964,Positive
2015-07-29,0.0,,0.0,Neutral,0.0,Neutral
2015-07-28,0.0,,0.0,Neutral,0.0,Neutral
2015-07-27,0.0,,0.0,Neutral,0.0,Neutral
2015-07-26,0.0,,0.0,Neutral,0.0,Neutral
2015-07-23,0.0,,0.0,Neutral,0.0,Neutral
2015-07-22,0.0,2015-07-22,-0.7776907086372375,Strongly Negative,-0.7776907086372375,Strongly Negative
2015-07-16,0.0,,0.0,Neutral,-0.3888453543186188,Negative
2015-07-15,0.0,,0.0,Neutral,-0.1944226771593094,Slightly Negative
2015-07-14,0.0,,0.0,Neutral,0.0,Neutral
2015-07-13,0.0,,0.0,Neutral,0.0,Neutral
2015-07-12,0.0,,0.0,Neutral,0.0,Neutral
2015-07-09,0.0,,0.0,Neutral,0.0,Neutral
2015-07-08,0.0,,0.0,Neutral,0.0,Neutral
2015-07-07,0.0,,0.0,Neutral,0.0,Neutral
2015-07-06,0.0,,0.0,Neutral,0.0,Neutral
2015-07-05,0.0,,0.0,Neutral,0.0,Neutral
2015-07-02,0.0,,0.0,Neutral,0.0,Neutral
2015-07-01,0.0,2015-07-01,0.9069263339042664,Strongly Positive,0.9069263339042664,Strongly Positive
2015-06-30,0.0,,0.0,Neutral,0.4534631669521332,Positive
2015-06-29,0.0,,0.0,Neutral,0.2267315834760666,Positive
2015-06-28,0.0,,0.0,Neutral,0.0,Neutral
2015-06-25,0.0,,0.0,Neutral,0.0,Neutral
2015-06-24,0.0,,0.0,Neutral,0.0,Neutral
2015-06-23,0.0,,0.0,Neutral,0.0,Neutral
2015-06-22,0.0,,0.0,Neutral,0.0,Neutral
2015-06-21,0.0,,0.0,Neutral,0.0,Neutral
2015-06-18,0.0,,0.0,Neutral,0.0,Neutral
2015-06-17,0.0,,0.0,Neutral,0.0,Neutral
2015-06-16,0.0,,0.0,Neutral,0.0,Neutral
2015-06-15,0.0,,0.0,Neutral,0.0,Neutral
2015-06-14,0.0,,0.0,Neutral,0.0,Neutral
2015-06-11,0.0,,0.0,Neutral,0.0,Neutral
2015-06-10,0.0,,0.0,Neutral,0.0,Neutral
2015-06-09,0.0,,0.0,Neutral,0.0,Neutral
2015-06-08,0.0,,0.0,Neutral,0.0,Neutral
2015-06-07,0.0,,0.0,Neutral,0.0,Neutral
2015-06-04,0.0,2015-06-04,0.895082950592041,Strongly Positive,0.895082950592041,Strongly Positive
2015-06-03,0.0,,0.0,Neutral,0.4475414752960205,Positive
2015-06-02,0.0,,0.0,Neutral,0.22377073764801025,Positive
2015-06-01,0.0,,0.0,Neutral,0.0,Neutral
2015-04-23,0.0,,0.0,Neutral,0.0,Neutral
2015-04-22,0.0,2015-04-22,0.3517574965953827,Positive,0.3517574965953827,Positive
2015-04-21,0.0,,0.0,Neutral,0.17587874829769135,Slightly Positive
2015-04-20,0.0,2015-04-20,-0.9280198216438292,Strongly Negative,-0.8400804474949836,Strongly Negative
2015-04-15,0.0,,0.0,Neutral,-0.4640099108219146,Negative
2015-04-13,0.0,,0.0,Neutral,-0.2320049554109573,Negative
2015-04-12,0.0,,0.0,Neutral,0.0,Neutral
2015-04-09,0.0,,0.0,Neutral,0.0,Neutral
2015-04-08,0.0,,0.0,Neutral,0.0,Neutral
2015-04-05,0.0,,0.0,Neutral,0.0,Neutral
2015-04-02,0.0,,0.0,Neutral,0.0,Neutral
2015-04-01,0.0,,0.0,Neutral,0.0,Neutral
2015-03-31,0.0,,0.0,Neutral,0.0,Neutral
2015-03-30,0.0,,0.0,Neutral,0.0,Neutral
2015-03-26,0.0,,0.0,Neutral,0.0,Neutral
2015-03-25,0.0,,0.0,Neutral,0.0,Neutral
2015-03-24,0.0,,0.0,Neutral,0.0,Neutral
2015-03-23,0.0,,0.0,Neutral,0.0,Neutral
2015-03-22,0.0,,0.0,Neutral,0.0,Neutral
2015-03-19,0.0,,0.0,Neutral,0.0,Neutral
2015-03-18,0.0,,0.0,Neutral,0.0,Neutral
2015-03-17,0.0,,0.0,Neutral,0.0,Neutral
2015-03-16,0.0,,0.0,Neutral,0.0,Neutral
2015-03-15,0.0,,0.0,Neutral,0.0,Neutral
2015-03-12,0.0,,0.0,Neutral,0.0,Neutral
2015-03-11,0.0,,0.0,Neutral,0.0,Neutral
2015-03-10,0.0,,0.0,Neutral,0.0,Neutral
2015-03-09,0.0,,0.0,Neutral,0.0,Neutral
2015-03-04,0.0,,0.0,Neutral,0.0,Neutral
2015-03-03,0.0,,0.0,Neutral,0.0,Neutral
2015-03-02,0.0,,0.0,Neutral,0.0,Neutral
2015-03-01,0.0,,0.0,Neutral,0.0,Neutral
2015-02-26,0.0,,0.0,Neutral,0.0,Neutral
2015-02-25,0.0,,0.0,Neutral,0.0,Neutral
2015-02-24,0.0,,0.0,Neutral,0.0,Neutral
2015-02-23,0.0,,0.0,Neutral,0.0,Neutral
2015-02-22,0.0,,0.0,Neutral,0.0,Neutral
2015-02-18,0.0,,0.0,Neutral,0.0,Neutral
2015-02-16,0.0,,0.0,Neutral,0.0,Neutral
2015-02-15,0.0,,0.0,Neutral,0.0,Neutral
2015-02-12,0.0,,0.0,Neutral,0.0,Neutral
2015-02-11,0.0,,0.0,Neutral,0.0,Neutral
2015-02-10,0.0,,0.0,Neutral,0.0,Neutral
2015-02-09,0.0,,0.0,Neutral,0.0,Neutral
2015-02-08,0.0,,0.0,Neutral,0.0,Neutral
2015-02-05,0.0,,0.0,Neutral,0.0,Neutral
2015-02-04,0.0,,0.0,Neutral,0.0,Neutral
2015-02-02,0.0,,0.0,Neutral,0.0,Neutral
2015-02-01,0.0,,0.0,Neutral,0.0,Neutral
2015-01-28,0.0,,0.0,Neutral,0.0,Neutral
2015-01-27,0.0,,0.0,Neutral,0.0,Neutral
2015-01-26,0.0,,0.0,Neutral,0.0,Neutral
2015-01-25,0.0,,0.0,Neutral,0.0,Neutral
2015-01-20,0.0,,0.0,Neutral,0.0,Neutral
2015-01-19,0.0,2015-01-19,-0.893301248550415,Strongly Negative,-0.893301248550415,Strongly Negative
2015-01-14,0.0,,0.0,Neutral,-0.4466506242752075,Negative
2015-01-13,0.0,,0.0,Neutral,-0.22332531213760376,Negative
2015-01-12,0.0,,0.0,Neutral,0.0,Neutral
2015-01-11,0.0,,0.0,Neutral,0.0,Neutral
2015-01-08,0.0,,0.0,Neutral,0.0,Neutral
2015-01-07,0.0,,0.0,Neutral,0.0,Neutral
2015-01-05,0.0,,0.0,Neutral,0.0,Neutral
2015-01-04,0.0,2015-01-04,0.9143463969230652,Strongly Positive,0.9143463969230652,Strongly Positive
2015-01-01,0.0,,0.0,Neutral,0.4571731984615326,Positive
2014-12-31,0.0,,0.0,Neutral,0.2285865992307663,Positive
2014-12-29,0.0,,0.0,Neutral,0.0,Neutral
2014-12-28,0.0,,0.0,Neutral,0.0,Neutral
2014-12-24,0.0,,0.0,Neutral,0.0,Neutral
2014-12-22,0.0,,0.0,Neutral,0.0,Neutral
2014-12-21,0.0,,0.0,Neutral,0.0,Neutral
2014-12-17,0.0,,0.0,Neutral,0.0,Neutral
2014-12-15,0.0,,0.0,Neutral,0.0,Neutral
2014-12-11,0.0,,0.0,Neutral,0.0,Neutral
2014-12-03,0.0,,0.0,Neutral,0.0,Neutral
2014-12-01,0.0,,0.0,Neutral,0.0,Neutral
2014-11-30,0.0,,0.0,Neutral,0.0,Neutral
2014-11-25,0.0,,0.0,Neutral,0.0,Neutral
2014-11-24,0.0,,0.0,Neutral,0.0,Neutral
2014-11-20,0.0,,0.0,Neutral,0.0,Neutral
2014-11-19,0.0,,0.0,Neutral,0.0,Neutral
2014-11-18,0.0,,0.0,Neutral,0.0,Neutral
2014-11-17,0.0,2014-11-17,0.198180817067623,Slightly Positive,0.198180817067623,Slightly Positive
2014-11-16,0.0,,0.0,Neutral,0.0990904085338115,Slightly Positive
2014-11-13,0.0,,0.0,Neutral,0.04954520426690575,Neutral
2014-11-12,0.0,,0.0,Neutral,0.0,Neutral
2014-11-11,0.0,,0.0,Neutral,0.0,Neutral
2014-11-09,0.0,,0.0,Neutral,0.0,Neutral
2014-11-06,0.0,,0.0,Neutral,0.0,Neutral
2014-11-05,0.0,,0.0,Neutral,0.0,Neutral
2014-11-04,0.0,,0.0,Neutral,0.0,Neutral
2014-11-03,0.0,,0.0,Neutral,0.0,Neutral
2014-11-02,0.0,,0.0,Neutral,0.0,Neutral
2014-10-30,0.0,,0.0,Neutral,0.0,Neutral
2014-10-28,0.0,,0.0,Neutral,0.0,Neutral
2014-10-22,0.0,,0.0,Neutral,0.0,Neutral
2014-10-21,0.0,,0.0,Neutral,0.0,Neutral
2014-10-20,0.0,,0.0,Neutral,0.0,Neutral
2014-10-19,0.0,,0.0,Neutral,0.0,Neutral
2014-10-16,0.0,,0.0,Neutral,0.0,Neutral
2014-10-15,0.0,,0.0,Neutral,0.0,Neutral
2014-10-14,0.0,,0.0,Neutral,0.0,Neutral
2014-10-13,0.0,,0.0,Neutral,0.0,Neutral
2014-10-12,0.0,,0.0,Neutral,0.0,Neutral
2014-10-08,0.0,,0.0,Neutral,0.0,Neutral
2014-09-30,0.0,,0.0,Neutral,0.0,Neutral
2014-09-29,0.0,,0.0,Neutral,0.0,Neutral
2014-09-28,0.0,,0.0,Neutral,0.0,Neutral
2014-09-24,0.0,,0.0,Neutral,0.0,Neutral
2014-09-23,0.0,,0.0,Neutral,0.0,Neutral
2014-09-22,0.0,,0.0,Neutral,0.0,Neutral
2014-09-21,0.0,,0.0,Neutral,0.0,Neutral
2014-09-18,0.0,,0.0,Neutral,0.0,Neutral
2014-09-17,0.0,,0.0,Neutral,0.0,Neutral
2014-09-16,0.0,,0.0,Neutral,0.0,Neutral
2014-09-15,0.0,,0.0,Neutral,0.0,Neutral
2014-09-14,0.0,,0.0,Neutral,0.0,Neutral
2014-09-11,0.0,2014-09-11,-0.7906786203384399,Strongly Negative,-0.7906786203384399,Strongly Negative
2014-09-10,0.0,,0.0,Neutral,-0.39533931016921997,Negative
2014-09-09,0.0,,0.0,Neutral,-0.19766965508460999,Slightly Negative
2014-09-04,0.0,,0.0,Neutral,0.0,Neutral
2014-09-03,0.0,,0.0,Neutral,0.0,Neutral
2014-09-01,0.0,,0.0,Neutral,0.0,Neutral
2014-08-31,0.0,,0.0,Neutral,0.0,Neutral
2014-08-28,0.0,,0.0,Neutral,0.0,Neutral
2014-08-27,0.0,,0.0,Neutral,0.0,Neutral
2014-08-26,0.0,,0.0,Neutral,0.0,Neutral
2014-08-25,0.0,,0.0,Neutral,0.0,Neutral
2014-08-24,0.0,,0.0,Neutral,0.0,Neutral
2014-08-21,0.0,,0.0,Neutral,0.0,Neutral
2014-08-20,0.0,,0.0,Neutral,0.0,Neutral
2014-08-19,0.0,,0.0,Neutral,0.0,Neutral
2014-08-18,0.0,,0.0,Neutral,0.0,Neutral
2014-08-14,0.0,,0.0,Neutral,0.0,Neutral
2014-08-13,0.0,,0.0,Neutral,0.0,Neutral
2014-08-12,0.0,,0.0,Neutral,0.0,Neutral
2014-08-07,0.0,,0.0,Neutral,0.0,Neutral
2014-08-06,0.0,,0.0,Neutral,0.0,Neutral
2014-08-05,0.0,,0.0,Neutral,0.0,Neutral
2014-08-04,0.0,,0.0,Neutral,0.0,Neutral
2014-08-03,0.0,,0.0,Neutral,0.0,Neutral
2014-07-31,0.0,,0.0,Neutral,0.0,Neutral
2014-07-30,0.0,,0.0,Neutral,0.0,Neutral
2014-07-28,0.0,,0.0,Neutral,0.0,Neutral
2014-07-27,0.0,,0.0,Neutral,0.0,Neutral
2014-07-24,0.0,2014-07-24,-0.9164826273918152,Strongly Negative,-0.9164826273918152,Strongly Negative
2014-07-23,0.0,2014-07-23,-0.9311224818229676,Strongly Negative,-1.3893637955188751,Strongly Negative
2014-07-22,0.0,,0.0,Neutral,-0.6946818977594376,Strongly Negative
2014-07-21,0.0,,0.0,Neutral,-0.2327806204557419,Negative
2014-07-20,0.0,,0.0,Neutral,0.0,Neutral
2014-07-17,0.0,,0.0,Neutral,0.0,Neutral
2014-07-16,0.0,,0.0,Neutral,0.0,Neutral
2014-07-15,0.0,,0.0,Neutral,0.0,Neutral
2014-07-14,0.0,,0.0,Neutral,0.0,Neutral
2014-07-13,0.0,,0.0,Neutral,0.0,Neutral
2014-07-10,0.0,,0.0,Neutral,0.0,Neutral
2014-07-09,0.0,,0.0,Neutral,0.0,Neutral
2014-07-08,0.0,,0.0,Neutral,0.0,Neutral
2014-07-07,0.0,,0.0,Neutral,0.0,Neutral
2014-07-06,0.0,,0.0,Neutral,0.0,Neutral
2014-07-03,0.0,,0.0,Neutral,0.0,Neutral
2014-07-02,0.0,,0.0,Neutral,0.0,Neutral
2014-07-01,0.0,,0.0,Neutral,0.0,Neutral
2014-06-30,0.0,,0.0,Neutral,0.0,Neutral
2014-06-29,0.0,,0.0,Neutral,0.0,Neutral
2014-06-26,0.0,,0.0,Neutral,0.0,Neutral
2014-06-25,0.0,,0.0,Neutral,0.0,Neutral
2014-06-24,0.0,,0.0,Neutral,0.0,Neutral
2014-06-23,0.0,2014-06-23,0.8464714288711548,Strongly Positive,0.8464714288711548,Strongly Positive
2014-06-19,0.0,,0.0,Neutral,0.4232357144355774,Positive
2014-06-18,0.0,,0.0,Neutral,0.2116178572177887,Positive
2014-06-17,0.0,,0.0,Neutral,0.0,Neutral
2014-06-16,0.0,,0.0,Neutral,0.0,Neutral
2014-06-12,0.0,,0.0,Neutral,0.0,Neutral
2014-06-11,0.0,2014-06-11,0.2576161623001098,Positive,0.2576161623001098,Positive
2014-06-10,0.0,,0.0,Neutral,0.1288080811500549,Slightly Positive
2014-06-09,0.0,,0.0,Neutral,0.06440404057502745,Slightly Positive
2014-06-08,0.0,,0.0,Neutral,0.0,Neutral
2014-06-05,0.0,,0.0,Neutral,0.0,Neutral
2014-06-04,0.0,,0.0,Neutral,0.0,Neutral
2014-06-03,0.0,,0.0,Neutral,0.0,Neutral
2014-06-02,0.0,,0.0,Neutral,0.0,Neutral
2014-06-01,0.0,,0.0,Neutral,0.0,Neutral
2014-05-28,0.0,,0.0,Neutral,0.0,Neutral
2014-05-27,0.0,,0.0,Neutral,0.0,Neutral
2014-05-26,0.0,,0.0,Neutral,0.0,Neutral
2014-05-25,0.0,,0.0,Neutral,0.0,Neutral
2014-05-22,0.0,2014-05-22,0.4946221709251404,Positive,0.4946221709251404,Positive
2014-05-21,0.0,,0.0,Neutral,0.2473110854625702,Positive
2014-05-20,0.0,2014-05-20,0.872773289680481,Strongly Positive,0.996428832411766,Strongly Positive
2014-05-19,0.0,,0.0,Neutral,0.4363866448402405,Positive
2014-05-18,956.0,,0.0,Neutral,0.21819332242012024,Positive
2014-05-15,950.0,,0.0,Neutral,0.0,Neutral
2014-05-13,925.0,,0.0,Neutral,0.0,Neutral
2014-05-12,960.0,,0.0,Neutral,0.0,Neutral
2014-05-11,960.0,,0.0,Neutral,0.0,Neutral
2014-05-08,976.0,,0.0,Neutral,0.0,Neutral
2014-05-07,995.0,,0.0,Neutral,0.0,Neutral
2014-05-06,980.0,,0.0,Neutral,0.0,Neutral
2014-05-05,0.0,,0.0,Neutral,0.0,Neutral
2014-05-04,979.0,,0.0,Neutral,0.0,Neutral
2014-04-29,890.0,,0.0,Neutral,0.0,Neutral
2014-04-28,895.0,,0.0,Neutral,0.0,Neutral
2014-04-23,887.0,,0.0,Neutral,0.0,Neutral
2014-04-22,885.0,,0.0,Neutral,0.0,Neutral
2014-04-21,868.0,,0.0,Neutral,0.0,Neutral
2014-04-20,867.0,2014-04-20,-0.8709391951560974,Strongly Negative,-0.8709391951560974,Strongly Negative
2014-04-17,913.0,,0.0,Neutral,-0.4354695975780487,Negative
2014-04-15,969.0,,0.0,Neutral,-0.21773479878902435,Negative
2014-04-13,950.0,,0.0,Neutral,0.0,Neutral
2014-04-10,920.0,,0.0,Neutral,0.0,Neutral
2014-04-09,887.0,,0.0,Neutral,0.0,Neutral
2014-04-07,870.0,,0.0,Neutral,0.0,Neutral
2014-04-06,851.0,,0.0,Neutral,0.0,Neutral
2014-04-03,868.0,,0.0,Neutral,0.0,Neutral
2014-04-02,851.0,,0.0,Neutral,0.0,Neutral
2014-04-01,800.0,,0.0,Neutral,0.0,Neutral
2014-03-31,785.0,,0.0,Neutral,0.0,Neutral
2014-03-26,800.0,,0.0,Neutral,0.0,Neutral
2014-03-24,785.0,,0.0,Neutral,0.0,Neutral
2014-03-23,770.0,,0.0,Neutral,0.0,Neutral
2014-03-20,802.0,,0.0,Neutral,0.0,Neutral
2014-03-19,800.0,,0.0,Neutral,0.0,Neutral
2014-03-18,790.0,,0.0,Neutral,0.0,Neutral
2014-03-17,794.0,,0.0,Neutral,0.0,Neutral
2014-03-13,810.0,,0.0,Neutral,0.0,Neutral
2014-03-13,810.0,,0.0,Neutral,0.0,Neutral
2014-03-12,810.0,,0.0,Neutral,0.0,Neutral
2014-03-11,840.0,,0.0,Neutral,0.0,Neutral
2014-03-09,890.0,,0.0,Neutral,0.0,Neutral
2014-03-06,901.0,,0.0,Neutral,0.0,Neutral
2014-03-05,867.0,,0.0,Neutral,0.0,Neutral
2014-03-04,850.0,,0.0,Neutral,0.0,Neutral
2014-03-03,850.0,,0.0,Neutral,0.0,Neutral
2014-02-26,884.0,,0.0,Neutral,0.0,Neutral
2014-02-25,900.0,,0.0,Neutral,0.0,Neutral
2014-02-24,902.0,,0.0,Neutral,0.0,Neutral
2014-02-23,885.0,,0.0,Neutral,0.0,Neutral
2014-02-20,905.0,,0.0,Neutral,0.0,Neutral
2014-02-18,906.0,,0.0,Neutral,0.0,Neutral
2014-02-17,905.0,,0.0,Neutral,0.0,Neutral
2014-02-16,918.0,,0.0,Neutral,0.0,Neutral
2014-02-13,900.0,,0.0,Neutral,0.0,Neutral
2014-02-12,875.0,,0.0,Neutral,0.0,Neutral
2014-02-11,890.0,,0.0,Neutral,0.0,Neutral
2014-02-10,910.0,,0.0,Neutral,0.0,Neutral
2014-02-09,885.0,,0.0,Neutral,0.0,Neutral
2014-02-06,885.0,,0.0,Neutral,0.0,Neutral
2014-02-04,880.0,,0.0,Neutral,0.0,Neutral
2014-02-03,875.0,,0.0,Neutral,0.0,Neutral
2014-02-02,860.0,,0.0,Neutral,0.0,Neutral
2014-01-29,860.0,,0.0,Neutral,0.0,Neutral
2014-01-23,880.0,,0.0,Neutral,0.0,Neutral
2014-01-22,875.0,,0.0,Neutral,0.0,Neutral
2014-01-21,875.0,2014-01-21,-0.0663483887910842,Slightly Negative,-0.0663483887910842,Slightly Negative
2014-01-20,870.0,,0.0,Neutral,-0.0331741943955421,Neutral
2014-01-14,816.0,,0.0,Neutral,-0.01658709719777105,Neutral
2014-01-13,742.0,,0.0,Neutral,0.0,Neutral
2014-01-12,714.0,,0.0,Neutral,0.0,Neutral
2013-12-29,700.0,,0.0,Neutral,0.0,Neutral
2013-12-24,715.0,,0.0,Neutral,0.0,Neutral
2013-12-23,714.0,,0.0,Neutral,0.0,Neutral
2013-12-22,714.0,,0.0,Neutral,0.0,Neutral
2013-12-16,700.0,,0.0,Neutral,0.0,Neutral
2013-12-15,687.0,,0.0,Neutral,0.0,Neutral
2013-12-10,701.0,,0.0,Neutral,0.0,Neutral
2013-12-09,715.0,,0.0,Neutral,0.0,Neutral
2013-12-05,971.0,,0.0,Neutral,0.0,Neutral
2013-12-04,980.0,,0.0,Neutral,0.0,Neutral
2013-12-03,946.0,,0.0,Neutral,0.0,Neutral
2013-12-02,883.0,,0.0,Neutral,0.0,Neutral
2013-12-01,803.0,,0.0,Neutral,0.0,Neutral
2013-11-28,745.0,,0.0,Neutral,0.0,Neutral
2013-11-27,745.0,,0.0,Neutral,0.0,Neutral
2013-11-26,745.0,,0.0,Neutral,0.0,Neutral
2013-11-25,769.0,,0.0,Neutral,0.0,Neutral
2013-11-24,740.0,,0.0,Neutral,0.0,Neutral
2013-11-21,728.0,,0.0,Neutral,0.0,Neutral
2013-11-14,700.0,,0.0,Neutral,0.0,Neutral
2013-11-13,700.0,,0.0,Neutral,0.0,Neutral
2013-11-12,694.0,,0.0,Neutral,0.0,Neutral
2013-11-07,670.0,2013-11-07,0.8954075574874878,Strongly Positive,0.8954075574874878,Strongly Positive
2013-11-06,665.0,,0.0,Neutral,0.4477037787437439,Positive
2013-10-31,653.0,,0.0,Neutral,0.22385188937187195,Positive
2013-10-29,641.0,,0.0,Neutral,0.0,Neutral
2013-10-27,652.0,,0.0,Neutral,0.0,Neutral
2013-10-24,665.0,,0.0,Neutral,0.0,Neutral
2013-10-23,674.0,,0.0,Neutral,0.0,Neutral
2013-10-20,700.0,,0.0,Neutral,0.0,Neutral
2013-10-09,700.0,2013-10-09,0.9173533916473388,Strongly Positive,0.9173533916473388,Strongly Positive
2013-10-08,695.0,2013-10-08,-0.1359323263168335,Slightly Negative,0.3227443695068359,Positive
2013-10-07,689.0,,0.0,Neutral,0.16137218475341794,Slightly Positive
2013-10-06,639.0,,0.0,Neutral,-0.033983081579208374,Neutral
2013-10-03,652.0,,0.0,Neutral,0.0,Neutral
2013-10-02,649.0,,0.0,Neutral,0.0,Neutral
2013-10-01,654.0,,0.0,Neutral,0.0,Neutral
2013-09-30,630.0,,0.0,Neutral,0.0,Neutral
2013-09-29,625.0,,0.0,Neutral,0.0,Neutral
2013-09-26,627.0,,0.0,Neutral,0.0,Neutral
2013-09-25,659.0,,0.0,Neutral,0.0,Neutral
2013-09-24,629.0,,0.0,Neutral,0.0,Neutral
2013-09-23,641.0,,0.0,Neutral,0.0,Neutral
2013-09-22,650.0,,0.0,Neutral,0.0,Neutral
2013-09-19,663.0,2013-09-19,0.9179192781448364,Strongly Positive,0.9179192781448364,Strongly Positive
2013-09-17,689.0,,0.0,Neutral,0.4589596390724182,Positive
2013-09-16,745.0,,0.0,Neutral,0.2294798195362091,Positive
2013-09-12,760.0,,0.0,Neutral,0.0,Neutral
2013-09-11,789.0,,0.0,Neutral,0.0,Neutral
2013-09-10,746.0,,0.0,Neutral,0.0,Neutral
2013-09-09,679.0,,0.0,Neutral,0.0,Neutral
2013-09-05,641.0,,0.0,Neutral,0.0,Neutral
2013-09-04,636.0,,0.0,Neutral,0.0,Neutral
2013-09-03,642.0,2013-09-03,0.819646954536438,Strongly Positive,0.819646954536438,Strongly Positive
2013-09-02,695.0,,0.0,Neutral,0.409823477268219,Positive
2013-09-01,676.0,,0.0,Neutral,0.2049117386341095,Positive
2013-08-29,650.0,,0.0,Neutral,0.0,Neutral
2013-08-27,648.0,,0.0,Neutral,0.0,Neutral
2013-08-26,637.0,,0.0,Neutral,0.0,Neutral
2013-08-25,642.0,,0.0,Neutral,0.0,Neutral
2013-08-20,630.0,,0.0,Neutral,0.0,Neutral
2013-08-19,630.0,,0.0,Neutral,0.0,Neutral
2013-08-18,608.0,,0.0,Neutral,0.0,Neutral
2013-08-15,646.0,,0.0,Neutral,0.0,Neutral
2013-08-14,599.0,,0.0,Neutral,0.0,Neutral
2013-08-13,605.0,,0.0,Neutral,0.0,Neutral
2013-08-12,602.0,,0.0,Neutral,0.0,Neutral
2013-08-11,550.0,,0.0,Neutral,0.0,Neutral
2013-08-08,505.0,,0.0,Neutral,0.0,Neutral
2013-08-07,515.0,,0.0,Neutral,0.0,Neutral
2013-08-06,504.0,,0.0,Neutral,0.0,Neutral
2013-08-05,495.0,,0.0,Neutral,0.0,Neutral
2013-08-04,505.0,,0.0,Neutral,0.0,Neutral
2013-08-01,495.0,,0.0,Neutral,0.0,Neutral
2013-07-31,481.0,,0.0,Neutral,0.0,Neutral
2013-07-30,478.0,,0.0,Neutral,0.0,Neutral
2013-07-29,510.0,,0.0,Neutral,0.0,Neutral
2013-07-28,500.0,,0.0,Neutral,0.0,Neutral
2013-07-25,500.0,2013-07-25,0.3480015099048614,Positive,0.3480015099048614,Positive
2013-07-24,520.0,,0.0,Neutral,0.1740007549524307,Slightly Positive
2013-07-23,500.0,,0.0,Neutral,0.08700037747621535,Slightly Positive
2013-07-22,518.0,,0.0,Neutral,0.0,Neutral
2013-07-21,518.0,2013-07-21,-0.0085532963275909,Neutral,-0.0085532963275909,Neutral
2013-07-18,490.0,,0.0,Neutral,-0.00427664816379545,Neutral
2013-07-17,500.0,,0.0,Neutral,-0.002138324081897725,Neutral
2013-07-16,501.0,,0.0,Neutral,0.0,Neutral
2013-07-15,511.0,,0.0,Neutral,0.0,Neutral
2013-07-14,556.0,,0.0,Neutral,0.0,Neutral
2013-07-11,546.0,,0.0,Neutral,0.0,Neutral
2013-07-10,536.0,,0.0,Neutral,0.0,Neutral
2013-07-09,527.0,,0.0,Neutral,0.0,Neutral
2013-07-08,498.0,,0.0,Neutral,0.0,Neutral
2013-07-07,498.0,,0.0,Neutral,0.0,Neutral
2013-07-04,461.0,,0.0,Neutral,0.0,Neutral
2013-07-03,446.0,,0.0,Neutral,0.0,Neutral
2013-06-30,430.0,,0.0,Neutral,0.0,Neutral
2013-06-27,430.0,,0.0,Neutral,0.0,Neutral
2013-06-26,435.0,,0.0,Neutral,0.0,Neutral
2013-06-19,437.0,,0.0,Neutral,0.0,Neutral
2013-06-17,437.0,,0.0,Neutral,0.0,Neutral
2013-06-12,445.0,,0.0,Neutral,0.0,Neutral
2013-06-09,447.0,,0.0,Neutral,0.0,Neutral
2013-06-05,455.0,,0.0,Neutral,0.0,Neutral
2013-06-04,444.0,,0.0,Neutral,0.0,Neutral
2013-06-03,457.0,,0.0,Neutral,0.0,Neutral
2013-05-30,503.0,,0.0,Neutral,0.0,Neutral
2013-05-27,494.0,,0.0,Neutral,0.0,Neutral
2013-05-23,476.0,,0.0,Neutral,0.0,Neutral
2013-05-22,433.0,,0.0,Neutral,0.0,Neutral
2013-05-21,428.0,,0.0,Neutral,0.0,Neutral
2013-05-20,428.0,,0.0,Neutral,0.0,Neutral
2013-05-19,420.0,,0.0,Neutral,0.0,Neutral
2013-05-13,412.0,,0.0,Neutral,0.0,Neutral
2013-05-12,420.0,,0.0,Neutral,0.0,Neutral
2013-05-09,432.0,,0.0,Neutral,0.0,Neutral
2013-05-08,426.0,,0.0,Neutral,0.0,Neutral
2013-05-07,431.0,,0.0,Neutral,0.0,Neutral
2013-05-06,407.0,,0.0,Neutral,0.0,Neutral
2013-04-30,400.0,,0.0,Neutral,0.0,Neutral
2013-04-29,400.0,,0.0,Neutral,0.0,Neutral
2013-04-28,402.0,,0.0,Neutral,0.0,Neutral
2013-04-25,402.0,,0.0,Neutral,0.0,Neutral
2013-04-23,395.0,,0.0,Neutral,0.0,Neutral
2013-04-22,400.0,2013-04-22,-0.2091480791568756,Negative,-0.2091480791568756,Negative
2013-04-21,387.0,2013-04-21,0.8760323524475098,Strongly Positive,0.771458312869072,Strongly Positive
2013-04-18,380.0,,0.0,Neutral,0.385729156434536,Positive
2013-04-16,386.0,,0.0,Neutral,0.21900808811187744,Positive
2013-04-15,401.0,,0.0,Neutral,0.0,Neutral
2013-04-11,387.0,,0.0,Neutral,0.0,Neutral
2013-04-09,382.0,,0.0,Neutral,0.0,Neutral
2013-04-08,375.0,,0.0,Neutral,0.0,Neutral
2013-04-07,360.0,,0.0,Neutral,0.0,Neutral
2013-04-04,358.0,,0.0,Neutral,0.0,Neutral
2013-04-03,351.0,,0.0,Neutral,0.0,Neutral
2013-04-02,345.0,,0.0,Neutral,0.0,Neutral
2013-04-01,353.0,,0.0,Neutral,0.0,Neutral
2013-03-31,360.0,,0.0,Neutral,0.0,Neutral
2013-03-27,367.0,,0.0,Neutral,0.0,Neutral
2013-03-24,358.0,,0.0,Neutral,0.0,Neutral
2013-03-21,365.0,,0.0,Neutral,0.0,Neutral
2013-03-20,371.0,,0.0,Neutral,0.0,Neutral
2013-03-19,378.0,,0.0,Neutral,0.0,Neutral
2013-03-18,399.0,,0.0,Neutral,0.0,Neutral
2013-03-13,392.0,2013-03-13,0.6635726094245911,Strongly Positive,0.6635726094245911,Strongly Positive
2013-03-11,400.0,,0.0,Neutral,0.33178630471229553,Positive
2013-03-07,400.0,,0.0,Neutral,0.16589315235614777,Slightly Positive
2013-03-05,390.0,,0.0,Neutral,0.0,Neutral
2013-02-27,394.0,,0.0,Neutral,0.0,Neutral
2013-02-26,387.0,,0.0,Neutral,0.0,Neutral
2013-02-25,380.0,,0.0,Neutral,0.0,Neutral
2013-02-24,390.0,,0.0,Neutral,0.0,Neutral
2013-02-21,407.0,,0.0,Neutral,0.0,Neutral
2013-02-17,408.0,,0.0,Neutral,0.0,Neutral
2013-02-14,400.0,,0.0,Neutral,0.0,Neutral
2013-02-13,397.0,,0.0,Neutral,0.0,Neutral
2013-02-07,390.0,,0.0,Neutral,0.0,Neutral
2013-02-05,388.0,,0.0,Neutral,0.0,Neutral
2013-02-03,387.0,,0.0,Neutral,0.0,Neutral
2013-01-31,375.0,,0.0,Neutral,0.0,Neutral
2013-01-30,383.0,,0.0,Neutral,0.0,Neutral
2013-01-28,390.0,2013-01-28,0.8766284584999084,Strongly Positive,0.8766284584999084,Strongly Positive
2013-01-27,383.0,,0.0,Neutral,0.4383142292499542,Positive
2013-01-24,393.0,,0.0,Neutral,0.2191571146249771,Positive
2013-01-23,407.0,,0.0,Neutral,0.0,Neutral
2013-01-22,400.0,,0.0,Neutral,0.0,Neutral
2013-01-21,400.0,2013-01-21,-0.8027498722076416,Strongly Negative,-0.8027498722076416,Strongly Negative
2013-01-17,401.0,,0.0,Neutral,-0.4013749361038208,Negative
2013-01-13,425.0,,0.0,Neutral,-0.2006874680519104,Negative
2012-12-24,430.0,,0.0,Neutral,0.0,Neutral
2012-12-20,437.0,,0.0,Neutral,0.0,Neutral
2012-12-17,421.0,,0.0,Neutral,0.0,Neutral
2012-12-16,421.0,,0.0,Neutral,0.0,Neutral
2012-12-13,405.0,,0.0,Neutral,0.0,Neutral
2012-12-11,391.0,,0.0,Neutral,0.0,Neutral
2012-11-25,493.0,,0.0,Neutral,0.0,Neutral
2012-11-22,497.0,,0.0,Neutral,0.0,Neutral
2012-11-21,485.0,,0.0,Neutral,0.0,Neutral
2012-11-20,476.0,,0.0,Neutral,0.0,Neutral
2012-11-12,470.0,,0.0,Neutral,0.0,Neutral
2012-11-11,474.0,,0.0,Neutral,0.0,Neutral
2012-11-08,475.0,,0.0,Neutral,0.0,Neutral
2012-11-07,472.0,,0.0,Neutral,0.0,Neutral
2012-11-06,478.0,,0.0,Neutral,0.0,Neutral
2012-11-05,460.0,,0.0,Neutral,0.0,Neutral
2012-11-04,456.0,,0.0,Neutral,0.0,Neutral
2012-11-01,452.0,,0.0,Neutral,0.0,Neutral
2012-10-30,474.0,2012-10-30,0.8767701387405396,Strongly Positive,0.8767701387405396,Strongly Positive
2012-10-10,441.0,,0.0,Neutral,0.4383850693702698,Positive
2012-10-09,425.0,,0.0,Neutral,0.2191925346851349,Positive
2012-10-08,417.0,2012-10-08,0.9025632739067078,Strongly Positive,0.9025632739067078,Strongly Positive
2012-10-03,428.0,,0.0,Neutral,0.4512816369533539,Positive
2012-09-30,420.0,,0.0,Neutral,0.22564081847667694,Positive
2012-09-26,413.0,,0.0,Neutral,0.0,Neutral
2012-09-25,405.0,,0.0,Neutral,0.0,Neutral
2012-09-24,402.0,,0.0,Neutral,0.0,Neutral
2012-09-23,416.0,,0.0,Neutral,0.0,Neutral
2012-09-20,424.0,2012-09-20,0.8236021995544434,Strongly Positive,0.8236021995544434,Strongly Positive
2012-09-19,422.0,,0.0,Neutral,0.4118010997772217,Positive
2012-09-18,422.0,,0.0,Neutral,0.20590054988861084,Positive
2012-09-17,440.0,,0.0,Neutral,0.0,Neutral
2012-09-16,418.0,,0.0,Neutral,0.0,Neutral
2012-09-12,380.0,,0.0,Neutral,0.0,Neutral
2012-09-11,372.0,2012-09-11,0.9140388369560242,Strongly Positive,0.9140388369560242,Strongly Positive
2012-09-10,373.0,,0.0,Neutral,0.4570194184780121,Positive
2012-09-09,375.0,,0.0,Neutral,0.22850970923900604,Positive
2012-09-06,377.0,,0.0,Neutral,0.0,Neutral
2012-09-05,384.0,,0.0,Neutral,0.0,Neutral
2012-09-04,377.0,,0.0,Neutral,0.0,Neutral
2012-09-03,376.0,,0.0,Neutral,0.0,Neutral
2012-09-02,382.0,,0.0,Neutral,0.0,Neutral
2012-08-30,375.0,,0.0,Neutral,0.0,Neutral
2012-08-29,373.0,,0.0,Neutral,0.0,Neutral
2012-08-28,364.0,,0.0,Neutral,0.0,Neutral
2012-08-19,371.0,,0.0,Neutral,0.0,Neutral
2012-08-16,385.0,,0.0,Neutral,0.0,Neutral
2012-08-13,390.0,,0.0,Neutral,0.0,Neutral
2012-08-06,389.0,,0.0,Neutral,0.0,Neutral
2012-08-01,396.0,,0.0,Neutral,0.0,Neutral
2012-07-31,388.0,,0.0,Neutral,0.0,Neutral
2012-07-26,388.0,,0.0,Neutral,0.0,Neutral
2012-07-24,395.0,,0.0,Neutral,0.0,Neutral
2012-07-23,374.0,,0.0,Neutral,0.0,Neutral
2012-07-19,379.0,,0.0,Neutral,0.0,Neutral
2012-07-18,379.0,,0.0,Neutral,0.0,Neutral
2012-07-17,345.0,,0.0,Neutral,0.0,Neutral
2012-07-11,314.0,,0.0,Neutral,0.0,Neutral
2012-07-01,286.0,,0.0,Neutral,0.0,Neutral
2012-06-17,288.0,,0.0,Neutral,0.0,Neutral
2012-06-12,283.0,,0.0,Neutral,0.0,Neutral
2012-06-07,293.0,,0.0,Neutral,0.0,Neutral
2012-05-24,288.0,,0.0,Neutral,0.0,Neutral
2012-05-17,293.0,,0.0,Neutral,0.0,Neutral
2012-05-14,273.0,,0.0,Neutral,0.0,Neutral
2012-04-26,258.0,2012-04-26,0.8792151808738708,Strongly Positive,0.8792151808738708,Strongly Positive
2012-04-12,253.0,,0.0,Neutral,0.4396075904369354,Positive
2012-04-08,256.0,,0.0,Neutral,0.2198037952184677,Positive
2012-03-28,251.0,,0.0,Neutral,0.0,Neutral
2012-03-25,250.0,,0.0,Neutral,0.0,Neutral
2012-03-20,246.0,,0.0,Neutral,0.0,Neutral
2012-03-05,242.0,,0.0,Neutral,0.0,Neutral
2012-03-04,249.0,,0.0,Neutral,0.0,Neutral
2012-03-01,254.0,,0.0,Neutral,0.0,Neutral
2012-02-29,282.0,,0.0,Neutral,0.0,Neutral
2012-02-28,277.0,,0.0,Neutral,0.0,Neutral
2012-02-23,297.0,,0.0,Neutral,0.0,Neutral
2012-02-16,314.0,,0.0,Neutral,0.0,Neutral
2012-02-08,326.0,,0.0,Neutral,0.0,Neutral
2012-02-06,320.0,,0.0,Neutral,0.0,Neutral
2012-01-25,323.0,,0.0,Neutral,0.0,Neutral
2012-01-19,322.0,,0.0,Neutral,0.0,Neutral
2012-01-11,328.0,,0.0,Neutral,0.0,Neutral
2012-01-05,340.0,,0.0,Neutral,0.0,Neutral
2011-12-28,346.0,,0.0,Neutral,0.0,Neutral
2011-12-18,340.0,,0.0,Neutral,0.0,Neutral
2011-12-14,353.0,,0.0,Neutral,0.0,Neutral
2011-11-17,360.0,,0.0,Neutral,0.0,Neutral
2011-11-09,361.0,,0.0,Neutral,0.0,Neutral
2011-11-06,375.0,,0.0,Neutral,0.0,Neutral
2011-10-18,370.0,,0.0,Neutral,0.0,Neutral
2011-10-10,365.0,,0.0,Neutral,0.0,Neutral
2011-09-27,361.0,2011-09-27,0.1179360896348953,Slightly Positive,0.1179360896348953,Slightly Positive
2011-09-01,375.0,,0.0,Neutral,0.05896804481744765,Slightly Positive
2011-08-23,382.0,,0.0,Neutral,0.029484022408723824,Neutral
2011-08-22,380.0,,0.0,Neutral,0.0,Neutral
2011-08-18,380.0,,0.0,Neutral,0.0,Neutral
2011-08-17,369.0,2011-08-17,0.8718088865280151,Strongly Positive,0.8718088865280151,Strongly Positive
2011-08-16,355.0,,0.0,Neutral,0.43590444326400757,Positive
2011-08-15,359.0,,0.0,Neutral,0.21795222163200378,Positive
2011-08-11,340.0,,0.0,Neutral,0.0,Neutral
2011-08-10,310.0,,0.0,Neutral,0.0,Neutral
2011-08-09,309.0,,0.0,Neutral,0.0,Neutral
2011-08-08,309.0,,0.0,Neutral,0.0,Neutral
2011-08-07,303.0,,0.0,Neutral,0.0,Neutral
2011-08-04,308.0,,0.0,Neutral,0.0,Neutral
2011-08-03,309.0,,0.0,Neutral,0.0,Neutral
2011-07-31,309.0,,0.0,Neutral,0.0,Neutral
2011-07-28,315.0,2011-07-28,0.9249092936515808,Strongly Positive,0.9249092936515808,Strongly Positive
2011-07-27,309.0,,0.0,Neutral,0.4624546468257904,Positive
2011-07-24,303.0,,0.0,Neutral,0.2312273234128952,Positive
2011-07-21,314.0,,0.0,Neutral,0.0,Neutral
2011-07-20,308.0,,0.0,Neutral,0.0,Neutral
2011-07-19,287.0,,0.0,Neutral,0.0,Neutral
2011-07-07,261.0,,0.0,Neutral,0.0,Neutral
2011-07-05,256.0,,0.0,Neutral,0.0,Neutral
2011-06-02,233.0,,0.0,Neutral,0.0,Neutral
2011-05-18,237.0,,0.0,Neutral,0.0,Neutral
2011-05-15,238.0,,0.0,Neutral,0.0,Neutral
2011-05-12,237.0,,0.0,Neutral,0.0,Neutral
2011-05-08,241.0,,0.0,Neutral,0.0,Neutral
2011-04-28,245.0,,0.0,Neutral,0.0,Neutral
2011-03-31,245.0,,0.0,Neutral,0.0,Neutral
2010-11-23,311.0,,0.0,Neutral,0.0,Neutral
2010-11-14,317.0,,0.0,Neutral,0.0,Neutral
2010-10-03,466.0,,0.0,Neutral,0.0,Neutral
2010-09-30,475.0,,0.0,Neutral,0.0,Neutral
2010-09-27,475.0,,0.0,Neutral,0.0,Neutral
2010-09-26,466.0,,0.0,Neutral,0.0,Neutral
2010-09-23,466.0,,0.0,Neutral,0.0,Neutral
2010-09-21,475.0,,0.0,Neutral,0.0,Neutral
2010-09-14,469.0,,0.0,Neutral,0.0,Neutral
2010-09-13,460.0,,0.0,Neutral,0.0,Neutral
2010-09-12,446.0,,0.0,Neutral,0.0,Neutral
2010-09-02,430.0,,0.0,Neutral,0.0,Neutral
2010-07-28,446.0,,0.0,Neutral,0.0,Neutral
2010-07-27,450.0,,0.0,Neutral,0.0,Neutral
2010-07-26,438.0,,0.0,Neutral,0.0,Neutral
2010-07-25,440.0,,0.0,Neutral,0.0,Neutral
2010-07-22,448.0,,0.0,Neutral,0.0,Neutral
2010-07-20,465.0,,0.0,Neutral,0.0,Neutral
2010-07-19,472.0,,0.0,Neutral,0.0,Neutral
2010-07-18,481.0,,0.0,Neutral,0.0,Neutral
2010-07-16,474.0,,0.0,Neutral,0.0,Neutral
2010-07-08,490.0,,0.0,Neutral,0.0,Neutral
2010-07-07,509.0,,0.0,Neutral,0.0,Neutral
2010-07-05,519.0,,0.0,Neutral,0.0,Neutral
2010-07-04,529.0,,0.0,Neutral,0.0,Neutral
2010-06-30,519.0,,0.0,Neutral,0.0,Neutral
2010-06-23,530.0,,0.0,Neutral,0.0,Neutral
2010-06-22,510.0,,0.0,Neutral,0.0,Neutral
2010-06-21,500.0,,0.0,Neutral,0.0,Neutral
2010-06-20,492.0,,0.0,Neutral,0.0,Neutral
2010-06-17,483.0,,0.0,Neutral,0.0,Neutral
2010-06-15,465.0,,0.0,Neutral,0.0,Neutral
2010-06-14,459.0,,0.0,Neutral,0.0,Neutral
2010-06-13,450.0,,0.0,Neutral,0.0,Neutral
2010-06-10,418.0,,0.0,Neutral,0.0,Neutral
2010-06-09,380.0,,0.0,Neutral,0.0,Neutral
2010-06-08,366.0,,0.0,Neutral,0.0,Neutral
2010-06-07,359.0,,0.0,Neutral,0.0,Neutral
2010-06-03,334.0,,0.0,Neutral,0.0,Neutral
2010-06-02,328.0,,0.0,Neutral,0.0,Neutral
2010-05-31,322.0,,0.0,Neutral,0.0,Neutral
2010-05-30,301.0,,0.0,Neutral,0.0,Neutral
2009-12-28,295.0,,0.0,Neutral,0.0,Neutral
2009-12-16,297.0,,0.0,Neutral,0.0,Neutral
2009-12-07,297.0,,0.0,Neutral,0.0,Neutral
2009-11-18,292.0,,0.0,Neutral,0.0,Neutral
2009-11-16,328.0,,0.0,Neutral,0.0,Neutral
2009-10-04,328.0,,0.0,Neutral,0.0,Neutral
2009-08-18,322.0,,0.0,Neutral,0.0,Neutral
2009-06-21,328.0,,0.0,Neutral,0.0,Neutral
2009-06-03,316.0,,0.0,Neutral,0.0,Neutral
2009-06-02,304.0,,0.0,Neutral,0.0,Neutral
2009-05-19,304.0,,0.0,Neutral,0.0,Neutral
2009-03-12,299.0,,0.0,Neutral,0.0,Neutral
2009-02-26,294.0,,0.0,Neutral,0.0,Neutral
2009-01-07,289.0,,0.0,Neutral,0.0,Neutral
2009-01-01,279.0,,0.0,Neutral,0.0,Neutral
2008-11-11,274.0,,0.0,Neutral,0.0,Neutral
2008-09-21,298.0,,0.0,Neutral,0.0,Neutral
2008-08-21,293.0,,0.0,Neutral,0.0,Neutral
2008-08-18,275.0,,0.0,Neutral,0.0,Neutral
2008-08-13,275.0,,0.0,Neutral,0.0,Neutral
2008-07-31,270.0,,0.0,Neutral,0.0,Neutral
2008-07-07,265.0,,0.0,Neutral,0.0,Neutral
2008-05-21,265.0,,0.0,Neutral,0.0,Neutral
2008-04-27,270.0,,0.0,Neutral,0.0,Neutral
2008-04-21,270.0,,0.0,Neutral,0.0,Neutral
2008-04-17,255.0,,0.0,Neutral,0.0,Neutral
2007-12-18,250.0,,0.0,Neutral,0.0,Neutral
2007-12-04,246.0,,0.0,Neutral,0.0,Neutral
2007-08-23,242.0,,0.0,Neutral,0.0,Neutral
2007-08-06,242.0,,0.0,Neutral,0.0,Neutral
2007-08-02,242.0,,0.0,Neutral,0.0,Neutral
2007-07-25,242.0,,0.0,Neutral,0.0,Neutral
2007-07-10,242.0,,0.0,Neutral,0.0,Neutral
2007-06-25,231.0,,0.0,Neutral,0.0,Neutral
2007-06-13,230.0,,0.0,Neutral,0.0,Neutral
2007-06-03,225.0,,0.0,Neutral,0.0,Neutral
2007-05-30,217.0,,0.0,Neutral,0.0,Neutral
2007-05-23,207.0,,0.0,Neutral,0.0,Neutral
2007-05-14,198.0,,0.0,Neutral,0.0,Neutral
2007-05-10,189.0,,0.0,Neutral,0.0,Neutral
2007-05-03,180.0,,0.0,Neutral,0.0,Neutral
2007-04-30,176.0,,0.0,Neutral,0.0,Neutral
2007-04-26,168.0,,0.0,Neutral,0.0,Neutral
2007-04-23,160.0,,0.0,Neutral,0.0,Neutral
2007-04-16,147.0,,0.0,Neutral,0.0,Neutral
2007-04-09,140.0,,0.0,Neutral,0.0,Neutral
2007-04-04,132.0,,0.0,Neutral,0.0,Neutral
2007-04-03,126.0,,0.0,Neutral,0.0,Neutral
2007-04-02,120.0,,0.0,Neutral,0.0,Neutral
2006-11-27,105.0,,0.0,Neutral,0.0,Neutral
2006-04-03,100.0,,0.0,Neutral,0.0,Neutral
2005-12-13,105.0,,0.0,Neutral,0.0,Neutral
2005-09-01,105.0,,0.0,Neutral,0.0,Neutral
2005-08-28,110.0,,0.0,Neutral,0.0,Neutral
2005-02-25,105.0,,0.0,Neutral,0.0,Neutral
2005-02-09,115.0,,0.0,Neutral,0.0,Neutral
2026-03-03,289.9,,0.0,Neutral,0.0,Neutral
2026-03-01,284.1,,0.0,Neutral,0.0,Neutral
2026-02-26,282.7,,0.0,Neutral,0.0,Neutral
2026-02-25,280.0,2026-02-25,0.8774493336677551,Strongly Positive,0.8774493336677551,Strongly Positive
2026-02-24,275.0,,0.0,Neutral,0.43872466683387756,Positive
2026-02-23,269.0,,0.0,Neutral,0.21936233341693878,Positive
2026-02-22,271.5,,0.0,Neutral,0.0,Neutral
2026-02-17,280.5,,0.0,Neutral,0.0,Neutral
2026-02-16,291.0,,0.0,Neutral,0.0,Neutral
2026-02-12,297.0,2026-02-12,-0.2644221298396587,Negative,-0.2644221298396587,Negative
2026-02-11,295.0,2026-02-11,-0.4408624172210693,Negative,-0.5730734821408986,Negative
2026-02-10,292.9,2026-02-10,-0.5762443542480469,Negative,-0.8627810953184962,Strongly Negative
2026-02-09,287.9,,0.0,Neutral,-0.39833778142929077,Negative
2026-02-08,295.0,,0.0,Neutral,-0.14406108856201172,Slightly Negative
2026-02-05,298.0,,0.0,Neutral,0.0,Neutral
2026-02-04,280.0,,0.0,Neutral,0.0,Neutral
2026-02-03,277.0,,0.0,Neutral,0.0,Neutral
2026-02-02,279.0,,0.0,Neutral,0.0,Neutral
2026-02-01,283.0,,0.0,Neutral,0.0,Neutral
2026-01-29,287.0,,0.0,Neutral,0.0,Neutral
2026-01-28,282.9,2026-01-28,0.0113222198560833,Neutral,0.0113222198560833,Neutral
2026-01-27,279.0,,0.0,Neutral,0.00566110992804165,Neutral
2026-01-26,286.0,,0.0,Neutral,0.002830554964020825,Neutral
2026-01-25,288.9,,0.0,Neutral,0.0,Neutral
2026-01-22,279.5,,0.0,Neutral,0.0,Neutral
2026-01-21,277.0,,0.0,Neutral,0.0,Neutral
2026-01-20,273.9,,0.0,Neutral,0.0,Neutral
2026-01-18,268.0,,0.0,Neutral,0.0,Neutral
2026-01-14,269.2,2026-01-14,0.0140300989151,Neutral,0.0140300989151,Neutral
2026-01-13,264.9,,0.0,Neutral,0.00701504945755,Neutral
2026-01-12,256.8,,0.0,Neutral,0.003507524728775,Neutral
2026-01-08,259.0,,0.0,Neutral,0.0,Neutral
2026-01-07,254.8,,0.0,Neutral,0.0,Neutral
2026-01-06,253.0,,0.0,Neutral,0.0,Neutral
2026-01-05,257.0,2026-01-05,-0.8387445211410522,Strongly Negative,-0.8387445211410522,Strongly Negative
2026-01-04,254.2,,0.0,Neutral,-0.4193722605705261,Negative
2026-01-01,256.7,,0.0,Neutral,-0.20968613028526306,Negative
2025-12-31,261.0,,0.0,Neutral,0.0,Neutral
2025-12-29,254.3,,0.0,Neutral,0.0,Neutral
2025-12-28,260.1,,0.0,Neutral,0.0,Neutral
2025-12-24,254.0,,0.0,Neutral,0.0,Neutral
2025-12-23,248.0,,0.0,Neutral,0.0,Neutral
2025-12-22,250.0,,0.0,Neutral,0.0,Neutral
2025-12-21,253.9,,0.0,Neutral,0.0,Neutral
2025-12-18,253.0,,0.0,Neutral,0.0,Neutral
2025-12-17,260.0,,0.0,Neutral,0.0,Neutral
2025-12-16,261.1,,0.0,Neutral,0.0,Neutral
2025-12-15,261.6,2025-12-15,0.0156788323074579,Neutral,0.0156788323074579,Neutral
2025-12-14,256.5,,0.0,Neutral,0.00783941615372895,Neutral
2025-12-11,263.8,2025-12-11,0.4957837536931038,Positive,0.49970346176996827,Positive
2025-12-10,258.2,,0.0,Neutral,0.2478918768465519,Positive
2025-12-09,260.1,,0.0,Neutral,0.12394593842327595,Slightly Positive
2025-12-08,261.8,,0.0,Neutral,0.0,Neutral
2025-12-07,263.4,,0.0,Neutral,0.0,Neutral
2025-12-03,266.9,,0.0,Neutral,0.0,Neutral
2025-12-02,272.0,,0.0,Neutral,0.0,Neutral
2025-12-01,266.0,,0.0,Neutral,0.0,Neutral
2025-11-30,265.1,2025-11-30,-0.5521965622901917,Negative,-0.5521965622901917,Negative
2025-11-27,274.7,,0.0,Neutral,-0.2760982811450958,Negative
2025-11-26,281.8,,0.0,Neutral,-0.1380491405725479,Slightly Negative
2025-11-25,282.9,2025-11-25,0.6663917303085327,Strongly Positive,0.6663917303085327,Strongly Positive
2025-11-24,273.7,,0.0,Neutral,0.33319586515426636,Positive
2025-11-23,277.0,,0.0,Neutral,0.16659793257713318,Slightly Positive
2025-11-20,260.6,,0.0,Neutral,0.0,Neutral
2025-11-19,254.0,,0.0,Neutral,0.0,Neutral
2025-11-18,259.0,,0.0,Neutral,0.0,Neutral
2025-11-17,256.0,,0.0,Neutral,0.0,Neutral
2025-11-16,246.7,,0.0,Neutral,0.0,Neutral
2025-11-13,244.0,,0.0,Neutral,0.0,Neutral
2025-11-12,245.0,,0.0,Neutral,0.0,Neutral
2025-11-11,248.0,2025-11-11,-0.5206417441368103,Negative,-0.5206417441368103,Negative
2025-11-10,243.0,2025-11-10,0.1399208903312683,Slightly Positive,-0.12039998173713684,Slightly Negative
2025-11-09,246.0,,0.0,Neutral,-0.06019999086856842,Slightly Negative
2025-11-06,247.9,,0.0,Neutral,0.03498022258281708,Neutral
2025-11-05,249.4,2025-11-05,0.9275050759315492,Strongly Positive,0.9275050759315492,Strongly Positive
2025-11-04,250.0,,0.0,Neutral,0.4637525379657746,Positive
2025-11-03,258.9,,0.0,Neutral,0.2318762689828873,Positive
2025-11-02,258.2,2025-11-02,0.8304534256458282,Strongly Positive,0.8304534256458282,Strongly Positive
2025-10-30,251.9,,0.0,Neutral,0.4152267128229141,Positive
2025-10-29,241.0,,0.0,Neutral,0.20761335641145706,Positive
2025-10-28,244.5,,0.0,Neutral,0.0,Neutral
2025-10-26,231.4,,0.0,Neutral,0.0,Neutral
2025-10-19,230.0,2025-10-19,-0.7027487754821777,Strongly Negative,-0.7027487754821777,Strongly Negative
2025-10-16,227.9,,0.0,Neutral,-0.35137438774108887,Negative
2025-10-15,232.0,,0.0,Neutral,-0.17568719387054443,Slightly Negative
2025-10-14,237.0,,0.0,Neutral,0.0,Neutral
2025-10-13,241.9,,0.0,Neutral,0.0,Neutral
2025-10-12,240.9,,0.0,Neutral,0.0,Neutral
2025-10-09,250.0,,0.0,Neutral,0.0,Neutral
2025-10-08,249.9,,0.0,Neutral,0.0,Neutral
2025-10-07,255.0,,0.0,Neutral,0.0,Neutral
2025-09-28,273.0,,0.0,Neutral,0.0,Neutral
2025-09-25,267.2,,0.0,Neutral,0.0,Neutral
2025-09-24,258.7,,0.0,Neutral,0.0,Neutral
2025-09-23,263.9,,0.0,Neutral,0.0,Neutral
2025-09-21,241.01,,0.0,Neutral,0.0,Neutral
2025-09-18,229.0,2025-09-18,0.0988965034484863,Slightly Positive,0.0988965034484863,Slightly Positive
2025-09-08,242.94,,0.0,Neutral,0.04944825172424315,Neutral
2025-09-07,244.69,,0.0,Neutral,0.024724125862121575,Neutral
2025-09-04,246.26,,0.0,Neutral,0.0,Neutral
2025-09-03,243.49,,0.0,Neutral,0.0,Neutral
2025-09-02,260.27,,0.0,Neutral,0.0,Neutral
2025-09-01,261.15,,0.0,Neutral,0.0,Neutral
2025-08-31,265.18,2025-08-31,-0.8702601194381714,Strongly Negative,-0.8702601194381714,Strongly Negative
2025-08-28,285.36,2025-08-28,0.9314732551574708,Strongly Positive,0.4963431954383851,Positive
2025-08-27,294.15,2025-08-27,-0.8449028730392456,Strongly Negative,-0.5967312753200531,Negative
2025-08-26,290.32,,0.0,Neutral,-0.1895831227302551,Slightly Negative
2025-08-25,295.13,,0.0,Neutral,-0.2112257182598114,Negative
2025-08-24,294.12,,0.0,Neutral,0.0,Neutral
2025-08-21,297.2,,0.0,Neutral,0.0,Neutral
2025-08-20,301.58,,0.0,Neutral,0.0,Neutral
2025-08-19,305.04,,0.0,Neutral,0.0,Neutral
2025-08-18,305.54,,0.0,Neutral,0.0,Neutral
2025-08-17,298.31,2025-08-17,-0.0869648940861225,Slightly Negative,-0.0869648940861225,Slightly Negative
2025-08-14,302.65,,0.0,Neutral,-0.04348244704306125,Neutral
2025-08-13,300.99,,0.0,Neutral,-0.021741223521530625,Neutral
2025-08-12,302.37,,0.0,Neutral,0.0,Neutral
2025-08-11,310.06,,0.0,Neutral,0.0,Neutral
2025-08-07,315.28,,0.0,Neutral,0.0,Neutral
2025-08-06,302.9,,0.0,Neutral,0.0,Neutral
2025-08-05,305.29,,0.0,Neutral,0.0,Neutral
2025-08-04,311.29,,0.0,Neutral,0.0,Neutral
2025-08-03,311.8,,0.0,Neutral,0.0,Neutral
2025-07-31,316.16,,0.0,Neutral,0.0,Neutral
2025-07-30,319.11,,0.0,Neutral,0.0,Neutral
2025-07-29,327.47,,0.0,Neutral,0.0,Neutral
2025-07-28,328.82,,0.0,Neutral,0.0,Neutral
2025-07-27,330.14,,0.0,Neutral,0.0,Neutral
2025-07-24,335.44,,0.0,Neutral,0.0,Neutral
2025-07-23,329.69,,0.0,Neutral,0.0,Neutral
2025-07-22,330.83,,0.0,Neutral,0.0,Neutral
2025-07-21,334.08,,0.0,Neutral,0.0,Neutral
2025-07-20,331.66,,0.0,Neutral,0.0,Neutral
2025-07-17,334.4,2025-07-17,0.0606837570667266,Slightly Positive,0.0606837570667266,Slightly Positive
2025-07-16,319.14,,0.0,Neutral,0.0303418785333633,Neutral
2025-07-15,322.56,,0.0,Neutral,0.01517093926668165,Neutral
2025-07-14,318.89,2025-07-14,0.3165594339370727,Positive,0.3165594339370727,Positive
2025-07-13,317.46,,0.0,Neutral,0.15827971696853635,Slightly Positive
2025-07-10,326.92,,0.0,Neutral,0.07913985848426817,Slightly Positive
2025-07-09,330.15,2025-07-09,0.5959690809249878,Positive,0.5959690809249878,Positive
2025-07-08,328.76,,0.0,Neutral,0.2979845404624939,Positive
2025-07-07,323.5,,0.0,Neutral,0.14899227023124695,Slightly Positive
2025-07-06,329.41,,0.0,Neutral,0.0,Neutral
2025-07-03,342.54,,0.0,Neutral,0.0,Neutral
2025-07-02,347.26,,0.0,Neutral,0.0,Neutral
2025-07-01,355.38,,0.0,Neutral,0.0,Neutral
2025-06-30,347.79,,0.0,Neutral,0.0,Neutral
2025-06-29,343.9,2025-06-29,0.0124993920326232,Neutral,0.0124993920326232,Neutral
2025-06-26,337.99,,0.0,Neutral,0.0062496960163116,Neutral
2025-06-25,326.49,2025-06-25,-0.5497723817825317,Negative,-0.5466475337743759,Negative
2025-06-24,307.14,,0.0,Neutral,-0.27488619089126587,Negative
2025-06-23,302.82,,0.0,Neutral,-0.13744309544563293,Slightly Negative
2025-06-22,298.16,,0.0,Neutral,0.0,Neutral
2025-06-19,306.86,2025-06-19,0.9185822606086732,Strongly Positive,0.9185822606086732,Strongly Positive
2025-06-18,307.38,2025-06-18,0.134243756532669,Slightly Positive,0.5935348868370056,Positive
2025-06-17,309.14,,0.0,Neutral,0.2967674434185028,Positive
2025-06-16,315.53,,0.0,Neutral,0.03356093913316725,Neutral
2025-06-15,324.8,,0.0,Neutral,0.0,Neutral
2025-06-12,295.3,,0.0,Neutral,0.0,Neutral
2025-06-11,301.64,2025-06-11,-0.1211603879928588,Slightly Negative,-0.1211603879928588,Slightly Negative
2025-06-10,298.3,2025-06-10,-0.4339157342910766,Negative,-0.494495928287506,Negative
2025-06-09,296.65,2025-06-09,-0.3343536257743835,Negative,-0.5816015899181365,Negative
2025-06-08,300.44,,0.0,Neutral,-0.2756557464599609,Negative
2025-06-05,278.17,2025-06-05,-0.5912338495254517,Negative,-0.6748222559690475,Strongly Negative
2025-06-04,278.34,,0.0,Neutral,-0.29561692476272583,Negative
2025-06-03,283.31,2025-06-03,-0.2338424623012542,Negative,-0.3816509246826171,Negative
2025-06-02,283.67,2025-06-02,-0.5659517645835876,Negative,-0.6828729957342148,Strongly Negative
2025-05-28,286.75,,0.0,Neutral,-0.3414364978671074,Negative
2025-05-27,285.02,,0.0,Neutral,-0.1414879411458969,Slightly Negative
2025-05-26,288.64,2025-05-26,-0.7628889083862305,Strongly Negative,-0.7628889083862305,Strongly Negative
2025-05-25,297.29,,0.0,Neutral,-0.38144445419311523,Negative
2025-05-22,304.09,2025-05-22,-0.7128505706787109,Strongly Negative,-0.9035727977752686,Strongly Negative
2025-05-21,308.67,,0.0,Neutral,-0.35642528533935547,Negative
2025-05-20,312.88,2025-05-20,-0.6116074919700623,Strongly Negative,-0.78982013463974,Strongly Negative
2025-05-19,304.01,,0.0,Neutral,-0.30580374598503113,Negative
2025-05-18,318.0,,0.0,Neutral,-0.15290187299251556,Slightly Negative
2025-05-15,478.22,,0.0,Neutral,0.0,Neutral
2025-05-14,475.96,2025-05-14,-0.120438814163208,Slightly Negative,-0.120438814163208,Slightly Negative
2025-05-13,493.76,,0.0,Neutral,-0.060219407081604,Slightly Negative
2025-05-11,509.74,,0.0,Neutral,-0.030109703540802,Neutral
2025-05-08,504.9,,0.0,Neutral,0.0,Neutral
2025-05-07,459.03,,0.0,Neutral,0.0,Neutral
2025-05-06,450.37,,0.0,Neutral,0.0,Neutral
2025-05-05,457.08,,0.0,Neutral,0.0,Neutral
2025-05-04,457.54,,0.0,Neutral,0.0,Neutral
2025-04-30,451.17,,0.0,Neutral,0.0,Neutral
2025-04-29,445.54,,0.0,Neutral,0.0,Neutral
2025-04-28,458.93,,0.0,Neutral,0.0,Neutral
2025-04-27,478.78,,0.0,Neutral,0.0,Neutral
2025-04-24,473.55,,0.0,Neutral,0.0,Neutral
2025-04-23,476.24,,0.0,Neutral,0.0,Neutral
2025-04-22,479.33,2025-04-22,0.0065177381038665,Neutral,0.0065177381038665,Neutral
2025-04-21,490.16,2025-04-21,-0.1222520172595977,Slightly Negative,-0.11899314820766445,Slightly Negative
2025-04-20,473.15,2025-04-20,-0.9325382113456726,Strongly Negative,-0.9920347854495049,Strongly Negative
2025-04-17,467.94,,0.0,Neutral,-0.49683210998773575,Negative
2025-04-16,470.73,2025-04-16,-0.1533498167991638,Slightly Negative,-0.38648436963558197,Negative
2025-04-15,461.47,,0.0,Neutral,-0.0766749083995819,Slightly Negative
2025-04-13,447.25,2025-04-13,0.0838408172130584,Slightly Positive,0.045503363013267455,Neutral
2025-04-10,456.71,2025-04-10,0.1280533671379089,Slightly Positive,0.16997377574443812,Slightly Positive
2025-04-09,453.67,,0.0,Neutral,0.08498688787221906,Slightly Positive
2025-04-08,457.16,,0.0,Neutral,0.03201334178447723,Neutral
2025-04-07,463.72,,0.0,Neutral,0.0,Neutral
2025-04-03,479.81,,0.0,Neutral,0.0,Neutral
2025-04-02,485.0,,0.0,Neutral,0.0,Neutral
2025-04-01,489.58,,0.0,Neutral,0.0,Neutral
2025-03-30,511.88,2025-03-30,-0.4880945086479187,Negative,-0.4880945086479187,Negative
2025-03-27,517.55,,0.0,Neutral,-0.24404725432395935,Negative
2025-03-26,515.28,2025-03-26,-0.6513763070106506,Strongly Negative,-0.7733999341726303,Strongly Negative
2025-03-25,510.74,2025-03-25,0.2815593183040619,Positive,-0.04412883520126343,Neutral
2025-03-24,523.08,,0.0,Neutral,-0.022064417600631714,Neutral
2025-03-23,502.95,2025-03-23,-0.6444237232208252,Strongly Negative,-0.5740338936448097,Negative
2025-03-20,523.12,2025-03-20,-0.406167596578598,Negative,-0.7283794581890106,Strongly Negative
2025-03-19,522.0,,0.0,Neutral,-0.3641897290945053,Negative
2025-03-18,523.9,,0.0,Neutral,-0.1015418991446495,Slightly Negative
2025-03-17,524.0,2025-03-17,-0.0320629775524139,Neutral,-0.0320629775524139,Neutral
2025-03-16,520.0,,0.0,Neutral,-0.01603148877620695,Neutral
2025-03-12,519.5,,0.0,Neutral,-0.008015744388103475,Neutral
2025-03-11,504.0,,0.0,Neutral,0.0,Neutral
2025-03-10,520.5,2025-03-10,-0.7477757930755615,Strongly Negative,-0.7477757930755615,Strongly Negative
2025-03-09,531.0,,0.0,Neutral,-0.37388789653778076,Negative
2025-03-06,531.0,,0.0,Neutral,-0.18694394826889038,Slightly Negative
2025-03-05,533.9,,0.0,Neutral,0.0,Neutral
2025-03-04,526.0,,0.0,Neutral,0.0,Neutral
2025-03-03,536.0,,0.0,Neutral,0.0,Neutral
2025-03-02,556.2,,0.0,Neutral,0.0,Neutral
2025-02-27,532.0,,0.0,Neutral,0.0,Neutral
2025-02-25,551.0,,0.0,Neutral,0.0,Neutral
2025-02-24,575.0,2025-02-24,-0.3941380977630615,Negative,-0.3941380977630615,Negative
2025-02-23,566.0,,0.0,Neutral,-0.19706904888153076,Slightly Negative
2025-02-20,524.0,,0.0,Neutral,-0.09853452444076538,Slightly Negative
2025-02-18,523.0,,0.0,Neutral,0.0,Neutral
2025-02-17,528.8,,0.0,Neutral,0.0,Neutral
2025-02-16,539.0,,0.0,Neutral,0.0,Neutral
2025-02-13,540.0,2025-02-13,-0.6699524521827698,Strongly Negative,-0.6699524521827698,Strongly Negative
2025-02-12,518.7,2025-02-12,0.2080480456352233,Positive,-0.12692818045616158,Slightly Negative
2025-02-11,520.0,,0.0,Neutral,-0.06346409022808079,Slightly Negative
2025-02-10,516.9,,0.0,Neutral,0.052012011408805826,Slightly Positive
2025-02-09,515.0,,0.0,Neutral,0.0,Neutral
2025-02-06,539.6,,0.0,Neutral,0.0,Neutral
2025-02-05,529.1,,0.0,Neutral,0.0,Neutral
2025-02-04,481.0,,0.0,Neutral,0.0,Neutral
2025-02-03,471.0,,0.0,Neutral,0.0,Neutral
2025-02-02,463.8,,0.0,Neutral,0.0,Neutral
2025-01-28,464.0,,0.0,Neutral,0.0,Neutral
2025-01-27,457.0,,0.0,Neutral,0.0,Neutral
2025-01-26,464.0,,0.0,Neutral,0.0,Neutral
2025-01-23,459.0,2025-01-23,-0.2442322820425033,Negative,-0.2442322820425033,Negative
2025-01-22,458.0,,0.0,Neutral,-0.12211614102125165,Slightly Negative
2025-01-21,450.0,,0.0,Neutral,-0.061058070510625825,Slightly Negative
2025-01-20,455.0,2025-01-20,-0.0088043892756104,Neutral,-0.0088043892756104,Neutral
2025-01-19,459.0,,0.0,Neutral,-0.0044021946378052,Neutral
2025-01-16,428.9,,0.0,Neutral,-0.0022010973189026,Neutral
2025-01-15,416.9,,0.0,Neutral,0.0,Neutral
2025-01-13,415.9,,0.0,Neutral,0.0,Neutral
2025-01-12,420.0,,0.0,Neutral,0.0,Neutral
2025-01-09,421.7,,0.0,Neutral,0.0,Neutral
2025-01-08,423.8,,0.0,Neutral,0.0,Neutral
2025-01-07,420.0,,0.0,Neutral,0.0,Neutral
2025-01-06,415.0,,0.0,Neutral,0.0,Neutral
2025-01-05,404.0,,0.0,Neutral,0.0,Neutral
2025-01-02,395.0,2025-01-02,0.9056085348129272,Strongly Positive,0.9056085348129272,Strongly Positive
2025-01-01,399.0,,0.0,Neutral,0.4528042674064636,Positive
2024-12-31,382.0,,0.0,Neutral,0.2264021337032318,Positive
2024-12-29,390.5,,0.0,Neutral,0.0,Neutral
2024-12-26,400.0,,0.0,Neutral,0.0,Neutral
2024-12-24,411.0,,0.0,Neutral,0.0,Neutral
2024-12-23,420.0,,0.0,Neutral,0.0,Neutral
2024-12-22,393.8,,0.0,Neutral,0.0,Neutral
2024-12-19,398.5,,0.0,Neutral,0.0,Neutral
2024-12-18,408.1,,0.0,Neutral,0.0,Neutral
2024-12-17,425.1,,0.0,Neutral,0.0,Neutral
2024-12-16,433.0,2024-12-16,-0.1873531192541122,Slightly Negative,-0.1873531192541122,Slightly Negative
2024-12-12,427.0,2024-12-12,-0.7372568249702454,Strongly Negative,-0.8309333845973015,Strongly Negative
2024-12-11,419.0,,0.0,Neutral,-0.41546669229865074,Negative
2024-12-10,413.0,2024-12-10,0.0605501011013984,Slightly Positive,-0.12376410514116294,Slightly Negative
2024-12-09,413.6,2024-12-09,0.0543120503425598,Slightly Positive,0.08458710089325899,Slightly Positive
2024-12-08,411.0,,0.0,Neutral,0.042293550446629496,Neutral
2024-12-05,411.0,2024-12-05,-0.8622756004333496,Strongly Negative,-0.8486975878477097,Strongly Negative
2024-12-04,422.0,,0.0,Neutral,-0.4311378002166748,Negative
2024-12-03,426.0,,0.0,Neutral,-0.2155689001083374,Negative
2024-12-02,397.0,,0.0,Neutral,0.0,Neutral
2024-12-01,387.0,,0.0,Neutral,0.0,Neutral
2024-11-28,391.0,,0.0,Neutral,0.0,Neutral
2024-11-27,399.7,,0.0,Neutral,0.0,Neutral
2024-11-26,391.0,,0.0,Neutral,0.0,Neutral
2024-11-25,379.0,,0.0,Neutral,0.0,Neutral
2024-11-24,369.2,,0.0,Neutral,0.0,Neutral
2024-11-21,373.5,2024-11-21,0.3522944152355194,Positive,0.3522944152355194,Positive
2024-11-20,387.0,,0.0,Neutral,0.1761472076177597,Slightly Positive
2024-11-19,389.0,,0.0,Neutral,0.08807360380887985,Slightly Positive
2024-11-17,401.1,,0.0,Neutral,0.0,Neutral
2024-11-14,395.0,,0.0,Neutral,0.0,Neutral
2024-11-13,379.9,,0.0,Neutral,0.0,Neutral
2024-11-12,374.0,,0.0,Neutral,0.0,Neutral
2024-11-11,380.0,2024-11-11,0.9224844574928284,Strongly Positive,0.9224844574928284,Strongly Positive
2024-11-10,380.0,2024-11-10,0.0913766026496887,Slightly Positive,0.5526188313961029,Positive
2024-11-06,357.4,2024-11-06,0.6941941380500793,Strongly Positive,0.9705035537481308,Strongly Positive
2024-11-05,352.0,,0.0,Neutral,0.36994121968746185,Positive
2024-10-30,352.0,,0.0,Neutral,0.17354853451251984,Slightly Positive
2024-10-29,357.0,2024-10-29,-0.4482151567935943,Negative,-0.4482151567935943,Negative
2024-10-28,350.0,,0.0,Neutral,-0.22410757839679715,Negative
2024-10-27,338.0,,0.0,Neutral,-0.11205378919839858,Slightly Negative
2024-10-24,343.0,,0.0,Neutral,0.0,Neutral
2024-10-23,353.0,2024-10-23,-0.5182260870933533,Negative,-0.5182260870933533,Negative
2024-10-22,352.6,,0.0,Neutral,-0.25911304354667664,Negative
2024-10-21,338.0,,0.0,Neutral,-0.12955652177333832,Slightly Negative
2024-10-20,355.0,2024-10-20,-0.0460387840867042,Neutral,-0.0460387840867042,Neutral
2024-10-17,367.0,2024-10-17,-0.5775560140609741,Negative,-0.6005754061043262,Strongly Negative
2024-10-16,365.0,2024-10-16,0.3032940030097961,Positive,0.003006299957632977,Neutral
2024-10-15,352.9,,0.0,Neutral,0.007257997989654513,Neutral
2024-10-09,345.0,2024-10-09,0.9219281077384948,Strongly Positive,0.9977516084909438,Strongly Positive
2024-10-08,345.0,,0.0,Neutral,0.4609640538692474,Positive
2024-10-07,348.1,2024-10-07,0.9075050950050354,Strongly Positive,1.1379871219396591,Strongly Positive
2024-10-06,344.5,,0.0,Neutral,0.4537525475025177,Positive
2024-10-02,338.9,,0.0,Neutral,0.22687627375125885,Positive
2024-10-01,341.0,2024-10-01,0.9054638147354126,Strongly Positive,0.9054638147354126,Strongly Positive
2024-09-30,322.0,,0.0,Neutral,0.4527319073677063,Positive
2024-09-29,325.0,,0.0,Neutral,0.22636595368385315,Positive
2024-09-26,323.5,,0.0,Neutral,0.0,Neutral
2024-09-25,330.0,,0.0,Neutral,0.0,Neutral
2024-09-24,323.0,2024-09-24,0.9053268432617188,Strongly Positive,0.9053268432617188,Strongly Positive
2024-09-23,335.0,,0.0,Neutral,0.4526634216308594,Positive
2024-09-22,342.0,,0.0,Neutral,0.2263317108154297,Positive
2024-09-18,338.5,2024-09-18,0.0292224586009979,Neutral,0.0292224586009979,Neutral
2024-09-16,340.0,2024-09-16,0.0701217502355575,Slightly Positive,0.08473297953605645,Slightly Positive
2024-09-15,359.9,,0.0,Neutral,0.042366489768028225,Neutral
2024-09-12,369.0,2024-09-12,0.7334011197090149,Strongly Positive,0.7509315572679043,Strongly Positive
2024-09-11,352.9,,0.0,Neutral,0.36670055985450745,Positive
2024-09-10,356.0,,0.0,Neutral,0.18335027992725372,Slightly Positive
2024-09-09,361.0,,0.0,Neutral,0.0,Neutral
2024-09-08,368.0,2024-09-08,0.0105989575386047,Neutral,0.0105989575386047,Neutral
2024-09-05,368.8,,0.0,Neutral,0.00529947876930235,Neutral
2024-09-04,367.0,,0.0,Neutral,0.002649739384651175,Neutral
2024-09-03,390.0,2024-09-03,-0.2997061610221863,Negative,-0.2997061610221863,Negative
2024-09-02,393.0,,0.0,Neutral,-0.14985308051109314,Slightly Negative
2024-09-01,374.0,,0.0,Neutral,-0.07492654025554657,Slightly Negative
2024-08-29,360.0,,0.0,Neutral,0.0,Neutral
2024-08-28,372.0,,0.0,Neutral,0.0,Neutral
2024-08-27,369.0,,0.0,Neutral,0.0,Neutral
2024-08-25,397.0,,0.0,Neutral,0.0,Neutral
2024-08-22,419.0,,0.0,Neutral,0.0,Neutral
2024-08-21,422.5,,0.0,Neutral,0.0,Neutral
2024-08-18,420.0,,0.0,Neutral,0.0,Neutral
2024-08-15,421.4,,0.0,Neutral,0.0,Neutral
2024-08-14,409.8,,0.0,Neutral,0.0,Neutral
2024-08-13,407.0,,0.0,Neutral,0.0,Neutral
2024-08-12,411.0,,0.0,Neutral,0.0,Neutral
2024-08-11,399.0,2024-08-11,-0.6217007637023926,Strongly Negative,-0.6217007637023926,Strongly Negative
2024-08-08,380.0,,0.0,Neutral,-0.3108503818511963,Negative
2024-08-07,383.0,,0.0,Neutral,-0.15542519092559814,Slightly Negative
2024-08-06,366.1,2024-08-06,0.06113051623106,Slightly Positive,0.06113051623106,Slightly Positive
2024-08-05,389.0,2024-08-05,-0.0004892461001873,Neutral,0.0300760120153427,Neutral
2024-08-01,388.0,,0.0,Neutral,0.01503800600767135,Neutral
2024-07-31,400.0,,0.0,Neutral,-0.000122311525046825,Neutral
2024-07-30,394.0,,0.0,Neutral,0.0,Neutral
2024-07-29,379.0,,0.0,Neutral,0.0,Neutral
2024-07-28,374.0,,0.0,Neutral,0.0,Neutral
2024-07-25,378.0,,0.0,Neutral,0.0,Neutral
2024-07-24,378.9,,0.0,Neutral,0.0,Neutral
2024-07-23,394.0,,0.0,Neutral,0.0,Neutral
2024-07-22,370.0,,0.0,Neutral,0.0,Neutral
2024-07-21,342.9,2024-07-21,0.2961920797824859,Positive,0.2961920797824859,Positive
2024-07-18,340.0,,0.0,Neutral,0.14809603989124295,Slightly Positive
2024-07-17,344.0,,0.0,Neutral,0.07404801994562148,Slightly Positive
2024-07-16,337.5,,0.0,Neutral,0.0,Neutral
2024-07-15,314.0,2024-07-15,0.0531130880117416,Slightly Positive,0.0531130880117416,Slightly Positive
2024-07-14,316.5,2024-07-14,0.4453930258750915,Positive,0.4719495698809623,Positive
2024-07-11,310.7,,0.0,Neutral,0.23597478494048116,Positive
2024-07-10,317.0,2024-07-10,-0.0372032523155212,Neutral,0.07414500415325168,Slightly Positive
2024-07-09,314.9,,0.0,Neutral,-0.0186016261577606,Neutral
2024-07-08,311.0,,0.0,Neutral,-0.0093008130788803,Neutral
2024-07-07,312.1,2024-07-07,-0.6083687543869019,Strongly Negative,-0.6083687543869019,Strongly Negative
2024-07-04,307.0,2024-07-04,-0.7496742010116577,Strongly Negative,-1.0538585782051086,Strongly Negative
2024-07-03,308.8,,0.0,Neutral,-0.5269292891025543,Negative
2024-07-02,310.0,,0.0,Neutral,-0.18741855025291443,Slightly Negative
2024-07-01,306.1,,0.0,Neutral,0.0,Neutral
2024-06-30,307.0,2024-06-30,-0.5555654168128967,Negative,-0.5555654168128967,Negative
2024-06-27,310.0,,0.0,Neutral,-0.27778270840644836,Negative
2024-06-26,316.7,,0.0,Neutral,-0.13889135420322418,Slightly Negative
2024-06-25,318.9,,0.0,Neutral,0.0,Neutral
2024-06-24,324.9,,0.0,Neutral,0.0,Neutral
2024-06-23,316.0,,0.0,Neutral,0.0,Neutral
2024-06-20,318.9,2024-06-20,-0.7754740715026855,Strongly Negative,-0.7754740715026855,Strongly Negative
2024-06-19,321.0,2024-06-19,0.928455650806427,Strongly Positive,0.5407186150550842,Positive
2024-06-18,327.9,,0.0,Neutral,0.2703593075275421,Positive
2024-06-16,325.0,,0.0,Neutral,0.23211391270160675,Positive
2024-06-13,323.0,,0.0,Neutral,0.0,Neutral
2024-06-12,320.7,2024-06-12,-0.3344677183777093,Negative,-0.3344677183777093,Negative
2024-06-11,333.0,2024-06-11,-0.703773021697998,Strongly Negative,-0.8710068808868527,Strongly Negative
2024-06-10,320.4,2024-06-10,0.0591075792908668,Slightly Positive,-0.3763958611525595,Negative
2024-06-09,319.0,,0.0,Neutral,-0.1463894657790661,Slightly Negative
2024-06-06,315.0,,0.0,Neutral,0.0147768948227167,Neutral
2024-06-05,313.4,,0.0,Neutral,0.0,Neutral
2024-06-04,320.0,,0.0,Neutral,0.0,Neutral
2024-06-03,324.9,,0.0,Neutral,0.0,Neutral
2024-06-02,332.8,,0.0,Neutral,0.0,Neutral
2024-05-30,329.7,,0.0,Neutral,0.0,Neutral
2024-05-29,321.0,,0.0,Neutral,0.0,Neutral
2024-05-27,327.0,2024-05-27,-0.6427181959152222,Strongly Negative,-0.6427181959152222,Strongly Negative
2024-05-26,330.0,2024-05-26,-0.5461372137069702,Negative,-0.8674963116645813,Strongly Negative
2024-05-22,344.0,,0.0,Neutral,-0.43374815583229065,Negative
2024-05-21,340.1,2024-05-21,0.9287891387939452,Strongly Positive,0.7922548353672026,Strongly Positive
2024-05-20,336.0,2024-05-20,-0.7473208904266357,Strongly Negative,-0.28292632102966314,Negative
2024-05-19,313.0,,0.0,Neutral,-0.14146316051483157,Slightly Negative
2024-05-16,313.7,,0.0,Neutral,-0.18683022260665894,Slightly Negative
2024-05-15,314.9,,0.0,Neutral,0.0,Neutral
2024-05-14,322.0,,0.0,Neutral,0.0,Neutral
2024-05-13,310.9,2024-05-13,-0.0147014185786247,Neutral,-0.0147014185786247,Neutral
2024-05-12,312.0,,0.0,Neutral,-0.00735070928931235,Neutral
2024-05-09,315.0,,0.0,Neutral,-0.003675354644656175,Neutral
2024-05-08,317.9,,0.0,Neutral,0.0,Neutral
2024-05-07,314.0,,0.0,Neutral,0.0,Neutral
2024-05-06,313.1,,0.0,Neutral,0.0,Neutral
2024-05-05,318.0,,0.0,Neutral,0.0,Neutral
2024-05-02,325.0,,0.0,Neutral,0.0,Neutral
2024-04-30,321.0,,0.0,Neutral,0.0,Neutral
2024-04-29,316.0,2024-04-29,-0.2238787710666656,Negative,-0.2238787710666656,Negative
2024-04-28,320.0,,0.0,Neutral,-0.1119393855333328,Slightly Negative
2024-04-25,332.0,,0.0,Neutral,-0.0559696927666664,Slightly Negative
2024-04-24,326.1,,0.0,Neutral,0.0,Neutral
2024-04-22,320.0,2024-04-22,-0.397852748632431,Negative,-0.397852748632431,Negative
2024-04-21,316.0,2024-04-21,-0.6756387948989868,Strongly Negative,-0.8745651692152023,Strongly Negative
2024-04-18,312.0,,0.0,Neutral,-0.43728258460760117,Negative
2024-04-16,313.0,2024-04-16,0.4685211181640625,Positive,0.2996114194393158,Positive
2024-04-15,318.0,2024-04-15,-0.5954660177230835,Negative,-0.36120545864105225,Negative
2024-04-14,312.9,2024-04-14,-0.4558782577514648,Negative,-0.636480987071991,Strongly Negative
2024-04-10,303.8,2024-04-10,-0.0239664651453495,Neutral,-0.40077209845185274,Negative
2024-04-09,303.8,,0.0,Neutral,-0.12595279701054093,Slightly Negative
2024-04-07,300.0,2024-04-07,-0.6892299056053162,Strongly Negative,-0.6952215218916535,Strongly Negative
2024-04-04,301.0,2024-04-04,-0.323227971792221,Negative,-0.6678429245948792,Strongly Negative
2024-04-03,300.0,,0.0,Neutral,-0.3339214622974396,Negative
2024-04-02,299.5,2024-04-02,-0.4733312129974365,Negative,-0.5541382059454918,Negative
2024-04-01,299.0,,0.0,Neutral,-0.23666560649871826,Negative
2024-03-31,297.6,,0.0,Neutral,-0.11833280324935913,Slightly Negative
2024-03-28,290.0,,0.0,Neutral,0.0,Neutral
2024-03-27,293.0,,0.0,Neutral,0.0,Neutral
2024-03-26,295.0,2024-03-26,-0.2324217855930328,Negative,-0.2324217855930328,Negative
2024-03-25,285.5,,0.0,Neutral,-0.1162108927965164,Slightly Negative
2024-03-21,288.1,2024-03-21,-0.3527610003948211,Negative,-0.4108664467930793,Negative
2024-03-20,292.8,,0.0,Neutral,-0.17638050019741056,Slightly Negative
2024-03-19,292.5,,0.0,Neutral,-0.08819025009870528,Slightly Negative
2024-03-18,294.2,,0.0,Neutral,0.0,Neutral
2024-03-17,292.0,,0.0,Neutral,0.0,Neutral
2024-03-14,298.0,2024-03-14,-0.0184712968766689,Neutral,-0.0184712968766689,Neutral
2024-03-13,302.3,2024-03-13,-0.5365344434976578,Negative,-0.5457700919359922,Negative
2024-03-12,308.0,,0.0,Neutral,-0.2728850459679961,Negative
2024-03-10,306.9,,0.0,Neutral,-0.13413361087441444,Slightly Negative
2024-03-07,300.0,,0.0,Neutral,0.0,Neutral
2024-03-06,299.8,,0.0,Neutral,0.0,Neutral
2024-03-05,291.2,,0.0,Neutral,0.0,Neutral
2024-03-04,309.0,,0.0,Neutral,0.0,Neutral
2024-03-03,282.0,2024-03-03,0.659336507320404,Strongly Positive,0.659336507320404,Strongly Positive
2024-02-29,290.0,2024-02-29,0.5973718166351318,Positive,0.9270400702953339,Strongly Positive
2024-02-28,302.9,,0.0,Neutral,0.46352003514766693,Positive
2024-02-27,303.0,,0.0,Neutral,0.14934295415878296,Slightly Positive
2024-02-26,295.0,2024-02-26,-0.6391295790672302,Strongly Negative,-0.6391295790672302,Strongly Negative
2024-02-25,288.0,2024-02-25,-0.7076578140258789,Strongly Negative,-1.027222603559494,Strongly Negative
2024-02-22,303.8,,0.0,Neutral,-0.513611301779747,Negative
2024-02-21,315.0,,0.0,Neutral,-0.17691445350646973,Slightly Negative
2024-02-20,318.0,,0.0,Neutral,0.0,Neutral
2024-02-18,324.0,,0.0,Neutral,0.0,Neutral
2024-02-15,321.0,,0.0,Neutral,0.0,Neutral
2024-02-14,297.2,,0.0,Neutral,0.0,Neutral
2024-02-13,299.0,,0.0,Neutral,0.0,Neutral
2024-02-12,308.0,2024-02-12,0.0213358532637357,Neutral,0.0213358532637357,Neutral
2024-02-11,303.0,,0.0,Neutral,0.01066792663186785,Neutral
2024-02-08,304.0,,0.0,Neutral,0.005333963315933925,Neutral
2024-02-07,303.0,2024-02-07,0.9190106987953186,Strongly Positive,0.9190106987953186,Strongly Positive
2024-02-06,294.0,,0.0,Neutral,0.4595053493976593,Positive
2024-02-05,294.9,,0.0,Neutral,0.22975267469882965,Positive
2024-02-04,281.0,,0.0,Neutral,0.0,Neutral
2024-02-01,281.0,2024-02-01,0.9017196297645568,Strongly Positive,0.9017196297645568,Strongly Positive
2024-01-31,290.0,,0.0,Neutral,0.4508598148822784,Positive
2024-01-30,298.0,,0.0,Neutral,0.2254299074411392,Positive
2024-01-29,290.0,,0.0,Neutral,0.0,Neutral
2024-01-28,290.9,2024-01-28,-0.5602532029151917,Negative,-0.5602532029151917,Negative
2024-01-25,278.0,2024-01-25,0.9305034875869752,Strongly Positive,0.6503768861293794,Strongly Positive
2024-01-24,277.0,,0.0,Neutral,0.3251884430646897,Positive
2024-01-23,284.0,,0.0,Neutral,0.2326258718967438,Positive
2024-01-22,293.0,2024-01-22,0.0955185890197753,Slightly Positive,0.0955185890197753,Slightly Positive
2024-01-21,299.0,2024-01-21,-0.0024153357371688,Neutral,0.045343958772718844,Neutral
2024-01-18,291.0,2024-01-18,0.7747501134872437,Strongly Positive,0.7974220928736031,Strongly Positive
2024-01-17,286.0,,0.0,Neutral,0.38677122280932963,Positive
2024-01-16,302.3,2024-01-16,-0.0303513295948505,Neutral,0.16333619877696043,Slightly Positive
2024-01-14,297.0,2024-01-14,-0.0015759468078613,Neutral,-0.01675161160528655,Neutral
2024-01-11,283.1,,0.0,Neutral,-0.008375805802643275,Neutral
2024-01-10,270.0,,0.0,Neutral,-0.000393986701965325,Neutral
2024-01-09,271.5,,0.0,Neutral,0.0,Neutral
2024-01-08,266.0,2024-01-08,0.3354699239134788,Positive,0.3354699239134788,Positive
2024-01-07,249.0,,0.0,Neutral,0.1677349619567394,Slightly Positive
2024-01-04,253.0,,0.0,Neutral,0.0838674809783697,Slightly Positive
2024-01-03,245.0,,0.0,Neutral,0.0,Neutral
2024-01-02,240.9,,0.0,Neutral,0.0,Neutral
2024-01-01,251.9,,0.0,Neutral,0.0,Neutral
2023-12-28,253.0,,0.0,Neutral,0.0,Neutral
2023-12-27,256.0,,0.0,Neutral,0.0,Neutral
2023-12-24,256.0,,0.0,Neutral,0.0,Neutral
2023-12-21,252.0,,0.0,Neutral,0.0,Neutral
2023-12-20,262.0,,0.0,Neutral,0.0,Neutral
2023-12-19,262.0,2023-12-19,-0.0495426394045352,Neutral,-0.0495426394045352,Neutral
2023-12-18,264.0,,0.0,Neutral,-0.0247713197022676,Neutral
2023-12-17,267.0,2023-12-17,0.1858166120946406,Slightly Positive,0.1734309522435068,Slightly Positive
2023-12-14,245.0,2023-12-14,-0.3237503468990326,Negative,-0.23084204085171228,Negative
2023-12-13,242.0,,0.0,Neutral,-0.11542102042585614,Slightly Negative
2023-12-12,231.9,,0.0,Neutral,-0.08093758672475815,Slightly Negative
2023-12-11,221.9,2023-12-11,0.8129301071166992,Strongly Positive,0.8129301071166992,Strongly Positive
2023-12-10,223.8,2023-12-10,0.3414733707904815,Positive,0.7479384243488312,Strongly Positive
2023-12-07,211.0,2023-12-07,0.7270581126213074,Strongly Positive,1.101027324795723,Strongly Positive
2023-12-06,207.9,,0.0,Neutral,0.4488973990082741,Positive
2023-12-05,211.0,,0.0,Neutral,0.18176452815532684,Slightly Positive
2023-12-04,209.1,2023-12-04,0.9314891695976256,Strongly Positive,0.9314891695976256,Strongly Positive
2023-12-03,210.0,,0.0,Neutral,0.4657445847988128,Positive
2023-11-30,209.0,,0.0,Neutral,0.2328722923994064,Positive
2023-11-29,211.0,2023-11-29,0.5706247091293335,Positive,0.5706247091293335,Positive
2023-11-28,219.0,2023-11-28,0.2470296770334244,Positive,0.5323420315980911,Positive
2023-11-27,221.3,,0.0,Neutral,0.26617101579904556,Positive
2023-11-26,220.0,,0.0,Neutral,0.0617574192583561,Slightly Positive
2023-11-23,200.0,,0.0,Neutral,0.0,Neutral
2023-11-22,206.7,,0.0,Neutral,0.0,Neutral
2023-11-21,197.0,,0.0,Neutral,0.0,Neutral
2023-11-20,204.0,2023-11-20,-0.0071662440896034,Neutral,-0.0071662440896034,Neutral
2023-11-09,207.7,,0.0,Neutral,-0.0035831220448017,Neutral
2023-11-08,206.0,,0.0,Neutral,-0.00179156102240085,Neutral
2023-11-07,202.2,,0.0,Neutral,0.0,Neutral
2023-11-06,205.0,,0.0,Neutral,0.0,Neutral
2023-11-05,202.0,2023-11-05,0.7400195002555847,Strongly Positive,0.7400195002555847,Strongly Positive
2023-11-02,202.1,,0.0,Neutral,0.37000975012779236,Positive
2023-11-01,207.0,2023-11-01,0.0985844135284423,Slightly Positive,0.28358928859233845,Positive
2023-10-31,205.1,,0.0,Neutral,0.04929220676422115,Neutral
2023-10-30,210.0,,0.0,Neutral,0.024646103382110575,Neutral
2023-10-29,201.0,,0.0,Neutral,0.0,Neutral
2023-10-19,210.0,2023-10-19,0.8292142748832703,Strongly Positive,0.8292142748832703,Strongly Positive
2023-10-18,209.0,2023-10-18,0.2993601306031147,Positive,0.7139672680447499,Strongly Positive
2023-10-17,206.0,2023-10-17,0.3895330764353275,Positive,0.7465167104577024,Strongly Positive
2023-10-16,203.0,2023-10-16,0.8377037644386292,Strongly Positive,1.1073103353070717,Strongly Positive
2023-10-12,213.8,,0.0,Neutral,0.5162351513281465,Positive
2023-10-11,217.7,,0.0,Neutral,0.2094259411096573,Positive
2023-10-10,214.2,,0.0,Neutral,0.0,Neutral
2023-10-09,222.0,2023-10-09,0.9241541624069214,Strongly Positive,0.9241541624069214,Strongly Positive
2023-10-08,221.0,2023-10-08,0.9193177223205566,Strongly Positive,1.3813948035240173,Strongly Positive
2023-10-05,230.0,,0.0,Neutral,0.6906974017620087,Strongly Positive
2023-10-04,231.0,2023-10-04,0.141101211309433,Slightly Positive,0.37093064188957214,Positive
2023-10-03,227.1,,0.0,Neutral,0.0705506056547165,Slightly Positive
2023-10-02,230.5,2023-10-02,0.8697748184204102,Strongly Positive,0.9050501212477684,Strongly Positive
2023-10-01,234.5,2023-10-01,0.9149264097213744,Strongly Positive,1.3498138189315796,Strongly Positive
2023-09-27,239.0,,0.0,Neutral,0.6749069094657898,Strongly Positive
2023-09-26,249.0,2023-09-26,0.1121289655566215,Slightly Positive,0.34086056798696507,Positive
2023-09-25,236.4,2023-09-25,0.9218896627426147,Strongly Positive,0.9779541455209255,Strongly Positive
2023-09-24,228.0,2023-09-24,0.8438069820404053,Strongly Positive,1.332784054800868,Strongly Positive
2023-09-21,236.0,,0.0,Neutral,0.6523759067058563,Strongly Positive
2023-09-19,222.5,,0.0,Neutral,0.21095174551010132,Positive
2023-09-18,214.0,2023-09-18,0.8191651403903961,Strongly Positive,0.8191651403903961,Strongly Positive
2023-09-17,215.0,2023-09-17,0.2316693365573883,Positive,0.6412519067525864,Strongly Positive
2023-09-13,219.5,,0.0,Neutral,0.3206259533762932,Positive
2023-09-12,213.6,,0.0,Neutral,0.057917334139347076,Slightly Positive
2023-09-11,214.0,2023-09-11,-0.1270755678415298,Slightly Negative,-0.1270755678415298,Slightly Negative
2023-09-10,212.9,,0.0,Neutral,-0.0635377839207649,Slightly Negative
2023-09-07,212.1,,0.0,Neutral,-0.03176889196038245,Neutral
2023-09-05,213.0,,0.0,Neutral,0.0,Neutral
2023-09-04,213.0,,0.0,Neutral,0.0,Neutral
2023-09-03,216.0,,0.0,Neutral,0.0,Neutral
2023-08-30,216.9,,0.0,Neutral,0.0,Neutral
2023-08-29,220.0,,0.0,Neutral,0.0,Neutral
2023-08-28,218.2,,0.0,Neutral,0.0,Neutral
2023-08-27,214.0,,0.0,Neutral,0.0,Neutral
2023-08-24,217.1,,0.0,Neutral,0.0,Neutral
2023-08-23,227.7,,0.0,Neutral,0.0,Neutral
2023-08-22,227.0,,0.0,Neutral,0.0,Neutral
2023-08-21,209.7,,0.0,Neutral,0.0,Neutral
2023-08-20,207.0,2023-08-20,0.4706372022628784,Positive,0.4706372022628784,Positive
2023-08-17,218.0,,0.0,Neutral,0.2353186011314392,Positive
2023-08-16,215.0,,0.0,Neutral,0.1176593005657196,Slightly Positive
2023-08-15,223.0,2023-08-15,0.0367373526096344,Neutral,0.0367373526096344,Neutral
2023-08-14,228.2,,0.0,Neutral,0.0183686763048172,Neutral
2023-08-13,235.0,2023-08-13,0.3550106883049011,Positive,0.3641950264573097,Positive
2023-08-10,236.0,2023-08-10,0.6593401432037354,Strongly Positive,0.8368454873561859,Strongly Positive
2023-08-09,235.6,,0.0,Neutral,0.41842274367809296,Positive
2023-08-08,231.0,2023-08-08,0.0437265634536743,Neutral,0.20856159925460815,Positive
2023-08-07,232.0,2023-08-07,0.7810200452804565,Strongly Positive,0.8028833270072937,Strongly Positive
2023-08-06,248.0,2023-08-06,0.2109157014638185,Positive,0.6123573649674654,Strongly Positive
2023-08-03,250.1,,0.0,Neutral,0.3007128620520234,Positive
2023-08-02,250.0,2023-08-02,-0.4065877497196197,Negative,-0.35385882435366506,Negative
2023-08-01,255.0,,0.0,Neutral,-0.20329387485980985,Negative
2023-07-31,263.0,,0.0,Neutral,-0.10164693742990492,Slightly Negative
2023-07-30,260.0,,0.0,Neutral,0.0,Neutral
2023-07-27,260.0,,0.0,Neutral,0.0,Neutral
2023-07-26,265.3,,0.0,Neutral,0.0,Neutral
2023-07-25,270.0,,0.0,Neutral,0.0,Neutral
2023-07-24,266.5,2023-07-24,-0.4698981344699859,Negative,-0.4698981344699859,Negative
2023-07-23,272.9,,0.0,Neutral,-0.23494906723499295,Negative
2023-07-20,266.0,,0.0,Neutral,-0.11747453361749648,Slightly Negative
2023-07-19,271.0,,0.0,Neutral,0.0,Neutral
2023-07-18,269.9,,0.0,Neutral,0.0,Neutral
2023-07-17,271.0,,0.0,Neutral,0.0,Neutral
2023-07-16,264.0,2023-07-16,0.883343517780304,Strongly Positive,0.883343517780304,Strongly Positive
2023-07-13,269.0,,0.0,Neutral,0.441671758890152,Positive
2023-07-12,276.5,,0.0,Neutral,0.220835879445076,Positive
2023-07-11,262.0,2023-07-11,-0.3590094149112701,Negative,-0.3590094149112701,Negative
2023-07-10,262.0,,0.0,Neutral,-0.17950470745563504,Slightly Negative
2023-07-09,263.0,2023-07-09,0.5350947976112366,Positive,0.44534244388341904,Positive
2023-07-06,262.1,,0.0,Neutral,0.2675473988056183,Positive
2023-07-05,266.5,2023-07-05,0.4177348017692566,Positive,0.5515085011720657,Positive
2023-07-04,273.5,2023-07-04,-0.20897176861763,Negative,-0.00010436773300170898,Neutral
2023-07-03,270.0,2023-07-03,0.7068891525268555,Strongly Positive,0.7068369686603546,Strongly Positive
2023-07-02,277.4,,0.0,Neutral,0.30120163410902023,Positive
2023-06-28,285.0,,0.0,Neutral,0.17672228813171387,Slightly Positive
2023-06-27,293.3,,0.0,Neutral,0.0,Neutral
2023-06-26,291.3,,0.0,Neutral,0.0,Neutral
2023-06-25,300.0,,0.0,Neutral,0.0,Neutral
2023-06-22,290.0,2023-06-22,0.873332142829895,Strongly Positive,0.873332142829895,Strongly Positive
2023-06-21,297.0,,0.0,Neutral,0.4366660714149475,Positive
2023-06-20,306.0,,0.0,Neutral,0.21833303570747375,Positive
2023-06-19,317.0,,0.0,Neutral,0.0,Neutral
2023-06-18,307.0,,0.0,Neutral,0.0,Neutral
2023-06-15,307.0,2023-06-15,0.4683806300163269,Positive,0.4683806300163269,Positive
2023-06-14,307.0,2023-06-14,0.4930647611618042,Positive,0.7272550761699677,Strongly Positive
2023-06-13,307.0,2023-06-13,0.7564454078674316,Strongly Positive,1.1200729459524155,Strongly Positive
2023-06-12,294.0,2023-06-12,0.7213075160980225,Strongly Positive,1.2227964103221893,Strongly Positive
2023-06-11,292.1,,0.0,Neutral,0.5497651100158691,Positive
2023-06-08,282.3,2023-06-08,0.7539471387863159,Strongly Positive,0.9342740178108215,Strongly Positive
2023-06-07,285.0,2023-06-07,0.4957673549652099,Positive,0.8727409243583679,Strongly Positive
2023-06-06,283.7,2023-06-06,0.7798135876655579,Strongly Positive,1.2161840498447418,Strongly Positive
2023-06-05,280.0,,0.0,Neutral,0.5138486325740814,Positive
2023-06-04,289.0,,0.0,Neutral,0.19495339691638947,Slightly Positive
2023-06-01,274.5,2023-06-01,0.4650955200195312,Positive,0.4650955200195312,Positive
2023-05-31,268.5,2023-05-31,0.9306153655052184,Strongly Positive,1.163163125514984,Strongly Positive
2023-05-30,280.0,,0.0,Neutral,0.581581562757492,Positive
2023-05-28,289.5,,0.0,Neutral,0.2326538413763046,Positive
2023-05-24,291.0,2023-05-24,0.6379044055938721,Strongly Positive,0.6379044055938721,Strongly Positive
2023-05-23,293.0,,0.0,Neutral,0.31895220279693604,Positive
2023-05-22,280.0,,0.0,Neutral,0.15947610139846802,Slightly Positive
2023-05-21,281.0,2023-05-21,0.2752208411693573,Positive,0.2752208411693573,Positive
2023-05-18,284.5,2023-05-18,-0.428337037563324,Negative,-0.2907266169786453,Negative
2023-05-17,275.0,2023-05-17,-0.1411273777484893,Slightly Negative,-0.28649068623781193,Negative
2023-05-16,266.8,,0.0,Neutral,-0.17764794826507563,Slightly Negative
2023-05-15,264.9,,0.0,Neutral,-0.035281844437122324,Neutral
2023-05-14,264.7,,0.0,Neutral,0.0,Neutral
2023-05-11,275.0,,0.0,Neutral,0.0,Neutral
2023-05-10,274.0,2023-05-10,0.3141437768936157,Positive,0.3141437768936157,Positive
2023-05-09,275.0,2023-05-09,0.6824951767921448,Strongly Positive,0.8395670652389526,Strongly Positive
2023-05-08,266.0,,0.0,Neutral,0.4197835326194763,Positive
2023-05-07,277.0,2023-05-07,-0.1594992876052856,Slightly Negative,0.011124506592750605,Neutral
2023-05-04,282.9,,0.0,Neutral,-0.0797496438026428,Slightly Negative
2023-05-03,283.0,2023-05-03,-0.3371529579162597,Negative,-0.3770277798175811,Negative
2023-05-02,291.0,,0.0,Neutral,-0.16857647895812986,Slightly Negative
2023-04-30,294.0,2023-04-30,0.5406634211540222,Positive,0.4563751816749573,Positive
2023-04-27,302.0,2023-04-27,0.3818577229976654,Positive,0.6521894335746765,Strongly Positive
2023-04-26,305.0,,0.0,Neutral,0.32609471678733826,Positive
2023-04-25,310.0,,0.0,Neutral,0.09546443074941635,Slightly Positive
2023-04-24,304.0,,0.0,Neutral,0.0,Neutral
2023-04-23,303.0,,0.0,Neutral,0.0,Neutral
2023-04-20,307.0,2023-04-20,0.1440556347370147,Slightly Positive,0.1440556347370147,Slightly Positive
2023-04-19,311.5,,0.0,Neutral,0.07202781736850734,Slightly Positive
2023-04-18,304.0,,0.0,Neutral,0.03601390868425367,Neutral
2023-04-17,309.0,,0.0,Neutral,0.0,Neutral
2023-04-16,314.0,,0.0,Neutral,0.0,Neutral
2023-04-13,315.0,,0.0,Neutral,0.0,Neutral
2023-04-12,326.5,,0.0,Neutral,0.0,Neutral
2023-04-11,318.0,,0.0,Neutral,0.0,Neutral
2023-04-10,296.0,,0.0,Neutral,0.0,Neutral
2023-04-09,290.1,,0.0,Neutral,0.0,Neutral
2023-04-06,302.2,,0.0,Neutral,0.0,Neutral
2023-04-05,305.0,,0.0,Neutral,0.0,Neutral
2023-04-04,304.0,,0.0,Neutral,0.0,Neutral
2023-04-03,302.4,,0.0,Neutral,0.0,Neutral
2023-04-02,304.0,,0.0,Neutral,0.0,Neutral
2023-03-30,318.0,,0.0,Neutral,0.0,Neutral
2023-03-29,320.8,,0.0,Neutral,0.0,Neutral
2023-03-28,322.6,,0.0,Neutral,0.0,Neutral
2023-03-27,325.0,,0.0,Neutral,0.0,Neutral
2023-03-26,317.6,,0.0,Neutral,0.0,Neutral
2023-03-23,324.9,2023-03-23,0.052819263190031,Slightly Positive,0.052819263190031,Slightly Positive
2023-03-22,327.0,,0.0,Neutral,0.0264096315950155,Neutral
2023-03-20,333.0,,0.0,Neutral,0.01320481579750775,Neutral
2023-03-19,319.1,,0.0,Neutral,0.0,Neutral
2023-03-16,320.7,,0.0,Neutral,0.0,Neutral
2023-03-15,322.0,,0.0,Neutral,0.0,Neutral
2023-03-14,324.5,,0.0,Neutral,0.0,Neutral
2023-03-13,325.0,,0.0,Neutral,0.0,Neutral
2023-03-12,330.3,,0.0,Neutral,0.0,Neutral
2023-03-09,338.0,,0.0,Neutral,0.0,Neutral
2023-03-07,321.0,,0.0,Neutral,0.0,Neutral
2023-03-05,315.0,,0.0,Neutral,0.0,Neutral
2023-03-02,328.5,,0.0,Neutral,0.0,Neutral
2023-03-01,337.0,,0.0,Neutral,0.0,Neutral
2023-02-28,346.2,,0.0,Neutral,0.0,Neutral
2023-02-27,352.0,,0.0,Neutral,0.0,Neutral
2023-02-26,369.0,,0.0,Neutral,0.0,Neutral
2023-02-23,354.9,,0.0,Neutral,0.0,Neutral
2023-02-22,368.0,,0.0,Neutral,0.0,Neutral
2023-02-20,335.9,,0.0,Neutral,0.0,Neutral
2023-02-16,336.0,,0.0,Neutral,0.0,Neutral
2023-02-15,333.5,,0.0,Neutral,0.0,Neutral
2023-02-14,336.0,,0.0,Neutral,0.0,Neutral
2023-02-12,327.0,,0.0,Neutral,0.0,Neutral
2023-02-09,336.0,,0.0,Neutral,0.0,Neutral
2023-02-08,329.0,,0.0,Neutral,0.0,Neutral
2023-02-07,335.0,,0.0,Neutral,0.0,Neutral
2023-02-06,320.0,,0.0,Neutral,0.0,Neutral
2023-02-05,318.0,,0.0,Neutral,0.0,Neutral
2023-02-02,317.0,2023-02-02,-0.6716222763061523,Strongly Negative,-0.6716222763061523,Strongly Negative
2023-02-01,319.9,,0.0,Neutral,-0.33581113815307617,Negative
2023-01-31,312.0,,0.0,Neutral,-0.16790556907653809,Slightly Negative
2023-01-30,310.0,,0.0,Neutral,0.0,Neutral
2023-01-29,323.0,2023-01-29,-0.4091926515102386,Negative,-0.4091926515102386,Negative
2023-01-26,330.0,2023-01-26,0.9144240617752076,Strongly Positive,0.7098277360200883,Strongly Positive
2023-01-25,317.0,,0.0,Neutral,0.35491386801004415,Positive
2023-01-24,303.0,,0.0,Neutral,0.2286060154438019,Positive
2023-01-23,301.0,,0.0,Neutral,0.0,Neutral
2023-01-19,313.0,,0.0,Neutral,0.0,Neutral
2023-01-18,302.0,,0.0,Neutral,0.0,Neutral
2023-01-17,307.0,2023-01-17,-0.623460054397583,Strongly Negative,-0.623460054397583,Strongly Negative
2023-01-12,293.0,2023-01-12,0.5015150904655457,Positive,0.18978506326675415,Slightly Positive
2023-01-10,309.0,2023-01-10,-0.2437212616205215,Negative,-0.14882872998714441,Slightly Negative
2023-01-09,310.2,,0.0,Neutral,0.0035181418061256686,Neutral
2023-01-08,282.0,,0.0,Neutral,-0.06093031540513037,Slightly Negative
2023-01-05,274.9,,0.0,Neutral,0.0,Neutral
2023-01-04,268.0,,0.0,Neutral,0.0,Neutral
2023-01-03,254.0,,0.0,Neutral,0.0,Neutral
2023-01-02,260.0,2023-01-02,-0.3848305940628052,Negative,-0.3848305940628052,Negative
2023-01-01,247.5,,0.0,Neutral,-0.1924152970314026,Slightly Negative
2022-12-29,238.0,,0.0,Neutral,-0.0962076485157013,Slightly Negative
2022-12-28,217.5,,0.0,Neutral,0.0,Neutral
2022-12-27,221.0,,0.0,Neutral,0.0,Neutral
2022-12-26,216.0,,0.0,Neutral,0.0,Neutral
2022-12-22,200.0,,0.0,Neutral,0.0,Neutral
2022-12-21,202.5,2022-12-21,0.6173017024993896,Strongly Positive,0.6173017024993896,Strongly Positive
2022-12-20,203.0,,0.0,Neutral,0.3086508512496948,Positive
2022-12-19,202.1,,0.0,Neutral,0.1543254256248474,Slightly Positive
2022-12-18,201.0,,0.0,Neutral,0.0,Neutral
2022-12-15,203.0,,0.0,Neutral,0.0,Neutral
2022-12-14,205.0,,0.0,Neutral,0.0,Neutral
2022-12-13,207.9,2022-12-13,0.7148497700691223,Strongly Positive,0.7148497700691223,Strongly Positive
2022-12-12,205.1,,0.0,Neutral,0.35742488503456116,Positive
2022-12-11,207.0,,0.0,Neutral,0.17871244251728058,Slightly Positive
2022-12-07,210.5,,0.0,Neutral,0.0,Neutral
2022-12-06,211.8,,0.0,Neutral,0.0,Neutral
2022-12-05,209.9,,0.0,Neutral,0.0,Neutral
2022-12-04,217.0,,0.0,Neutral,0.0,Neutral
2022-12-01,219.8,,0.0,Neutral,0.0,Neutral
2022-11-30,217.5,,0.0,Neutral,0.0,Neutral
2022-11-29,217.1,,0.0,Neutral,0.0,Neutral
2022-11-28,220.0,2022-11-28,0.1627677381038665,Slightly Positive,0.1627677381038665,Slightly Positive
2022-11-27,224.4,,0.0,Neutral,0.08138386905193325,Slightly Positive
2022-11-24,221.7,,0.0,Neutral,0.040691934525966623,Neutral
2022-11-23,214.0,,0.0,Neutral,0.0,Neutral
2022-11-22,217.0,,0.0,Neutral,0.0,Neutral
2022-11-17,224.0,,0.0,Neutral,0.0,Neutral
2022-11-16,218.0,,0.0,Neutral,0.0,Neutral
2022-11-15,213.0,2022-11-15,0.7105873227119446,Strongly Positive,0.7105873227119446,Strongly Positive
2022-11-14,212.9,2022-11-14,-0.6556950807571411,Strongly Negative,-0.3004014194011688,Negative
2022-11-13,200.0,,0.0,Neutral,-0.1502007097005844,Slightly Negative
2022-11-10,201.0,2022-11-10,0.6085646748542786,Strongly Positive,0.4446409046649933,Positive
2022-11-09,207.0,,0.0,Neutral,0.3042823374271393,Positive
2022-11-08,218.0,,0.0,Neutral,0.15214116871356964,Slightly Positive
2022-11-07,215.1,,0.0,Neutral,0.0,Neutral
2022-11-06,219.0,,0.0,Neutral,0.0,Neutral
2022-11-03,211.0,,0.0,Neutral,0.0,Neutral
2022-11-02,216.5,,0.0,Neutral,0.0,Neutral
2022-11-01,210.0,,0.0,Neutral,0.0,Neutral
2022-10-31,195.1,2022-10-31,0.1629264950752258,Slightly Positive,0.1629264950752258,Slightly Positive
2022-10-23,194.2,2022-10-23,-0.0040155053138732,Neutral,0.07744774222373971,Slightly Positive
2022-10-20,193.1,,0.0,Neutral,0.038723871111869854,Neutral
2022-10-19,201.1,2022-10-19,0.903040885925293,Strongly Positive,0.9020370095968246,Strongly Positive
2022-10-17,203.0,2022-10-17,0.71620774269104,Strongly Positive,1.1677281856536865,Strongly Positive
2022-10-16,206.0,,0.0,Neutral,0.5838640928268433,Positive
2022-10-13,207.0,2022-10-13,0.5541855245828629,Positive,0.7332374602556229,Strongly Positive
2022-10-12,203.8,,0.0,Neutral,0.2770927622914314,Positive
2022-10-11,205.9,,0.0,Neutral,0.1385463811457157,Slightly Positive
2022-10-10,209.9,,0.0,Neutral,0.0,Neutral
2022-10-09,211.0,,0.0,Neutral,0.0,Neutral
2022-09-29,204.0,2022-09-29,0.9351661205291748,Strongly Positive,0.9351661205291748,Strongly Positive
2022-09-28,206.5,,0.0,Neutral,0.4675830602645874,Positive
2022-09-27,205.5,,0.0,Neutral,0.2337915301322937,Positive
2022-09-25,204.0,,0.0,Neutral,0.0,Neutral
2022-09-22,208.9,2022-09-22,0.9082857966423036,Strongly Positive,0.9082857966423036,Strongly Positive
2022-09-21,208.3,2022-09-21,0.534334659576416,Positive,0.9884775578975677,Strongly Positive
2022-09-20,204.0,,0.0,Neutral,0.4942387789487839,Positive
2022-09-18,215.0,,0.0,Neutral,0.133583664894104,Slightly Positive
2022-09-16,220.0,,0.0,Neutral,0.0,Neutral
2022-09-15,227.0,,0.0,Neutral,0.0,Neutral
2022-09-14,243.5,,0.0,Neutral,0.0,Neutral
2022-09-13,234.5,,0.0,Neutral,0.0,Neutral
2022-09-12,229.0,,0.0,Neutral,0.0,Neutral
2022-09-11,227.2,,0.0,Neutral,0.0,Neutral
2022-09-08,240.0,,0.0,Neutral,0.0,Neutral
2022-09-07,231.0,2022-09-07,0.006325364112854,Neutral,0.006325364112854,Neutral
2022-09-06,235.0,,0.0,Neutral,0.003162682056427,Neutral
2022-09-05,240.0,,0.0,Neutral,0.0015813410282135,Neutral
2022-09-04,240.5,,0.0,Neutral,0.0,Neutral
2022-09-02,236.0,,0.0,Neutral,0.0,Neutral
2022-09-01,238.0,2022-09-01,-0.2566113471984863,Negative,-0.2566113471984863,Negative
2022-08-31,236.1,,0.0,Neutral,-0.12830567359924314,Slightly Negative
2022-08-30,243.0,2022-08-30,0.0258980691432952,Neutral,-0.03825476765632636,Neutral
2022-08-29,243.0,,0.0,Neutral,0.0129490345716476,Neutral
2022-08-28,237.0,,0.0,Neutral,0.0064745172858238,Neutral
2022-08-26,251.0,,0.0,Neutral,0.0,Neutral
2022-08-25,256.0,,0.0,Neutral,0.0,Neutral
2022-08-24,266.0,2022-08-24,0.6355215311050415,Strongly Positive,0.6355215311050415,Strongly Positive
2022-08-23,263.9,2022-08-23,0.894823431968689,Strongly Positive,1.2125841975212097,Strongly Positive
2022-08-22,264.0,,0.0,Neutral,0.6062920987606049,Strongly Positive
2022-08-21,267.0,,0.0,Neutral,0.22370585799217224,Positive
2022-08-18,273.0,,0.0,Neutral,0.0,Neutral
2022-08-17,265.0,,0.0,Neutral,0.0,Neutral
2022-08-16,270.0,,0.0,Neutral,0.0,Neutral
2022-08-15,280.0,,0.0,Neutral,0.0,Neutral
2022-08-14,263.0,,0.0,Neutral,0.0,Neutral
2022-08-11,271.0,2022-08-11,-0.061613380908966,Slightly Negative,-0.061613380908966,Slightly Negative
2022-08-10,284.0,,0.0,Neutral,-0.030806690454483,Neutral
2022-08-09,289.0,,0.0,Neutral,-0.0154033452272415,Neutral
2022-08-08,293.3,,0.0,Neutral,0.0,Neutral
2022-08-07,298.0,2022-08-07,0.0195572879165411,Neutral,0.0195572879165411,Neutral
2022-08-05,292.6,2022-08-05,0.2184320390224456,Positive,0.22821068298071615,Positive
2022-08-04,301.0,,0.0,Neutral,0.11410534149035807,Slightly Positive
2022-08-03,314.0,2022-08-03,0.7975225448608398,Strongly Positive,0.8521305546164513,Strongly Positive
2022-08-02,303.0,,0.0,Neutral,0.3987612724304199,Positive
2022-08-01,300.0,2022-08-01,-0.2906584739685058,Negative,-0.09127783775329584,Slightly Negative
2022-07-31,299.0,2022-07-31,-0.3070221543312073,Negative,-0.4523513913154602,Negative
2022-07-29,288.0,2022-07-29,-0.1990431249141693,Slightly Negative,-0.4252188205718994,Negative
2022-07-28,293.2,,0.0,Neutral,-0.17627710103988647,Slightly Negative
2022-07-27,294.0,,0.0,Neutral,-0.04976078122854233,Neutral
2022-07-26,279.0,,0.0,Neutral,0.0,Neutral
2022-07-25,280.0,,0.0,Neutral,0.0,Neutral
2022-07-24,267.2,,0.0,Neutral,0.0,Neutral
2022-07-22,256.0,,0.0,Neutral,0.0,Neutral
2022-07-21,265.0,,0.0,Neutral,0.0,Neutral
2022-07-20,267.9,,0.0,Neutral,0.0,Neutral
2022-07-19,267.0,,0.0,Neutral,0.0,Neutral
2022-07-18,261.0,,0.0,Neutral,0.0,Neutral
2022-07-17,255.0,,0.0,Neutral,0.0,Neutral
2022-07-15,250.0,2022-07-15,-0.1234379112720489,Slightly Negative,-0.1234379112720489,Slightly Negative
2022-07-14,256.2,,0.0,Neutral,-0.06171895563602445,Slightly Negative
2022-07-13,256.0,2022-07-13,0.9082242250442504,Strongly Positive,0.8773647472262381,Strongly Positive
2022-07-12,241.0,,0.0,Neutral,0.4541121125221252,Positive
2022-07-11,237.2,,0.0,Neutral,0.2270560562610626,Positive
2022-07-08,255.1,,0.0,Neutral,0.0,Neutral
2022-07-07,263.9,,0.0,Neutral,0.0,Neutral
2022-07-06,265.0,,0.0,Neutral,0.0,Neutral
2022-07-05,254.0,,0.0,Neutral,0.0,Neutral
2022-07-04,267.5,2022-07-04,-0.2904195189476013,Negative,-0.2904195189476013,Negative
2022-07-03,275.0,,0.0,Neutral,-0.14520975947380066,Slightly Negative
2022-07-01,258.9,,0.0,Neutral,-0.07260487973690033,Slightly Negative
2022-06-30,258.0,2022-06-30,-0.2598440945148468,Negative,-0.2598440945148468,Negative
2022-06-29,237.4,,0.0,Neutral,-0.1299220472574234,Slightly Negative
2022-06-28,230.9,2022-06-28,0.4208382070064544,Positive,0.3558771833777427,Positive
2022-06-27,233.9,,0.0,Neutral,0.2104191035032272,Positive
2022-06-26,241.2,2022-06-26,-0.4419355690479278,Negative,-0.3367260172963142,Negative
2022-06-24,219.3,2022-06-24,0.5870148539543152,Positive,0.36604706943035126,Positive
2022-06-23,221.0,,0.0,Neutral,0.18302353471517563,Slightly Positive
2022-06-22,240.0,,0.0,Neutral,0.1467537134885788,Slightly Positive
2022-06-21,248.0,,0.0,Neutral,0.0,Neutral
2022-06-20,237.7,2022-06-20,0.5693178772926331,Positive,0.5693178772926331,Positive
2022-06-19,252.0,,0.0,Neutral,0.28465893864631653,Positive
2022-06-17,268.0,,0.0,Neutral,0.14232946932315826,Slightly Positive
2022-06-16,273.0,2022-06-16,0.8982492685317993,Strongly Positive,0.8982492685317993,Strongly Positive
2022-06-15,269.0,,0.0,Neutral,0.44912463426589966,Positive
2022-06-14,277.0,,0.0,Neutral,0.22456231713294983,Positive
2022-06-13,284.9,,0.0,Neutral,0.0,Neutral
2022-06-10,287.1,,0.0,Neutral,0.0,Neutral
2022-06-09,297.0,,0.0,Neutral,0.0,Neutral
2022-06-08,297.0,,0.0,Neutral,0.0,Neutral
2022-06-07,280.0,2022-06-07,0.2998286485671997,Positive,0.2998286485671997,Positive
2022-06-06,290.0,2022-06-06,0.0207726825028657,Neutral,0.17068700678646556,Slightly Positive
2022-06-03,291.0,,0.0,Neutral,0.08534350339323278,Slightly Positive
2022-06-02,297.0,2022-06-02,0.8461382985115051,Strongly Positive,0.8513314691372216,Strongly Positive
2022-06-01,294.0,2022-06-01,0.3814393877983093,Positive,0.8045085370540619,Strongly Positive
2022-05-31,296.0,,0.0,Neutral,0.40225426852703094,Positive
2022-05-30,308.0,,0.0,Neutral,0.09535984694957733,Slightly Positive
2022-05-27,313.0,,0.0,Neutral,0.0,Neutral
2022-05-26,320.9,,0.0,Neutral,0.0,Neutral
2022-05-25,321.0,,0.0,Neutral,0.0,Neutral
2022-05-24,322.3,2022-05-24,0.0325568914413452,Neutral,0.0325568914413452,Neutral
2022-05-23,323.3,,0.0,Neutral,0.0162784457206726,Neutral
2022-05-20,324.0,,0.0,Neutral,0.0081392228603363,Neutral
2022-05-19,320.0,,0.0,Neutral,0.0,Neutral
2022-05-18,325.0,2022-05-18,0.2235666513442993,Positive,0.2235666513442993,Positive
2022-05-17,320.0,,0.0,Neutral,0.11178332567214964,Slightly Positive
2022-05-12,338.0,,0.0,Neutral,0.05589166283607482,Slightly Positive
2022-05-11,350.0,,0.0,Neutral,0.0,Neutral
2022-05-10,323.9,,0.0,Neutral,0.0,Neutral
2022-05-09,307.0,,0.0,Neutral,0.0,Neutral
2022-05-08,308.0,,0.0,Neutral,0.0,Neutral
2022-05-05,302.0,,0.0,Neutral,0.0,Neutral
2022-05-04,319.0,,0.0,Neutral,0.0,Neutral
2022-05-02,337.0,,0.0,Neutral,0.0,Neutral
2022-04-28,352.0,,0.0,Neutral,0.0,Neutral
2022-04-27,359.0,,0.0,Neutral,0.0,Neutral
2022-04-26,357.5,2022-04-26,0.0814896821975708,Slightly Positive,0.0814896821975708,Slightly Positive
2022-04-25,361.2,,0.0,Neutral,0.0407448410987854,Neutral
2022-04-24,370.0,2022-04-24,0.4896917045116424,Positive,0.5100641250610352,Positive
2022-04-21,343.0,2022-04-21,0.435576420277357,Positive,0.6804222725331782,Strongly Positive
2022-04-20,353.0,2022-04-20,0.1363096833229065,Slightly Positive,0.4765208195894956,Positive
2022-04-19,363.8,2022-04-19,0.9145817756652832,Strongly Positive,1.0916307223960757,Strongly Positive
2022-04-18,359.0,2022-04-18,0.6108980178833008,Strongly Positive,1.102266326546669,Strongly Positive
2022-04-17,364.0,,0.0,Neutral,0.5340944528579712,Positive
2022-04-13,374.0,,0.0,Neutral,0.1527245044708252,Slightly Positive
2022-04-12,370.0,2022-04-12,0.5773056745529175,Positive,0.5773056745529175,Positive
2022-04-11,385.0,2022-04-11,0.8681013584136963,Strongly Positive,1.156754195690155,Strongly Positive
2022-04-07,392.0,,0.0,Neutral,0.5783770978450775,Positive
2022-04-06,388.0,2022-04-06,0.3428605794906616,Positive,0.5598859190940857,Positive
2022-04-05,395.0,2022-04-05,0.651929497718811,Strongly Positive,0.8233597874641418,Strongly Positive
2022-04-04,400.0,,0.0,Neutral,0.4116798937320709,Positive
2022-04-03,402.5,2022-04-03,-0.0272224247455596,Neutral,0.13575994968414315,Slightly Positive
2022-03-31,406.0,,0.0,Neutral,-0.0136112123727798,Neutral
2022-03-30,418.0,,0.0,Neutral,-0.0068056061863899,Neutral
2022-03-29,414.9,2022-03-29,0.8759951591491699,Strongly Positive,0.8759951591491699,Strongly Positive
2022-03-28,416.0,2022-03-28,0.6411234736442566,Strongly Positive,1.0791210532188416,Strongly Positive
2022-03-27,427.0,,0.0,Neutral,0.5395605266094208,Positive
2022-03-24,439.0,,0.0,Neutral,0.16028086841106415,Slightly Positive
2022-03-23,451.2,2022-03-23,-0.0178897380828857,Neutral,-0.0178897380828857,Neutral
2022-03-22,458.0,,0.0,Neutral,-0.00894486904144285,Neutral
2022-03-21,466.0,,0.0,Neutral,-0.004472434520721425,Neutral
2022-03-20,459.0,2022-03-20,0.8301899433135986,Strongly Positive,0.8301899433135986,Strongly Positive
2022-03-16,464.0,,0.0,Neutral,0.4150949716567993,Positive
2022-03-15,466.0,,0.0,Neutral,0.20754748582839966,Positive
2022-03-14,476.0,2022-03-14,0.5405178843066096,Positive,0.5405178843066096,Positive
2022-03-13,486.0,,0.0,Neutral,0.2702589421533048,Positive
2022-03-10,459.0,,0.0,Neutral,0.1351294710766524,Slightly Positive
2022-03-09,435.0,2022-03-09,-0.5977263450622559,Negative,-0.5977263450622559,Negative
2022-03-07,448.0,,0.0,Neutral,-0.29886317253112793,Negative
2022-03-06,455.0,,0.0,Neutral,-0.14943158626556396,Slightly Negative
2022-03-02,456.0,,0.0,Neutral,0.0,Neutral
2022-02-28,473.0,2022-02-28,0.4970417022705078,Positive,0.4970417022705078,Positive
2022-02-27,486.0,,0.0,Neutral,0.2485208511352539,Positive
2022-02-24,472.0,2022-02-24,0.5140209197998047,Positive,0.6382813453674316,Strongly Positive
2022-02-23,489.0,,0.0,Neutral,0.25701045989990234,Positive
2022-02-22,496.0,,0.0,Neutral,0.12850522994995117,Slightly Positive
2022-02-21,490.0,2022-02-21,0.5519900321960449,Positive,0.5519900321960449,Positive
2022-02-20,480.0,,0.0,Neutral,0.27599501609802246,Positive
2022-02-17,479.7,,0.0,Neutral,0.13799750804901123,Slightly Positive
2022-02-16,480.0,2022-02-16,0.5795700550079346,Positive,0.5795700550079346,Positive
2022-02-15,495.0,2022-02-15,-0.3125604093074798,Negative,-0.022775381803512518,Neutral
2022-02-14,460.0,2022-02-14,-0.5765681266784668,Negative,-0.5879558175802231,Negative
2022-02-13,469.0,2022-02-13,0.4978555937608083,Positive,0.13143142809470493,Slightly Positive
2022-02-10,493.0,,0.0,Neutral,0.10478576521078745,Slightly Positive
2022-02-09,496.0,,0.0,Neutral,0.12446389844020207,Slightly Positive
2022-02-08,509.0,2022-02-08,-0.0566993355751037,Slightly Negative,-0.0566993355751037,Slightly Negative
2022-02-07,524.0,2022-02-07,0.5250307619571686,Positive,0.49668109416961675,Positive
2022-02-06,490.5,,0.0,Neutral,0.24834054708480838,Positive
2022-02-03,513.0,2022-02-03,0.908535659313202,Strongly Positive,1.039793349802494,Strongly Positive
2022-02-01,520.0,,0.0,Neutral,0.454267829656601,Positive
2022-01-31,510.0,,0.0,Neutral,0.2271339148283005,Positive
2022-01-30,468.0,,0.0,Neutral,0.0,Neutral
2022-01-27,439.9,,0.0,Neutral,0.0,Neutral
2022-01-26,437.0,2022-01-26,0.4082410056143999,Positive,0.4082410056143999,Positive
2022-01-25,443.0,,0.0,Neutral,0.20412050280719995,Positive
2022-01-24,443.0,,0.0,Neutral,0.10206025140359998,Slightly Positive
2022-01-23,470.0,,0.0,Neutral,0.0,Neutral
2022-01-20,468.0,,0.0,Neutral,0.0,Neutral
2022-01-19,456.0,2022-01-19,0.3360106647014618,Positive,0.3360106647014618,Positive
2022-01-18,445.0,2022-01-18,0.3734949231147766,Positive,0.5415002554655075,Positive
2022-01-17,455.0,2022-01-17,0.4422468543052673,Positive,0.7129969820380211,Strongly Positive
2022-01-16,461.0,,0.0,Neutral,0.3144971579313278,Positive
2022-01-13,460.1,,0.0,Neutral,0.11056171357631682,Slightly Positive
2022-01-12,440.0,2022-01-12,-0.4808397889137268,Negative,-0.4808397889137268,Negative
2022-01-11,462.0,,0.0,Neutral,-0.2404198944568634,Negative
2022-01-10,438.0,2022-01-10,0.519367516040802,Positive,0.3991575688123703,Positive
2022-01-09,424.0,2022-01-09,0.7907711267471313,Strongly Positive,1.0504548847675323,Strongly Positive
2022-01-06,417.8,,0.0,Neutral,0.5252274423837662,Positive
2022-01-05,417.9,,0.0,Neutral,0.19769278168678284,Slightly Positive
2022-01-04,485.0,2022-01-04,0.65803462266922,Strongly Positive,0.65803462266922,Strongly Positive
2022-01-03,474.8,2022-01-03,0.0013054907321929,Neutral,0.33032280206680287,Positive
2022-01-02,474.0,,0.0,Neutral,0.16516140103340143,Slightly Positive
2021-12-29,470.0,,0.0,Neutral,0.000326372683048225,Neutral
2021-12-28,475.0,,0.0,Neutral,0.0,Neutral
2021-12-27,466.0,2021-12-27,0.1544867753982544,Slightly Positive,0.1544867753982544,Slightly Positive
2021-12-26,490.0,,0.0,Neutral,0.0772433876991272,Slightly Positive
2021-12-23,474.9,,0.0,Neutral,0.0386216938495636,Neutral
2021-12-22,482.7,,0.0,Neutral,0.0,Neutral
2021-12-21,460.0,2021-12-21,-0.6907034516334534,Strongly Negative,-0.6907034516334534,Strongly Negative
2021-12-20,445.0,,0.0,Neutral,-0.3453517258167267,Negative
2021-12-16,468.9,2021-12-16,0.7056154310703278,Strongly Positive,0.5329395681619644,Positive
2021-12-15,479.0,2021-12-15,-0.3610247150063515,Negative,-0.008216999471187647,Neutral
2021-12-14,478.5,2021-12-14,0.0240390766412019,Neutral,0.019930576905608066,Neutral
2021-12-13,435.0,,0.0,Neutral,-0.07823664043098694,Slightly Negative
2021-12-12,469.0,,0.0,Neutral,0.006009769160300475,Neutral
2021-12-09,495.8,2021-12-09,0.7948119044303894,Strongly Positive,0.7948119044303894,Strongly Positive
2021-12-08,490.0,,0.0,Neutral,0.3974059522151947,Positive
2021-12-07,509.0,,0.0,Neutral,0.19870297610759735,Slightly Positive
2021-12-06,527.0,2021-12-06,-0.0454929023981094,Neutral,-0.0454929023981094,Neutral
2021-12-05,507.0,2021-12-05,-0.3157088458538055,Negative,-0.3384552970528602,Negative
2021-12-02,516.0,,0.0,Neutral,-0.1692276485264301,Slightly Negative
2021-12-01,526.2,,0.0,Neutral,-0.07892721146345137,Slightly Negative
2021-11-30,500.0,2021-11-30,0.0353909358382225,Neutral,0.0353909358382225,Neutral
2021-11-29,497.0,,0.0,Neutral,0.01769546791911125,Neutral
2021-11-28,494.3,,0.0,Neutral,0.008847733959555624,Neutral
2021-11-25,519.0,2021-11-25,-0.1864838898181915,Slightly Negative,-0.1864838898181915,Slightly Negative
2021-11-24,512.0,2021-11-24,-0.2785083949565887,Negative,-0.37175033986568445,Negative
2021-11-23,509.0,2021-11-23,0.6356387138366699,Strongly Positive,0.44976354390382767,Positive
2021-11-22,520.0,2021-11-22,0.0131739825010299,Neutral,0.2613662406802177,Positive
2021-11-21,514.0,,0.0,Neutral,0.16549666970968244,Slightly Positive
2021-11-18,504.0,,0.0,Neutral,0.003293495625257475,Neutral
2021-11-17,515.5,2021-11-17,0.6861373782157898,Strongly Positive,0.6861373782157898,Strongly Positive
2021-11-16,524.9,2021-11-16,0.8141272664070129,Strongly Positive,1.1571959555149078,Strongly Positive
2021-11-15,501.0,2021-11-15,0.4076647162437439,Positive,0.9862626940011978,Strongly Positive
2021-11-14,466.0,2021-11-14,0.0491418664654096,Neutral,0.45650604118903476,Positive
2021-11-11,457.0,2021-11-11,0.2226513624191284,Positive,0.34913847471276915,Positive
2021-11-09,475.0,,0.0,Neutral,0.12361114782591659,Slightly Positive
2021-11-08,501.9,2021-11-08,0.4568291008472442,Positive,0.5124919414520263,Positive
2021-11-03,490.0,2021-11-03,0.2788993418216705,Positive,0.5073138922452926,Positive
2021-11-02,519.0,,0.0,Neutral,0.2536569461226463,Positive
2021-11-01,514.0,2021-11-01,0.1046939715743064,Slightly Positive,0.174418807029724,Slightly Positive
2021-10-31,528.0,,0.0,Neutral,0.0523469857871532,Slightly Positive
2021-10-28,498.0,,0.0,Neutral,0.0261734928935766,Neutral
2021-10-27,485.0,,0.0,Neutral,0.0,Neutral
2021-10-26,489.0,,0.0,Neutral,0.0,Neutral
2021-10-25,471.0,,0.0,Neutral,0.0,Neutral
2021-10-24,437.1,,0.0,Neutral,0.0,Neutral
2021-10-21,428.0,2021-10-21,0.8713273406028748,Strongly Positive,0.8713273406028748,Strongly Positive
2021-10-20,433.0,2021-10-20,0.6123760342597961,Strongly Positive,1.0480397045612335,Strongly Positive
2021-10-19,407.0,,0.0,Neutral,0.5240198522806168,Positive
2021-10-18,433.1,2021-10-18,0.8018708229064941,Strongly Positive,0.9549648314714432,Strongly Positive
2021-10-17,465.0,2021-10-17,0.9213525056838988,Strongly Positive,1.322287917137146,Strongly Positive
2021-10-11,460.0,2021-10-11,0.857159435749054,Strongly Positive,1.518303394317627,Strongly Positive
2021-10-10,496.9,,0.0,Neutral,0.6589178442955017,Strongly Positive
2021-10-06,501.1,2021-10-06,0.9232880473136902,Strongly Positive,1.1375779062509537,Strongly Positive
2021-10-05,500.0,2021-10-05,0.4259742498397827,Positive,0.8876182734966278,Strongly Positive
2021-10-04,455.0,2021-10-04,-0.1786015033721923,Slightly Negative,0.26520763337612163,Positive
2021-10-03,472.0,,0.0,Neutral,0.01719281077384953,Neutral
2021-09-30,513.0,,0.0,Neutral,-0.044650375843048075,Neutral
2021-09-29,524.2,2021-09-29,0.9257281422615052,Strongly Positive,0.9257281422615052,Strongly Positive
2021-09-28,480.0,2021-09-28,0.261738121509552,Positive,0.7246021926403046,Strongly Positive
2021-09-27,516.0,,0.0,Neutral,0.3623010963201523,Positive
2021-09-26,540.1,,0.0,Neutral,0.065434530377388,Slightly Positive
2021-09-23,574.9,2021-09-23,-0.5558741092681885,Negative,-0.5558741092681885,Negative
2021-09-22,588.0,,0.0,Neutral,-0.27793705463409424,Negative
2021-09-21,557.0,,0.0,Neutral,-0.13896852731704712,Slightly Negative
2021-09-20,549.0,,0.0,Neutral,0.0,Neutral
2021-09-16,602.0,2021-09-16,0.5890231132507324,Positive,0.5890231132507324,Positive
2021-09-15,635.0,,0.0,Neutral,0.2945115566253662,Positive
2021-09-14,610.1,,0.0,Neutral,0.1472557783126831,Slightly Positive
2021-09-13,606.9,,0.0,Neutral,0.0,Neutral
2021-09-12,625.9,2021-09-12,0.4431141316890716,Positive,0.4431141316890716,Positive
2021-09-09,569.0,,0.0,Neutral,0.2215570658445358,Positive
2021-09-08,545.0,,0.0,Neutral,0.1107785329222679,Slightly Positive
2021-09-07,570.0,,0.0,Neutral,0.0,Neutral
2021-09-06,577.5,,0.0,Neutral,0.0,Neutral
2021-09-05,525.0,,0.0,Neutral,0.0,Neutral
2021-09-02,573.0,,0.0,Neutral,0.0,Neutral
2021-09-01,590.0,,0.0,Neutral,0.0,Neutral
2021-08-31,591.0,,0.0,Neutral,0.0,Neutral
2021-08-29,612.0,,0.0,Neutral,0.0,Neutral
2021-08-26,610.0,,0.0,Neutral,0.0,Neutral
2021-08-25,571.0,,0.0,Neutral,0.0,Neutral
2021-08-24,585.0,,0.0,Neutral,0.0,Neutral
2021-08-19,640.0,2021-08-19,0.5259397625923157,Positive,0.5259397625923157,Positive
2021-08-18,668.0,,0.0,Neutral,0.26296988129615784,Positive
2021-08-17,679.0,,0.0,Neutral,0.13148494064807892,Slightly Positive
2021-08-16,645.0,2021-08-16,0.146904706954956,Slightly Positive,0.146904706954956,Slightly Positive
2021-08-15,634.0,,0.0,Neutral,0.073452353477478,Slightly Positive
2021-08-12,654.0,,0.0,Neutral,0.036726176738739,Neutral
2021-08-11,644.0,,0.0,Neutral,0.0,Neutral
2021-08-10,645.0,,0.0,Neutral,0.0,Neutral
2021-08-09,670.0,,0.0,Neutral,0.0,Neutral
2021-08-08,655.0,,0.0,Neutral,0.0,Neutral
2021-08-05,600.0,,0.0,Neutral,0.0,Neutral
2021-08-04,586.0,2021-08-04,-0.4183864593505859,Negative,-0.4183864593505859,Negative
2021-08-03,575.0,,0.0,Neutral,-0.20919322967529294,Negative
2021-08-02,556.1,,0.0,Neutral,-0.10459661483764647,Slightly Negative
2021-08-01,570.0,,0.0,Neutral,0.0,Neutral
2021-07-29,570.0,,0.0,Neutral,0.0,Neutral
2021-07-28,550.0,,0.0,Neutral,0.0,Neutral
2021-07-27,569.0,,0.0,Neutral,0.0,Neutral
2021-07-26,547.0,,0.0,Neutral,0.0,Neutral
2021-07-25,540.0,2021-07-25,-0.1586503386497497,Slightly Negative,-0.1586503386497497,Slightly Negative
2021-07-22,525.0,,0.0,Neutral,-0.07932516932487485,Slightly Negative
2021-07-20,529.0,,0.0,Neutral,-0.039662584662437425,Neutral
2021-07-19,505.0,,0.0,Neutral,0.0,Neutral
2021-07-18,517.0,,0.0,Neutral,0.0,Neutral
2021-07-15,485.0,2021-07-15,0.2684071958065033,Positive,0.2684071958065033,Positive
2021-07-14,486.0,,0.0,Neutral,0.13420359790325165,Slightly Positive
2021-07-13,478.0,,0.0,Neutral,0.06710179895162582,Slightly Positive
2021-07-12,453.0,,0.0,Neutral,0.0,Neutral
2021-07-11,456.0,2021-07-11,0.7197643518447876,Strongly Positive,0.7197643518447876,Strongly Positive
2021-07-08,444.0,,0.0,Neutral,0.3598821759223938,Positive
2021-07-07,441.0,2021-07-07,0.0943080335855484,Slightly Positive,0.2742491215467453,Positive
2021-07-06,448.0,,0.0,Neutral,0.0471540167927742,Neutral
2021-07-05,457.0,,0.0,Neutral,0.0235770083963871,Neutral
2021-07-04,424.0,,0.0,Neutral,0.0,Neutral
2021-07-01,420.0,,0.0,Neutral,0.0,Neutral
2021-06-30,416.0,2021-06-30,0.864063024520874,Strongly Positive,0.864063024520874,Strongly Positive
2021-06-29,412.0,,0.0,Neutral,0.432031512260437,Positive
2021-06-28,429.0,,0.0,Neutral,0.2160157561302185,Positive
2021-06-27,442.0,,0.0,Neutral,0.0,Neutral
2021-06-24,447.0,,0.0,Neutral,0.0,Neutral
2021-06-23,455.0,,0.0,Neutral,0.0,Neutral
2021-06-22,427.0,,0.0,Neutral,0.0,Neutral
2021-06-21,389.0,,0.0,Neutral,0.0,Neutral
2021-06-20,421.0,,0.0,Neutral,0.0,Neutral
2021-06-17,440.0,,0.0,Neutral,0.0,Neutral
2021-06-16,456.0,,0.0,Neutral,0.0,Neutral
2021-06-15,506.0,,0.0,Neutral,0.0,Neutral
2021-06-14,548.0,2021-06-14,0.6951586504777273,Strongly Positive,0.6951586504777273,Strongly Positive
2021-06-13,524.0,,0.0,Neutral,0.34757932523886365,Positive
2021-06-10,477.0,,0.0,Neutral,0.17378966261943182,Slightly Positive
2021-06-09,434.0,,0.0,Neutral,0.0,Neutral
2021-06-08,437.0,,0.0,Neutral,0.0,Neutral
2021-06-07,399.0,,0.0,Neutral,0.0,Neutral
2021-06-06,378.0,,0.0,Neutral,0.0,Neutral
2021-06-03,394.0,,0.0,Neutral,0.0,Neutral
2021-06-02,408.0,,0.0,Neutral,0.0,Neutral
2021-06-01,390.0,,0.0,Neutral,0.0,Neutral
2021-05-31,400.0,,0.0,Neutral,0.0,Neutral
2021-05-30,438.0,,0.0,Neutral,0.0,Neutral
2021-05-27,433.0,2021-05-27,0.2186865657567978,Positive,0.2186865657567978,Positive
2021-05-25,408.0,2021-05-25,0.655621349811554,Strongly Positive,0.7649646326899529,Strongly Positive
2021-05-24,389.0,,0.0,Neutral,0.3824823163449764,Positive
2021-05-23,372.0,,0.0,Neutral,0.1639053374528885,Slightly Positive
2021-05-20,361.0,,0.0,Neutral,0.0,Neutral
2021-05-19,365.0,,0.0,Neutral,0.0,Neutral
2021-05-18,383.0,,0.0,Neutral,0.0,Neutral
2021-05-17,362.0,,0.0,Neutral,0.0,Neutral
2021-05-16,354.0,2021-05-16,0.8713140487670898,Strongly Positive,0.8713140487670898,Strongly Positive
2021-05-13,346.0,,0.0,Neutral,0.4356570243835449,Positive
2021-05-12,353.0,,0.0,Neutral,0.21782851219177246,Positive
2021-05-11,347.0,,0.0,Neutral,0.0,Neutral
2021-05-10,339.0,,0.0,Neutral,0.0,Neutral
2021-05-09,350.0,,0.0,Neutral,0.0,Neutral
2021-05-06,368.0,,0.0,Neutral,0.0,Neutral
2021-05-05,375.0,,0.0,Neutral,0.0,Neutral
2021-05-04,341.0,,0.0,Neutral,0.0,Neutral
2021-05-03,326.0,,0.0,Neutral,0.0,Neutral
2021-05-02,308.0,2021-05-02,0.1060797721147537,Slightly Positive,0.1060797721147537,Slightly Positive
2021-04-29,292.0,2021-04-29,-0.3356136381626129,Negative,-0.28257375210523605,Negative
2021-04-28,290.0,2021-04-28,0.0036563519388437,Neutral,-0.13763052411377433,Slightly Negative
2021-04-27,294.0,,0.0,Neutral,-0.08207523357123138,Slightly Negative
2021-04-26,269.0,,0.0,Neutral,0.000914087984710925,Neutral
2021-04-25,291.0,,0.0,Neutral,0.0,Neutral
2021-04-22,299.0,,0.0,Neutral,0.0,Neutral
2021-04-21,298.0,2021-04-21,-0.5364495515823364,Negative,-0.5364495515823364,Negative
2021-04-20,289.0,2021-04-20,-0.8707112669944763,Strongly Negative,-1.1389360427856445,Strongly Negative
2021-04-19,295.0,,0.0,Neutral,-0.5694680213928223,Negative
2021-04-18,302.0,2021-04-18,-0.4178709387779236,Negative,-0.6355487555265427,Strongly Negative
2021-04-15,295.0,,0.0,Neutral,-0.2089354693889618,Negative
2021-04-13,269.0,2021-04-13,-0.5402607917785645,Negative,-0.6447285264730453,Strongly Negative
2021-04-12,245.0,,0.0,Neutral,-0.2701303958892822,Negative
2021-04-08,223.0,,0.0,Neutral,-0.1350651979446411,Slightly Negative
2021-04-07,228.0,,0.0,Neutral,0.0,Neutral
2021-04-06,229.0,,0.0,Neutral,0.0,Neutral
2021-04-05,209.0,2021-04-05,-0.4910283088684082,Negative,-0.4910283088684082,Negative
2021-04-04,211.0,,0.0,Neutral,-0.2455141544342041,Negative
2021-04-01,208.0,2021-04-01,0.1322474330663681,Slightly Positive,0.009490355849266052,Neutral
2021-03-31,206.0,,0.0,Neutral,0.06612371653318405,Slightly Positive
2021-03-30,206.0,,0.0,Neutral,0.033061858266592026,Neutral
2021-03-29,201.0,2021-03-29,0.849197268486023,Strongly Positive,0.849197268486023,Strongly Positive
2021-03-25,209.0,,0.0,Neutral,0.4245986342430115,Positive
2021-03-24,213.0,2021-03-24,-0.4105883538722992,Negative,-0.19828903675079346,Slightly Negative
2021-03-23,210.0,2021-03-23,0.8062120676040649,Strongly Positive,0.6009178906679153,Strongly Positive
2021-03-22,204.0,2021-03-22,-0.3435660600662231,Negative,-0.04310711473226542,Neutral
2021-03-21,207.0,,0.0,Neutral,0.02976998686790469,Neutral
2021-03-18,202.0,,0.0,Neutral,-0.08589151501655577,Slightly Negative
2021-03-17,202.0,,0.0,Neutral,0.0,Neutral
2021-03-16,199.0,,0.0,Neutral,0.0,Neutral
2021-03-15,202.0,,0.0,Neutral,0.0,Neutral
2021-03-14,197.0,2021-03-14,0.3672319650650024,Positive,0.3672319650650024,Positive
2021-03-10,199.0,,0.0,Neutral,0.1836159825325012,Slightly Positive
2021-03-09,191.0,,0.0,Neutral,0.0918079912662506,Slightly Positive
2021-03-07,190.0,2021-03-07,0.8898645639419556,Strongly Positive,0.8898645639419556,Strongly Positive
2021-03-04,189.0,,0.0,Neutral,0.4449322819709778,Positive
2021-03-03,184.0,,0.0,Neutral,0.2224661409854889,Positive
2021-03-02,185.0,2021-03-02,-0.438233733177185,Negative,-0.438233733177185,Negative
2021-03-01,193.0,,0.0,Neutral,-0.2191168665885925,Negative
2021-02-28,192.0,,0.0,Neutral,-0.10955843329429625,Slightly Negative
2021-02-25,194.0,,0.0,Neutral,0.0,Neutral
2021-02-24,193.0,2021-02-24,-0.4131810963153839,Negative,-0.4131810963153839,Negative
2021-02-23,196.0,,0.0,Neutral,-0.20659054815769196,Negative
2021-02-22,195.0,,0.0,Neutral,-0.10329527407884598,Slightly Negative
2021-02-21,199.0,2021-02-21,-0.5976194143295288,Negative,-0.5976194143295288,Negative
2021-02-18,194.0,,0.0,Neutral,-0.2988097071647644,Negative
2021-02-17,199.0,,0.0,Neutral,-0.1494048535823822,Slightly Negative
2021-02-16,200.0,,0.0,Neutral,0.0,Neutral
2021-02-15,203.0,,0.0,Neutral,0.0,Neutral
2021-02-14,193.0,,0.0,Neutral,0.0,Neutral
2021-02-11,195.0,,0.0,Neutral,0.0,Neutral
2021-02-10,203.0,2021-02-10,0.4726470112800598,Positive,0.4726470112800598,Positive
2021-02-09,201.0,2021-02-09,-0.5642222166061401,Negative,-0.32789871096611023,Negative
2021-02-08,209.0,2021-02-08,-0.4620852768421173,Negative,-0.6260346323251724,Strongly Negative
2021-02-07,194.0,,0.0,Neutral,-0.3720981925725937,Negative
2021-02-04,177.0,2021-02-04,-0.4566866755485534,Negative,-0.5722079947590828,Negative
2021-02-03,173.0,,0.0,Neutral,-0.2283433377742767,Negative
2021-02-02,174.0,,0.0,Neutral,-0.11417166888713835,Slightly Negative
2021-02-01,172.0,,0.0,Neutral,0.0,Neutral
2021-01-31,169.0,2021-01-31,0.0300732478499412,Neutral,0.0300732478499412,Neutral
2021-01-28,173.0,2021-01-28,0.7391324043273926,Strongly Positive,0.7541690282523632,Strongly Positive
2021-01-27,172.0,2021-01-27,0.9172951579093932,Strongly Positive,1.294379672035575,Strongly Positive
2021-01-26,170.0,2021-01-26,-0.5346378684043884,Negative,0.10879281163215632,Slightly Positive
2021-01-25,175.0,,0.0,Neutral,-0.037995144724845914,Neutral
2021-01-24,179.0,,0.0,Neutral,-0.1336594671010971,Slightly Negative
2021-01-21,179.0,2021-01-21,-0.8496271967887878,Strongly Negative,-0.8496271967887878,Strongly Negative
2021-01-20,171.0,,0.0,Neutral,-0.4248135983943939,Negative
2021-01-19,171.0,,0.0,Neutral,-0.21240679919719696,Negative
2021-01-18,180.0,,0.0,Neutral,0.0,Neutral
2021-01-17,165.0,2021-01-17,0.3041101396083832,Positive,0.3041101396083832,Positive
2021-01-13,164.0,2021-01-13,0.4864499568939209,Positive,0.6385050266981125,Strongly Positive
2021-01-12,163.0,,0.0,Neutral,0.31925251334905624,Positive
2021-01-11,158.0,2021-01-11,-0.3791023790836334,Negative,-0.2574898898601532,Negative
2021-01-10,158.0,2021-01-10,-0.4561843276023865,Negative,-0.6457355171442032,Strongly Negative
2021-01-07,158.0,2021-01-07,0.698971003293991,Strongly Positive,0.3761032447218894,Positive
2021-01-06,159.0,,0.0,Neutral,0.23543941974639887,Positive
2021-01-05,160.0,,0.0,Neutral,0.17474275082349774,Slightly Positive
2021-01-04,153.0,,0.0,Neutral,0.0,Neutral
2021-01-03,152.0,2021-01-03,-0.3271416127681732,Negative,-0.3271416127681732,Negative
2020-12-31,163.0,,0.0,Neutral,-0.1635708063840866,Slightly Negative
2020-12-30,162.0,2020-12-30,-0.4411584436893463,Negative,-0.5229438468813896,Negative
2020-12-29,164.0,,0.0,Neutral,-0.22057922184467316,Negative
2020-12-28,167.0,,0.0,Neutral,-0.11028961092233658,Slightly Negative
2020-12-27,164.0,,0.0,Neutral,0.0,Neutral
2020-12-24,165.0,2020-12-24,0.512558102607727,Positive,0.512558102607727,Positive
2020-12-23,174.0,,0.0,Neutral,0.2562790513038635,Positive
2020-12-22,175.0,,0.0,Neutral,0.12813952565193176,Slightly Positive
2020-12-21,178.0,2020-12-21,-0.5311627984046936,Negative,-0.5311627984046936,Negative
2020-12-20,174.0,,0.0,Neutral,-0.2655813992023468,Negative
2020-12-17,193.0,2020-12-17,0.6602139472961426,Strongly Positive,0.5274232476949692,Positive
2020-12-16,176.0,2020-12-16,0.6675947904586792,Strongly Positive,0.9977017641067505,Strongly Positive
2020-12-15,160.0,,0.0,Neutral,0.49885088205337524,Positive
2020-12-14,157.0,,0.0,Neutral,0.1668986976146698,Slightly Positive
2020-12-13,152.0,,0.0,Neutral,0.0,Neutral
2020-12-10,153.0,,0.0,Neutral,0.0,Neutral
2020-12-09,155.0,2020-12-09,0.1103778183460235,Slightly Positive,0.1103778183460235,Slightly Positive
2020-12-08,155.0,,0.0,Neutral,0.05518890917301175,Slightly Positive
2020-12-07,157.0,2020-12-07,0.6842315196990967,Strongly Positive,0.7118259742856026,Strongly Positive
2020-12-06,153.0,,0.0,Neutral,0.34211575984954834,Positive
2020-12-03,159.0,,0.0,Neutral,0.17105787992477417,Slightly Positive
2020-12-02,162.0,,0.0,Neutral,0.0,Neutral
2020-12-01,163.0,,0.0,Neutral,0.0,Neutral
2020-11-30,167.0,,0.0,Neutral,0.0,Neutral
2020-11-29,159.0,,0.0,Neutral,0.0,Neutral
2020-11-26,162.0,,0.0,Neutral,0.0,Neutral
2020-11-25,168.0,2020-11-25,0.8829460740089417,Strongly Positive,0.8829460740089417,Strongly Positive
2020-11-24,166.0,,0.0,Neutral,0.4414730370044708,Positive
2020-11-23,160.0,,0.0,Neutral,0.2207365185022354,Positive
2020-11-22,160.0,,0.0,Neutral,0.0,Neutral
2020-11-19,162.0,,0.0,Neutral,0.0,Neutral
2020-11-18,160.0,2020-11-18,0.1508250832557678,Slightly Positive,0.1508250832557678,Slightly Positive
2020-11-12,168.0,,0.0,Neutral,0.0754125416278839,Slightly Positive
2020-11-11,171.0,,0.0,Neutral,0.03770627081394195,Neutral
2020-11-10,169.0,2020-11-10,0.0448877215385437,Neutral,0.0448877215385437,Neutral
2020-11-09,168.0,,0.0,Neutral,0.02244386076927185,Neutral
2020-11-08,173.0,,0.0,Neutral,0.011221930384635925,Neutral
2020-11-05,165.0,2020-11-05,0.9027197360992432,Strongly Positive,0.9027197360992432,Strongly Positive
2020-11-04,161.0,,0.0,Neutral,0.4513598680496216,Positive
2020-11-03,161.0,,0.0,Neutral,0.2256799340248108,Positive
2020-11-02,163.0,,0.0,Neutral,0.0,Neutral
2020-11-01,164.0,,0.0,Neutral,0.0,Neutral
2020-10-29,161.0,,0.0,Neutral,0.0,Neutral
2020-10-28,164.0,,0.0,Neutral,0.0,Neutral
2020-10-22,163.0,,0.0,Neutral,0.0,Neutral
2020-10-21,163.0,2020-10-21,0.8985637426376343,Strongly Positive,0.8985637426376343,Strongly Positive
2020-10-20,170.0,,0.0,Neutral,0.44928187131881714,Positive
2020-10-19,160.0,2020-10-19,0.906398057937622,Strongly Positive,1.1310389935970306,Strongly Positive
2020-10-18,151.0,2020-10-18,0.8729951977729797,Strongly Positive,1.3261942267417908,Strongly Positive
2020-10-15,148.0,2020-10-15,0.6376285552978516,Strongly Positive,1.300725668668747,Strongly Positive
2020-10-14,149.0,,0.0,Neutral,0.5370630770921707,Positive
2020-10-13,158.0,,0.0,Neutral,0.1594071388244629,Slightly Positive
2020-10-12,168.0,,0.0,Neutral,0.0,Neutral
2020-10-11,169.0,,0.0,Neutral,0.0,Neutral
2020-10-08,176.0,,0.0,Neutral,0.0,Neutral
2020-10-07,180.0,,0.0,Neutral,0.0,Neutral
2020-10-06,164.0,,0.0,Neutral,0.0,Neutral
2020-10-05,150.0,,0.0,Neutral,0.0,Neutral
2020-10-04,156.0,,0.0,Neutral,0.0,Neutral
2020-10-01,145.0,,0.0,Neutral,0.0,Neutral
2020-09-30,149.0,,0.0,Neutral,0.0,Neutral
2020-09-29,152.0,,0.0,Neutral,0.0,Neutral
2020-09-28,139.0,,0.0,Neutral,0.0,Neutral
2020-09-27,136.0,,0.0,Neutral,0.0,Neutral
2020-09-24,140.0,,0.0,Neutral,0.0,Neutral
2020-09-23,128.0,,0.0,Neutral,0.0,Neutral
2020-09-22,119.0,,0.0,Neutral,0.0,Neutral
2020-09-21,125.0,,0.0,Neutral,0.0,Neutral
2020-09-20,125.0,,0.0,Neutral,0.0,Neutral
2020-09-17,135.0,,0.0,Neutral,0.0,Neutral
2020-09-16,123.0,2020-09-16,0.859821081161499,Strongly Positive,0.859821081161499,Strongly Positive
2020-09-15,112.0,2020-09-15,0.88677579164505,Strongly Positive,1.3166863322257996,Strongly Positive
2020-09-14,115.0,,0.0,Neutral,0.6583431661128998,Strongly Positive
2020-09-13,105.0,,0.0,Neutral,0.2216939479112625,Positive
2020-09-10,102.0,,0.0,Neutral,0.0,Neutral
2020-09-09,104.0,,0.0,Neutral,0.0,Neutral
2020-09-08,106.0,,0.0,Neutral,0.0,Neutral
2020-09-07,105.0,,0.0,Neutral,0.0,Neutral
2020-09-06,101.0,,0.0,Neutral,0.0,Neutral
2020-09-03,105.0,,0.0,Neutral,0.0,Neutral
2020-09-02,104.0,,0.0,Neutral,0.0,Neutral
2020-08-31,95.0,,0.0,Neutral,0.0,Neutral
2020-08-30,89.0,,0.0,Neutral,0.0,Neutral
2020-08-27,87.0,,0.0,Neutral,0.0,Neutral
2020-08-26,87.0,2020-08-26,0.4787486214190721,Positive,0.4787486214190721,Positive
2020-08-25,87.0,,0.0,Neutral,0.23937431070953605,Positive
2020-08-24,87.0,,0.0,Neutral,0.11968715535476802,Slightly Positive
2020-08-23,89.0,,0.0,Neutral,0.0,Neutral
2020-08-20,89.0,2020-08-20,0.3619968295097351,Positive,0.3619968295097351,Positive
2020-08-19,90.0,,0.0,Neutral,0.18099841475486755,Slightly Positive
2020-08-18,87.0,,0.0,Neutral,0.09049920737743378,Slightly Positive
2020-08-17,87.0,,0.0,Neutral,0.0,Neutral
2020-08-16,91.0,2020-08-16,0.0681280344724655,Slightly Positive,0.0681280344724655,Slightly Positive
2020-08-13,83.0,2020-08-13,-0.0032728966325521,Neutral,0.030791120603680652,Neutral
2020-08-12,83.0,,0.0,Neutral,0.015395560301840326,Neutral
2020-08-11,86.0,,0.0,Neutral,-0.000818224158138025,Neutral
2020-08-10,86.0,,0.0,Neutral,0.0,Neutral
2020-08-09,85.0,,0.0,Neutral,0.0,Neutral
2020-08-06,86.0,,0.0,Neutral,0.0,Neutral
2020-08-05,85.0,,0.0,Neutral,0.0,Neutral
2020-08-03,88.0,,0.0,Neutral,0.0,Neutral
2020-08-02,93.0,,0.0,Neutral,0.0,Neutral
2020-07-30,85.0,,0.0,Neutral,0.0,Neutral
2020-07-29,85.0,2020-07-29,0.8600679636001587,Strongly Positive,0.8600679636001587,Strongly Positive
2020-07-28,83.0,,0.0,Neutral,0.43003398180007935,Positive
2020-07-27,82.0,,0.0,Neutral,0.21501699090003967,Positive
2020-07-26,83.0,,0.0,Neutral,0.0,Neutral
2020-07-23,81.0,,0.0,Neutral,0.0,Neutral
2020-07-22,82.0,2020-07-22,0.5365362167358398,Positive,0.5365362167358398,Positive
2020-07-21,84.0,,0.0,Neutral,0.2682681083679199,Positive
2020-07-20,84.0,,0.0,Neutral,0.13413405418395996,Slightly Positive
2020-07-16,82.0,,0.0,Neutral,0.0,Neutral
2020-07-15,80.0,,0.0,Neutral,0.0,Neutral
2020-07-14,80.0,,0.0,Neutral,0.0,Neutral
2020-07-13,79.0,,0.0,Neutral,0.0,Neutral
2020-07-12,78.0,,0.0,Neutral,0.0,Neutral
2020-07-09,78.0,2020-07-09,0.8973246514797211,Strongly Positive,0.8973246514797211,Strongly Positive
2020-07-08,79.0,,0.0,Neutral,0.44866232573986053,Positive
2020-07-07,81.0,,0.0,Neutral,0.22433116286993027,Positive
2020-07-06,80.0,,0.0,Neutral,0.0,Neutral
2020-07-05,81.0,2020-07-05,0.2238288819789886,Positive,0.2238288819789886,Positive
2020-03-19,83.0,,0.0,Neutral,0.1119144409894943,Slightly Positive
2020-03-17,84.0,2020-03-17,0.8020090460777283,Strongly Positive,0.8579662665724754,Strongly Positive
2020-03-16,88.0,2020-03-16,0.6043878793716431,Strongly Positive,1.0053924024105072,Strongly Positive
2020-03-15,89.0,2020-03-15,0.8521060943603516,Strongly Positive,1.3548022955656052,Strongly Positive
2020-03-12,91.0,,0.0,Neutral,0.5771500170230865,Positive
2020-03-11,91.0,2020-03-11,0.6391243934631348,Strongly Positive,0.8521509170532227,Strongly Positive
2020-03-10,92.0,2020-03-10,-0.6497147083282471,Strongly Negative,-0.3301525115966797,Negative
2020-03-05,95.0,2020-03-05,0.7326845228672028,Strongly Positive,0.5676082670688629,Positive
2020-03-04,99.0,2020-03-04,-0.0493215024471282,Neutral,0.15459208190441143,Slightly Positive
2020-03-03,101.0,2020-03-03,0.9211212992668152,Strongly Positive,1.0796316787600517,Strongly Positive
2020-03-02,102.0,2020-03-02,0.7860763669013977,Strongly Positive,1.2343066409230232,Strongly Positive
2020-03-01,103.0,,0.0,Neutral,0.6233185082674026,Strongly Positive
2020-02-27,99.0,2020-02-27,0.4762963950634002,Positive,0.6728154867887497,Strongly Positive
2020-02-26,101.0,2020-02-26,-0.5152184963226318,Negative,-0.2770702987909317,Negative
2020-02-25,100.0,2020-02-25,0.9188093543052672,Strongly Positive,0.7802742049098014,Strongly Positive
2020-02-24,98.0,2020-02-24,0.0043060332536697,Neutral,0.33490608632564534,Positive
2020-02-23,97.0,2020-02-23,0.0224795639514923,Neutral,0.25433491915464396,Positive
2020-02-20,95.0,2020-02-20,0.7416114807128906,Strongly Positive,0.7539277710020542,Strongly Positive
2020-02-19,96.0,2020-02-19,0.5676307678222656,Positive,0.944056399166584,Strongly Positive
2020-02-18,95.0,,0.0,Neutral,0.46921825408935547,Positive
2020-02-17,98.0,2020-02-17,0.7569572925567627,Strongly Positive,0.8988649845123291,Strongly Positive
2020-02-16,95.0,2020-02-16,0.3593215346336365,Positive,0.7378001809120178,Strongly Positive
2020-02-13,94.0,2020-02-13,-0.1728152632713318,Slightly Negative,0.19608482718467712,Slightly Positive
2020-02-12,96.0,,0.0,Neutral,0.003422752022743225,Neutral
2020-02-11,98.0,2020-02-11,-0.6466630697250366,Strongly Negative,-0.6898668855428696,Strongly Negative
2020-02-10,98.0,,0.0,Neutral,-0.3233315348625183,Negative
2020-02-09,96.0,,0.0,Neutral,-0.16166576743125916,Slightly Negative
2020-02-06,94.0,,0.0,Neutral,0.0,Neutral
2020-02-05,95.0,2020-02-05,0.879252552986145,Strongly Positive,0.879252552986145,Strongly Positive
2020-02-04,95.0,,0.0,Neutral,0.4396262764930725,Positive
2020-02-03,96.0,,0.0,Neutral,0.21981313824653625,Positive
2020-02-02,88.0,,0.0,Neutral,0.0,Neutral
2020-01-30,88.0,,0.0,Neutral,0.0,Neutral
2020-01-29,88.0,,0.0,Neutral,0.0,Neutral
2020-01-28,89.0,2020-01-28,0.283295214176178,Positive,0.283295214176178,Positive
2020-01-27,91.0,,0.0,Neutral,0.141647607088089,Slightly Positive
2020-01-26,90.0,2020-01-26,0.8893269896507263,Strongly Positive,0.9601507931947708,Strongly Positive
2020-01-23,91.0,,0.0,Neutral,0.44466349482536316,Positive
2020-01-22,92.0,,0.0,Neutral,0.22233174741268158,Positive
2020-01-21,93.0,,0.0,Neutral,0.0,Neutral
2020-01-20,90.0,2020-01-20,-0.2280759774148464,Negative,-0.2280759774148464,Negative
2020-01-19,90.0,,0.0,Neutral,-0.1140379887074232,Slightly Negative
2020-01-16,89.0,,0.0,Neutral,-0.0570189943537116,Slightly Negative
2020-01-15,90.0,,0.0,Neutral,0.0,Neutral
2020-01-14,90.0,2020-01-14,0.5020753741264343,Positive,0.5020753741264343,Positive
2020-01-13,90.0,,0.0,Neutral,0.25103768706321716,Positive
2020-01-12,88.0,,0.0,Neutral,0.12551884353160858,Slightly Positive
2020-01-09,86.0,,0.0,Neutral,0.0,Neutral
2020-01-08,85.0,,0.0,Neutral,0.0,Neutral
2020-01-07,86.0,,0.0,Neutral,0.0,Neutral
2020-01-06,87.0,,0.0,Neutral,0.0,Neutral
2020-01-05,86.0,2020-01-05,0.5616716295480728,Positive,0.5616716295480728,Positive
2020-01-02,87.0,,0.0,Neutral,0.2808358147740364,Positive
2020-01-01,87.0,,0.0,Neutral,0.1404179073870182,Slightly Positive
2019-12-30,94.0,2019-12-30,0.7870628833770752,Strongly Positive,0.7870628833770752,Strongly Positive
2019-12-29,94.0,,0.0,Neutral,0.3935314416885376,Positive
2019-12-26,95.0,2019-12-26,0.3885568231344224,Positive,0.5853225439786912,Positive
2019-12-25,95.0,,0.0,Neutral,0.1942784115672112,Slightly Positive
2019-12-24,93.0,,0.0,Neutral,0.0971392057836056,Slightly Positive
2019-12-23,85.0,,0.0,Neutral,0.0,Neutral
2019-12-22,80.0,,0.0,Neutral,0.0,Neutral
2019-12-19,79.0,,0.0,Neutral,0.0,Neutral
2019-12-18,80.0,,0.0,Neutral,0.0,Neutral
2019-12-16,81.0,,0.0,Neutral,0.0,Neutral
2019-12-15,81.0,,0.0,Neutral,0.0,Neutral
2019-12-12,78.0,,0.0,Neutral,0.0,Neutral
2019-12-11,79.0,,0.0,Neutral,0.0,Neutral
2019-12-10,79.0,,0.0,Neutral,0.0,Neutral
2019-12-09,78.0,,0.0,Neutral,0.0,Neutral
2019-12-08,78.0,,0.0,Neutral,0.0,Neutral
2019-12-04,79.0,,0.0,Neutral,0.0,Neutral
2019-12-03,78.0,2019-12-03,0.618488609790802,Strongly Positive,0.618488609790802,Strongly Positive
2019-12-02,79.0,2019-12-02,0.6570655703544617,Strongly Positive,0.9663098752498627,Strongly Positive
2019-12-01,78.0,,0.0,Neutral,0.48315493762493134,Positive
2019-11-27,79.0,,0.0,Neutral,0.16426639258861542,Slightly Positive
2019-11-26,80.0,,0.0,Neutral,0.0,Neutral
2019-11-25,79.0,,0.0,Neutral,0.0,Neutral
2019-11-24,79.0,2019-11-24,0.7399795055389404,Strongly Positive,0.7399795055389404,Strongly Positive
2019-11-21,81.0,,0.0,Neutral,0.3699897527694702,Positive
2019-11-19,81.0,2019-11-19,0.4210245609283447,Positive,0.6060194373130798,Strongly Positive
2019-11-17,79.0,,0.0,Neutral,0.21051228046417236,Positive
2019-11-14,79.0,,0.0,Neutral,0.10525614023208618,Slightly Positive
2019-11-12,79.0,,0.0,Neutral,0.0,Neutral
2019-11-11,79.0,,0.0,Neutral,0.0,Neutral
2019-11-10,79.0,2019-11-10,-0.0885843336582183,Slightly Negative,-0.0885843336582183,Slightly Negative
2019-11-07,79.0,,0.0,Neutral,-0.04429216682910915,Neutral
2019-11-04,79.0,2019-11-04,-0.9058239459991456,Strongly Negative,-0.9279700294137002,Strongly Negative
2019-11-03,79.0,,0.0,Neutral,-0.4529119729995728,Negative
2019-10-31,79.0,,0.0,Neutral,-0.2264559864997864,Negative
2019-10-23,79.0,,0.0,Neutral,0.0,Neutral
2019-10-21,80.0,2019-10-21,0.7867043614387512,Strongly Positive,0.7867043614387512,Strongly Positive
2019-10-17,80.0,,0.0,Neutral,0.3933521807193756,Positive
2019-10-15,80.0,,0.0,Neutral,0.1966760903596878,Slightly Positive
2019-10-14,79.0,,0.0,Neutral,0.0,Neutral
2019-10-10,79.0,,0.0,Neutral,0.0,Neutral
2019-10-03,79.0,2019-10-03,0.6210771203041077,Strongly Positive,0.6210771203041077,Strongly Positive
2019-10-01,81.0,2019-10-01,-0.3024523556232452,Negative,0.00808620452880865,Neutral
2019-09-30,81.0,,0.0,Neutral,0.004043102264404325,Neutral
2019-09-29,80.0,2019-09-29,0.8132269978523254,Strongly Positive,0.7376139089465141,Strongly Positive
2019-09-25,80.0,,0.0,Neutral,0.4066134989261627,Positive
2019-09-24,81.0,2019-09-24,-0.0042473077774047,Neutral,0.19905944168567666,Slightly Positive
2019-09-23,82.0,,0.0,Neutral,-0.00212365388870235,Neutral
2019-09-19,83.0,,0.0,Neutral,-0.001061826944351175,Neutral
2019-09-18,82.0,,0.0,Neutral,0.0,Neutral
2019-09-17,82.0,2019-09-17,0.4095453321933746,Positive,0.4095453321933746,Positive
2019-09-16,81.0,2019-09-16,0.4361126124858857,Positive,0.6408852785825729,Strongly Positive
2019-09-15,79.0,2019-09-15,0.6814584136009216,Strongly Positive,1.001901052892208,Strongly Positive
2019-09-12,80.0,,0.0,Neutral,0.4497573599219322,Positive
2019-09-11,81.0,2019-09-11,0.869890034198761,Strongly Positive,1.0402546375989914,Strongly Positive
2019-09-10,80.0,,0.0,Neutral,0.4349450170993805,Positive
2019-09-09,81.0,,0.0,Neutral,0.21747250854969025,Positive
2019-09-08,81.0,2019-09-08,0.7852203249931335,Strongly Positive,0.7852203249931335,Strongly Positive
2019-09-05,80.0,,0.0,Neutral,0.3926101624965668,Positive
2019-09-04,77.0,2019-09-04,0.4178094565868377,Positive,0.6141145378351212,Strongly Positive
2019-09-03,76.0,,0.0,Neutral,0.20890472829341886,Positive
2019-09-02,75.0,2019-09-02,0.521414041519165,Positive,0.6258664056658745,Strongly Positive
2019-09-01,75.0,,0.0,Neutral,0.2607070207595825,Positive
2019-08-29,75.0,,0.0,Neutral,0.13035351037979126,Slightly Positive
2019-08-28,75.0,,0.0,Neutral,0.0,Neutral
2019-08-27,76.0,2019-08-27,0.3579877018928528,Positive,0.3579877018928528,Positive
2019-08-26,76.0,2019-08-26,0.7882136106491089,Strongly Positive,0.9672074615955353,Strongly Positive
2019-08-25,75.0,,0.0,Neutral,0.48360373079776764,Positive
2019-08-22,76.0,,0.0,Neutral,0.19705340266227722,Slightly Positive
2019-08-21,76.0,,0.0,Neutral,0.0,Neutral
2019-08-20,79.0,,0.0,Neutral,0.0,Neutral
2019-08-19,81.0,2019-08-19,0.8192152976989746,Strongly Positive,0.8192152976989746,Strongly Positive
2019-08-15,82.0,,0.0,Neutral,0.4096076488494873,Positive
2019-08-14,82.0,2019-08-14,0.8356881737709045,Strongly Positive,1.0404919981956482,Strongly Positive
2019-08-13,82.0,2019-08-13,0.6991210579872131,Strongly Positive,1.1169651448726654,Strongly Positive
2019-08-12,81.0,,0.0,Neutral,0.5584825724363327,Positive
2019-08-11,82.0,,0.0,Neutral,0.17478026449680328,Slightly Positive
2019-08-08,85.0,,0.0,Neutral,0.0,Neutral
2019-08-07,84.0,2019-08-07,-0.4570404589176178,Negative,-0.4570404589176178,Negative
2019-08-06,85.0,,0.0,Neutral,-0.2285202294588089,Negative
2019-08-05,88.0,,0.0,Neutral,-0.11426011472940445,Slightly Negative
2019-08-04,88.0,,0.0,Neutral,0.0,Neutral
2019-08-01,89.0,,0.0,Neutral,0.0,Neutral
2019-07-31,90.0,2019-07-31,-0.4471966624259949,Negative,-0.4471966624259949,Negative
2019-07-30,89.0,,0.0,Neutral,-0.22359833121299744,Negative
2019-07-29,90.0,2019-07-29,0.5511285066604614,Positive,0.4393293410539627,Positive
2019-07-25,90.0,,0.0,Neutral,0.2755642533302307,Positive
2019-07-23,91.0,,0.0,Neutral,0.13778212666511536,Slightly Positive
2019-07-22,89.0,,0.0,Neutral,0.0,Neutral
2019-07-21,88.0,2019-07-21,0.1339715123176574,Slightly Positive,0.1339715123176574,Slightly Positive
2019-07-18,89.0,,0.0,Neutral,0.0669857561588287,Slightly Positive
2019-07-17,87.0,2019-07-17,0.8922961354255676,Strongly Positive,0.925789013504982,Strongly Positive
2019-07-16,87.0,,0.0,Neutral,0.4461480677127838,Positive
2019-07-15,87.0,,0.0,Neutral,0.2230740338563919,Positive
2019-07-14,87.0,,0.0,Neutral,0.0,Neutral
2019-07-11,88.0,,0.0,Neutral,0.0,Neutral
2019-07-10,90.0,2019-07-10,-0.4849487543106079,Negative,-0.4849487543106079,Negative
2019-07-09,90.0,,0.0,Neutral,-0.24247437715530396,Negative
2019-07-08,89.0,2019-07-08,0.8237234354019165,Strongly Positive,0.7024862468242645,Strongly Positive
2019-07-07,87.0,2019-07-07,0.8937943577766418,Strongly Positive,1.3056560754776,Strongly Positive
2019-07-04,88.0,2019-07-04,0.6093844771385193,Strongly Positive,1.2622125148773193,Strongly Positive
2019-07-03,88.0,,0.0,Neutral,0.5281408280134201,Positive
2019-07-02,90.0,2019-07-02,-0.2368516623973846,Negative,-0.08450554311275477,Slightly Negative
2019-07-01,90.0,2019-07-01,-0.4330974519252777,Negative,-0.55152328312397,Negative
2019-06-30,91.0,,0.0,Neutral,-0.275761641561985,Negative
2019-06-27,92.0,,0.0,Neutral,-0.10827436298131943,Slightly Negative
2019-06-26,93.0,,0.0,Neutral,0.0,Neutral
2019-06-25,93.0,,0.0,Neutral,0.0,Neutral
2019-06-24,95.0,,0.0,Neutral,0.0,Neutral
2019-06-23,94.0,,0.0,Neutral,0.0,Neutral
2019-06-20,93.0,,0.0,Neutral,0.0,Neutral
2019-06-19,93.0,,0.0,Neutral,0.0,Neutral
2019-06-18,93.0,,0.0,Neutral,0.0,Neutral
2019-06-17,92.0,2019-06-17,-0.6195419430732727,Strongly Negative,-0.6195419430732727,Strongly Negative
2019-06-16,93.0,2019-06-16,0.0492241531610489,Neutral,-0.26054681837558746,Negative
2019-06-13,93.0,,0.0,Neutral,-0.13027340918779373,Slightly Negative
2019-06-12,94.0,,0.0,Neutral,0.012306038290262226,Neutral
2019-06-11,94.0,,0.0,Neutral,0.0,Neutral
2019-06-10,95.0,,0.0,Neutral,0.0,Neutral
2019-06-06,95.0,,0.0,Neutral,0.0,Neutral
2019-06-04,95.0,,0.0,Neutral,0.0,Neutral
2019-06-03,98.0,,0.0,Neutral,0.0,Neutral
2019-06-02,98.0,,0.0,Neutral,0.0,Neutral
2019-05-30,99.0,,0.0,Neutral,0.0,Neutral
2019-05-29,97.0,2019-05-29,0.3382772803306579,Positive,0.3382772803306579,Positive
2019-05-28,99.0,,0.0,Neutral,0.16913864016532895,Slightly Positive
2019-05-27,101.0,,0.0,Neutral,0.08456932008266448,Slightly Positive
2019-05-22,109.0,2019-05-22,0.9192432165145874,Strongly Positive,0.9192432165145874,Strongly Positive
2019-05-21,102.0,,0.0,Neutral,0.4596216082572937,Positive
2019-05-20,100.0,,0.0,Neutral,0.22981080412864685,Positive
2019-05-19,99.0,,0.0,Neutral,0.0,Neutral
2019-05-16,99.0,2019-05-16,0.6019901037216187,Strongly Positive,0.6019901037216187,Strongly Positive
2019-05-15,98.0,,0.0,Neutral,0.3009950518608093,Positive
2019-05-14,97.0,2019-05-14,-0.1161871999502182,Slightly Negative,0.03431032598018646,Neutral
2019-05-13,100.0,,0.0,Neutral,-0.0580935999751091,Slightly Negative
2019-05-12,100.0,,0.0,Neutral,-0.02904679998755455,Neutral
2019-05-09,100.0,,0.0,Neutral,0.0,Neutral
2019-05-08,100.0,,0.0,Neutral,0.0,Neutral
2019-05-07,101.0,,0.0,Neutral,0.0,Neutral
2019-05-06,102.0,,0.0,Neutral,0.0,Neutral
2019-05-05,98.0,,0.0,Neutral,0.0,Neutral
2019-05-02,100.0,,0.0,Neutral,0.0,Neutral
2019-04-30,98.0,,0.0,Neutral,0.0,Neutral
2019-04-29,96.0,2019-04-29,0.6715145111083984,Strongly Positive,0.6715145111083984,Strongly Positive
2019-04-28,100.0,,0.0,Neutral,0.3357572555541992,Positive
2019-04-25,99.0,,0.0,Neutral,0.1678786277770996,Slightly Positive
2019-04-23,101.0,,0.0,Neutral,0.0,Neutral
2019-04-22,100.0,2019-04-22,0.7112140357494354,Strongly Positive,0.7112140357494354,Strongly Positive
2019-04-21,99.0,2019-04-21,0.2224275916814804,Positive,0.5780346095561981,Positive
2019-04-18,100.0,,0.0,Neutral,0.28901730477809906,Positive
2019-04-17,102.0,,0.0,Neutral,0.0556068979203701,Slightly Positive
2019-04-16,103.0,2019-04-16,0.7619708776473999,Strongly Positive,0.7619708776473999,Strongly Positive
2019-04-15,99.0,,0.0,Neutral,0.38098543882369995,Positive
2019-04-11,101.0,2019-04-11,0.5554110407829285,Positive,0.7459037601947784,Strongly Positive
2019-04-10,101.0,2019-04-10,0.8950625061988831,Strongly Positive,1.1727680265903473,Strongly Positive
2019-04-09,102.0,2019-04-09,0.8805367946624756,Strongly Positive,1.4669208079576492,Strongly Positive
2019-04-08,104.0,,0.0,Neutral,0.6640340238809586,Strongly Positive
2019-04-07,102.0,,0.0,Neutral,0.2201341986656189,Positive
2019-04-04,101.0,,0.0,Neutral,0.0,Neutral
2019-04-03,103.0,2019-04-03,0.8603233098983765,Strongly Positive,0.8603233098983765,Strongly Positive
2019-04-02,101.0,,0.0,Neutral,0.43016165494918823,Positive
2019-04-01,101.0,2019-04-01,0.6460291147232056,Strongly Positive,0.8611099421977997,Strongly Positive
2019-03-31,102.0,,0.0,Neutral,0.3230145573616028,Positive
2019-03-28,101.0,,0.0,Neutral,0.1615072786808014,Slightly Positive
2019-03-27,101.0,,0.0,Neutral,0.0,Neutral
2019-03-26,102.0,2019-03-26,0.5928543210029602,Positive,0.5928543210029602,Positive
2019-03-25,102.0,,0.0,Neutral,0.2964271605014801,Positive
2019-03-24,104.0,,0.0,Neutral,0.14821358025074005,Slightly Positive
2019-03-21,101.0,,0.0,Neutral,0.0,Neutral
2019-03-19,103.0,2019-03-19,0.4687463641166687,Positive,0.4687463641166687,Positive
2019-03-18,104.0,,0.0,Neutral,0.23437318205833435,Positive
2019-03-17,105.0,,0.0,Neutral,0.11718659102916718,Slightly Positive
2019-03-14,103.0,,0.0,Neutral,0.0,Neutral
2019-03-13,107.0,,0.0,Neutral,0.0,Neutral
2019-03-12,108.0,,0.0,Neutral,0.0,Neutral
2019-03-11,104.0,2019-03-11,-0.5805007219314575,Negative,-0.5805007219314575,Negative
2019-03-10,102.0,,0.0,Neutral,-0.29025036096572876,Negative
2019-03-06,102.0,,0.0,Neutral,-0.14512518048286438,Slightly Negative
2019-03-05,101.0,2019-03-05,-0.6652853488922119,Strongly Negative,-0.6652853488922119,Strongly Negative
2019-03-03,102.0,,0.0,Neutral,-0.33264267444610596,Negative
2019-02-27,102.0,,0.0,Neutral,-0.16632133722305298,Slightly Negative
2019-02-26,100.0,,0.0,Neutral,0.0,Neutral
2019-02-25,100.0,,0.0,Neutral,0.0,Neutral
2019-02-24,101.0,,0.0,Neutral,0.0,Neutral
2019-02-21,102.0,,0.0,Neutral,0.0,Neutral
2019-02-20,103.0,2019-02-20,-0.000268280506134,Neutral,-0.000268280506134,Neutral
2019-02-19,103.0,,0.0,Neutral,-0.000134140253067,Neutral
2019-02-18,102.0,2019-02-18,0.5097264647483826,Positive,0.5096593946218491,Positive
2019-02-17,101.0,,0.0,Neutral,0.2548632323741913,Positive
2019-02-14,102.0,,0.0,Neutral,0.12743161618709564,Slightly Positive
2019-02-13,101.0,,0.0,Neutral,0.0,Neutral
2019-02-12,102.0,,0.0,Neutral,0.0,Neutral
2019-02-11,100.0,,0.0,Neutral,0.0,Neutral
2019-02-07,102.0,,0.0,Neutral,0.0,Neutral
2019-02-06,100.0,,0.0,Neutral,0.0,Neutral
2019-02-05,99.0,,0.0,Neutral,0.0,Neutral
2019-02-04,99.0,2019-02-04,-0.7323634028434753,Strongly Negative,-0.7323634028434753,Strongly Negative
2019-02-03,98.0,2019-02-03,0.4023022949695587,Positive,0.036120593547821045,Neutral
2019-01-31,98.0,,0.0,Neutral,0.018060296773910522,Neutral
2019-01-30,100.0,2019-01-30,0.127448558807373,Slightly Positive,0.22802413254976267,Positive
2019-01-29,100.0,,0.0,Neutral,0.0637242794036865,Slightly Positive
2019-01-28,99.0,,0.0,Neutral,0.03186213970184325,Neutral
2019-01-27,100.0,,0.0,Neutral,0.0,Neutral
2019-01-22,107.0,,0.0,Neutral,0.0,Neutral
2019-01-21,107.0,2019-01-21,0.4966762065887451,Positive,0.4966762065887451,Positive
2019-01-20,107.0,2019-01-20,0.7727754712104797,Strongly Positive,1.0211135745048523,Strongly Positive
2019-01-17,103.0,,0.0,Neutral,0.5105567872524261,Positive
2019-01-16,102.0,,0.0,Neutral,0.19319386780261993,Slightly Positive
2019-01-15,104.0,2019-01-15,0.519601047039032,Positive,0.519601047039032,Positive
2019-01-14,101.0,2019-01-14,0.9134968519210817,Strongly Positive,1.1732973754405975,Strongly Positive
2019-01-13,101.0,,0.0,Neutral,0.5866486877202988,Positive
2019-01-10,101.0,,0.0,Neutral,0.2283742129802704,Positive
2019-01-09,103.0,2019-01-09,0.7550469636917114,Strongly Positive,0.7550469636917114,Strongly Positive
2019-01-08,101.0,2019-01-08,0.7743663191795349,Strongly Positive,1.1518898010253906,Strongly Positive
2019-01-07,102.0,2019-01-07,0.7200121879577637,Strongly Positive,1.295957088470459,Strongly Positive
2019-01-06,101.0,2019-01-06,0.5872798562049866,Positive,1.1408775299787521,Strongly Positive
2019-01-03,103.0,,0.0,Neutral,0.4736429750919342,Positive
2019-01-01,104.0,2019-01-01,0.5289696455001831,Positive,0.6757896095514297,Strongly Positive
2018-12-31,105.0,2018-12-31,0.8081836700439453,Strongly Positive,1.0726684927940369,Strongly Positive
2018-12-30,105.0,2018-12-30,0.8666418790817261,Strongly Positive,1.4029761254787445,Strongly Positive
2018-12-27,107.0,2018-12-27,0.8413619995117188,Strongly Positive,1.4767288565635681,Strongly Positive
2018-12-26,103.0,2018-12-26,0.5205397605895996,Positive,1.1578812301158905,Strongly Positive
2018-12-25,105.0,,0.0,Neutral,0.4706103801727295,Positive
2018-12-24,102.0,2018-12-24,0.912123441696167,Strongly Positive,1.042258381843567,Strongly Positive
2018-12-23,100.0,,0.0,Neutral,0.4560617208480835,Positive
2018-12-20,100.0,2018-12-20,-0.2122925519943237,Negative,0.015738308429718045,Neutral
2018-12-19,101.0,2018-12-19,-0.3084029853343963,Negative,-0.41454926133155817,Negative
2018-12-18,100.0,,0.0,Neutral,-0.20727463066577909,Negative
2018-12-17,103.0,,0.0,Neutral,-0.07710074633359908,Slightly Negative
2018-12-13,105.0,2018-12-13,-0.1332300901412964,Slightly Negative,-0.1332300901412964,Slightly Negative
2018-12-11,107.0,2018-12-11,0.8785602450370789,Strongly Positive,0.8119451999664307,Strongly Positive
2018-12-04,109.0,2018-12-04,0.033573567867279,Neutral,0.43954616785049433,Positive
2018-12-03,109.0,,0.0,Neutral,0.2364268451929092,Positive
2018-12-02,109.0,2018-12-02,0.0572157725691795,Slightly Positive,0.06560916453599924,Slightly Positive
2018-11-29,107.0,2018-11-29,0.8101602792739868,Strongly Positive,0.8387681655585766,Strongly Positive
2018-11-28,103.0,,0.0,Neutral,0.4193840827792883,Positive
2018-11-27,100.0,,0.0,Neutral,0.2025400698184967,Positive
2018-11-26,102.0,,0.0,Neutral,0.0,Neutral
2018-11-25,100.0,,0.0,Neutral,0.0,Neutral
2018-11-22,106.0,,0.0,Neutral,0.0,Neutral
2018-11-21,104.0,,0.0,Neutral,0.0,Neutral
2018-11-20,106.0,,0.0,Neutral,0.0,Neutral
2018-11-19,106.0,2018-11-19,0.5714744180440903,Positive,0.5714744180440903,Positive
2018-11-18,105.0,,0.0,Neutral,0.28573720902204514,Positive
2018-11-15,109.0,,0.0,Neutral,0.14286860451102257,Slightly Positive
2018-11-14,108.0,,0.0,Neutral,0.0,Neutral
2018-11-13,110.0,2018-11-13,-0.1938473582267761,Slightly Negative,-0.1938473582267761,Slightly Negative
2018-11-05,112.0,,0.0,Neutral,-0.09692367911338805,Slightly Negative
2018-11-01,112.0,,0.0,Neutral,-0.048461839556694024,Neutral
2018-10-31,110.0,,0.0,Neutral,0.0,Neutral
2018-10-30,115.0,,0.0,Neutral,0.0,Neutral
2018-10-29,115.0,,0.0,Neutral,0.0,Neutral
2018-10-28,115.0,,0.0,Neutral,0.0,Neutral
2018-10-25,119.0,,0.0,Neutral,0.0,Neutral
2018-10-24,112.0,,0.0,Neutral,0.0,Neutral
2018-10-23,114.0,,0.0,Neutral,0.0,Neutral
2018-10-22,112.0,,0.0,Neutral,0.0,Neutral
2018-10-15,115.0,2018-10-15,-0.192320704460144,Slightly Negative,-0.192320704460144,Slightly Negative
2018-10-14,113.0,,0.0,Neutral,-0.096160352230072,Slightly Negative
2018-10-11,113.0,,0.0,Neutral,-0.048080176115036,Neutral
2018-10-10,112.0,2018-10-10,-0.1620651185512542,Slightly Negative,-0.1620651185512542,Slightly Negative
2018-10-09,114.0,,0.0,Neutral,-0.0810325592756271,Slightly Negative
2018-10-08,112.0,,0.0,Neutral,-0.04051627963781355,Neutral
2018-10-07,110.0,,0.0,Neutral,0.0,Neutral
2018-10-04,112.0,,0.0,Neutral,0.0,Neutral
2018-10-03,113.0,,0.0,Neutral,0.0,Neutral
2018-10-02,115.0,,0.0,Neutral,0.0,Neutral
2018-10-01,118.0,,0.0,Neutral,0.0,Neutral
2018-09-30,120.0,,0.0,Neutral,0.0,Neutral
2018-09-27,120.0,,0.0,Neutral,0.0,Neutral
2018-09-26,120.0,,0.0,Neutral,0.0,Neutral
2018-09-25,120.0,,0.0,Neutral,0.0,Neutral
2018-09-23,120.0,2018-09-23,0.8959836959838867,Strongly Positive,0.8959836959838867,Strongly Positive
2018-09-20,124.0,,0.0,Neutral,0.44799184799194336,Positive
2018-09-18,120.0,2018-09-18,0.4713515937328338,Positive,0.6953475177288055,Strongly Positive
2018-09-17,121.0,,0.0,Neutral,0.2356757968664169,Positive
2018-09-16,122.0,2018-09-16,0.4487057030200958,Positive,0.5665436014533043,Positive
2018-09-13,120.0,,0.0,Neutral,0.2243528515100479,Positive
2018-09-12,121.0,,0.0,Neutral,0.11217642575502396,Slightly Positive
2018-09-11,123.0,,0.0,Neutral,0.0,Neutral
2018-09-10,121.0,,0.0,Neutral,0.0,Neutral
2018-09-09,126.0,,0.0,Neutral,0.0,Neutral
2018-09-06,128.0,,0.0,Neutral,0.0,Neutral
2018-09-05,126.0,,0.0,Neutral,0.0,Neutral
2018-09-04,123.0,,0.0,Neutral,0.0,Neutral
2018-09-03,121.0,,0.0,Neutral,0.0,Neutral
2018-09-02,120.0,2018-09-02,0.9213955402374268,Strongly Positive,0.9213955402374268,Strongly Positive
2018-08-30,120.0,,0.0,Neutral,0.4606977701187134,Positive
2018-08-29,123.0,,0.0,Neutral,0.2303488850593567,Positive
2018-08-28,122.0,2018-08-28,0.8678902387619019,Strongly Positive,0.8678902387619019,Strongly Positive
2018-08-26,121.0,2018-08-26,0.908364236354828,Strongly Positive,1.3423093557357788,Strongly Positive
2018-08-23,117.0,2018-08-23,0.9118733406066896,Strongly Positive,1.583028018474579,Strongly Positive
2018-08-22,119.0,2018-08-22,0.9089189767837524,Strongly Positive,1.5919467061758041,Strongly Positive
2018-08-21,119.0,,0.0,Neutral,0.6824278235435486,Strongly Positive
2018-08-20,119.0,,0.0,Neutral,0.2272297441959381,Positive
2018-08-19,126.0,2018-08-19,0.6557104587554932,Strongly Positive,0.6557104587554932,Strongly Positive
2018-08-16,128.0,2018-08-16,0.8950644135475159,Strongly Positive,1.2229196429252625,Strongly Positive
2018-08-15,126.0,2018-08-15,-0.1866932809352874,Slightly Negative,0.42476654052734386,Positive
2018-08-14,124.0,,0.0,Neutral,0.13041946291923529,Slightly Positive
2018-08-13,124.0,2018-08-13,0.5976293087005615,Positive,0.5509559884667397,Positive
2018-08-12,126.0,,0.0,Neutral,0.29881465435028076,Positive
2018-08-09,126.0,2018-08-09,0.9233427047729492,Strongly Positive,1.0727500319480896,Strongly Positive
2018-08-08,126.0,,0.0,Neutral,0.4616713523864746,Positive
2018-08-07,125.0,,0.0,Neutral,0.2308356761932373,Positive
2018-08-06,125.0,,0.0,Neutral,0.0,Neutral
2018-08-05,126.0,,0.0,Neutral,0.0,Neutral
2018-08-01,127.0,2018-08-01,0.7616575956344604,Strongly Positive,0.7616575956344604,Strongly Positive
2018-07-31,127.0,2018-07-31,0.8481963723897934,Strongly Positive,1.2290251702070236,Strongly Positive
2018-07-30,128.0,,0.0,Neutral,0.6145125851035118,Strongly Positive
2018-07-29,129.0,,0.0,Neutral,0.21204909309744835,Positive
2018-07-26,127.0,2018-07-26,0.8805007934570312,Strongly Positive,0.8805007934570312,Strongly Positive
2018-07-25,129.0,2018-07-25,0.5625090003013611,Positive,1.0027593970298767,Strongly Positive
2018-07-24,133.0,2018-07-24,0.8712472915649414,Strongly Positive,1.3726269900798798,Strongly Positive
2018-07-23,129.0,,0.0,Neutral,0.576250895857811,Positive
2018-07-22,127.0,2018-07-22,0.5804762393236159,Positive,0.7982880622148513,Strongly Positive
2018-07-19,128.0,,0.0,Neutral,0.29023811966180796,Positive
2018-07-18,127.0,2018-07-18,-0.6905643939971924,Strongly Negative,-0.5454453341662884,Negative
2018-07-17,127.0,2018-07-17,0.8452868461608887,Strongly Positive,0.5000046491622925,Positive
2018-07-15,131.0,2018-07-15,-0.0455491840839386,Neutral,0.20445314049720764,Positive
2018-07-12,134.0,2018-07-12,-0.1427455693483352,Slightly Negative,0.04580155014991766,Neutral
2018-07-11,139.0,2018-07-11,0.1307443678379058,Slightly Positive,0.047984287142753546,Neutral
2018-07-10,135.0,,0.0,Neutral,0.029685791581869098,Neutral
2018-07-09,137.0,,0.0,Neutral,0.03268609195947645,Neutral
2018-07-08,136.0,2018-07-08,0.7769768834114075,Strongly Positive,0.7769768834114075,Strongly Positive
2018-07-05,137.0,,0.0,Neutral,0.38848844170570374,Positive
2018-07-04,137.0,2018-07-04,0.3696541786193847,Positive,0.5638983994722366,Positive
2018-07-03,139.0,,0.0,Neutral,0.18482708930969236,Slightly Positive
2018-07-02,139.0,,0.0,Neutral,0.09241354465484618,Slightly Positive
2018-07-01,136.0,,0.0,Neutral,0.0,Neutral
2018-06-28,140.0,,0.0,Neutral,0.0,Neutral
2018-06-27,141.0,2018-06-27,0.6418185830116272,Strongly Positive,0.6418185830116272,Strongly Positive
2018-06-26,143.0,,0.0,Neutral,0.3209092915058136,Positive
2018-06-25,145.0,,0.0,Neutral,0.1604546457529068,Slightly Positive
2018-06-21,145.0,,0.0,Neutral,0.0,Neutral
2018-06-20,147.0,,0.0,Neutral,0.0,Neutral
2018-06-19,147.0,,0.0,Neutral,0.0,Neutral
2018-06-17,151.0,2018-06-17,0.508649468421936,Positive,0.508649468421936,Positive
2018-06-14,147.0,,0.0,Neutral,0.254324734210968,Positive
2018-06-13,141.0,2018-06-13,-0.3404492735862732,Negative,-0.21328690648078918,Negative
2018-06-12,140.0,,0.0,Neutral,-0.1702246367931366,Slightly Negative
2018-06-11,139.0,,0.0,Neutral,-0.0851123183965683,Slightly Negative
2018-06-10,138.0,,0.0,Neutral,0.0,Neutral
2018-06-07,140.0,2018-06-07,0.787387490272522,Strongly Positive,0.787387490272522,Strongly Positive
2018-06-06,144.0,,0.0,Neutral,0.393693745136261,Positive
2018-06-04,146.0,2018-06-04,0.8630961179733276,Strongly Positive,1.0599429905414581,Strongly Positive
2018-06-03,148.0,2018-06-03,0.3452410101890564,Positive,0.7767890691757202,Strongly Positive
2018-05-31,148.0,,0.0,Neutral,0.3883945345878601,Positive
2018-05-30,148.0,2018-05-30,0.7039557695388794,Strongly Positive,0.7902660220861435,Strongly Positive
2018-05-29,149.0,,0.0,Neutral,0.3519778847694397,Positive
2018-05-28,149.0,,0.0,Neutral,0.17598894238471985,Slightly Positive
2018-05-27,146.0,,0.0,Neutral,0.0,Neutral
2018-05-24,147.0,,0.0,Neutral,0.0,Neutral
2018-05-23,146.0,,0.0,Neutral,0.0,Neutral
2018-05-22,147.0,2018-05-22,0.7939203977584839,Strongly Positive,0.7939203977584839,Strongly Positive
2018-05-21,148.0,,0.0,Neutral,0.39696019887924194,Positive
2018-05-20,148.0,,0.0,Neutral,0.19848009943962097,Slightly Positive
2018-05-17,150.0,,0.0,Neutral,0.0,Neutral
2018-05-15,146.0,,0.0,Neutral,0.0,Neutral
2018-05-14,148.0,2018-05-14,0.7037050724029541,Strongly Positive,0.7037050724029541,Strongly Positive
2018-05-10,151.0,,0.0,Neutral,0.35185253620147705,Positive
2018-05-09,151.0,,0.0,Neutral,0.17592626810073853,Slightly Positive
2018-05-08,153.0,2018-05-08,0.7442371547222137,Strongly Positive,0.7442371547222137,Strongly Positive
2018-05-07,153.0,,0.0,Neutral,0.3721185773611069,Positive
2018-05-06,156.0,,0.0,Neutral,0.18605928868055344,Slightly Positive
2018-05-03,160.0,,0.0,Neutral,0.0,Neutral
2018-05-02,158.0,,0.0,Neutral,0.0,Neutral
2018-04-29,161.0,,0.0,Neutral,0.0,Neutral
2018-04-26,166.0,2018-04-26,-0.1422680616378784,Slightly Negative,-0.1422680616378784,Slightly Negative
2018-04-25,168.0,,0.0,Neutral,-0.0711340308189392,Slightly Negative
2018-04-24,168.0,,0.0,Neutral,-0.0355670154094696,Neutral
2018-04-23,165.0,,0.0,Neutral,0.0,Neutral
2018-04-22,165.0,,0.0,Neutral,0.0,Neutral
2018-04-19,168.0,,0.0,Neutral,0.0,Neutral
2018-04-18,160.0,2018-04-18,0.7243727445602417,Strongly Positive,0.7243727445602417,Strongly Positive
2018-04-16,157.0,,0.0,Neutral,0.36218637228012085,Positive
2018-04-15,157.0,2018-04-15,0.9221633076667786,Strongly Positive,1.103256493806839,Strongly Positive
2018-04-12,154.0,2018-04-12,-0.6430073976516724,Strongly Negative,-0.18192574381828308,Slightly Negative
2018-04-11,156.0,,0.0,Neutral,-0.09096287190914154,Slightly Negative
2018-04-09,159.0,,0.0,Neutral,-0.1607518494129181,Slightly Negative
2018-04-08,159.0,2018-04-08,0.4547261595726013,Positive,0.4547261595726013,Positive
2018-04-05,160.0,,0.0,Neutral,0.22736307978630066,Positive
2018-04-04,152.0,2018-04-04,0.8857042789459229,Strongly Positive,0.9993858188390732,Strongly Positive
2018-04-02,148.0,2018-04-02,0.6707487106323242,Strongly Positive,1.1136008501052856,Strongly Positive
2018-04-01,148.0,,0.0,Neutral,0.5568004250526428,Positive
2018-03-29,149.0,,0.0,Neutral,0.16768717765808105,Slightly Positive
2018-03-28,147.0,2018-03-28,0.6803320646286011,Strongly Positive,0.6803320646286011,Strongly Positive
2018-03-27,145.0,2018-03-27,-0.2121085226535797,Negative,0.12805750966072083,Slightly Positive
2018-03-26,148.0,,0.0,Neutral,0.06402875483036041,Slightly Positive
2018-03-22,150.0,2018-03-22,0.6458000540733337,Strongly Positive,0.5927729234099388,Positive
2018-03-21,150.0,,0.0,Neutral,0.32290002703666687,Positive
2018-03-20,148.0,,0.0,Neutral,0.16145001351833344,Slightly Positive
2018-03-19,151.0,,0.0,Neutral,0.0,Neutral
2018-03-18,156.0,2018-03-18,-0.5104734301567078,Negative,-0.5104734301567078,Negative
2018-03-15,150.0,,0.0,Neutral,-0.2552367150783539,Negative
2018-03-14,149.0,,0.0,Neutral,-0.12761835753917694,Slightly Negative
2018-03-13,151.0,,0.0,Neutral,0.0,Neutral
2018-03-12,154.0,,0.0,Neutral,0.0,Neutral
2018-03-11,158.0,,0.0,Neutral,0.0,Neutral
2018-03-07,160.0,2018-03-07,-0.3192073702812195,Negative,-0.3192073702812195,Negative
2018-03-06,160.0,,0.0,Neutral,-0.15960368514060974,Slightly Negative
2018-03-05,160.0,,0.0,Neutral,-0.07980184257030487,Slightly Negative
2018-02-28,165.0,2018-02-28,-0.4559577703475952,Negative,-0.4559577703475952,Negative
2018-02-27,170.0,2018-02-27,-0.5017960667610168,Negative,-0.7297749519348145,Strongly Negative
2018-02-26,171.0,,0.0,Neutral,-0.3648874759674072,Negative
2018-02-25,170.0,,0.0,Neutral,-0.1254490166902542,Slightly Negative
2018-02-22,171.0,,0.0,Neutral,0.0,Neutral
2018-02-21,171.0,,0.0,Neutral,0.0,Neutral
2018-02-20,174.0,,0.0,Neutral,0.0,Neutral
2018-02-18,180.0,2018-02-18,-0.7218689322471619,Strongly Negative,-0.7218689322471619,Strongly Negative
2018-02-15,174.0,2018-02-15,0.89710932970047,Strongly Positive,0.536174863576889,Positive
2018-02-14,168.0,,0.0,Neutral,0.2680874317884445,Positive
2018-02-12,166.0,2018-02-12,0.1932896673679351,Slightly Positive,0.41756699979305256,Positive
2018-02-11,169.0,,0.0,Neutral,0.09664483368396755,Slightly Positive
2018-02-08,172.0,,0.0,Neutral,0.048322416841983774,Neutral
2018-02-07,171.0,,0.0,Neutral,0.0,Neutral
2018-02-06,168.0,,0.0,Neutral,0.0,Neutral
2018-02-04,168.0,,0.0,Neutral,0.0,Neutral
2018-02-01,172.0,,0.0,Neutral,0.0,Neutral
2018-01-31,172.0,,0.0,Neutral,0.0,Neutral
2018-01-29,170.0,,0.0,Neutral,0.0,Neutral
2018-01-28,173.0,2018-01-28,0.9140734672546388,Strongly Positive,0.9140734672546388,Strongly Positive
2018-01-25,172.0,,0.0,Neutral,0.4570367336273194,Positive
2018-01-24,175.0,,0.0,Neutral,0.2285183668136597,Positive
2018-01-23,168.0,,0.0,Neutral,0.0,Neutral
2018-01-22,170.0,,0.0,Neutral,0.0,Neutral
2018-01-21,173.0,2018-01-21,0.326934814453125,Positive,0.326934814453125,Positive
2018-01-17,171.0,,0.0,Neutral,0.1634674072265625,Slightly Positive
2018-01-16,169.0,2018-01-16,0.912229597568512,Strongly Positive,0.9939633011817932,Strongly Positive
2018-01-14,178.0,,0.0,Neutral,0.456114798784256,Positive
2018-01-10,179.0,2018-01-10,-0.1146869361400604,Slightly Negative,0.1133704632520676,Slightly Positive
2018-01-09,181.0,,0.0,Neutral,-0.0573434680700302,Slightly Negative
2018-01-08,183.0,2018-01-08,0.5098813772201538,Positive,0.4812096431851387,Positive
2018-01-07,183.0,2018-01-07,0.9193395376205444,Strongly Positive,1.1742802262306213,Strongly Positive
2018-01-04,181.0,,0.0,Neutral,0.5871401131153107,Positive
2018-01-03,178.0,,0.0,Neutral,0.2298348844051361,Positive
2018-01-02,180.0,2018-01-02,0.907924234867096,Strongly Positive,0.907924234867096,Strongly Positive
2018-01-01,175.0,,0.0,Neutral,0.453962117433548,Positive
2017-12-31,169.0,,0.0,Neutral,0.226981058716774,Positive
2017-12-28,171.0,,0.0,Neutral,0.0,Neutral
2017-12-27,172.0,,0.0,Neutral,0.0,Neutral
2017-12-26,174.0,,0.0,Neutral,0.0,Neutral
2017-12-24,172.0,2017-12-24,0.5628668665885925,Positive,0.5628668665885925,Positive
2017-12-21,184.0,,0.0,Neutral,0.28143343329429626,Positive
2017-12-20,181.0,,0.0,Neutral,0.14071671664714813,Slightly Positive
2017-12-19,183.0,,0.0,Neutral,0.0,Neutral
2017-12-18,183.0,,0.0,Neutral,0.0,Neutral
2017-12-17,184.0,,0.0,Neutral,0.0,Neutral
2017-12-14,184.0,,0.0,Neutral,0.0,Neutral
2017-12-13,185.0,,0.0,Neutral,0.0,Neutral
2017-12-12,189.0,,0.0,Neutral,0.0,Neutral
2017-12-11,191.0,2017-12-11,0.5815926194190979,Positive,0.5815926194190979,Positive
2017-12-10,199.0,,0.0,Neutral,0.29079630970954895,Positive
2017-12-06,200.0,,0.0,Neutral,0.14539815485477448,Slightly Positive
2017-12-05,186.0,2017-12-05,0.1702946424484253,Slightly Positive,0.1702946424484253,Slightly Positive
2017-12-04,181.0,,0.0,Neutral,0.08514732122421265,Slightly Positive
2017-11-30,188.0,,0.0,Neutral,0.04257366061210632,Neutral
2017-11-29,183.0,,0.0,Neutral,0.0,Neutral
2017-11-28,186.0,2017-11-28,-0.5181993842124939,Negative,-0.5181993842124939,Negative
2017-11-27,183.0,,0.0,Neutral,-0.25909969210624695,Negative
2017-11-26,180.0,,0.0,Neutral,-0.12954984605312347,Slightly Negative
2017-11-23,170.0,2017-11-23,0.5980113744735718,Positive,0.5980113744735718,Positive
2017-11-22,171.0,,0.0,Neutral,0.2990056872367859,Positive
2017-11-21,175.0,,0.0,Neutral,0.14950284361839294,Slightly Positive
2017-11-20,176.0,,0.0,Neutral,0.0,Neutral
2017-11-19,175.0,,0.0,Neutral,0.0,Neutral
2017-11-16,178.0,,0.0,Neutral,0.0,Neutral
2017-11-15,178.0,,0.0,Neutral,0.0,Neutral
2017-11-14,180.0,2017-11-14,-0.7073986530303955,Strongly Negative,-0.7073986530303955,Strongly Negative
2017-11-13,180.0,,0.0,Neutral,-0.35369932651519775,Negative
2017-11-12,181.0,2017-11-12,0.9169417023658752,Strongly Positive,0.7400920391082764,Strongly Positive
2017-11-09,185.0,,0.0,Neutral,0.4584708511829376,Positive
2017-11-08,182.0,,0.0,Neutral,0.2292354255914688,Positive
2017-11-07,188.0,2017-11-07,0.3921329081058502,Positive,0.3921329081058502,Positive
2017-11-06,194.0,2017-11-06,0.2062046229839325,Positive,0.4022710770368576,Positive
2017-11-05,196.0,,0.0,Neutral,0.2011355385184288,Positive
2017-11-02,190.0,,0.0,Neutral,0.051551155745983124,Slightly Positive
2017-11-01,194.0,,0.0,Neutral,0.0,Neutral
2017-10-31,195.0,,0.0,Neutral,0.0,Neutral
2017-10-30,196.0,,0.0,Neutral,0.0,Neutral
2017-10-29,199.0,2017-10-29,-0.1552224159240722,Slightly Negative,-0.1552224159240722,Slightly Negative
2017-10-25,201.0,,0.0,Neutral,-0.0776112079620361,Slightly Negative
2017-10-24,205.0,2017-10-24,0.3031669482588768,Positive,0.26436134427785873,Positive
2017-10-23,195.0,,0.0,Neutral,0.1515834741294384,Slightly Positive
2017-10-22,199.0,,0.0,Neutral,0.0757917370647192,Slightly Positive
2017-10-18,196.0,,0.0,Neutral,0.0,Neutral
2017-10-17,196.0,,0.0,Neutral,0.0,Neutral
2017-10-16,185.0,2017-10-16,0.7397989630699158,Strongly Positive,0.7397989630699158,Strongly Positive
2017-10-15,176.0,,0.0,Neutral,0.3698994815349579,Positive
2017-10-12,173.0,,0.0,Neutral,0.18494974076747894,Slightly Positive
2017-10-11,168.0,,0.0,Neutral,0.0,Neutral
2017-10-10,168.0,,0.0,Neutral,0.0,Neutral
2017-10-09,168.0,,0.0,Neutral,0.0,Neutral
2017-10-08,173.0,,0.0,Neutral,0.0,Neutral
2017-10-04,172.0,,0.0,Neutral,0.0,Neutral
2017-10-03,172.0,,0.0,Neutral,0.0,Neutral
2017-09-26,175.0,,0.0,Neutral,0.0,Neutral
2017-09-25,169.0,2017-09-25,0.6380407959222794,Strongly Positive,0.6380407959222794,Strongly Positive
2017-09-24,163.0,,0.0,Neutral,0.3190203979611397,Positive
2017-09-20,161.0,,0.0,Neutral,0.15951019898056984,Slightly Positive
2017-09-18,163.0,,0.0,Neutral,0.0,Neutral
2017-09-17,159.0,,0.0,Neutral,0.0,Neutral
2017-09-14,163.0,,0.0,Neutral,0.0,Neutral
2017-09-13,163.0,,0.0,Neutral,0.0,Neutral
2017-09-12,164.0,2017-09-12,0.1277060508728027,Slightly Positive,0.1277060508728027,Slightly Positive
2017-09-11,166.0,,0.0,Neutral,0.06385302543640135,Slightly Positive
2017-09-10,177.0,,0.0,Neutral,0.03192651271820068,Neutral
2017-09-07,183.0,,0.0,Neutral,0.0,Neutral
2017-09-06,190.0,2017-09-06,0.8836968541145325,Strongly Positive,0.8836968541145325,Strongly Positive
2017-09-04,186.0,2017-09-04,0.0743787288665771,Slightly Positive,0.5162271559238434,Positive
2017-08-31,195.0,,0.0,Neutral,0.2581135779619217,Positive
2017-08-30,197.0,,0.0,Neutral,0.018594682216644277,Neutral
2017-08-28,201.0,,0.0,Neutral,0.0,Neutral
2017-08-27,200.0,2017-08-27,0.9203059077262878,Strongly Positive,0.9203059077262878,Strongly Positive
2017-08-24,195.0,,0.0,Neutral,0.4601529538631439,Positive
2017-08-23,187.0,,0.0,Neutral,0.23007647693157196,Positive
2017-08-22,200.0,,0.0,Neutral,0.0,Neutral
2017-08-21,201.0,2017-08-21,0.9056445956230164,Strongly Positive,0.9056445956230164,Strongly Positive
2017-08-20,210.0,,0.0,Neutral,0.4528222978115082,Positive
2017-08-17,211.0,2017-08-17,0.7896273136138916,Strongly Positive,1.0160384625196457,Strongly Positive
2017-08-16,217.0,,0.0,Neutral,0.3948136568069458,Positive
2017-08-15,221.0,,0.0,Neutral,0.1974068284034729,Slightly Positive
2017-08-13,243.0,,0.0,Neutral,0.0,Neutral
2017-08-10,260.0,2017-08-10,0.8426941633224487,Strongly Positive,0.8426941633224487,Strongly Positive
2017-08-09,260.0,,0.0,Neutral,0.42134708166122437,Positive
2017-08-07,285.0,,0.0,Neutral,0.21067354083061218,Positive
2017-08-06,316.0,,0.0,Neutral,0.0,Neutral
2017-08-03,323.0,,0.0,Neutral,0.0,Neutral
2026-03-03,479.9,,0.0,Neutral,0.0,Neutral
2026-03-01,469.0,,0.0,Neutral,0.0,Neutral
2026-02-26,468.0,,0.0,Neutral,0.0,Neutral
2026-02-25,466.0,2026-02-25,0.8774493336677551,Strongly Positive,0.8774493336677551,Strongly Positive
2026-02-24,462.9,,0.0,Neutral,0.43872466683387756,Positive
2026-02-23,460.9,,0.0,Neutral,0.21936233341693878,Positive
2026-02-22,461.9,,0.0,Neutral,0.0,Neutral
2026-02-17,466.9,,0.0,Neutral,0.0,Neutral
2026-02-16,470.0,,0.0,Neutral,0.0,Neutral
2026-02-12,477.0,2026-02-12,-0.2644221298396587,Negative,-0.2644221298396587,Negative
2026-02-11,469.9,2026-02-11,-0.4408624172210693,Negative,-0.5730734821408986,Negative
2026-02-10,468.7,2026-02-10,-0.5762443542480469,Negative,-0.8627810953184962,Strongly Negative
2026-02-09,468.0,,0.0,Neutral,-0.39833778142929077,Negative
2026-02-08,470.0,,0.0,Neutral,-0.14406108856201172,Slightly Negative
2026-02-05,470.0,,0.0,Neutral,0.0,Neutral
2026-02-04,467.0,,0.0,Neutral,0.0,Neutral
2026-02-03,469.0,,0.0,Neutral,0.0,Neutral
2026-02-02,472.0,,0.0,Neutral,0.0,Neutral
2026-02-01,470.1,,0.0,Neutral,0.0,Neutral
2026-01-29,474.0,,0.0,Neutral,0.0,Neutral
2026-01-28,474.5,2026-01-28,0.0113222198560833,Neutral,0.0113222198560833,Neutral
2026-01-27,470.4,,0.0,Neutral,0.00566110992804165,Neutral
2026-01-26,483.9,,0.0,Neutral,0.002830554964020825,Neutral
2026-01-25,486.0,,0.0,Neutral,0.0,Neutral
2026-01-22,473.1,,0.0,Neutral,0.0,Neutral
2026-01-21,476.8,,0.0,Neutral,0.0,Neutral
2026-01-20,475.4,,0.0,Neutral,0.0,Neutral
2026-01-18,473.0,,0.0,Neutral,0.0,Neutral
2026-01-14,470.0,2026-01-14,0.0140300989151,Neutral,0.0140300989151,Neutral
2026-01-13,474.0,,0.0,Neutral,0.00701504945755,Neutral
2026-01-12,470.0,,0.0,Neutral,0.003507524728775,Neutral
2026-01-08,470.9,,0.0,Neutral,0.0,Neutral
2026-01-07,471.0,,0.0,Neutral,0.0,Neutral
2026-01-06,470.9,,0.0,Neutral,0.0,Neutral
2026-01-05,470.2,2026-01-05,-0.8387445211410522,Strongly Negative,-0.8387445211410522,Strongly Negative
2026-01-04,470.5,,0.0,Neutral,-0.4193722605705261,Negative
2026-01-01,471.0,,0.0,Neutral,-0.20968613028526306,Negative
2025-12-31,506.9,,0.0,Neutral,0.0,Neutral
2025-12-29,501.5,,0.0,Neutral,0.0,Neutral
2025-12-28,504.9,,0.0,Neutral,0.0,Neutral
2025-12-24,498.0,,0.0,Neutral,0.0,Neutral
2025-12-23,494.1,,0.0,Neutral,0.0,Neutral
2025-12-22,491.0,,0.0,Neutral,0.0,Neutral
2025-12-21,490.9,,0.0,Neutral,0.0,Neutral
2025-12-18,491.5,,0.0,Neutral,0.0,Neutral
2025-12-17,496.0,,0.0,Neutral,0.0,Neutral
2025-12-16,495.0,,0.0,Neutral,0.0,Neutral
2025-12-15,490.0,2025-12-15,0.0156788323074579,Neutral,0.0156788323074579,Neutral
2025-12-14,491.5,,0.0,Neutral,0.00783941615372895,Neutral
2025-12-11,491.2,2025-12-11,0.4957837536931038,Positive,0.49970346176996827,Positive
2025-12-10,492.2,,0.0,Neutral,0.2478918768465519,Positive
2025-12-09,495.0,,0.0,Neutral,0.12394593842327595,Slightly Positive
2025-12-08,491.0,,0.0,Neutral,0.0,Neutral
2025-12-07,490.0,,0.0,Neutral,0.0,Neutral
2025-12-03,490.0,,0.0,Neutral,0.0,Neutral
2025-12-02,495.1,,0.0,Neutral,0.0,Neutral
2025-12-01,495.9,,0.0,Neutral,0.0,Neutral
2025-11-30,496.0,2025-11-30,-0.5521965622901917,Negative,-0.5521965622901917,Negative
2025-11-27,505.5,,0.0,Neutral,-0.2760982811450958,Negative
2025-11-26,506.0,,0.0,Neutral,-0.1380491405725479,Slightly Negative
2025-11-25,501.1,2025-11-25,0.6663917303085327,Strongly Positive,0.6663917303085327,Strongly Positive
2025-11-24,497.0,,0.0,Neutral,0.33319586515426636,Positive
2025-11-23,490.7,,0.0,Neutral,0.16659793257713318,Slightly Positive
2025-11-20,483.9,,0.0,Neutral,0.0,Neutral
2025-11-19,482.8,,0.0,Neutral,0.0,Neutral
2025-11-18,482.5,,0.0,Neutral,0.0,Neutral
2025-11-17,484.0,,0.0,Neutral,0.0,Neutral
2025-11-16,480.7,,0.0,Neutral,0.0,Neutral
2025-11-13,484.6,,0.0,Neutral,0.0,Neutral
2025-11-12,490.0,,0.0,Neutral,0.0,Neutral
2025-11-11,488.0,2025-11-11,-0.5206417441368103,Negative,-0.5206417441368103,Negative
2025-11-10,484.9,2025-11-10,0.1399208903312683,Slightly Positive,-0.12039998173713684,Slightly Negative
2025-11-09,486.6,,0.0,Neutral,-0.06019999086856842,Slightly Negative
2025-11-06,490.0,,0.0,Neutral,0.03498022258281708,Neutral
2025-11-05,490.0,2025-11-05,0.9275050759315492,Strongly Positive,0.9275050759315492,Strongly Positive
2025-11-04,494.9,,0.0,Neutral,0.4637525379657746,Positive
2025-11-03,496.0,,0.0,Neutral,0.2318762689828873,Positive
2025-11-02,503.0,2025-11-02,0.8304534256458282,Strongly Positive,0.8304534256458282,Strongly Positive
2025-10-30,504.0,,0.0,Neutral,0.4152267128229141,Positive
2025-10-29,489.0,,0.0,Neutral,0.20761335641145706,Positive
2025-10-28,490.0,,0.0,Neutral,0.0,Neutral
2025-10-26,480.1,,0.0,Neutral,0.0,Neutral
2025-10-19,481.0,2025-10-19,-0.7027487754821777,Strongly Negative,-0.7027487754821777,Strongly Negative
2025-10-16,484.0,,0.0,Neutral,-0.35137438774108887,Negative
2025-10-15,482.7,,0.0,Neutral,-0.17568719387054443,Slightly Negative
2025-10-14,483.0,,0.0,Neutral,0.0,Neutral
2025-10-13,486.0,,0.0,Neutral,0.0,Neutral
2025-10-12,482.0,,0.0,Neutral,0.0,Neutral
2025-10-09,495.9,,0.0,Neutral,0.0,Neutral
2025-10-08,490.0,,0.0,Neutral,0.0,Neutral
2025-10-07,497.3,,0.0,Neutral,0.0,Neutral
2025-09-28,503.0,,0.0,Neutral,0.0,Neutral
2025-09-25,497.0,,0.0,Neutral,0.0,Neutral
2025-09-24,496.0,,0.0,Neutral,0.0,Neutral
2025-09-23,502.2,,0.0,Neutral,0.0,Neutral
2025-09-21,491.68,,0.0,Neutral,0.0,Neutral
2025-09-18,464.0,2025-09-18,0.0988965034484863,Slightly Positive,0.0988965034484863,Slightly Positive
2025-09-08,497.36,,0.0,Neutral,0.04944825172424315,Neutral
2025-09-07,501.49,,0.0,Neutral,0.024724125862121575,Neutral
2025-09-04,503.2,,0.0,Neutral,0.0,Neutral
2025-09-03,504.28,,0.0,Neutral,0.0,Neutral
2025-09-02,504.71,,0.0,Neutral,0.0,Neutral
2025-09-01,508.22,,0.0,Neutral,0.0,Neutral
2025-08-31,506.07,2025-08-31,-0.8702601194381714,Strongly Negative,-0.8702601194381714,Strongly Negative
2025-08-28,510.16,2025-08-28,0.9314732551574708,Strongly Positive,0.4963431954383851,Positive
2025-08-27,517.78,2025-08-27,-0.8449028730392456,Strongly Negative,-0.5967312753200531,Negative
2025-08-26,508.27,,0.0,Neutral,-0.1895831227302551,Slightly Negative
2025-08-25,506.26,,0.0,Neutral,-0.2112257182598114,Negative
2025-08-24,505.9,,0.0,Neutral,0.0,Neutral
2025-08-21,511.59,,0.0,Neutral,0.0,Neutral
2025-08-20,513.28,,0.0,Neutral,0.0,Neutral
2025-08-19,516.8,,0.0,Neutral,0.0,Neutral
2025-08-18,517.23,,0.0,Neutral,0.0,Neutral
2025-08-17,515.83,2025-08-17,-0.0869648940861225,Slightly Negative,-0.0869648940861225,Slightly Negative
2025-08-14,523.31,,0.0,Neutral,-0.04348244704306125,Neutral
2025-08-13,519.77,,0.0,Neutral,-0.021741223521530625,Neutral
2025-08-12,520.12,,0.0,Neutral,0.0,Neutral
2025-08-11,526.85,,0.0,Neutral,0.0,Neutral
2025-08-07,529.59,,0.0,Neutral,0.0,Neutral
2025-08-06,529.75,,0.0,Neutral,0.0,Neutral
2025-08-05,531.38,,0.0,Neutral,0.0,Neutral
2025-08-04,539.83,,0.0,Neutral,0.0,Neutral
2025-08-03,538.36,,0.0,Neutral,0.0,Neutral
2025-07-31,537.2,,0.0,Neutral,0.0,Neutral
2025-07-30,544.93,,0.0,Neutral,0.0,Neutral
2025-07-29,554.55,,0.0,Neutral,0.0,Neutral
2025-07-28,555.69,,0.0,Neutral,0.0,Neutral
2025-07-27,559.11,,0.0,Neutral,0.0,Neutral
2025-07-24,572.71,,0.0,Neutral,0.0,Neutral
2025-07-23,554.3,,0.0,Neutral,0.0,Neutral
2025-07-22,558.08,,0.0,Neutral,0.0,Neutral
2025-07-21,546.26,,0.0,Neutral,0.0,Neutral
2025-07-20,544.03,,0.0,Neutral,0.0,Neutral
2025-07-17,547.62,2025-07-17,0.0606837570667266,Slightly Positive,0.0606837570667266,Slightly Positive
2025-07-16,533.45,,0.0,Neutral,0.0303418785333633,Neutral
2025-07-15,528.09,,0.0,Neutral,0.01517093926668165,Neutral
2025-07-14,520.0,2025-07-14,0.3165594339370727,Positive,0.3165594339370727,Positive
2025-07-13,521.61,,0.0,Neutral,0.15827971696853635,Slightly Positive
2025-07-10,524.22,,0.0,Neutral,0.07913985848426817,Slightly Positive
2025-07-09,526.85,2025-07-09,0.5959690809249878,Positive,0.5959690809249878,Positive
2025-07-08,528.37,,0.0,Neutral,0.2979845404624939,Positive
2025-07-07,528.08,,0.0,Neutral,0.14899227023124695,Slightly Positive
2025-07-06,534.56,,0.0,Neutral,0.0,Neutral
2025-07-03,536.72,,0.0,Neutral,0.0,Neutral
2025-07-02,543.91,,0.0,Neutral,0.0,Neutral
2025-07-01,548.94,,0.0,Neutral,0.0,Neutral
2025-06-30,544.22,,0.0,Neutral,0.0,Neutral
2025-06-29,546.67,2025-06-29,0.0124993920326232,Neutral,0.0124993920326232,Neutral
2025-06-26,541.78,,0.0,Neutral,0.0062496960163116,Neutral
2025-06-25,545.68,2025-06-25,-0.5497723817825317,Negative,-0.5466475337743759,Negative
2025-06-24,535.25,,0.0,Neutral,-0.27488619089126587,Negative
2025-06-23,542.91,,0.0,Neutral,-0.13744309544563293,Slightly Negative
2025-06-22,540.99,,0.0,Neutral,0.0,Neutral
2025-06-19,564.36,2025-06-19,0.9185822606086732,Strongly Positive,0.9185822606086732,Strongly Positive
2025-06-18,574.9,2025-06-18,0.134243756532669,Slightly Positive,0.5935348868370056,Positive
2025-06-17,574.13,,0.0,Neutral,0.2967674434185028,Positive
2025-06-16,574.95,,0.0,Neutral,0.03356093913316725,Neutral
2025-06-15,581.76,,0.0,Neutral,0.0,Neutral
2025-06-12,567.37,,0.0,Neutral,0.0,Neutral
2025-06-11,581.12,2025-06-11,-0.1211603879928588,Slightly Negative,-0.1211603879928588,Slightly Negative
2025-06-10,555.85,2025-06-10,-0.4339157342910766,Negative,-0.494495928287506,Negative
2025-06-09,551.66,2025-06-09,-0.3343536257743835,Negative,-0.5816015899181365,Negative
2025-06-08,525.75,,0.0,Neutral,-0.2756557464599609,Negative
2025-06-05,486.77,2025-06-05,-0.5912338495254517,Negative,-0.6748222559690475,Strongly Negative
2025-06-04,483.25,,0.0,Neutral,-0.29561692476272583,Negative
2025-06-03,488.37,2025-06-03,-0.2338424623012542,Negative,-0.3816509246826171,Negative
2025-06-02,488.51,2025-06-02,-0.5659517645835876,Negative,-0.6828729957342148,Strongly Negative
2025-05-28,495.14,,0.0,Neutral,-0.3414364978671074,Negative
2025-05-27,487.12,,0.0,Neutral,-0.1414879411458969,Slightly Negative
2025-05-26,487.26,2025-05-26,-0.7628889083862305,Strongly Negative,-0.7628889083862305,Strongly Negative
2025-05-25,488.64,,0.0,Neutral,-0.38144445419311523,Negative
2025-05-22,486.11,2025-05-22,-0.7128505706787109,Strongly Negative,-0.9035727977752686,Strongly Negative
2025-05-21,490.0,,0.0,Neutral,-0.35642528533935547,Negative
2025-05-20,494.81,2025-05-20,-0.6116074919700623,Strongly Negative,-0.78982013463974,Strongly Negative
2025-05-19,482.12,,0.0,Neutral,-0.30580374598503113,Negative
2025-05-18,479.23,,0.0,Neutral,-0.15290187299251556,Slightly Negative
2025-05-15,482.65,,0.0,Neutral,0.0,Neutral
2025-05-14,482.02,2025-05-14,-0.120438814163208,Slightly Negative,-0.120438814163208,Slightly Negative
2025-05-13,490.31,,0.0,Neutral,-0.060219407081604,Slightly Negative
2025-05-11,498.37,,0.0,Neutral,-0.030109703540802,Neutral
2025-05-08,514.79,,0.0,Neutral,0.0,Neutral
2025-05-07,522.04,,0.0,Neutral,0.0,Neutral
2025-05-06,493.61,,0.0,Neutral,0.0,Neutral
2025-05-05,486.7,,0.0,Neutral,0.0,Neutral
2025-05-04,492.91,,0.0,Neutral,0.0,Neutral
2025-04-30,486.06,,0.0,Neutral,0.0,Neutral
2025-04-29,478.52,,0.0,Neutral,0.0,Neutral
2025-04-28,482.39,,0.0,Neutral,0.0,Neutral
2025-04-27,489.72,,0.0,Neutral,0.0,Neutral
2025-04-24,477.07,,0.0,Neutral,0.0,Neutral
2025-04-23,475.11,,0.0,Neutral,0.0,Neutral
2025-04-22,487.77,2025-04-22,0.0065177381038665,Neutral,0.0065177381038665,Neutral
2025-04-21,496.72,2025-04-21,-0.1222520172595977,Slightly Negative,-0.11899314820766445,Slightly Negative
2025-04-20,495.02,2025-04-20,-0.9325382113456726,Strongly Negative,-0.9920347854495049,Strongly Negative
2025-04-17,489.25,,0.0,Neutral,-0.49683210998773575,Negative
2025-04-16,483.45,2025-04-16,-0.1533498167991638,Slightly Negative,-0.38648436963558197,Negative
2025-04-15,484.11,,0.0,Neutral,-0.0766749083995819,Slightly Negative
2025-04-13,475.08,2025-04-13,0.0838408172130584,Slightly Positive,0.045503363013267455,Neutral
2025-04-10,473.93,2025-04-10,0.1280533671379089,Slightly Positive,0.16997377574443812,Slightly Positive
2025-04-09,475.25,,0.0,Neutral,0.08498688787221906,Slightly Positive
2025-04-08,473.33,,0.0,Neutral,0.03201334178447723,Neutral
2025-04-07,477.23,,0.0,Neutral,0.0,Neutral
2025-04-03,481.48,,0.0,Neutral,0.0,Neutral
2025-04-02,481.34,,0.0,Neutral,0.0,Neutral
2025-04-01,483.04,,0.0,Neutral,0.0,Neutral
2025-03-30,490.31,2025-03-30,-0.4880945086479187,Negative,-0.4880945086479187,Negative
2025-03-27,488.59,,0.0,Neutral,-0.24404725432395935,Negative
2025-03-26,478.53,2025-03-26,-0.6513763070106506,Strongly Negative,-0.7733999341726303,Strongly Negative
2025-03-25,476.91,2025-03-25,0.2815593183040619,Positive,-0.04412883520126343,Neutral
2025-03-24,489.75,,0.0,Neutral,-0.022064417600631714,Neutral
2025-03-23,483.35,2025-03-23,-0.6444237232208252,Strongly Negative,-0.5740338936448097,Negative
2025-03-20,491.23,2025-03-20,-0.406167596578598,Negative,-0.7283794581890106,Strongly Negative
2025-03-19,498.8,,0.0,Neutral,-0.3641897290945053,Negative
2025-03-18,502.3,,0.0,Neutral,-0.1015418991446495,Slightly Negative
2025-03-17,503.9,2025-03-17,-0.0320629775524139,Neutral,-0.0320629775524139,Neutral
2025-03-16,505.1,,0.0,Neutral,-0.01603148877620695,Neutral
2025-03-12,510.0,,0.0,Neutral,-0.008015744388103475,Neutral
2025-03-11,513.0,,0.0,Neutral,0.0,Neutral
2025-03-10,516.3,2025-03-10,-0.7477757930755615,Strongly Negative,-0.7477757930755615,Strongly Negative
2025-03-09,525.0,,0.0,Neutral,-0.37388789653778076,Negative
2025-03-06,529.6,,0.0,Neutral,-0.18694394826889038,Slightly Negative
2025-03-05,522.8,,0.0,Neutral,0.0,Neutral
2025-03-04,533.0,,0.0,Neutral,0.0,Neutral
2025-03-03,539.0,,0.0,Neutral,0.0,Neutral
2025-03-02,550.7,,0.0,Neutral,0.0,Neutral
2025-02-27,540.0,,0.0,Neutral,0.0,Neutral
2025-02-25,524.8,,0.0,Neutral,0.0,Neutral
2025-02-24,524.0,2025-02-24,-0.3941380977630615,Negative,-0.3941380977630615,Negative
2025-02-23,516.9,,0.0,Neutral,-0.19706904888153076,Slightly Negative
2025-02-20,518.0,,0.0,Neutral,-0.09853452444076538,Slightly Negative
2025-02-18,522.0,,0.0,Neutral,0.0,Neutral
2025-02-17,526.0,,0.0,Neutral,0.0,Neutral
2025-02-16,533.0,,0.0,Neutral,0.0,Neutral
2025-02-13,534.0,2025-02-13,-0.6699524521827698,Strongly Negative,-0.6699524521827698,Strongly Negative
2025-02-12,529.0,2025-02-12,0.2080480456352233,Positive,-0.12692818045616158,Slightly Negative
2025-02-11,525.0,,0.0,Neutral,-0.06346409022808079,Slightly Negative
2025-02-10,524.9,,0.0,Neutral,0.052012011408805826,Slightly Positive
2025-02-09,524.1,,0.0,Neutral,0.0,Neutral
2025-02-06,535.0,,0.0,Neutral,0.0,Neutral
2025-02-05,520.4,,0.0,Neutral,0.0,Neutral
2025-02-04,524.0,,0.0,Neutral,0.0,Neutral
2025-02-03,526.5,,0.0,Neutral,0.0,Neutral
2025-02-02,518.0,,0.0,Neutral,0.0,Neutral
2025-01-28,505.0,,0.0,Neutral,0.0,Neutral
2025-01-27,508.4,,0.0,Neutral,0.0,Neutral
2025-01-26,510.9,,0.0,Neutral,0.0,Neutral
2025-01-23,519.0,2025-01-23,-0.2442322820425033,Negative,-0.2442322820425033,Negative
2025-01-22,514.9,,0.0,Neutral,-0.12211614102125165,Slightly Negative
2025-01-21,500.0,,0.0,Neutral,-0.061058070510625825,Slightly Negative
2025-01-20,501.0,2025-01-20,-0.0088043892756104,Neutral,-0.0088043892756104,Neutral
2025-01-19,500.1,,0.0,Neutral,-0.0044021946378052,Neutral
2025-01-16,498.6,,0.0,Neutral,-0.0022010973189026,Neutral
2025-01-15,500.4,,0.0,Neutral,0.0,Neutral
2025-01-13,501.4,,0.0,Neutral,0.0,Neutral
2025-01-12,504.0,,0.0,Neutral,0.0,Neutral
2025-01-09,510.5,,0.0,Neutral,0.0,Neutral
2025-01-08,511.0,,0.0,Neutral,0.0,Neutral
2025-01-07,512.0,,0.0,Neutral,0.0,Neutral
2025-01-06,515.3,,0.0,Neutral,0.0,Neutral
2025-01-05,509.0,,0.0,Neutral,0.0,Neutral
2025-01-02,510.3,2025-01-02,0.9056085348129272,Strongly Positive,0.9056085348129272,Strongly Positive
2025-01-01,508.5,,0.0,Neutral,0.4528042674064636,Positive
2024-12-31,504.8,,0.0,Neutral,0.2264021337032318,Positive
2024-12-29,570.0,,0.0,Neutral,0.0,Neutral
2024-12-26,570.0,,0.0,Neutral,0.0,Neutral
2024-12-24,569.0,,0.0,Neutral,0.0,Neutral
2024-12-23,564.0,,0.0,Neutral,0.0,Neutral
2024-12-22,563.9,,0.0,Neutral,0.0,Neutral
2024-12-19,563.9,,0.0,Neutral,0.0,Neutral
2024-12-18,566.0,,0.0,Neutral,0.0,Neutral
2024-12-17,563.5,,0.0,Neutral,0.0,Neutral
2024-12-16,557.0,2024-12-16,-0.1873531192541122,Slightly Negative,-0.1873531192541122,Slightly Negative
2024-12-12,560.0,2024-12-12,-0.7372568249702454,Strongly Negative,-0.8309333845973015,Strongly Negative
2024-12-11,570.0,,0.0,Neutral,-0.41546669229865074,Negative
2024-12-10,560.5,2024-12-10,0.0605501011013984,Slightly Positive,-0.12376410514116294,Slightly Negative
2024-12-09,565.0,2024-12-09,0.0543120503425598,Slightly Positive,0.08458710089325899,Slightly Positive
2024-12-08,565.2,,0.0,Neutral,0.042293550446629496,Neutral
2024-12-05,572.6,2024-12-05,-0.8622756004333496,Strongly Negative,-0.8486975878477097,Strongly Negative
2024-12-04,583.9,,0.0,Neutral,-0.4311378002166748,Negative
2024-12-03,581.0,,0.0,Neutral,-0.2155689001083374,Negative
2024-12-02,582.5,,0.0,Neutral,0.0,Neutral
2024-12-01,580.5,,0.0,Neutral,0.0,Neutral
2024-11-28,592.9,,0.0,Neutral,0.0,Neutral
2024-11-27,594.0,,0.0,Neutral,0.0,Neutral
2024-11-26,588.0,,0.0,Neutral,0.0,Neutral
2024-11-25,592.0,,0.0,Neutral,0.0,Neutral
2024-11-24,592.0,,0.0,Neutral,0.0,Neutral
2024-11-21,579.0,2024-11-21,0.3522944152355194,Positive,0.3522944152355194,Positive
2024-11-20,580.0,,0.0,Neutral,0.1761472076177597,Slightly Positive
2024-11-19,580.0,,0.0,Neutral,0.08807360380887985,Slightly Positive
2024-11-17,595.0,,0.0,Neutral,0.0,Neutral
2024-11-14,593.0,,0.0,Neutral,0.0,Neutral
2024-11-13,585.0,,0.0,Neutral,0.0,Neutral
2024-11-12,592.2,,0.0,Neutral,0.0,Neutral
2024-11-11,600.0,2024-11-11,0.9224844574928284,Strongly Positive,0.9224844574928284,Strongly Positive
2024-11-10,602.0,2024-11-10,0.0913766026496887,Slightly Positive,0.5526188313961029,Positive
2024-11-06,589.8,2024-11-06,0.6941941380500793,Strongly Positive,0.9705035537481308,Strongly Positive
2024-11-05,591.7,,0.0,Neutral,0.36994121968746185,Positive
2024-10-30,585.0,,0.0,Neutral,0.17354853451251984,Slightly Positive
2024-10-29,583.0,2024-10-29,-0.4482151567935943,Negative,-0.4482151567935943,Negative
2024-10-28,572.0,,0.0,Neutral,-0.22410757839679715,Negative
2024-10-27,563.3,,0.0,Neutral,-0.11205378919839858,Slightly Negative
2024-10-24,563.0,,0.0,Neutral,0.0,Neutral
2024-10-23,568.9,2024-10-23,-0.5182260870933533,Negative,-0.5182260870933533,Negative
2024-10-22,577.0,,0.0,Neutral,-0.25911304354667664,Negative
2024-10-21,572.0,,0.0,Neutral,-0.12955652177333832,Slightly Negative
2024-10-20,579.0,2024-10-20,-0.0460387840867042,Neutral,-0.0460387840867042,Neutral
2024-10-17,595.0,2024-10-17,-0.5775560140609741,Negative,-0.6005754061043262,Strongly Negative
2024-10-16,598.7,2024-10-16,0.3032940030097961,Positive,0.003006299957632977,Neutral
2024-10-15,584.0,,0.0,Neutral,0.007257997989654513,Neutral
2024-10-09,587.0,2024-10-09,0.9219281077384948,Strongly Positive,0.9977516084909438,Strongly Positive
2024-10-08,579.0,,0.0,Neutral,0.4609640538692474,Positive
2024-10-07,583.7,2024-10-07,0.9075050950050354,Strongly Positive,1.1379871219396591,Strongly Positive
2024-10-06,577.0,,0.0,Neutral,0.4537525475025177,Positive
2024-10-02,564.2,,0.0,Neutral,0.22687627375125885,Positive
2024-10-01,574.0,2024-10-01,0.9054638147354126,Strongly Positive,0.9054638147354126,Strongly Positive
2024-09-30,550.0,,0.0,Neutral,0.4527319073677063,Positive
2024-09-29,544.0,,0.0,Neutral,0.22636595368385315,Positive
2024-09-26,544.0,,0.0,Neutral,0.0,Neutral
2024-09-25,551.6,,0.0,Neutral,0.0,Neutral
2024-09-24,538.0,2024-09-24,0.9053268432617188,Strongly Positive,0.9053268432617188,Strongly Positive
2024-09-23,543.0,,0.0,Neutral,0.4526634216308594,Positive
2024-09-22,552.8,,0.0,Neutral,0.2263317108154297,Positive
2024-09-18,539.1,2024-09-18,0.0292224586009979,Neutral,0.0292224586009979,Neutral
2024-09-16,540.0,2024-09-16,0.0701217502355575,Slightly Positive,0.08473297953605645,Slightly Positive
2024-09-15,554.0,,0.0,Neutral,0.042366489768028225,Neutral
2024-09-12,565.0,2024-09-12,0.7334011197090149,Strongly Positive,0.7509315572679043,Strongly Positive
2024-09-11,552.3,,0.0,Neutral,0.36670055985450745,Positive
2024-09-10,546.0,,0.0,Neutral,0.18335027992725372,Slightly Positive
2024-09-09,545.1,,0.0,Neutral,0.0,Neutral
2024-09-08,560.5,2024-09-08,0.0105989575386047,Neutral,0.0105989575386047,Neutral
2024-09-05,568.1,,0.0,Neutral,0.00529947876930235,Neutral
2024-09-04,572.5,,0.0,Neutral,0.002649739384651175,Neutral
2024-09-03,595.0,2024-09-03,-0.2997061610221863,Negative,-0.2997061610221863,Negative
2024-09-02,597.0,,0.0,Neutral,-0.14985308051109314,Slightly Negative
2024-09-01,572.0,,0.0,Neutral,-0.07492654025554657,Slightly Negative
2024-08-29,578.0,,0.0,Neutral,0.0,Neutral
2024-08-28,588.1,,0.0,Neutral,0.0,Neutral
2024-08-27,600.0,,0.0,Neutral,0.0,Neutral
2024-08-25,620.9,,0.0,Neutral,0.0,Neutral
2024-08-22,635.1,,0.0,Neutral,0.0,Neutral
2024-08-21,639.0,,0.0,Neutral,0.0,Neutral
2024-08-18,639.0,,0.0,Neutral,0.0,Neutral
2024-08-15,662.7,,0.0,Neutral,0.0,Neutral
2024-08-14,673.0,,0.0,Neutral,0.0,Neutral
2024-08-13,662.0,,0.0,Neutral,0.0,Neutral
2024-08-12,677.0,,0.0,Neutral,0.0,Neutral
2024-08-11,678.6,2024-08-11,-0.6217007637023926,Strongly Negative,-0.6217007637023926,Strongly Negative
2024-08-08,673.0,,0.0,Neutral,-0.3108503818511963,Negative
2024-08-07,652.0,,0.0,Neutral,-0.15542519092559814,Slightly Negative
2024-08-06,594.0,2024-08-06,0.06113051623106,Slightly Positive,0.06113051623106,Slightly Positive
2024-08-05,627.0,2024-08-05,-0.0004892461001873,Neutral,0.0300760120153427,Neutral
2024-08-01,625.0,,0.0,Neutral,0.01503800600767135,Neutral
2024-07-31,637.0,,0.0,Neutral,-0.000122311525046825,Neutral
2024-07-30,624.0,,0.0,Neutral,0.0,Neutral
2024-07-29,595.4,,0.0,Neutral,0.0,Neutral
2024-07-28,580.0,,0.0,Neutral,0.0,Neutral
2024-07-25,559.0,,0.0,Neutral,0.0,Neutral
2024-07-24,547.0,,0.0,Neutral,0.0,Neutral
2024-07-23,556.0,,0.0,Neutral,0.0,Neutral
2024-07-22,544.9,,0.0,Neutral,0.0,Neutral
2024-07-21,544.0,2024-07-21,0.2961920797824859,Positive,0.2961920797824859,Positive
2024-07-18,543.0,,0.0,Neutral,0.14809603989124295,Slightly Positive
2024-07-17,535.0,,0.0,Neutral,0.07404801994562148,Slightly Positive
2024-07-16,498.0,,0.0,Neutral,0.0,Neutral
2024-07-15,465.0,2024-07-15,0.0531130880117416,Slightly Positive,0.0531130880117416,Slightly Positive
2024-07-14,457.9,2024-07-14,0.4453930258750915,Positive,0.4719495698809623,Positive
2024-07-11,444.0,,0.0,Neutral,0.23597478494048116,Positive
2024-07-10,444.0,2024-07-10,-0.0372032523155212,Neutral,0.07414500415325168,Slightly Positive
2024-07-09,442.0,,0.0,Neutral,-0.0186016261577606,Neutral
2024-07-08,438.0,,0.0,Neutral,-0.0093008130788803,Neutral
2024-07-07,441.3,2024-07-07,-0.6083687543869019,Strongly Negative,-0.6083687543869019,Strongly Negative
2024-07-04,440.0,2024-07-04,-0.7496742010116577,Strongly Negative,-1.0538585782051086,Strongly Negative
2024-07-03,437.9,,0.0,Neutral,-0.5269292891025543,Negative
2024-07-02,439.0,,0.0,Neutral,-0.18741855025291443,Slightly Negative
2024-07-01,431.0,,0.0,Neutral,0.0,Neutral
2024-06-30,431.1,2024-06-30,-0.5555654168128967,Negative,-0.5555654168128967,Negative
2024-06-27,433.0,,0.0,Neutral,-0.27778270840644836,Negative
2024-06-26,435.0,,0.0,Neutral,-0.13889135420322418,Slightly Negative
2024-06-25,441.0,,0.0,Neutral,0.0,Neutral
2024-06-24,435.0,,0.0,Neutral,0.0,Neutral
2024-06-23,436.0,,0.0,Neutral,0.0,Neutral
2024-06-20,433.5,2024-06-20,-0.7754740715026855,Strongly Negative,-0.7754740715026855,Strongly Negative
2024-06-19,435.1,2024-06-19,0.928455650806427,Strongly Positive,0.5407186150550842,Positive
2024-06-18,436.0,,0.0,Neutral,0.2703593075275421,Positive
2024-06-16,440.0,,0.0,Neutral,0.23211391270160675,Positive
2024-06-13,441.0,,0.0,Neutral,0.0,Neutral
2024-06-12,440.0,2024-06-12,-0.3344677183777093,Negative,-0.3344677183777093,Negative
2024-06-11,441.0,2024-06-11,-0.703773021697998,Strongly Negative,-0.8710068808868527,Strongly Negative
2024-06-10,434.5,2024-06-10,0.0591075792908668,Slightly Positive,-0.3763958611525595,Negative
2024-06-09,434.9,,0.0,Neutral,-0.1463894657790661,Slightly Negative
2024-06-06,432.5,,0.0,Neutral,0.0147768948227167,Neutral
2024-06-05,434.0,,0.0,Neutral,0.0,Neutral
2024-06-04,437.2,,0.0,Neutral,0.0,Neutral
2024-06-03,444.0,,0.0,Neutral,0.0,Neutral
2024-06-02,446.0,,0.0,Neutral,0.0,Neutral
2024-05-30,444.0,,0.0,Neutral,0.0,Neutral
2024-05-29,448.1,,0.0,Neutral,0.0,Neutral
2024-05-27,453.0,2024-05-27,-0.6427181959152222,Strongly Negative,-0.6427181959152222,Strongly Negative
2024-05-26,449.0,2024-05-26,-0.5461372137069702,Negative,-0.8674963116645813,Strongly Negative
2024-05-22,453.9,,0.0,Neutral,-0.43374815583229065,Negative
2024-05-21,451.0,2024-05-21,0.9287891387939452,Strongly Positive,0.7922548353672026,Strongly Positive
2024-05-20,448.1,2024-05-20,-0.7473208904266357,Strongly Negative,-0.28292632102966314,Negative
2024-05-19,448.9,,0.0,Neutral,-0.14146316051483157,Slightly Negative
2024-05-16,437.0,,0.0,Neutral,-0.18683022260665894,Slightly Negative
2024-05-15,434.3,,0.0,Neutral,0.0,Neutral
2024-05-14,440.0,,0.0,Neutral,0.0,Neutral
2024-05-13,431.2,2024-05-13,-0.0147014185786247,Neutral,-0.0147014185786247,Neutral
2024-05-12,432.0,,0.0,Neutral,-0.00735070928931235,Neutral
2024-05-09,435.0,,0.0,Neutral,-0.003675354644656175,Neutral
2024-05-08,430.0,,0.0,Neutral,0.0,Neutral
2024-05-07,428.5,,0.0,Neutral,0.0,Neutral
2024-05-06,429.0,,0.0,Neutral,0.0,Neutral
2024-05-05,430.1,,0.0,Neutral,0.0,Neutral
2024-05-02,435.0,,0.0,Neutral,0.0,Neutral
2024-04-30,442.0,,0.0,Neutral,0.0,Neutral
2024-04-29,437.0,2024-04-29,-0.2238787710666656,Negative,-0.2238787710666656,Negative
2024-04-28,435.3,,0.0,Neutral,-0.1119393855333328,Slightly Negative
2024-04-25,440.0,,0.0,Neutral,-0.0559696927666664,Slightly Negative
2024-04-24,438.8,,0.0,Neutral,0.0,Neutral
2024-04-22,438.0,2024-04-22,-0.397852748632431,Negative,-0.397852748632431,Negative
2024-04-21,440.0,2024-04-21,-0.6756387948989868,Strongly Negative,-0.8745651692152023,Strongly Negative
2024-04-18,445.0,,0.0,Neutral,-0.43728258460760117,Negative
2024-04-16,442.0,2024-04-16,0.4685211181640625,Positive,0.2996114194393158,Positive
2024-04-15,450.3,2024-04-15,-0.5954660177230835,Negative,-0.36120545864105225,Negative
2024-04-14,454.5,2024-04-14,-0.4558782577514648,Negative,-0.636480987071991,Strongly Negative
2024-04-10,454.0,2024-04-10,-0.0239664651453495,Neutral,-0.40077209845185274,Negative
2024-04-09,456.0,,0.0,Neutral,-0.12595279701054093,Slightly Negative
2024-04-07,453.0,2024-04-07,-0.6892299056053162,Strongly Negative,-0.6952215218916535,Strongly Negative
2024-04-04,449.1,2024-04-04,-0.323227971792221,Negative,-0.6678429245948792,Strongly Negative
2024-04-03,450.2,,0.0,Neutral,-0.3339214622974396,Negative
2024-04-02,452.7,2024-04-02,-0.4733312129974365,Negative,-0.5541382059454918,Negative
2024-04-01,457.5,,0.0,Neutral,-0.23666560649871826,Negative
2024-03-31,458.0,,0.0,Neutral,-0.11833280324935913,Slightly Negative
2024-03-28,462.0,,0.0,Neutral,0.0,Neutral
2024-03-27,458.6,,0.0,Neutral,0.0,Neutral
2024-03-26,460.0,2024-03-26,-0.2324217855930328,Negative,-0.2324217855930328,Negative
2024-03-25,460.2,,0.0,Neutral,-0.1162108927965164,Slightly Negative
2024-03-21,466.0,2024-03-21,-0.3527610003948211,Negative,-0.4108664467930793,Negative
2024-03-20,467.0,,0.0,Neutral,-0.17638050019741056,Slightly Negative
2024-03-19,467.0,,0.0,Neutral,-0.08819025009870528,Slightly Negative
2024-03-18,469.0,,0.0,Neutral,0.0,Neutral
2024-03-17,469.9,,0.0,Neutral,0.0,Neutral
2024-03-14,475.0,2024-03-14,-0.0184712968766689,Neutral,-0.0184712968766689,Neutral
2024-03-13,475.0,2024-03-13,-0.5365344434976578,Negative,-0.5457700919359922,Negative
2024-03-12,481.0,,0.0,Neutral,-0.2728850459679961,Negative
2024-03-10,475.0,,0.0,Neutral,-0.13413361087441444,Slightly Negative
2024-03-07,471.0,,0.0,Neutral,0.0,Neutral
2024-03-06,469.0,,0.0,Neutral,0.0,Neutral
2024-03-05,465.0,,0.0,Neutral,0.0,Neutral
2024-03-04,491.6,,0.0,Neutral,0.0,Neutral
2024-03-03,455.6,2024-03-03,0.659336507320404,Strongly Positive,0.659336507320404,Strongly Positive
2024-02-29,458.0,2024-02-29,0.5973718166351318,Positive,0.9270400702953339,Strongly Positive
2024-02-28,462.0,,0.0,Neutral,0.46352003514766693,Positive
2024-02-27,463.0,,0.0,Neutral,0.14934295415878296,Slightly Positive
2024-02-26,461.0,2024-02-26,-0.6391295790672302,Strongly Negative,-0.6391295790672302,Strongly Negative
2024-02-25,462.0,2024-02-25,-0.7076578140258789,Strongly Negative,-1.027222603559494,Strongly Negative
2024-02-22,470.0,,0.0,Neutral,-0.513611301779747,Negative
2024-02-21,469.0,,0.0,Neutral,-0.17691445350646973,Slightly Negative
2024-02-20,471.0,,0.0,Neutral,0.0,Neutral
2024-02-18,474.0,,0.0,Neutral,0.0,Neutral
2024-02-15,480.8,,0.0,Neutral,0.0,Neutral
2024-02-14,485.5,,0.0,Neutral,0.0,Neutral
2024-02-13,487.9,,0.0,Neutral,0.0,Neutral
2024-02-12,494.5,2024-02-12,0.0213358532637357,Neutral,0.0213358532637357,Neutral
2024-02-11,494.9,,0.0,Neutral,0.01066792663186785,Neutral
2024-02-08,494.0,,0.0,Neutral,0.005333963315933925,Neutral
2024-02-07,493.0,2024-02-07,0.9190106987953186,Strongly Positive,0.9190106987953186,Strongly Positive
2024-02-06,490.0,,0.0,Neutral,0.4595053493976593,Positive
2024-02-05,488.5,,0.0,Neutral,0.22975267469882965,Positive
2024-02-04,487.1,,0.0,Neutral,0.0,Neutral
2024-02-01,491.0,2024-02-01,0.9017196297645568,Strongly Positive,0.9017196297645568,Strongly Positive
2024-01-31,493.6,,0.0,Neutral,0.4508598148822784,Positive
2024-01-30,498.0,,0.0,Neutral,0.2254299074411392,Positive
2024-01-29,493.9,,0.0,Neutral,0.0,Neutral
2024-01-28,494.0,2024-01-28,-0.5602532029151917,Negative,-0.5602532029151917,Negative
2024-01-25,491.0,2024-01-25,0.9305034875869752,Strongly Positive,0.6503768861293794,Strongly Positive
2024-01-24,496.9,,0.0,Neutral,0.3251884430646897,Positive
2024-01-23,498.0,,0.0,Neutral,0.2326258718967438,Positive
2024-01-22,503.0,2024-01-22,0.0955185890197753,Slightly Positive,0.0955185890197753,Slightly Positive
2024-01-21,512.0,2024-01-21,-0.0024153357371688,Neutral,0.045343958772718844,Neutral
2024-01-18,508.5,2024-01-18,0.7747501134872437,Strongly Positive,0.7974220928736031,Strongly Positive
2024-01-17,513.8,,0.0,Neutral,0.38677122280932963,Positive
2024-01-16,525.0,2024-01-16,-0.0303513295948505,Neutral,0.16333619877696043,Slightly Positive
2024-01-14,519.0,2024-01-14,-0.0015759468078613,Neutral,-0.01675161160528655,Neutral
2024-01-11,499.0,,0.0,Neutral,-0.008375805802643275,Neutral
2024-01-10,504.0,,0.0,Neutral,-0.000393986701965325,Neutral
2024-01-09,506.0,,0.0,Neutral,0.0,Neutral
2024-01-08,502.0,2024-01-08,0.3354699239134788,Positive,0.3354699239134788,Positive
2024-01-07,500.0,,0.0,Neutral,0.1677349619567394,Slightly Positive
2024-01-04,499.0,,0.0,Neutral,0.0838674809783697,Slightly Positive
2024-01-03,484.0,,0.0,Neutral,0.0,Neutral
2024-01-02,483.3,,0.0,Neutral,0.0,Neutral
2024-01-01,486.0,,0.0,Neutral,0.0,Neutral
2023-12-28,499.6,,0.0,Neutral,0.0,Neutral
2023-12-27,503.0,,0.0,Neutral,0.0,Neutral
2023-12-24,513.0,,0.0,Neutral,0.0,Neutral
2023-12-21,571.8,,0.0,Neutral,0.0,Neutral
2023-12-20,567.0,,0.0,Neutral,0.0,Neutral
2023-12-19,558.0,2023-12-19,-0.0495426394045352,Neutral,-0.0495426394045352,Neutral
2023-12-18,560.0,,0.0,Neutral,-0.0247713197022676,Neutral
2023-12-17,562.3,2023-12-17,0.1858166120946406,Slightly Positive,0.1734309522435068,Slightly Positive
2023-12-14,535.0,2023-12-14,-0.3237503468990326,Negative,-0.23084204085171228,Negative
2023-12-13,531.9,,0.0,Neutral,-0.11542102042585614,Slightly Negative
2023-12-12,536.0,,0.0,Neutral,-0.08093758672475815,Slightly Negative
2023-12-11,515.0,2023-12-11,0.8129301071166992,Strongly Positive,0.8129301071166992,Strongly Positive
2023-12-10,526.0,2023-12-10,0.3414733707904815,Positive,0.7479384243488312,Strongly Positive
2023-12-07,479.0,2023-12-07,0.7270581126213074,Strongly Positive,1.101027324795723,Strongly Positive
2023-12-06,472.3,,0.0,Neutral,0.4488973990082741,Positive
2023-12-05,480.0,,0.0,Neutral,0.18176452815532684,Slightly Positive
2023-12-04,473.2,2023-12-04,0.9314891695976256,Strongly Positive,0.9314891695976256,Strongly Positive
2023-12-03,477.0,,0.0,Neutral,0.4657445847988128,Positive
2023-11-30,478.1,,0.0,Neutral,0.2328722923994064,Positive
2023-11-29,476.5,2023-11-29,0.5706247091293335,Positive,0.5706247091293335,Positive
2023-11-28,481.0,2023-11-28,0.2470296770334244,Positive,0.5323420315980911,Positive
2023-11-27,480.3,,0.0,Neutral,0.26617101579904556,Positive
2023-11-26,489.9,,0.0,Neutral,0.0617574192583561,Slightly Positive
2023-11-23,476.4,,0.0,Neutral,0.0,Neutral
2023-11-22,470.2,,0.0,Neutral,0.0,Neutral
2023-11-21,469.8,,0.0,Neutral,0.0,Neutral
2023-11-20,470.0,2023-11-20,-0.0071662440896034,Neutral,-0.0071662440896034,Neutral
2023-11-09,466.0,,0.0,Neutral,-0.0035831220448017,Neutral
2023-11-08,465.0,,0.0,Neutral,-0.00179156102240085,Neutral
2023-11-07,465.0,,0.0,Neutral,0.0,Neutral
2023-11-06,464.0,,0.0,Neutral,0.0,Neutral
2023-11-05,457.0,2023-11-05,0.7400195002555847,Strongly Positive,0.7400195002555847,Strongly Positive
2023-11-02,464.0,,0.0,Neutral,0.37000975012779236,Positive
2023-11-01,465.2,2023-11-01,0.0985844135284423,Slightly Positive,0.28358928859233845,Positive
2023-10-31,469.0,,0.0,Neutral,0.04929220676422115,Neutral
2023-10-30,468.0,,0.0,Neutral,0.024646103382110575,Neutral
2023-10-29,472.0,,0.0,Neutral,0.0,Neutral
2023-10-19,481.0,2023-10-19,0.8292142748832703,Strongly Positive,0.8292142748832703,Strongly Positive
2023-10-18,484.7,2023-10-18,0.2993601306031147,Positive,0.7139672680447499,Strongly Positive
2023-10-17,472.0,2023-10-17,0.3895330764353275,Positive,0.7465167104577024,Strongly Positive
2023-10-16,469.0,2023-10-16,0.8377037644386292,Strongly Positive,1.1073103353070717,Strongly Positive
2023-10-12,468.0,,0.0,Neutral,0.5162351513281465,Positive
2023-10-11,467.5,,0.0,Neutral,0.2094259411096573,Positive
2023-10-10,466.0,,0.0,Neutral,0.0,Neutral
2023-10-09,472.0,2023-10-09,0.9241541624069214,Strongly Positive,0.9241541624069214,Strongly Positive
2023-10-08,473.3,2023-10-08,0.9193177223205566,Strongly Positive,1.3813948035240173,Strongly Positive
2023-10-05,487.9,,0.0,Neutral,0.6906974017620087,Strongly Positive
2023-10-04,487.0,2023-10-04,0.141101211309433,Slightly Positive,0.37093064188957214,Positive
2023-10-03,490.0,,0.0,Neutral,0.0705506056547165,Slightly Positive
2023-10-02,496.5,2023-10-02,0.8697748184204102,Strongly Positive,0.9050501212477684,Strongly Positive
2023-10-01,495.1,2023-10-01,0.9149264097213744,Strongly Positive,1.3498138189315796,Strongly Positive
2023-09-27,503.0,,0.0,Neutral,0.6749069094657898,Strongly Positive
2023-09-26,507.0,2023-09-26,0.1121289655566215,Slightly Positive,0.34086056798696507,Positive
2023-09-25,492.0,2023-09-25,0.9218896627426147,Strongly Positive,0.9779541455209255,Strongly Positive
2023-09-24,495.0,2023-09-24,0.8438069820404053,Strongly Positive,1.332784054800868,Strongly Positive
2023-09-21,499.9,,0.0,Neutral,0.6523759067058563,Strongly Positive
2023-09-19,485.5,,0.0,Neutral,0.21095174551010132,Positive
2023-09-18,480.0,2023-09-18,0.8191651403903961,Strongly Positive,0.8191651403903961,Strongly Positive
2023-09-17,480.1,2023-09-17,0.2316693365573883,Positive,0.6412519067525864,Strongly Positive
2023-09-13,489.9,,0.0,Neutral,0.3206259533762932,Positive
2023-09-12,480.0,,0.0,Neutral,0.057917334139347076,Slightly Positive
2023-09-11,483.0,2023-09-11,-0.1270755678415298,Slightly Negative,-0.1270755678415298,Slightly Negative
2023-09-10,472.0,,0.0,Neutral,-0.0635377839207649,Slightly Negative
2023-09-07,469.4,,0.0,Neutral,-0.03176889196038245,Neutral
2023-09-05,476.0,,0.0,Neutral,0.0,Neutral
2023-09-04,479.0,,0.0,Neutral,0.0,Neutral
2023-09-03,474.0,,0.0,Neutral,0.0,Neutral
2023-08-30,481.9,,0.0,Neutral,0.0,Neutral
2023-08-29,480.0,,0.0,Neutral,0.0,Neutral
2023-08-28,481.4,,0.0,Neutral,0.0,Neutral
2023-08-27,481.0,,0.0,Neutral,0.0,Neutral
2023-08-24,492.0,,0.0,Neutral,0.0,Neutral
2023-08-23,497.4,,0.0,Neutral,0.0,Neutral
2023-08-22,486.0,,0.0,Neutral,0.0,Neutral
2023-08-21,479.2,,0.0,Neutral,0.0,Neutral
2023-08-20,487.8,2023-08-20,0.4706372022628784,Positive,0.4706372022628784,Positive
2023-08-17,499.5,,0.0,Neutral,0.2353186011314392,Positive
2023-08-16,493.0,,0.0,Neutral,0.1176593005657196,Slightly Positive
2023-08-15,495.9,2023-08-15,0.0367373526096344,Neutral,0.0367373526096344,Neutral
2023-08-14,507.0,,0.0,Neutral,0.0183686763048172,Neutral
2023-08-13,523.0,2023-08-13,0.3550106883049011,Positive,0.3641950264573097,Positive
2023-08-10,515.0,2023-08-10,0.6593401432037354,Strongly Positive,0.8368454873561859,Strongly Positive
2023-08-09,510.0,,0.0,Neutral,0.41842274367809296,Positive
2023-08-08,488.2,2023-08-08,0.0437265634536743,Neutral,0.20856159925460815,Positive
2023-08-07,495.2,2023-08-07,0.7810200452804565,Strongly Positive,0.8028833270072937,Strongly Positive
2023-08-06,493.7,2023-08-06,0.2109157014638185,Positive,0.6123573649674654,Strongly Positive
2023-08-03,506.0,,0.0,Neutral,0.3007128620520234,Positive
2023-08-02,507.0,2023-08-02,-0.4065877497196197,Negative,-0.35385882435366506,Negative
2023-08-01,508.0,,0.0,Neutral,-0.20329387485980985,Negative
2023-07-31,514.1,,0.0,Neutral,-0.10164693742990492,Slightly Negative
2023-07-30,520.0,,0.0,Neutral,0.0,Neutral
2023-07-27,531.0,,0.0,Neutral,0.0,Neutral
2023-07-26,532.0,,0.0,Neutral,0.0,Neutral
2023-07-25,540.0,,0.0,Neutral,0.0,Neutral
2023-07-24,547.8,2023-07-24,-0.4698981344699859,Negative,-0.4698981344699859,Negative
2023-07-23,555.0,,0.0,Neutral,-0.23494906723499295,Negative
2023-07-20,542.0,,0.0,Neutral,-0.11747453361749648,Slightly Negative
2023-07-19,538.1,,0.0,Neutral,0.0,Neutral
2023-07-18,540.0,,0.0,Neutral,0.0,Neutral
2023-07-17,543.0,,0.0,Neutral,0.0,Neutral
2023-07-16,536.7,2023-07-16,0.883343517780304,Strongly Positive,0.883343517780304,Strongly Positive
2023-07-13,538.0,,0.0,Neutral,0.441671758890152,Positive
2023-07-12,540.0,,0.0,Neutral,0.220835879445076,Positive
2023-07-11,530.0,2023-07-11,-0.3590094149112701,Negative,-0.3590094149112701,Negative
2023-07-10,535.2,,0.0,Neutral,-0.17950470745563504,Slightly Negative
2023-07-09,546.0,2023-07-09,0.5350947976112366,Positive,0.44534244388341904,Positive
2023-07-06,541.0,,0.0,Neutral,0.2675473988056183,Positive
2023-07-05,524.0,2023-07-05,0.4177348017692566,Positive,0.5515085011720657,Positive
2023-07-04,535.0,2023-07-04,-0.20897176861763,Negative,-0.00010436773300170898,Neutral
2023-07-03,538.1,2023-07-03,0.7068891525268555,Strongly Positive,0.7068369686603546,Strongly Positive
2023-07-02,545.0,,0.0,Neutral,0.30120163410902023,Positive
2023-06-28,563.0,,0.0,Neutral,0.17672228813171387,Slightly Positive
2023-06-27,574.1,,0.0,Neutral,0.0,Neutral
2023-06-26,573.0,,0.0,Neutral,0.0,Neutral
2023-06-25,571.5,,0.0,Neutral,0.0,Neutral
2023-06-22,565.0,2023-06-22,0.873332142829895,Strongly Positive,0.873332142829895,Strongly Positive
2023-06-21,567.5,,0.0,Neutral,0.4366660714149475,Positive
2023-06-20,566.0,,0.0,Neutral,0.21833303570747375,Positive
2023-06-19,581.0,,0.0,Neutral,0.0,Neutral
2023-06-18,588.0,,0.0,Neutral,0.0,Neutral
2023-06-15,563.1,2023-06-15,0.4683806300163269,Positive,0.4683806300163269,Positive
2023-06-14,572.0,2023-06-14,0.4930647611618042,Positive,0.7272550761699677,Strongly Positive
2023-06-13,565.0,2023-06-13,0.7564454078674316,Strongly Positive,1.1200729459524155,Strongly Positive
2023-06-12,547.0,2023-06-12,0.7213075160980225,Strongly Positive,1.2227964103221893,Strongly Positive
2023-06-11,550.6,,0.0,Neutral,0.5497651100158691,Positive
2023-06-08,540.0,2023-06-08,0.7539471387863159,Strongly Positive,0.9342740178108215,Strongly Positive
2023-06-07,548.1,2023-06-07,0.4957673549652099,Positive,0.8727409243583679,Strongly Positive
2023-06-06,556.0,2023-06-06,0.7798135876655579,Strongly Positive,1.2161840498447418,Strongly Positive
2023-06-05,549.0,,0.0,Neutral,0.5138486325740814,Positive
2023-06-04,536.0,,0.0,Neutral,0.19495339691638947,Slightly Positive
2023-06-01,505.0,2023-06-01,0.4650955200195312,Positive,0.4650955200195312,Positive
2023-05-31,497.6,2023-05-31,0.9306153655052184,Strongly Positive,1.163163125514984,Strongly Positive
2023-05-30,511.0,,0.0,Neutral,0.581581562757492,Positive
2023-05-28,504.0,,0.0,Neutral,0.2326538413763046,Positive
2023-05-24,475.5,2023-05-24,0.6379044055938721,Strongly Positive,0.6379044055938721,Strongly Positive
2023-05-23,480.0,,0.0,Neutral,0.31895220279693604,Positive
2023-05-22,472.0,,0.0,Neutral,0.15947610139846802,Slightly Positive
2023-05-21,466.0,2023-05-21,0.2752208411693573,Positive,0.2752208411693573,Positive
2023-05-18,468.9,2023-05-18,-0.428337037563324,Negative,-0.2907266169786453,Negative
2023-05-17,460.9,2023-05-17,-0.1411273777484893,Slightly Negative,-0.28649068623781193,Negative
2023-05-16,460.0,,0.0,Neutral,-0.17764794826507563,Slightly Negative
2023-05-15,462.5,,0.0,Neutral,-0.035281844437122324,Neutral
2023-05-14,464.0,,0.0,Neutral,0.0,Neutral
2023-05-11,472.0,,0.0,Neutral,0.0,Neutral
2023-05-10,470.0,2023-05-10,0.3141437768936157,Positive,0.3141437768936157,Positive
2023-05-09,464.0,2023-05-09,0.6824951767921448,Strongly Positive,0.8395670652389526,Strongly Positive
2023-05-08,461.0,,0.0,Neutral,0.4197835326194763,Positive
2023-05-07,464.0,2023-05-07,-0.1594992876052856,Slightly Negative,0.011124506592750605,Neutral
2023-05-04,469.0,,0.0,Neutral,-0.0797496438026428,Slightly Negative
2023-05-03,470.0,2023-05-03,-0.3371529579162597,Negative,-0.3770277798175811,Negative
2023-05-02,468.0,,0.0,Neutral,-0.16857647895812986,Slightly Negative
2023-04-30,469.5,2023-04-30,0.5406634211540222,Positive,0.4563751816749573,Positive
2023-04-27,475.9,2023-04-27,0.3818577229976654,Positive,0.6521894335746765,Strongly Positive
2023-04-26,478.0,,0.0,Neutral,0.32609471678733826,Positive
2023-04-25,479.0,,0.0,Neutral,0.09546443074941635,Slightly Positive
2023-04-24,478.0,,0.0,Neutral,0.0,Neutral
2023-04-23,477.1,,0.0,Neutral,0.0,Neutral
2023-04-20,482.0,2023-04-20,0.1440556347370147,Slightly Positive,0.1440556347370147,Slightly Positive
2023-04-19,484.0,,0.0,Neutral,0.07202781736850734,Slightly Positive
2023-04-18,481.0,,0.0,Neutral,0.03601390868425367,Neutral
2023-04-17,481.7,,0.0,Neutral,0.0,Neutral
2023-04-16,488.0,,0.0,Neutral,0.0,Neutral
2023-04-13,490.0,,0.0,Neutral,0.0,Neutral
2023-04-12,490.0,,0.0,Neutral,0.0,Neutral
2023-04-11,469.0,,0.0,Neutral,0.0,Neutral
2023-04-10,462.6,,0.0,Neutral,0.0,Neutral
2023-04-09,463.0,,0.0,Neutral,0.0,Neutral
2023-04-06,468.4,,0.0,Neutral,0.0,Neutral
2023-04-05,472.0,,0.0,Neutral,0.0,Neutral
2023-04-04,470.9,,0.0,Neutral,0.0,Neutral
2023-04-03,467.0,,0.0,Neutral,0.0,Neutral
2023-04-02,473.0,,0.0,Neutral,0.0,Neutral
2023-03-30,480.0,,0.0,Neutral,0.0,Neutral
2023-03-29,479.9,,0.0,Neutral,0.0,Neutral
2023-03-28,477.4,,0.0,Neutral,0.0,Neutral
2023-03-27,474.0,,0.0,Neutral,0.0,Neutral
2023-03-26,468.9,,0.0,Neutral,0.0,Neutral
2023-03-23,470.9,2023-03-23,0.052819263190031,Slightly Positive,0.052819263190031,Slightly Positive
2023-03-22,479.1,,0.0,Neutral,0.0264096315950155,Neutral
2023-03-20,479.0,,0.0,Neutral,0.01320481579750775,Neutral
2023-03-19,469.0,,0.0,Neutral,0.0,Neutral
2023-03-16,469.9,,0.0,Neutral,0.0,Neutral
2023-03-15,468.0,,0.0,Neutral,0.0,Neutral
2023-03-14,468.0,,0.0,Neutral,0.0,Neutral
2023-03-13,469.9,,0.0,Neutral,0.0,Neutral
2023-03-12,475.3,,0.0,Neutral,0.0,Neutral
2023-03-09,484.0,,0.0,Neutral,0.0,Neutral
2023-03-07,468.7,,0.0,Neutral,0.0,Neutral
2023-03-05,463.0,,0.0,Neutral,0.0,Neutral
2023-03-02,472.5,,0.0,Neutral,0.0,Neutral
2023-03-01,475.3,,0.0,Neutral,0.0,Neutral
2023-02-28,474.4,,0.0,Neutral,0.0,Neutral
2023-02-27,465.9,,0.0,Neutral,0.0,Neutral
2023-02-26,459.0,,0.0,Neutral,0.0,Neutral
2023-02-23,460.3,,0.0,Neutral,0.0,Neutral
2023-02-22,466.0,,0.0,Neutral,0.0,Neutral
2023-02-20,454.0,,0.0,Neutral,0.0,Neutral
2023-02-16,458.5,,0.0,Neutral,0.0,Neutral
2023-02-15,461.5,,0.0,Neutral,0.0,Neutral
2023-02-14,467.5,,0.0,Neutral,0.0,Neutral
2023-02-12,477.5,,0.0,Neutral,0.0,Neutral
2023-02-09,490.0,,0.0,Neutral,0.0,Neutral
2023-02-08,487.0,,0.0,Neutral,0.0,Neutral
2023-02-07,492.0,,0.0,Neutral,0.0,Neutral
2023-02-06,481.0,,0.0,Neutral,0.0,Neutral
2023-02-05,485.0,,0.0,Neutral,0.0,Neutral
2023-02-02,466.0,2023-02-02,-0.6716222763061523,Strongly Negative,-0.6716222763061523,Strongly Negative
2023-02-01,465.0,,0.0,Neutral,-0.33581113815307617,Negative
2023-01-31,459.9,,0.0,Neutral,-0.16790556907653809,Slightly Negative
2023-01-30,448.0,,0.0,Neutral,0.0,Neutral
2023-01-29,460.0,2023-01-29,-0.4091926515102386,Negative,-0.4091926515102386,Negative
2023-01-26,438.0,2023-01-26,0.9144240617752076,Strongly Positive,0.7098277360200883,Strongly Positive
2023-01-25,420.0,,0.0,Neutral,0.35491386801004415,Positive
2023-01-24,422.9,,0.0,Neutral,0.2286060154438019,Positive
2023-01-23,418.0,,0.0,Neutral,0.0,Neutral
2023-01-19,420.0,,0.0,Neutral,0.0,Neutral
2023-01-18,419.0,,0.0,Neutral,0.0,Neutral
2023-01-17,425.0,2023-01-17,-0.623460054397583,Strongly Negative,-0.623460054397583,Strongly Negative
2023-01-12,415.0,2023-01-12,0.5015150904655457,Positive,0.18978506326675415,Slightly Positive
2023-01-10,425.4,2023-01-10,-0.2437212616205215,Negative,-0.14882872998714441,Slightly Negative
2023-01-09,420.2,,0.0,Neutral,0.0035181418061256686,Neutral
2023-01-08,415.5,,0.0,Neutral,-0.06093031540513037,Slightly Negative
2023-01-05,410.1,,0.0,Neutral,0.0,Neutral
2023-01-04,414.1,,0.0,Neutral,0.0,Neutral
2023-01-03,395.0,,0.0,Neutral,0.0,Neutral
2023-01-02,397.0,2023-01-02,-0.3848305940628052,Negative,-0.3848305940628052,Negative
2023-01-01,392.1,,0.0,Neutral,-0.1924152970314026,Slightly Negative
2022-12-29,389.8,,0.0,Neutral,-0.0962076485157013,Slightly Negative
2022-12-28,378.2,,0.0,Neutral,0.0,Neutral
2022-12-27,378.1,,0.0,Neutral,0.0,Neutral
2022-12-26,366.1,,0.0,Neutral,0.0,Neutral
2022-12-22,352.0,,0.0,Neutral,0.0,Neutral
2022-12-21,352.3,2022-12-21,0.6173017024993896,Strongly Positive,0.6173017024993896,Strongly Positive
2022-12-20,354.0,,0.0,Neutral,0.3086508512496948,Positive
2022-12-19,351.3,,0.0,Neutral,0.1543254256248474,Slightly Positive
2022-12-18,355.5,,0.0,Neutral,0.0,Neutral
2022-12-15,390.0,,0.0,Neutral,0.0,Neutral
2022-12-14,388.0,,0.0,Neutral,0.0,Neutral
2022-12-13,385.0,2022-12-13,0.7148497700691223,Strongly Positive,0.7148497700691223,Strongly Positive
2022-12-12,384.0,,0.0,Neutral,0.35742488503456116,Positive
2022-12-11,382.0,,0.0,Neutral,0.17871244251728058,Slightly Positive
2022-12-07,381.0,,0.0,Neutral,0.0,Neutral
2022-12-06,387.0,,0.0,Neutral,0.0,Neutral
2022-12-05,391.0,,0.0,Neutral,0.0,Neutral
2022-12-04,397.0,,0.0,Neutral,0.0,Neutral
2022-12-01,390.0,,0.0,Neutral,0.0,Neutral
2022-11-30,383.1,,0.0,Neutral,0.0,Neutral
2022-11-29,381.1,,0.0,Neutral,0.0,Neutral
2022-11-28,388.0,2022-11-28,0.1627677381038665,Slightly Positive,0.1627677381038665,Slightly Positive
2022-11-27,390.0,,0.0,Neutral,0.08138386905193325,Slightly Positive
2022-11-24,381.0,,0.0,Neutral,0.040691934525966623,Neutral
2022-11-23,382.0,,0.0,Neutral,0.0,Neutral
2022-11-22,388.9,,0.0,Neutral,0.0,Neutral
2022-11-17,384.0,,0.0,Neutral,0.0,Neutral
2022-11-16,374.0,,0.0,Neutral,0.0,Neutral
2022-11-15,374.4,2022-11-15,0.7105873227119446,Strongly Positive,0.7105873227119446,Strongly Positive
2022-11-14,368.2,2022-11-14,-0.6556950807571411,Strongly Negative,-0.3004014194011688,Negative
2022-11-13,365.0,,0.0,Neutral,-0.1502007097005844,Slightly Negative
2022-11-10,368.0,2022-11-10,0.6085646748542786,Strongly Positive,0.4446409046649933,Positive
2022-11-09,377.0,,0.0,Neutral,0.3042823374271393,Positive
2022-11-08,387.0,,0.0,Neutral,0.15214116871356964,Slightly Positive
2022-11-07,387.0,,0.0,Neutral,0.0,Neutral
2022-11-06,387.5,,0.0,Neutral,0.0,Neutral
2022-11-03,378.0,,0.0,Neutral,0.0,Neutral
2022-11-02,385.0,,0.0,Neutral,0.0,Neutral
2022-11-01,384.5,,0.0,Neutral,0.0,Neutral
2022-10-31,373.0,2022-10-31,0.1629264950752258,Slightly Positive,0.1629264950752258,Slightly Positive
2022-10-23,367.0,2022-10-23,-0.0040155053138732,Neutral,0.07744774222373971,Slightly Positive
2022-10-20,363.0,,0.0,Neutral,0.038723871111869854,Neutral
2022-10-19,359.5,2022-10-19,0.903040885925293,Strongly Positive,0.9020370095968246,Strongly Positive
2022-10-17,363.0,2022-10-17,0.71620774269104,Strongly Positive,1.1677281856536865,Strongly Positive
2022-10-16,365.0,,0.0,Neutral,0.5838640928268433,Positive
2022-10-13,370.0,2022-10-13,0.5541855245828629,Positive,0.7332374602556229,Strongly Positive
2022-10-12,362.0,,0.0,Neutral,0.2770927622914314,Positive
2022-10-11,359.0,,0.0,Neutral,0.1385463811457157,Slightly Positive
2022-10-10,364.0,,0.0,Neutral,0.0,Neutral
2022-10-09,371.0,,0.0,Neutral,0.0,Neutral
2022-09-29,365.0,2022-09-29,0.9351661205291748,Strongly Positive,0.9351661205291748,Strongly Positive
2022-09-28,358.1,,0.0,Neutral,0.4675830602645874,Positive
2022-09-27,361.9,,0.0,Neutral,0.2337915301322937,Positive
2022-09-25,357.0,,0.0,Neutral,0.0,Neutral
2022-09-22,358.0,2022-09-22,0.9082857966423036,Strongly Positive,0.9082857966423036,Strongly Positive
2022-09-21,355.3,2022-09-21,0.534334659576416,Positive,0.9884775578975677,Strongly Positive
2022-09-20,354.1,,0.0,Neutral,0.4942387789487839,Positive
2022-09-18,364.0,,0.0,Neutral,0.133583664894104,Slightly Positive
2022-09-16,370.0,,0.0,Neutral,0.0,Neutral
2022-09-15,370.0,,0.0,Neutral,0.0,Neutral
2022-09-14,380.2,,0.0,Neutral,0.0,Neutral
2022-09-13,373.0,,0.0,Neutral,0.0,Neutral
2022-09-12,372.0,,0.0,Neutral,0.0,Neutral
2022-09-11,375.2,,0.0,Neutral,0.0,Neutral
2022-09-08,382.0,,0.0,Neutral,0.0,Neutral
2022-09-07,385.0,2022-09-07,0.006325364112854,Neutral,0.006325364112854,Neutral
2022-09-06,385.0,,0.0,Neutral,0.003162682056427,Neutral
2022-09-05,390.0,,0.0,Neutral,0.0015813410282135,Neutral
2022-09-04,394.0,,0.0,Neutral,0.0,Neutral
2022-09-02,392.0,,0.0,Neutral,0.0,Neutral
2022-09-01,382.0,2022-09-01,-0.2566113471984863,Negative,-0.2566113471984863,Negative
2022-08-31,383.0,,0.0,Neutral,-0.12830567359924314,Slightly Negative
2022-08-30,385.9,2022-08-30,0.0258980691432952,Neutral,-0.03825476765632636,Neutral
2022-08-29,385.1,,0.0,Neutral,0.0129490345716476,Neutral
2022-08-28,385.0,,0.0,Neutral,0.0064745172858238,Neutral
2022-08-26,396.0,,0.0,Neutral,0.0,Neutral
2022-08-25,397.0,,0.0,Neutral,0.0,Neutral
2022-08-24,403.7,2022-08-24,0.6355215311050415,Strongly Positive,0.6355215311050415,Strongly Positive
2022-08-23,404.0,2022-08-23,0.894823431968689,Strongly Positive,1.2125841975212097,Strongly Positive
2022-08-22,404.0,,0.0,Neutral,0.6062920987606049,Strongly Positive
2022-08-21,404.0,,0.0,Neutral,0.22370585799217224,Positive
2022-08-18,407.0,,0.0,Neutral,0.0,Neutral
2022-08-17,400.0,,0.0,Neutral,0.0,Neutral
2022-08-16,396.2,,0.0,Neutral,0.0,Neutral
2022-08-15,411.0,,0.0,Neutral,0.0,Neutral
2022-08-14,393.0,,0.0,Neutral,0.0,Neutral
2022-08-11,399.0,2022-08-11,-0.061613380908966,Slightly Negative,-0.061613380908966,Slightly Negative
2022-08-10,402.9,,0.0,Neutral,-0.030806690454483,Neutral
2022-08-09,406.9,,0.0,Neutral,-0.0154033452272415,Neutral
2022-08-08,419.9,,0.0,Neutral,0.0,Neutral
2022-08-07,428.0,2022-08-07,0.0195572879165411,Neutral,0.0195572879165411,Neutral
2022-08-05,426.0,2022-08-05,0.2184320390224456,Positive,0.22821068298071615,Positive
2022-08-04,430.1,,0.0,Neutral,0.11410534149035807,Slightly Positive
2022-08-03,444.0,2022-08-03,0.7975225448608398,Strongly Positive,0.8521305546164513,Strongly Positive
2022-08-02,448.0,,0.0,Neutral,0.3987612724304199,Positive
2022-08-01,424.9,2022-08-01,-0.2906584739685058,Negative,-0.09127783775329584,Slightly Negative
2022-07-31,412.0,2022-07-31,-0.3070221543312073,Negative,-0.4523513913154602,Negative
2022-07-29,406.0,2022-07-29,-0.1990431249141693,Slightly Negative,-0.4252188205718994,Negative
2022-07-28,410.0,,0.0,Neutral,-0.17627710103988647,Slightly Negative
2022-07-27,402.0,,0.0,Neutral,-0.04976078122854233,Neutral
2022-07-26,402.0,,0.0,Neutral,0.0,Neutral
2022-07-25,413.9,,0.0,Neutral,0.0,Neutral
2022-07-24,410.0,,0.0,Neutral,0.0,Neutral
2022-07-22,399.1,,0.0,Neutral,0.0,Neutral
2022-07-21,402.5,,0.0,Neutral,0.0,Neutral
2022-07-20,405.0,,0.0,Neutral,0.0,Neutral
2022-07-19,401.1,,0.0,Neutral,0.0,Neutral
2022-07-18,404.0,,0.0,Neutral,0.0,Neutral
2022-07-17,403.0,,0.0,Neutral,0.0,Neutral
2022-07-15,408.0,2022-07-15,-0.1234379112720489,Slightly Negative,-0.1234379112720489,Slightly Negative
2022-07-14,406.9,,0.0,Neutral,-0.06171895563602445,Slightly Negative
2022-07-13,406.0,2022-07-13,0.9082242250442504,Strongly Positive,0.8773647472262381,Strongly Positive
2022-07-12,393.1,,0.0,Neutral,0.4541121125221252,Positive
2022-07-11,387.0,,0.0,Neutral,0.2270560562610626,Positive
2022-07-08,404.0,,0.0,Neutral,0.0,Neutral
2022-07-07,410.0,,0.0,Neutral,0.0,Neutral
2022-07-06,415.0,,0.0,Neutral,0.0,Neutral
2022-07-05,406.9,,0.0,Neutral,0.0,Neutral
2022-07-04,418.9,2022-07-04,-0.2904195189476013,Negative,-0.2904195189476013,Negative
2022-07-03,430.0,,0.0,Neutral,-0.14520975947380066,Slightly Negative
2022-07-01,413.0,,0.0,Neutral,-0.07260487973690033,Slightly Negative
2022-06-30,415.0,2022-06-30,-0.2598440945148468,Negative,-0.2598440945148468,Negative
2022-06-29,395.0,,0.0,Neutral,-0.1299220472574234,Slightly Negative
2022-06-28,384.0,2022-06-28,0.4208382070064544,Positive,0.3558771833777427,Positive
2022-06-27,379.0,,0.0,Neutral,0.2104191035032272,Positive
2022-06-26,381.0,2022-06-26,-0.4419355690479278,Negative,-0.3367260172963142,Negative
2022-06-24,360.0,2022-06-24,0.5870148539543152,Positive,0.36604706943035126,Positive
2022-06-23,359.0,,0.0,Neutral,0.18302353471517563,Slightly Positive
2022-06-22,365.0,,0.0,Neutral,0.1467537134885788,Slightly Positive
2022-06-21,367.1,,0.0,Neutral,0.0,Neutral
2022-06-20,361.0,2022-06-20,0.5693178772926331,Positive,0.5693178772926331,Positive
2022-06-19,369.0,,0.0,Neutral,0.28465893864631653,Positive
2022-06-17,379.1,,0.0,Neutral,0.14232946932315826,Slightly Positive
2022-06-16,380.0,2022-06-16,0.8982492685317993,Strongly Positive,0.8982492685317993,Strongly Positive
2022-06-15,379.0,,0.0,Neutral,0.44912463426589966,Positive
2022-06-14,387.0,,0.0,Neutral,0.22456231713294983,Positive
2022-06-13,396.0,,0.0,Neutral,0.0,Neutral
2022-06-10,399.9,,0.0,Neutral,0.0,Neutral
2022-06-09,402.0,,0.0,Neutral,0.0,Neutral
2022-06-08,405.0,,0.0,Neutral,0.0,Neutral
2022-06-07,402.0,2022-06-07,0.2998286485671997,Positive,0.2998286485671997,Positive
2022-06-06,415.0,2022-06-06,0.0207726825028657,Neutral,0.17068700678646556,Slightly Positive
2022-06-03,415.9,,0.0,Neutral,0.08534350339323278,Slightly Positive
2022-06-02,422.0,2022-06-02,0.8461382985115051,Strongly Positive,0.8513314691372216,Strongly Positive
2022-06-01,426.0,2022-06-01,0.3814393877983093,Positive,0.8045085370540619,Strongly Positive
2022-05-31,424.0,,0.0,Neutral,0.40225426852703094,Positive
2022-05-30,428.0,,0.0,Neutral,0.09535984694957733,Slightly Positive
2022-05-27,438.0,,0.0,Neutral,0.0,Neutral
2022-05-26,440.0,,0.0,Neutral,0.0,Neutral
2022-05-25,437.5,,0.0,Neutral,0.0,Neutral
2022-05-24,434.8,2022-05-24,0.0325568914413452,Neutral,0.0325568914413452,Neutral
2022-05-23,430.2,,0.0,Neutral,0.0162784457206726,Neutral
2022-05-20,441.0,,0.0,Neutral,0.0081392228603363,Neutral
2022-05-19,439.9,,0.0,Neutral,0.0,Neutral
2022-05-18,440.0,2022-05-18,0.2235666513442993,Positive,0.2235666513442993,Positive
2022-05-17,439.4,,0.0,Neutral,0.11178332567214964,Slightly Positive
2022-05-12,453.0,,0.0,Neutral,0.05589166283607482,Slightly Positive
2022-05-11,455.0,,0.0,Neutral,0.0,Neutral
2022-05-10,443.0,,0.0,Neutral,0.0,Neutral
2022-05-09,431.0,,0.0,Neutral,0.0,Neutral
2022-05-08,431.0,,0.0,Neutral,0.0,Neutral
2022-05-05,432.0,,0.0,Neutral,0.0,Neutral
2022-05-04,434.6,,0.0,Neutral,0.0,Neutral
2022-05-02,441.0,,0.0,Neutral,0.0,Neutral
2022-04-28,448.0,,0.0,Neutral,0.0,Neutral
2022-04-27,456.9,,0.0,Neutral,0.0,Neutral
2022-04-26,450.0,2022-04-26,0.0814896821975708,Slightly Positive,0.0814896821975708,Slightly Positive
2022-04-25,452.0,,0.0,Neutral,0.0407448410987854,Neutral
2022-04-24,460.0,2022-04-24,0.4896917045116424,Positive,0.5100641250610352,Positive
2022-04-21,437.1,2022-04-21,0.435576420277357,Positive,0.6804222725331782,Strongly Positive
2022-04-20,438.0,2022-04-20,0.1363096833229065,Slightly Positive,0.4765208195894956,Positive
2022-04-19,443.9,2022-04-19,0.9145817756652832,Strongly Positive,1.0916307223960757,Strongly Positive
2022-04-18,442.0,2022-04-18,0.6108980178833008,Strongly Positive,1.102266326546669,Strongly Positive
2022-04-17,447.0,,0.0,Neutral,0.5340944528579712,Positive
2022-04-13,450.0,,0.0,Neutral,0.1527245044708252,Slightly Positive
2022-04-12,447.0,2022-04-12,0.5773056745529175,Positive,0.5773056745529175,Positive
2022-04-11,453.0,2022-04-11,0.8681013584136963,Strongly Positive,1.156754195690155,Strongly Positive
2022-04-07,458.0,,0.0,Neutral,0.5783770978450775,Positive
2022-04-06,455.8,2022-04-06,0.3428605794906616,Positive,0.5598859190940857,Positive
2022-04-05,464.1,2022-04-05,0.651929497718811,Strongly Positive,0.8233597874641418,Strongly Positive
2022-04-04,470.0,,0.0,Neutral,0.4116798937320709,Positive
2022-04-03,470.0,2022-04-03,-0.0272224247455596,Neutral,0.13575994968414315,Slightly Positive
2022-03-31,471.9,,0.0,Neutral,-0.0136112123727798,Neutral
2022-03-30,478.0,,0.0,Neutral,-0.0068056061863899,Neutral
2022-03-29,472.0,2022-03-29,0.8759951591491699,Strongly Positive,0.8759951591491699,Strongly Positive
2022-03-28,473.1,2022-03-28,0.6411234736442566,Strongly Positive,1.0791210532188416,Strongly Positive
2022-03-27,477.0,,0.0,Neutral,0.5395605266094208,Positive
2022-03-24,480.0,,0.0,Neutral,0.16028086841106415,Slightly Positive
2022-03-23,487.0,2022-03-23,-0.0178897380828857,Neutral,-0.0178897380828857,Neutral
2022-03-22,498.8,,0.0,Neutral,-0.00894486904144285,Neutral
2022-03-21,497.9,,0.0,Neutral,-0.004472434520721425,Neutral
2022-03-20,492.0,2022-03-20,0.8301899433135986,Strongly Positive,0.8301899433135986,Strongly Positive
2022-03-16,489.9,,0.0,Neutral,0.4150949716567993,Positive
2022-03-15,490.2,,0.0,Neutral,0.20754748582839966,Positive
2022-03-14,498.0,2022-03-14,0.5405178843066096,Positive,0.5405178843066096,Positive
2022-03-13,497.8,,0.0,Neutral,0.2702589421533048,Positive
2022-03-10,488.5,,0.0,Neutral,0.1351294710766524,Slightly Positive
2022-03-09,476.0,2022-03-09,-0.5977263450622559,Negative,-0.5977263450622559,Negative
2022-03-07,483.9,,0.0,Neutral,-0.29886317253112793,Negative
2022-03-06,487.0,,0.0,Neutral,-0.14943158626556396,Slightly Negative
2022-03-02,490.0,,0.0,Neutral,0.0,Neutral
2022-02-28,505.0,2022-02-28,0.4970417022705078,Positive,0.4970417022705078,Positive
2022-02-27,509.9,,0.0,Neutral,0.2485208511352539,Positive
2022-02-24,498.0,2022-02-24,0.5140209197998047,Positive,0.6382813453674316,Strongly Positive
2022-02-23,510.0,,0.0,Neutral,0.25701045989990234,Positive
2022-02-22,510.0,,0.0,Neutral,0.12850522994995117,Slightly Positive
2022-02-21,515.0,2022-02-21,0.5519900321960449,Positive,0.5519900321960449,Positive
2022-02-20,499.9,,0.0,Neutral,0.27599501609802246,Positive
2022-02-17,508.3,,0.0,Neutral,0.13799750804901123,Slightly Positive
2022-02-16,507.0,2022-02-16,0.5795700550079346,Positive,0.5795700550079346,Positive
2022-02-15,508.0,2022-02-15,-0.3125604093074798,Negative,-0.022775381803512518,Neutral
2022-02-14,499.5,2022-02-14,-0.5765681266784668,Negative,-0.5879558175802231,Negative
2022-02-13,500.0,2022-02-13,0.4978555937608083,Positive,0.13143142809470493,Slightly Positive
2022-02-10,515.0,,0.0,Neutral,0.10478576521078745,Slightly Positive
2022-02-09,518.0,,0.0,Neutral,0.12446389844020207,Slightly Positive
2022-02-08,520.0,2022-02-08,-0.0566993355751037,Slightly Negative,-0.0566993355751037,Slightly Negative
2022-02-07,524.9,2022-02-07,0.5250307619571686,Positive,0.49668109416961675,Positive
2022-02-06,523.0,,0.0,Neutral,0.24834054708480838,Positive
2022-02-03,527.0,2022-02-03,0.908535659313202,Strongly Positive,1.039793349802494,Strongly Positive
2022-02-01,534.0,,0.0,Neutral,0.454267829656601,Positive
2022-01-31,520.0,,0.0,Neutral,0.2271339148283005,Positive
2022-01-30,532.0,,0.0,Neutral,0.0,Neutral
2022-01-27,509.0,,0.0,Neutral,0.0,Neutral
2022-01-26,510.1,2022-01-26,0.4082410056143999,Positive,0.4082410056143999,Positive
2022-01-25,516.0,,0.0,Neutral,0.20412050280719995,Positive
2022-01-24,518.0,,0.0,Neutral,0.10206025140359998,Slightly Positive
2022-01-23,539.0,,0.0,Neutral,0.0,Neutral
2022-01-20,542.0,,0.0,Neutral,0.0,Neutral
2022-01-19,536.0,2022-01-19,0.3360106647014618,Positive,0.3360106647014618,Positive
2022-01-18,545.0,2022-01-18,0.3734949231147766,Positive,0.5415002554655075,Positive
2022-01-17,558.0,2022-01-17,0.4422468543052673,Positive,0.7129969820380211,Strongly Positive
2022-01-16,554.0,,0.0,Neutral,0.3144971579313278,Positive
2022-01-13,535.0,,0.0,Neutral,0.11056171357631682,Slightly Positive
2022-01-12,520.0,2022-01-12,-0.4808397889137268,Negative,-0.4808397889137268,Negative
2022-01-11,536.1,,0.0,Neutral,-0.2404198944568634,Negative
2022-01-10,520.0,2022-01-10,0.519367516040802,Positive,0.3991575688123703,Positive
2022-01-09,512.0,2022-01-09,0.7907711267471313,Strongly Positive,1.0504548847675323,Strongly Positive
2022-01-06,498.0,,0.0,Neutral,0.5252274423837662,Positive
2022-01-05,490.0,,0.0,Neutral,0.19769278168678284,Slightly Positive
2022-01-04,505.0,2022-01-04,0.65803462266922,Strongly Positive,0.65803462266922,Strongly Positive
2022-01-03,481.0,2022-01-03,0.0013054907321929,Neutral,0.33032280206680287,Positive
2022-01-02,477.0,,0.0,Neutral,0.16516140103340143,Slightly Positive
2021-12-29,502.9,,0.0,Neutral,0.000326372683048225,Neutral
2021-12-28,500.0,,0.0,Neutral,0.0,Neutral
2021-12-27,503.0,2021-12-27,0.1544867753982544,Slightly Positive,0.1544867753982544,Slightly Positive
2021-12-26,515.9,,0.0,Neutral,0.0772433876991272,Slightly Positive
2021-12-23,505.0,,0.0,Neutral,0.0386216938495636,Neutral
2021-12-22,501.0,,0.0,Neutral,0.0,Neutral
2021-12-21,490.1,2021-12-21,-0.6907034516334534,Strongly Negative,-0.6907034516334534,Strongly Negative
2021-12-20,482.0,,0.0,Neutral,-0.3453517258167267,Negative
2021-12-16,488.1,2021-12-16,0.7056154310703278,Strongly Positive,0.5329395681619644,Positive
2021-12-15,500.0,2021-12-15,-0.3610247150063515,Negative,-0.008216999471187647,Neutral
2021-12-14,503.0,2021-12-14,0.0240390766412019,Neutral,0.019930576905608066,Neutral
2021-12-13,478.0,,0.0,Neutral,-0.07823664043098694,Slightly Negative
2021-12-12,490.2,,0.0,Neutral,0.006009769160300475,Neutral
2021-12-09,526.0,2021-12-09,0.7948119044303894,Strongly Positive,0.7948119044303894,Strongly Positive
2021-12-08,524.0,,0.0,Neutral,0.3974059522151947,Positive
2021-12-07,540.0,,0.0,Neutral,0.19870297610759735,Slightly Positive
2021-12-06,550.0,2021-12-06,-0.0454929023981094,Neutral,-0.0454929023981094,Neutral
2021-12-05,543.0,2021-12-05,-0.3157088458538055,Negative,-0.3384552970528602,Negative
2021-12-02,561.0,,0.0,Neutral,-0.1692276485264301,Slightly Negative
2021-12-01,569.9,,0.0,Neutral,-0.07892721146345137,Slightly Negative
2021-11-30,570.0,2021-11-30,0.0353909358382225,Neutral,0.0353909358382225,Neutral
2021-11-29,570.0,,0.0,Neutral,0.01769546791911125,Neutral
2021-11-28,566.1,,0.0,Neutral,0.008847733959555624,Neutral
2021-11-25,583.0,2021-11-25,-0.1864838898181915,Slightly Negative,-0.1864838898181915,Slightly Negative
2021-11-24,580.1,2021-11-24,-0.2785083949565887,Negative,-0.37175033986568445,Negative
2021-11-23,582.2,2021-11-23,0.6356387138366699,Strongly Positive,0.44976354390382767,Positive
2021-11-22,592.0,2021-11-22,0.0131739825010299,Neutral,0.2613662406802177,Positive
2021-11-21,593.0,,0.0,Neutral,0.16549666970968244,Slightly Positive
2021-11-18,596.0,,0.0,Neutral,0.003293495625257475,Neutral
2021-11-17,615.0,2021-11-17,0.6861373782157898,Strongly Positive,0.6861373782157898,Strongly Positive
2021-11-16,614.0,2021-11-16,0.8141272664070129,Strongly Positive,1.1571959555149078,Strongly Positive
2021-11-15,590.2,2021-11-15,0.4076647162437439,Positive,0.9862626940011978,Strongly Positive
2021-11-14,588.5,2021-11-14,0.0491418664654096,Neutral,0.45650604118903476,Positive
2021-11-11,593.0,2021-11-11,0.2226513624191284,Positive,0.34913847471276915,Positive
2021-11-09,606.0,,0.0,Neutral,0.12361114782591659,Slightly Positive
2021-11-08,616.0,2021-11-08,0.4568291008472442,Positive,0.5124919414520263,Positive
2021-11-03,620.0,2021-11-03,0.2788993418216705,Positive,0.5073138922452926,Positive
2021-11-02,609.0,,0.0,Neutral,0.2536569461226463,Positive
2021-11-01,605.0,2021-11-01,0.1046939715743064,Slightly Positive,0.174418807029724,Slightly Positive
2021-10-31,614.0,,0.0,Neutral,0.0523469857871532,Slightly Positive
2021-10-28,596.0,,0.0,Neutral,0.0261734928935766,Neutral
2021-10-27,598.0,,0.0,Neutral,0.0,Neutral
2021-10-26,600.0,,0.0,Neutral,0.0,Neutral
2021-10-25,595.0,,0.0,Neutral,0.0,Neutral
2021-10-24,576.1,,0.0,Neutral,0.0,Neutral
2021-10-21,568.0,2021-10-21,0.8713273406028748,Strongly Positive,0.8713273406028748,Strongly Positive
2021-10-20,570.0,2021-10-20,0.6123760342597961,Strongly Positive,1.0480397045612335,Strongly Positive
2021-10-19,552.0,,0.0,Neutral,0.5240198522806168,Positive
2021-10-18,596.0,2021-10-18,0.8018708229064941,Strongly Positive,0.9549648314714432,Strongly Positive
2021-10-17,603.0,2021-10-17,0.9213525056838988,Strongly Positive,1.322287917137146,Strongly Positive
2021-10-11,602.0,2021-10-11,0.857159435749054,Strongly Positive,1.518303394317627,Strongly Positive
2021-10-10,604.0,,0.0,Neutral,0.6589178442955017,Strongly Positive
2021-10-06,572.1,2021-10-06,0.9232880473136902,Strongly Positive,1.1375779062509537,Strongly Positive
2021-10-05,547.0,2021-10-05,0.4259742498397827,Positive,0.8876182734966278,Strongly Positive
2021-10-04,540.2,2021-10-04,-0.1786015033721923,Slightly Negative,0.26520763337612163,Positive
2021-10-03,545.0,,0.0,Neutral,0.01719281077384953,Neutral
2021-09-30,558.0,,0.0,Neutral,-0.044650375843048075,Neutral
2021-09-29,566.0,2021-09-29,0.9257281422615052,Strongly Positive,0.9257281422615052,Strongly Positive
2021-09-28,551.0,2021-09-28,0.261738121509552,Positive,0.7246021926403046,Strongly Positive
2021-09-27,565.0,,0.0,Neutral,0.3623010963201523,Positive
2021-09-26,578.0,,0.0,Neutral,0.065434530377388,Slightly Positive
2021-09-23,590.0,2021-09-23,-0.5558741092681885,Negative,-0.5558741092681885,Negative
2021-09-22,603.0,,0.0,Neutral,-0.27793705463409424,Negative
2021-09-21,591.0,,0.0,Neutral,-0.13896852731704712,Slightly Negative
2021-09-20,575.0,,0.0,Neutral,0.0,Neutral
2021-09-16,603.0,2021-09-16,0.5890231132507324,Positive,0.5890231132507324,Positive
2021-09-15,615.0,,0.0,Neutral,0.2945115566253662,Positive
2021-09-14,626.0,,0.0,Neutral,0.1472557783126831,Slightly Positive
2021-09-13,630.1,,0.0,Neutral,0.0,Neutral
2021-09-12,636.0,2021-09-12,0.4431141316890716,Positive,0.4431141316890716,Positive
2021-09-09,610.0,,0.0,Neutral,0.2215570658445358,Positive
2021-09-08,609.0,,0.0,Neutral,0.1107785329222679,Slightly Positive
2021-09-07,623.0,,0.0,Neutral,0.0,Neutral
2021-09-06,640.0,,0.0,Neutral,0.0,Neutral
2021-09-05,600.0,,0.0,Neutral,0.0,Neutral
2021-09-02,626.0,,0.0,Neutral,0.0,Neutral
2021-09-01,650.0,,0.0,Neutral,0.0,Neutral
2021-08-31,655.0,,0.0,Neutral,0.0,Neutral
2021-08-29,672.0,,0.0,Neutral,0.0,Neutral
2021-08-26,684.0,,0.0,Neutral,0.0,Neutral
2021-08-25,676.1,,0.0,Neutral,0.0,Neutral
2021-08-24,680.4,,0.0,Neutral,0.0,Neutral
2021-08-19,700.3,2021-08-19,0.5259397625923157,Positive,0.5259397625923157,Positive
2021-08-18,708.0,,0.0,Neutral,0.26296988129615784,Positive
2021-08-17,705.3,,0.0,Neutral,0.13148494064807892,Slightly Positive
2021-08-16,706.0,2021-08-16,0.146904706954956,Slightly Positive,0.146904706954956,Slightly Positive
2021-08-15,705.0,,0.0,Neutral,0.073452353477478,Slightly Positive
2021-08-12,735.6,,0.0,Neutral,0.036726176738739,Neutral
2021-08-11,745.0,,0.0,Neutral,0.0,Neutral
2021-08-10,715.0,,0.0,Neutral,0.0,Neutral
2021-08-09,732.0,,0.0,Neutral,0.0,Neutral
2021-08-08,740.0,,0.0,Neutral,0.0,Neutral
2021-08-05,720.0,,0.0,Neutral,0.0,Neutral
2021-08-04,732.8,2021-08-04,-0.4183864593505859,Negative,-0.4183864593505859,Negative
2021-08-03,698.5,,0.0,Neutral,-0.20919322967529294,Negative
2021-08-02,690.5,,0.0,Neutral,-0.10459661483764647,Slightly Negative
2021-08-01,696.0,,0.0,Neutral,0.0,Neutral
2021-07-29,693.9,,0.0,Neutral,0.0,Neutral
2021-07-28,707.0,,0.0,Neutral,0.0,Neutral
2021-07-27,719.0,,0.0,Neutral,0.0,Neutral
2021-07-26,712.0,,0.0,Neutral,0.0,Neutral
2021-07-25,686.0,2021-07-25,-0.1586503386497497,Slightly Negative,-0.1586503386497497,Slightly Negative
2021-07-22,684.3,,0.0,Neutral,-0.07932516932487485,Slightly Negative
2021-07-20,686.0,,0.0,Neutral,-0.039662584662437425,Neutral
2021-07-19,689.0,,0.0,Neutral,0.0,Neutral
2021-07-18,694.0,,0.0,Neutral,0.0,Neutral
2021-07-15,687.0,2021-07-15,0.2684071958065033,Positive,0.2684071958065033,Positive
2021-07-14,680.0,,0.0,Neutral,0.13420359790325165,Slightly Positive
2021-07-13,667.0,,0.0,Neutral,0.06710179895162582,Slightly Positive
2021-07-12,660.0,,0.0,Neutral,0.0,Neutral
2021-07-11,670.0,2021-07-11,0.7197643518447876,Strongly Positive,0.7197643518447876,Strongly Positive
2021-07-08,668.0,,0.0,Neutral,0.3598821759223938,Positive
2021-07-07,648.0,2021-07-07,0.0943080335855484,Slightly Positive,0.2742491215467453,Positive
2021-07-06,648.0,,0.0,Neutral,0.0471540167927742,Neutral
2021-07-05,653.0,,0.0,Neutral,0.0235770083963871,Neutral
2021-07-04,656.0,,0.0,Neutral,0.0,Neutral
2021-07-01,660.0,,0.0,Neutral,0.0,Neutral
2021-06-30,656.0,2021-06-30,0.864063024520874,Strongly Positive,0.864063024520874,Strongly Positive
2021-06-29,660.0,,0.0,Neutral,0.432031512260437,Positive
2021-06-28,671.0,,0.0,Neutral,0.2160157561302185,Positive
2021-06-27,672.0,,0.0,Neutral,0.0,Neutral
2021-06-24,676.0,,0.0,Neutral,0.0,Neutral
2021-06-23,677.0,,0.0,Neutral,0.0,Neutral
2021-06-22,691.0,,0.0,Neutral,0.0,Neutral
2021-06-21,674.0,,0.0,Neutral,0.0,Neutral
2021-06-20,695.0,,0.0,Neutral,0.0,Neutral
2021-06-17,719.0,,0.0,Neutral,0.0,Neutral
2021-06-16,715.0,,0.0,Neutral,0.0,Neutral
2021-06-15,725.0,,0.0,Neutral,0.0,Neutral
2021-06-14,743.0,2021-06-14,0.6951586504777273,Strongly Positive,0.6951586504777273,Strongly Positive
2021-06-13,752.0,,0.0,Neutral,0.34757932523886365,Positive
2021-06-10,719.0,,0.0,Neutral,0.17378966261943182,Slightly Positive
2021-06-09,708.0,,0.0,Neutral,0.0,Neutral
2021-06-08,713.0,,0.0,Neutral,0.0,Neutral
2021-06-07,708.0,,0.0,Neutral,0.0,Neutral
2021-06-06,706.0,,0.0,Neutral,0.0,Neutral
2021-06-03,715.0,,0.0,Neutral,0.0,Neutral
2021-06-02,725.0,,0.0,Neutral,0.0,Neutral
2021-06-01,707.0,,0.0,Neutral,0.0,Neutral
2021-05-31,715.0,,0.0,Neutral,0.0,Neutral
2021-05-30,745.0,,0.0,Neutral,0.0,Neutral
2021-05-27,751.0,2021-05-27,0.2186865657567978,Positive,0.2186865657567978,Positive
2021-05-25,705.0,2021-05-25,0.655621349811554,Strongly Positive,0.7649646326899529,Strongly Positive
2021-05-24,696.0,,0.0,Neutral,0.3824823163449764,Positive
2021-05-23,690.0,,0.0,Neutral,0.1639053374528885,Slightly Positive
2021-05-20,684.0,,0.0,Neutral,0.0,Neutral
2021-05-19,700.0,,0.0,Neutral,0.0,Neutral
2021-05-18,711.0,,0.0,Neutral,0.0,Neutral
2021-05-17,687.0,,0.0,Neutral,0.0,Neutral
2021-05-16,687.0,2021-05-16,0.8713140487670898,Strongly Positive,0.8713140487670898,Strongly Positive
2021-05-13,640.0,,0.0,Neutral,0.4356570243835449,Positive
2021-05-12,636.0,,0.0,Neutral,0.21782851219177246,Positive
2021-05-11,639.0,,0.0,Neutral,0.0,Neutral
2021-05-10,634.0,,0.0,Neutral,0.0,Neutral
2021-05-09,631.0,,0.0,Neutral,0.0,Neutral
2021-05-06,636.0,,0.0,Neutral,0.0,Neutral
2021-05-05,648.0,,0.0,Neutral,0.0,Neutral
2021-05-04,642.0,,0.0,Neutral,0.0,Neutral
2021-05-03,639.0,,0.0,Neutral,0.0,Neutral
2021-05-02,651.0,2021-05-02,0.1060797721147537,Slightly Positive,0.1060797721147537,Slightly Positive
2021-04-29,631.0,2021-04-29,-0.3356136381626129,Negative,-0.28257375210523605,Negative
2021-04-28,621.0,2021-04-28,0.0036563519388437,Neutral,-0.13763052411377433,Slightly Negative
2021-04-27,629.0,,0.0,Neutral,-0.08207523357123138,Slightly Negative
2021-04-26,610.0,,0.0,Neutral,0.000914087984710925,Neutral
2021-04-25,619.0,,0.0,Neutral,0.0,Neutral
2021-04-22,642.0,,0.0,Neutral,0.0,Neutral
2021-04-21,638.0,2021-04-21,-0.5364495515823364,Negative,-0.5364495515823364,Negative
2021-04-20,644.0,2021-04-20,-0.8707112669944763,Strongly Negative,-1.1389360427856445,Strongly Negative
2021-04-19,644.0,,0.0,Neutral,-0.5694680213928223,Negative
2021-04-18,644.0,2021-04-18,-0.4178709387779236,Negative,-0.6355487555265427,Strongly Negative
2021-04-15,655.0,,0.0,Neutral,-0.2089354693889618,Negative
2021-04-13,655.0,2021-04-13,-0.5402607917785645,Negative,-0.6447285264730453,Strongly Negative
2021-04-12,649.0,,0.0,Neutral,-0.2701303958892822,Negative
2021-04-08,670.0,,0.0,Neutral,-0.1350651979446411,Slightly Negative
2021-04-07,681.0,,0.0,Neutral,0.0,Neutral
2021-04-06,682.0,,0.0,Neutral,0.0,Neutral
2021-04-05,620.0,2021-04-05,-0.4910283088684082,Negative,-0.4910283088684082,Negative
2021-04-04,615.0,,0.0,Neutral,-0.2455141544342041,Negative
2021-04-01,590.0,2021-04-01,0.1322474330663681,Slightly Positive,0.009490355849266052,Neutral
2021-03-31,589.0,,0.0,Neutral,0.06612371653318405,Slightly Positive
2021-03-30,595.0,,0.0,Neutral,0.033061858266592026,Neutral
2021-03-29,570.0,2021-03-29,0.849197268486023,Strongly Positive,0.849197268486023,Strongly Positive
2021-03-25,570.0,,0.0,Neutral,0.4245986342430115,Positive
2021-03-24,587.0,2021-03-24,-0.4105883538722992,Negative,-0.19828903675079346,Slightly Negative
2021-03-23,593.0,2021-03-23,0.8062120676040649,Strongly Positive,0.6009178906679153,Strongly Positive
2021-03-22,569.0,2021-03-22,-0.3435660600662231,Negative,-0.04310711473226542,Neutral
2021-03-21,541.0,,0.0,Neutral,0.02976998686790469,Neutral
2021-03-18,543.0,,0.0,Neutral,-0.08589151501655577,Slightly Negative
2021-03-17,543.0,,0.0,Neutral,0.0,Neutral
2021-03-16,537.0,,0.0,Neutral,0.0,Neutral
2021-03-15,539.0,,0.0,Neutral,0.0,Neutral
2021-03-14,547.0,2021-03-14,0.3672319650650024,Positive,0.3672319650650024,Positive
2021-03-10,552.0,,0.0,Neutral,0.1836159825325012,Slightly Positive
2021-03-09,555.0,,0.0,Neutral,0.0918079912662506,Slightly Positive
2021-03-07,559.0,2021-03-07,0.8898645639419556,Strongly Positive,0.8898645639419556,Strongly Positive
2021-03-04,562.0,,0.0,Neutral,0.4449322819709778,Positive
2021-03-03,542.0,,0.0,Neutral,0.2224661409854889,Positive
2021-03-02,550.0,2021-03-02,-0.438233733177185,Negative,-0.438233733177185,Negative
2021-03-01,560.0,,0.0,Neutral,-0.2191168665885925,Negative
2021-02-28,558.0,,0.0,Neutral,-0.10955843329429625,Slightly Negative
2021-02-25,573.0,,0.0,Neutral,0.0,Neutral
2021-02-24,579.0,2021-02-24,-0.4131810963153839,Negative,-0.4131810963153839,Negative
2021-02-23,584.0,,0.0,Neutral,-0.20659054815769196,Negative
2021-02-22,584.0,,0.0,Neutral,-0.10329527407884598,Slightly Negative
2021-02-21,586.0,2021-02-21,-0.5976194143295288,Negative,-0.5976194143295288,Negative
2021-02-18,582.0,,0.0,Neutral,-0.2988097071647644,Negative
2021-02-17,582.0,,0.0,Neutral,-0.1494048535823822,Slightly Negative
2021-02-16,586.0,,0.0,Neutral,0.0,Neutral
2021-02-15,599.0,,0.0,Neutral,0.0,Neutral
2021-02-14,576.0,,0.0,Neutral,0.0,Neutral
2021-02-11,582.0,,0.0,Neutral,0.0,Neutral
2021-02-10,592.0,2021-02-10,0.4726470112800598,Positive,0.4726470112800598,Positive
2021-02-09,608.0,2021-02-09,-0.5642222166061401,Negative,-0.32789871096611023,Negative
2021-02-08,620.0,2021-02-08,-0.4620852768421173,Negative,-0.6260346323251724,Strongly Negative
2021-02-07,621.0,,0.0,Neutral,-0.3720981925725937,Negative
2021-02-04,590.0,2021-02-04,-0.4566866755485534,Negative,-0.5722079947590828,Negative
2021-02-03,585.0,,0.0,Neutral,-0.2283433377742767,Negative
2021-02-02,580.0,,0.0,Neutral,-0.11417166888713835,Slightly Negative
2021-02-01,576.0,,0.0,Neutral,0.0,Neutral
2021-01-31,569.0,2021-01-31,0.0300732478499412,Neutral,0.0300732478499412,Neutral
2021-01-28,581.0,2021-01-28,0.7391324043273926,Strongly Positive,0.7541690282523632,Strongly Positive
2021-01-27,587.0,2021-01-27,0.9172951579093932,Strongly Positive,1.294379672035575,Strongly Positive
2021-01-26,592.0,2021-01-26,-0.5346378684043884,Negative,0.10879281163215632,Slightly Positive
2021-01-25,593.0,,0.0,Neutral,-0.037995144724845914,Neutral
2021-01-24,592.0,,0.0,Neutral,-0.1336594671010971,Slightly Negative
2021-01-21,593.0,2021-01-21,-0.8496271967887878,Strongly Negative,-0.8496271967887878,Strongly Negative
2021-01-20,588.0,,0.0,Neutral,-0.4248135983943939,Negative
2021-01-19,573.0,,0.0,Neutral,-0.21240679919719696,Negative
2021-01-18,581.0,,0.0,Neutral,0.0,Neutral
2021-01-17,589.0,2021-01-17,0.3041101396083832,Positive,0.3041101396083832,Positive
2021-01-13,592.0,2021-01-13,0.4864499568939209,Positive,0.6385050266981125,Strongly Positive
2021-01-12,591.0,,0.0,Neutral,0.31925251334905624,Positive
2021-01-11,592.0,2021-01-11,-0.3791023790836334,Negative,-0.2574898898601532,Negative
2021-01-10,589.0,2021-01-10,-0.4561843276023865,Negative,-0.6457355171442032,Strongly Negative
2021-01-07,560.0,2021-01-07,0.698971003293991,Strongly Positive,0.3761032447218894,Positive
2021-01-06,535.0,,0.0,Neutral,0.23543941974639887,Positive
2021-01-05,542.0,,0.0,Neutral,0.17474275082349774,Slightly Positive
2021-01-04,535.0,,0.0,Neutral,0.0,Neutral
2021-01-03,526.0,2021-01-03,-0.3271416127681732,Negative,-0.3271416127681732,Negative
2020-12-31,498.0,,0.0,Neutral,-0.1635708063840866,Slightly Negative
2020-12-30,492.0,2020-12-30,-0.4411584436893463,Negative,-0.5229438468813896,Negative
2020-12-29,495.0,,0.0,Neutral,-0.22057922184467316,Negative
2020-12-28,500.0,,0.0,Neutral,-0.11028961092233658,Slightly Negative
2020-12-27,497.0,,0.0,Neutral,0.0,Neutral
2020-12-24,505.0,2020-12-24,0.512558102607727,Positive,0.512558102607727,Positive
2020-12-23,509.0,,0.0,Neutral,0.2562790513038635,Positive
2020-12-22,517.0,,0.0,Neutral,0.12813952565193176,Slightly Positive
2020-12-21,500.0,2020-12-21,-0.5311627984046936,Negative,-0.5311627984046936,Negative
2020-12-20,495.0,,0.0,Neutral,-0.2655813992023468,Negative
2020-12-17,528.0,2020-12-17,0.6602139472961426,Strongly Positive,0.5274232476949692,Positive
2020-12-16,525.0,2020-12-16,0.6675947904586792,Strongly Positive,0.9977017641067505,Strongly Positive
2020-12-15,541.0,,0.0,Neutral,0.49885088205337524,Positive
2020-12-14,558.0,,0.0,Neutral,0.1668986976146698,Slightly Positive
2020-12-13,627.0,,0.0,Neutral,0.0,Neutral
2020-12-10,622.0,,0.0,Neutral,0.0,Neutral
2020-12-09,627.0,2020-12-09,0.1103778183460235,Slightly Positive,0.1103778183460235,Slightly Positive
2020-12-08,650.0,,0.0,Neutral,0.05518890917301175,Slightly Positive
2020-12-07,641.0,2020-12-07,0.6842315196990967,Strongly Positive,0.7118259742856026,Strongly Positive
2020-12-06,610.0,,0.0,Neutral,0.34211575984954834,Positive
2020-12-03,655.0,,0.0,Neutral,0.17105787992477417,Slightly Positive
2020-12-02,669.0,,0.0,Neutral,0.0,Neutral
2020-12-01,609.0,,0.0,Neutral,0.0,Neutral
2020-11-30,620.0,,0.0,Neutral,0.0,Neutral
2020-11-29,601.0,,0.0,Neutral,0.0,Neutral
2020-11-26,565.0,,0.0,Neutral,0.0,Neutral
2020-11-25,536.0,2020-11-25,0.8829460740089417,Strongly Positive,0.8829460740089417,Strongly Positive
2020-11-24,515.0,,0.0,Neutral,0.4414730370044708,Positive
2020-11-23,515.0,,0.0,Neutral,0.2207365185022354,Positive
2020-11-22,523.0,,0.0,Neutral,0.0,Neutral
2020-11-19,525.0,,0.0,Neutral,0.0,Neutral
2020-11-18,517.0,2020-11-18,0.1508250832557678,Slightly Positive,0.1508250832557678,Slightly Positive
2020-11-12,519.0,,0.0,Neutral,0.0754125416278839,Slightly Positive
2020-11-11,519.0,,0.0,Neutral,0.03770627081394195,Neutral
2020-11-10,517.0,2020-11-10,0.0448877215385437,Neutral,0.0448877215385437,Neutral
2020-11-09,516.0,,0.0,Neutral,0.02244386076927185,Neutral
2020-11-08,517.0,,0.0,Neutral,0.011221930384635925,Neutral
2020-11-05,514.0,2020-11-05,0.9027197360992432,Strongly Positive,0.9027197360992432,Strongly Positive
2020-11-04,516.0,,0.0,Neutral,0.4513598680496216,Positive
2020-11-03,514.0,,0.0,Neutral,0.2256799340248108,Positive
2020-11-02,513.0,,0.0,Neutral,0.0,Neutral
2020-11-01,514.0,,0.0,Neutral,0.0,Neutral
2020-10-29,513.0,,0.0,Neutral,0.0,Neutral
2020-10-28,519.0,,0.0,Neutral,0.0,Neutral
2020-10-22,519.0,,0.0,Neutral,0.0,Neutral
2020-10-21,520.0,2020-10-21,0.8985637426376343,Strongly Positive,0.8985637426376343,Strongly Positive
2020-10-20,524.0,,0.0,Neutral,0.44928187131881714,Positive
2020-10-19,525.0,2020-10-19,0.906398057937622,Strongly Positive,1.1310389935970306,Strongly Positive
2020-10-18,509.0,2020-10-18,0.8729951977729797,Strongly Positive,1.3261942267417908,Strongly Positive
2020-10-15,501.0,2020-10-15,0.6376285552978516,Strongly Positive,1.300725668668747,Strongly Positive
2020-10-14,502.0,,0.0,Neutral,0.5370630770921707,Positive
2020-10-13,500.0,,0.0,Neutral,0.1594071388244629,Slightly Positive
2020-10-12,507.0,,0.0,Neutral,0.0,Neutral
2020-10-11,511.0,,0.0,Neutral,0.0,Neutral
2020-10-08,519.0,,0.0,Neutral,0.0,Neutral
2020-10-07,523.0,,0.0,Neutral,0.0,Neutral
2020-10-06,518.0,,0.0,Neutral,0.0,Neutral
2020-10-05,510.0,,0.0,Neutral,0.0,Neutral
2020-10-04,508.0,,0.0,Neutral,0.0,Neutral
2020-10-01,510.0,,0.0,Neutral,0.0,Neutral
2020-09-30,510.0,,0.0,Neutral,0.0,Neutral
2020-09-29,511.0,,0.0,Neutral,0.0,Neutral
2020-09-28,517.0,,0.0,Neutral,0.0,Neutral
2020-09-27,510.0,,0.0,Neutral,0.0,Neutral
2020-09-24,515.0,,0.0,Neutral,0.0,Neutral
2020-09-23,510.0,,0.0,Neutral,0.0,Neutral
2020-09-22,502.0,,0.0,Neutral,0.0,Neutral
2020-09-21,515.0,,0.0,Neutral,0.0,Neutral
2020-09-20,518.0,,0.0,Neutral,0.0,Neutral
2020-09-17,521.0,,0.0,Neutral,0.0,Neutral
2020-09-16,491.0,2020-09-16,0.859821081161499,Strongly Positive,0.859821081161499,Strongly Positive
2020-09-15,479.0,2020-09-15,0.88677579164505,Strongly Positive,1.3166863322257996,Strongly Positive
2020-09-14,481.0,,0.0,Neutral,0.6583431661128998,Strongly Positive
2020-09-13,488.0,,0.0,Neutral,0.2216939479112625,Positive
2020-09-10,466.0,,0.0,Neutral,0.0,Neutral
2020-09-09,466.0,,0.0,Neutral,0.0,Neutral
2020-09-08,465.0,,0.0,Neutral,0.0,Neutral
2020-09-07,435.0,,0.0,Neutral,0.0,Neutral
2020-09-06,428.0,,0.0,Neutral,0.0,Neutral
2020-09-03,438.0,,0.0,Neutral,0.0,Neutral
2020-09-02,452.0,,0.0,Neutral,0.0,Neutral
2020-08-31,411.0,,0.0,Neutral,0.0,Neutral
2020-08-30,403.0,,0.0,Neutral,0.0,Neutral
2020-08-27,401.0,,0.0,Neutral,0.0,Neutral
2020-08-26,400.0,2020-08-26,0.4787486214190721,Positive,0.4787486214190721,Positive
2020-08-25,395.0,,0.0,Neutral,0.23937431070953605,Positive
2020-08-24,395.0,,0.0,Neutral,0.11968715535476802,Slightly Positive
2020-08-23,391.0,,0.0,Neutral,0.0,Neutral
2020-08-20,393.0,2020-08-20,0.3619968295097351,Positive,0.3619968295097351,Positive
2020-08-19,384.0,,0.0,Neutral,0.18099841475486755,Slightly Positive
2020-08-18,390.0,,0.0,Neutral,0.09049920737743378,Slightly Positive
2020-08-17,388.0,,0.0,Neutral,0.0,Neutral
2020-08-16,386.0,2020-08-16,0.0681280344724655,Slightly Positive,0.0681280344724655,Slightly Positive
2020-08-13,389.0,2020-08-13,-0.0032728966325521,Neutral,0.030791120603680652,Neutral
2020-08-12,399.0,,0.0,Neutral,0.015395560301840326,Neutral
2020-08-11,400.0,,0.0,Neutral,-0.000818224158138025,Neutral
2020-08-10,409.0,,0.0,Neutral,0.0,Neutral
2020-08-09,389.0,,0.0,Neutral,0.0,Neutral
2020-08-06,385.0,,0.0,Neutral,0.0,Neutral
2020-08-05,384.0,,0.0,Neutral,0.0,Neutral
2020-08-03,382.0,,0.0,Neutral,0.0,Neutral
2020-08-02,387.0,,0.0,Neutral,0.0,Neutral
2020-07-30,395.0,,0.0,Neutral,0.0,Neutral
2020-07-29,400.0,2020-07-29,0.8600679636001587,Strongly Positive,0.8600679636001587,Strongly Positive
2020-07-28,404.0,,0.0,Neutral,0.43003398180007935,Positive
2020-07-27,408.0,,0.0,Neutral,0.21501699090003967,Positive
2020-07-26,407.0,,0.0,Neutral,0.0,Neutral
2020-07-23,404.0,,0.0,Neutral,0.0,Neutral
2020-07-22,400.0,2020-07-22,0.5365362167358398,Positive,0.5365362167358398,Positive
2020-07-21,408.0,,0.0,Neutral,0.2682681083679199,Positive
2020-07-20,416.0,,0.0,Neutral,0.13413405418395996,Slightly Positive
2020-07-19,436.0,,0.0,Neutral,0.0,Neutral
2020-07-16,404.0,,0.0,Neutral,0.0,Neutral
2020-07-15,398.0,,0.0,Neutral,0.0,Neutral
2020-07-14,393.0,,0.0,Neutral,0.0,Neutral
2020-07-13,382.0,,0.0,Neutral,0.0,Neutral
2020-07-12,391.0,,0.0,Neutral,0.0,Neutral
2020-07-09,392.0,2020-07-09,0.8973246514797211,Strongly Positive,0.8973246514797211,Strongly Positive
2020-07-08,380.0,,0.0,Neutral,0.44866232573986053,Positive
2020-07-07,379.0,,0.0,Neutral,0.22433116286993027,Positive
2020-07-06,375.0,,0.0,Neutral,0.0,Neutral
2020-07-05,356.0,2020-07-05,0.2238288819789886,Positive,0.2238288819789886,Positive
2020-07-02,358.0,,0.0,Neutral,0.1119144409894943,Slightly Positive
2020-07-01,373.0,2020-07-01,-0.564888060092926,Negative,-0.5089308395981789,Negative
2020-06-30,368.0,2020-06-30,0.916642129421234,Strongly Positive,0.634198099374771,Strongly Positive
2020-06-29,348.0,,0.0,Neutral,0.3170990496873855,Positive
2020-05-13,351.0,,0.0,Neutral,0.2291605323553085,Positive
2020-05-12,361.0,,0.0,Neutral,0.0,Neutral
2020-03-22,368.0,2020-03-22,0.5310344099998474,Positive,0.5310344099998474,Positive
2020-03-19,377.0,,0.0,Neutral,0.2655172049999237,Positive
2020-03-18,374.0,,0.0,Neutral,0.13275860249996185,Slightly Positive
2020-03-17,375.0,2020-03-17,0.8020090460777283,Strongly Positive,0.8020090460777283,Strongly Positive
2020-03-16,380.0,2020-03-16,0.6043878793716431,Strongly Positive,1.0053924024105072,Strongly Positive
2020-03-15,378.0,2020-03-15,0.8521060943603516,Strongly Positive,1.3548022955656052,Strongly Positive
2020-03-12,399.0,,0.0,Neutral,0.5771500170230865,Positive
2020-03-11,417.0,2020-03-11,0.6391243934631348,Strongly Positive,0.8521509170532227,Strongly Positive
2020-03-10,389.0,2020-03-10,-0.6497147083282471,Strongly Negative,-0.3301525115966797,Negative
2020-03-05,409.0,2020-03-05,0.7326845228672028,Strongly Positive,0.5676082670688629,Positive
2020-03-04,420.0,2020-03-04,-0.0493215024471282,Neutral,0.15459208190441143,Slightly Positive
2020-03-03,430.0,2020-03-03,0.9211212992668152,Strongly Positive,1.0796316787600517,Strongly Positive
2020-03-02,423.0,2020-03-02,0.7860763669013977,Strongly Positive,1.2343066409230232,Strongly Positive
2020-03-01,446.0,,0.0,Neutral,0.6233185082674026,Strongly Positive
2020-02-27,465.0,2020-02-27,0.4762963950634002,Positive,0.6728154867887497,Strongly Positive
2020-02-26,472.0,2020-02-26,-0.5152184963226318,Negative,-0.2770702987909317,Negative
2020-02-25,466.0,2020-02-25,0.9188093543052672,Strongly Positive,0.7802742049098014,Strongly Positive
2020-02-24,446.0,2020-02-24,0.0043060332536697,Neutral,0.33490608632564534,Positive
2020-02-23,453.0,2020-02-23,0.0224795639514923,Neutral,0.25433491915464396,Positive
2020-02-20,430.0,2020-02-20,0.7416114807128906,Strongly Positive,0.7539277710020542,Strongly Positive
2020-02-19,428.0,2020-02-19,0.5676307678222656,Positive,0.944056399166584,Strongly Positive
2020-02-18,424.0,,0.0,Neutral,0.46921825408935547,Positive
2020-02-17,436.0,2020-02-17,0.7569572925567627,Strongly Positive,0.8988649845123291,Strongly Positive
2020-02-16,422.0,2020-02-16,0.3593215346336365,Positive,0.7378001809120178,Strongly Positive
2020-02-13,422.0,2020-02-13,-0.1728152632713318,Slightly Negative,0.19608482718467712,Slightly Positive
2020-02-12,422.0,,0.0,Neutral,0.003422752022743225,Neutral
2020-02-11,424.0,2020-02-11,-0.6466630697250366,Strongly Negative,-0.6898668855428696,Strongly Negative
2020-02-10,421.0,,0.0,Neutral,-0.3233315348625183,Negative
2020-02-09,429.0,,0.0,Neutral,-0.16166576743125916,Slightly Negative
2020-02-06,437.0,,0.0,Neutral,0.0,Neutral
2020-02-05,440.0,2020-02-05,0.879252552986145,Strongly Positive,0.879252552986145,Strongly Positive
2020-02-04,441.0,,0.0,Neutral,0.4396262764930725,Positive
2020-02-03,457.0,,0.0,Neutral,0.21981313824653625,Positive
2020-02-02,424.0,,0.0,Neutral,0.0,Neutral
2020-01-30,423.0,,0.0,Neutral,0.0,Neutral
2020-01-29,418.0,,0.0,Neutral,0.0,Neutral
2020-01-28,420.0,2020-01-28,0.283295214176178,Positive,0.283295214176178,Positive
2020-01-27,420.0,,0.0,Neutral,0.141647607088089,Slightly Positive
2020-01-26,408.0,2020-01-26,0.8893269896507263,Strongly Positive,0.9601507931947708,Strongly Positive
2020-01-23,420.0,,0.0,Neutral,0.44466349482536316,Positive
2020-01-22,429.0,,0.0,Neutral,0.22233174741268158,Positive
2020-01-21,427.0,,0.0,Neutral,0.0,Neutral
2020-01-20,427.0,2020-01-20,-0.2280759774148464,Negative,-0.2280759774148464,Negative
2020-01-19,450.0,,0.0,Neutral,-0.1140379887074232,Slightly Negative
2020-01-16,420.0,,0.0,Neutral,-0.0570189943537116,Slightly Negative
2020-01-15,420.0,,0.0,Neutral,0.0,Neutral
2020-01-14,425.0,2020-01-14,0.5020753741264343,Positive,0.5020753741264343,Positive
2020-01-13,418.0,,0.0,Neutral,0.25103768706321716,Positive
2020-01-12,392.0,,0.0,Neutral,0.12551884353160858,Slightly Positive
2020-01-09,372.0,,0.0,Neutral,0.0,Neutral
2020-01-08,373.0,,0.0,Neutral,0.0,Neutral
2020-01-07,371.0,,0.0,Neutral,0.0,Neutral
2020-01-06,364.0,,0.0,Neutral,0.0,Neutral
2020-01-05,366.0,2020-01-05,0.5616716295480728,Positive,0.5616716295480728,Positive
2020-01-02,359.0,,0.0,Neutral,0.2808358147740364,Positive
2020-01-01,357.0,,0.0,Neutral,0.1404179073870182,Slightly Positive
2019-12-31,360.0,,0.0,Neutral,0.0,Neutral
2019-12-30,353.0,2019-12-30,0.7870628833770752,Strongly Positive,0.7870628833770752,Strongly Positive
2019-12-29,356.0,,0.0,Neutral,0.3935314416885376,Positive
2019-12-26,361.0,2019-12-26,0.3885568231344224,Positive,0.5853225439786912,Positive
2019-12-25,359.0,,0.0,Neutral,0.1942784115672112,Slightly Positive
2019-12-24,360.0,,0.0,Neutral,0.0971392057836056,Slightly Positive
2019-12-23,358.0,,0.0,Neutral,0.0,Neutral
2019-12-22,360.0,,0.0,Neutral,0.0,Neutral
2019-12-19,358.0,,0.0,Neutral,0.0,Neutral
2019-12-18,357.0,,0.0,Neutral,0.0,Neutral
2019-12-17,360.0,,0.0,Neutral,0.0,Neutral
2019-12-16,358.0,,0.0,Neutral,0.0,Neutral
2019-12-15,356.0,,0.0,Neutral,0.0,Neutral
2019-12-12,363.0,,0.0,Neutral,0.0,Neutral
2019-12-11,358.0,,0.0,Neutral,0.0,Neutral
2019-12-10,358.0,,0.0,Neutral,0.0,Neutral
2019-12-09,360.0,,0.0,Neutral,0.0,Neutral
2019-12-08,354.0,,0.0,Neutral,0.0,Neutral
2019-12-05,359.0,,0.0,Neutral,0.0,Neutral
2019-12-04,355.0,,0.0,Neutral,0.0,Neutral
2019-12-03,357.0,2019-12-03,0.618488609790802,Strongly Positive,0.618488609790802,Strongly Positive
2019-12-02,355.0,2019-12-02,0.6570655703544617,Strongly Positive,0.9663098752498627,Strongly Positive
2019-12-01,356.0,,0.0,Neutral,0.48315493762493134,Positive
2019-11-28,355.0,,0.0,Neutral,0.16426639258861542,Slightly Positive
2019-11-27,357.0,,0.0,Neutral,0.0,Neutral
2019-11-26,357.0,,0.0,Neutral,0.0,Neutral
2019-11-25,352.0,,0.0,Neutral,0.0,Neutral
2019-11-24,350.0,2019-11-24,0.7399795055389404,Strongly Positive,0.7399795055389404,Strongly Positive
2019-11-21,353.0,,0.0,Neutral,0.3699897527694702,Positive
2019-11-20,350.0,,0.0,Neutral,0.1849948763847351,Slightly Positive
2019-11-19,355.0,2019-11-19,0.4210245609283447,Positive,0.4210245609283447,Positive
2019-11-18,351.0,,0.0,Neutral,0.21051228046417236,Positive
2019-11-17,355.0,,0.0,Neutral,0.10525614023208618,Slightly Positive
2019-11-14,372.0,,0.0,Neutral,0.0,Neutral
2019-11-13,373.0,,0.0,Neutral,0.0,Neutral
2019-11-12,451.0,,0.0,Neutral,0.0,Neutral
2019-11-11,453.0,,0.0,Neutral,0.0,Neutral
2019-11-10,445.0,2019-11-10,-0.0885843336582183,Slightly Negative,-0.0885843336582183,Slightly Negative
2019-11-07,448.0,,0.0,Neutral,-0.04429216682910915,Neutral
2019-11-06,451.0,,0.0,Neutral,-0.022146083414554575,Neutral
2019-11-05,458.0,,0.0,Neutral,0.0,Neutral
2019-11-04,460.0,2019-11-04,-0.9058239459991456,Strongly Negative,-0.9058239459991456,Strongly Negative
2019-11-03,433.0,,0.0,Neutral,-0.4529119729995728,Negative
2019-10-31,422.0,,0.0,Neutral,-0.2264559864997864,Negative
2019-10-24,417.0,,0.0,Neutral,0.0,Neutral
2019-10-23,423.0,,0.0,Neutral,0.0,Neutral
2019-10-22,415.0,,0.0,Neutral,0.0,Neutral
2019-10-21,418.0,2019-10-21,0.7867043614387512,Strongly Positive,0.7867043614387512,Strongly Positive
2019-10-17,423.0,,0.0,Neutral,0.3933521807193756,Positive
2019-10-16,419.0,,0.0,Neutral,0.1966760903596878,Slightly Positive
2019-10-15,419.0,,0.0,Neutral,0.0,Neutral
2019-10-14,421.0,,0.0,Neutral,0.0,Neutral
2019-10-10,425.0,,0.0,Neutral,0.0,Neutral
2019-10-03,422.0,2019-10-03,0.6210771203041077,Strongly Positive,0.6210771203041077,Strongly Positive
2019-10-02,419.0,,0.0,Neutral,0.31053856015205383,Positive
2019-10-01,421.0,2019-10-01,-0.3024523556232452,Negative,-0.14718307554721827,Slightly Negative
2019-09-30,417.0,,0.0,Neutral,-0.1512261778116226,Slightly Negative
2019-09-29,412.0,2019-09-29,0.8132269978523254,Strongly Positive,0.7376139089465141,Strongly Positive
2019-09-26,411.0,2019-09-26,0.5172597169876099,Positive,0.9238732159137726,Strongly Positive
2019-09-25,413.0,,0.0,Neutral,0.4619366079568863,Positive
2019-09-24,414.0,2019-09-24,-0.0042473077774047,Neutral,0.12506762146949776,Slightly Positive
2019-09-23,417.0,,0.0,Neutral,-0.00212365388870235,Neutral
2019-09-22,419.0,,0.0,Neutral,-0.001061826944351175,Neutral
2019-09-19,426.0,,0.0,Neutral,0.0,Neutral
2019-09-18,431.0,,0.0,Neutral,0.0,Neutral
2019-09-17,423.0,2019-09-17,0.4095453321933746,Positive,0.4095453321933746,Positive
2019-09-16,420.0,2019-09-16,0.4361126124858857,Positive,0.6408852785825729,Strongly Positive
2019-09-15,430.0,2019-09-15,0.6814584136009216,Strongly Positive,1.001901052892208,Strongly Positive
2019-09-12,438.0,,0.0,Neutral,0.4497573599219322,Positive
2019-09-11,437.0,2019-09-11,0.869890034198761,Strongly Positive,1.0402546375989914,Strongly Positive
2019-09-10,436.0,,0.0,Neutral,0.4349450170993805,Positive
2019-09-09,437.0,,0.0,Neutral,0.21747250854969025,Positive
2019-09-08,440.0,2019-09-08,0.7852203249931335,Strongly Positive,0.7852203249931335,Strongly Positive
2019-09-05,446.0,,0.0,Neutral,0.3926101624965668,Positive
2019-09-04,445.0,2019-09-04,0.4178094565868377,Positive,0.6141145378351212,Strongly Positive
2019-09-03,442.0,,0.0,Neutral,0.20890472829341886,Positive
2019-09-02,430.0,2019-09-02,0.521414041519165,Positive,0.6258664056658745,Strongly Positive
2019-09-01,436.0,,0.0,Neutral,0.2607070207595825,Positive
2019-08-29,441.0,,0.0,Neutral,0.13035351037979126,Slightly Positive
2019-08-28,441.0,,0.0,Neutral,0.0,Neutral
2019-08-27,446.0,2019-08-27,0.3579877018928528,Positive,0.3579877018928528,Positive
2019-08-26,446.0,2019-08-26,0.7882136106491089,Strongly Positive,0.9672074615955353,Strongly Positive
2019-08-25,443.0,,0.0,Neutral,0.48360373079776764,Positive
2019-08-22,447.0,,0.0,Neutral,0.19705340266227722,Slightly Positive
2019-08-21,450.0,,0.0,Neutral,0.0,Neutral
2019-08-20,450.0,,0.0,Neutral,0.0,Neutral
2019-08-19,449.0,2019-08-19,0.8192152976989746,Strongly Positive,0.8192152976989746,Strongly Positive
2019-08-18,458.0,,0.0,Neutral,0.4096076488494873,Positive
2019-08-15,472.0,,0.0,Neutral,0.20480382442474365,Positive
2019-08-14,477.0,2019-08-14,0.8356881737709045,Strongly Positive,0.8356881737709045,Strongly Positive
2019-08-13,482.0,2019-08-13,0.6991210579872131,Strongly Positive,1.1169651448726654,Strongly Positive
2019-08-12,480.0,,0.0,Neutral,0.5584825724363327,Positive
2019-08-11,482.0,,0.0,Neutral,0.17478026449680328,Slightly Positive
2019-08-08,490.0,,0.0,Neutral,0.0,Neutral
2019-08-07,508.0,2019-08-07,-0.4570404589176178,Negative,-0.4570404589176178,Negative
2019-08-06,509.0,,0.0,Neutral,-0.2285202294588089,Negative
2019-08-05,510.0,,0.0,Neutral,-0.11426011472940445,Slightly Negative
2019-08-04,510.0,,0.0,Neutral,0.0,Neutral
2019-08-01,514.0,,0.0,Neutral,0.0,Neutral
2019-07-31,510.0,2019-07-31,-0.4471966624259949,Negative,-0.4471966624259949,Negative
2019-07-30,511.0,,0.0,Neutral,-0.22359833121299744,Negative
2019-07-29,510.0,2019-07-29,0.5511285066604614,Positive,0.4393293410539627,Positive
2019-07-28,512.0,,0.0,Neutral,0.2755642533302307,Positive
2019-07-25,511.0,,0.0,Neutral,0.13778212666511536,Slightly Positive
2019-07-24,518.0,2019-07-24,0.8770189881324768,Strongly Positive,0.8770189881324768,Strongly Positive
2019-07-23,514.0,,0.0,Neutral,0.4385094940662384,Positive
2019-07-22,516.0,,0.0,Neutral,0.2192547470331192,Positive
2019-07-21,518.0,2019-07-21,0.1339715123176574,Slightly Positive,0.1339715123176574,Slightly Positive
2019-07-18,517.0,,0.0,Neutral,0.0669857561588287,Slightly Positive
2019-07-17,521.0,2019-07-17,0.8922961354255676,Strongly Positive,0.925789013504982,Strongly Positive
2019-07-16,521.0,,0.0,Neutral,0.4461480677127838,Positive
2019-07-15,519.0,,0.0,Neutral,0.2230740338563919,Positive
2019-07-14,514.0,,0.0,Neutral,0.0,Neutral
2019-07-11,516.0,,0.0,Neutral,0.0,Neutral
2019-07-10,509.0,2019-07-10,-0.4849487543106079,Negative,-0.4849487543106079,Negative
2019-07-09,514.0,,0.0,Neutral,-0.24247437715530396,Negative
2019-07-08,514.0,2019-07-08,0.8237234354019165,Strongly Positive,0.7024862468242645,Strongly Positive
2019-07-07,510.0,2019-07-07,0.8937943577766418,Strongly Positive,1.3056560754776,Strongly Positive
2019-07-04,511.0,2019-07-04,0.6093844771385193,Strongly Positive,1.2622125148773193,Strongly Positive
2019-07-03,514.0,,0.0,Neutral,0.5281408280134201,Positive
2019-07-02,507.0,2019-07-02,-0.2368516623973846,Negative,-0.08450554311275477,Slightly Negative
2019-07-01,503.0,2019-07-01,-0.4330974519252777,Negative,-0.55152328312397,Negative
2019-06-30,504.0,,0.0,Neutral,-0.275761641561985,Negative
2019-06-27,508.0,,0.0,Neutral,-0.10827436298131943,Slightly Negative
2019-06-26,512.0,,0.0,Neutral,0.0,Neutral
2019-06-25,518.0,,0.0,Neutral,0.0,Neutral
2019-06-24,514.0,,0.0,Neutral,0.0,Neutral
2019-06-23,511.0,,0.0,Neutral,0.0,Neutral
2019-06-20,511.0,,0.0,Neutral,0.0,Neutral
2019-06-19,514.0,,0.0,Neutral,0.0,Neutral
2019-06-18,515.0,,0.0,Neutral,0.0,Neutral
2019-06-17,511.0,2019-06-17,-0.6195419430732727,Strongly Negative,-0.6195419430732727,Strongly Negative
2019-06-16,513.0,2019-06-16,0.0492241531610489,Neutral,-0.26054681837558746,Negative
2019-06-13,517.0,,0.0,Neutral,-0.13027340918779373,Slightly Negative
2019-06-12,515.0,,0.0,Neutral,0.012306038290262226,Neutral
2019-06-11,518.0,,0.0,Neutral,0.0,Neutral
2019-06-10,520.0,,0.0,Neutral,0.0,Neutral
2019-06-06,522.0,,0.0,Neutral,0.0,Neutral
2019-06-04,521.0,,0.0,Neutral,0.0,Neutral
2019-06-03,522.0,,0.0,Neutral,0.0,Neutral
2019-06-02,523.0,,0.0,Neutral,0.0,Neutral
2019-05-30,532.0,,0.0,Neutral,0.0,Neutral
2019-05-29,531.0,2019-05-29,0.3382772803306579,Positive,0.3382772803306579,Positive
2019-05-28,530.0,,0.0,Neutral,0.16913864016532895,Slightly Positive
2019-05-27,535.0,,0.0,Neutral,0.08456932008266448,Slightly Positive
2019-05-26,532.0,,0.0,Neutral,0.0,Neutral
2019-05-23,539.0,,0.0,Neutral,0.0,Neutral
2019-05-22,554.0,2019-05-22,0.9192432165145874,Strongly Positive,0.9192432165145874,Strongly Positive
2019-05-21,538.0,,0.0,Neutral,0.4596216082572937,Positive
2019-05-20,525.0,,0.0,Neutral,0.22981080412864685,Positive
2019-05-19,525.0,,0.0,Neutral,0.0,Neutral
2019-05-16,523.0,2019-05-16,0.6019901037216187,Strongly Positive,0.6019901037216187,Strongly Positive
2019-05-15,529.0,,0.0,Neutral,0.3009950518608093,Positive
2019-05-14,530.0,2019-05-14,-0.1161871999502182,Slightly Negative,0.03431032598018646,Neutral
2019-05-13,537.0,,0.0,Neutral,-0.0580935999751091,Slightly Negative
2019-05-12,525.0,,0.0,Neutral,-0.02904679998755455,Neutral
2019-05-09,530.0,,0.0,Neutral,0.0,Neutral
2019-05-08,529.0,,0.0,Neutral,0.0,Neutral
2019-05-07,534.0,,0.0,Neutral,0.0,Neutral
2019-05-06,536.0,,0.0,Neutral,0.0,Neutral
2019-05-05,533.0,,0.0,Neutral,0.0,Neutral
2019-05-02,577.0,,0.0,Neutral,0.0,Neutral
2019-04-30,573.0,,0.0,Neutral,0.0,Neutral
2019-04-29,549.0,2019-04-29,0.6715145111083984,Strongly Positive,0.6715145111083984,Strongly Positive
2019-04-28,549.0,,0.0,Neutral,0.3357572555541992,Positive
2019-04-25,511.0,,0.0,Neutral,0.1678786277770996,Slightly Positive
2019-04-24,508.0,2019-04-24,-0.2091304957866668,Negative,-0.2091304957866668,Negative
2019-04-23,515.0,,0.0,Neutral,-0.1045652478933334,Slightly Negative
2019-04-22,518.0,2019-04-22,0.7112140357494354,Strongly Positive,0.6589314118027687,Strongly Positive
2019-04-21,516.0,2019-04-21,0.2224275916814804,Positive,0.5780346095561981,Positive
2019-04-18,507.0,,0.0,Neutral,0.28901730477809906,Positive
2019-04-17,506.0,,0.0,Neutral,0.0556068979203701,Slightly Positive
2019-04-16,510.0,2019-04-16,0.7619708776473999,Strongly Positive,0.7619708776473999,Strongly Positive
2019-04-15,505.0,,0.0,Neutral,0.38098543882369995,Positive
2019-04-11,505.0,2019-04-11,0.5554110407829285,Positive,0.7459037601947784,Strongly Positive
2019-04-10,503.0,2019-04-10,0.8950625061988831,Strongly Positive,1.1727680265903473,Strongly Positive
2019-04-09,505.0,2019-04-09,0.8805367946624756,Strongly Positive,1.4669208079576492,Strongly Positive
2019-04-08,505.0,,0.0,Neutral,0.6640340238809586,Strongly Positive
2019-04-07,502.0,,0.0,Neutral,0.2201341986656189,Positive
2019-04-04,502.0,,0.0,Neutral,0.0,Neutral
2019-04-03,504.0,2019-04-03,0.8603233098983765,Strongly Positive,0.8603233098983765,Strongly Positive
2019-04-02,504.0,,0.0,Neutral,0.43016165494918823,Positive
2019-04-01,502.0,2019-04-01,0.6460291147232056,Strongly Positive,0.8611099421977997,Strongly Positive
2019-03-31,502.0,,0.0,Neutral,0.3230145573616028,Positive
2019-03-28,503.0,,0.0,Neutral,0.1615072786808014,Slightly Positive
2019-03-27,504.0,,0.0,Neutral,0.0,Neutral
2019-03-26,504.0,2019-03-26,0.5928543210029602,Positive,0.5928543210029602,Positive
2019-03-25,504.0,,0.0,Neutral,0.2964271605014801,Positive
2019-03-24,510.0,,0.0,Neutral,0.14821358025074005,Slightly Positive
2019-03-21,503.0,,0.0,Neutral,0.0,Neutral
2019-03-19,505.0,2019-03-19,0.4687463641166687,Positive,0.4687463641166687,Positive
2019-03-18,508.0,,0.0,Neutral,0.23437318205833435,Positive
2019-03-17,515.0,,0.0,Neutral,0.11718659102916718,Slightly Positive
2019-03-14,517.0,,0.0,Neutral,0.0,Neutral
2019-03-13,513.0,,0.0,Neutral,0.0,Neutral
2019-03-12,526.0,,0.0,Neutral,0.0,Neutral
2019-03-11,518.0,2019-03-11,-0.5805007219314575,Negative,-0.5805007219314575,Negative
2019-03-10,504.0,,0.0,Neutral,-0.29025036096572876,Negative
2019-03-07,507.0,2019-03-07,0.8529539108276367,Strongly Positive,0.7078287303447723,Strongly Positive
2019-03-06,503.0,,0.0,Neutral,0.42647695541381836,Positive
2019-03-05,501.0,2019-03-05,-0.6652853488922119,Strongly Negative,-0.45204687118530273,Negative
2019-03-03,500.0,,0.0,Neutral,-0.33264267444610596,Negative
2019-02-27,500.0,,0.0,Neutral,-0.16632133722305298,Slightly Negative
2019-02-26,501.0,,0.0,Neutral,0.0,Neutral
2019-02-25,502.0,,0.0,Neutral,0.0,Neutral
2019-02-24,501.0,,0.0,Neutral,0.0,Neutral
2019-02-21,505.0,,0.0,Neutral,0.0,Neutral
2019-02-20,506.0,2019-02-20,-0.000268280506134,Neutral,-0.000268280506134,Neutral
2019-02-19,509.0,,0.0,Neutral,-0.000134140253067,Neutral
2019-02-18,505.0,2019-02-18,0.5097264647483826,Positive,0.5096593946218491,Positive
2019-02-17,505.0,,0.0,Neutral,0.2548632323741913,Positive
2019-02-14,506.0,,0.0,Neutral,0.12743161618709564,Slightly Positive
2019-02-13,505.0,,0.0,Neutral,0.0,Neutral
2019-02-12,510.0,,0.0,Neutral,0.0,Neutral
2019-02-11,506.0,,0.0,Neutral,0.0,Neutral
2019-02-10,505.0,,0.0,Neutral,0.0,Neutral
2019-02-07,515.0,,0.0,Neutral,0.0,Neutral
2019-02-06,511.0,,0.0,Neutral,0.0,Neutral
2019-02-05,514.0,,0.0,Neutral,0.0,Neutral
2019-02-04,510.0,2019-02-04,-0.7323634028434753,Strongly Negative,-0.7323634028434753,Strongly Negative
2019-02-03,516.0,2019-02-03,0.4023022949695587,Positive,0.036120593547821045,Neutral
2019-01-31,524.0,,0.0,Neutral,0.018060296773910522,Neutral
2019-01-30,529.0,2019-01-30,0.127448558807373,Slightly Positive,0.22802413254976267,Positive
2019-01-29,530.0,,0.0,Neutral,0.0637242794036865,Slightly Positive
2019-01-28,531.0,,0.0,Neutral,0.03186213970184325,Neutral
2019-01-27,532.0,,0.0,Neutral,0.0,Neutral
2019-01-24,533.0,2019-01-24,0.6918145418167114,Strongly Positive,0.6918145418167114,Strongly Positive
2019-01-23,537.0,,0.0,Neutral,0.3459072709083557,Positive
2019-01-22,532.0,,0.0,Neutral,0.17295363545417786,Slightly Positive
2019-01-21,532.0,2019-01-21,0.4966762065887451,Positive,0.4966762065887451,Positive
2019-01-20,535.0,2019-01-20,0.7727754712104797,Strongly Positive,1.0211135745048523,Strongly Positive
2019-01-17,540.0,,0.0,Neutral,0.5105567872524261,Positive
2019-01-16,541.0,,0.0,Neutral,0.19319386780261993,Slightly Positive
2019-01-15,545.0,2019-01-15,0.519601047039032,Positive,0.519601047039032,Positive
2019-01-14,544.0,2019-01-14,0.9134968519210817,Strongly Positive,1.1732973754405975,Strongly Positive
2019-01-13,540.0,,0.0,Neutral,0.5866486877202988,Positive
2019-01-10,545.0,,0.0,Neutral,0.2283742129802704,Positive
2019-01-09,545.0,2019-01-09,0.7550469636917114,Strongly Positive,0.7550469636917114,Strongly Positive
2019-01-08,549.0,2019-01-08,0.7743663191795349,Strongly Positive,1.1518898010253906,Strongly Positive
2019-01-07,550.0,2019-01-07,0.7200121879577637,Strongly Positive,1.295957088470459,Strongly Positive
2019-01-06,545.0,2019-01-06,0.5872798562049866,Positive,1.1408775299787521,Strongly Positive
2019-01-03,555.0,,0.0,Neutral,0.4736429750919342,Positive
2019-01-02,676.0,2019-01-02,-0.4312562644481659,Negative,-0.28443630039691925,Negative
2019-01-01,685.0,2019-01-01,0.5289696455001831,Positive,0.31334151327610016,Positive
2018-12-31,685.0,2018-12-31,0.8081836700439453,Strongly Positive,0.9648544266819954,Strongly Positive
2018-12-30,680.0,2018-12-30,0.8666418790817261,Strongly Positive,1.4029761254787445,Strongly Positive
2018-12-27,680.0,2018-12-27,0.8413619995117188,Strongly Positive,1.4767288565635681,Strongly Positive
2018-12-26,680.0,2018-12-26,0.5205397605895996,Positive,1.1578812301158905,Strongly Positive
2018-12-25,671.0,,0.0,Neutral,0.4706103801727295,Positive
2018-12-24,673.0,2018-12-24,0.912123441696167,Strongly Positive,1.042258381843567,Strongly Positive
2018-12-23,671.0,,0.0,Neutral,0.4560617208480835,Positive
2018-12-20,663.0,2018-12-20,-0.2122925519943237,Negative,0.015738308429718045,Neutral
2018-12-19,654.0,2018-12-19,-0.3084029853343963,Negative,-0.41454926133155817,Negative
2018-12-18,659.0,,0.0,Neutral,-0.20727463066577909,Negative
2018-12-17,660.0,,0.0,Neutral,-0.07710074633359908,Slightly Negative
2018-12-16,659.0,2018-12-16,0.7137515544891357,Strongly Positive,0.7137515544891357,Strongly Positive
2018-12-13,651.0,2018-12-13,-0.1332300901412964,Slightly Negative,0.22364568710327148,Positive
2018-12-12,649.0,,0.0,Neutral,0.11182284355163574,Slightly Positive
2018-12-11,608.0,2018-12-11,0.8785602450370789,Strongly Positive,0.8452527225017548,Strongly Positive
2018-12-10,608.0,2018-12-10,0.7846078276634216,Strongly Positive,1.223887950181961,Strongly Positive
2018-12-09,610.0,,0.0,Neutral,0.6119439750909805,Strongly Positive
2018-12-06,600.0,,0.0,Neutral,0.1961519569158554,Slightly Positive
2018-12-05,613.0,,0.0,Neutral,0.0,Neutral
2018-12-04,625.0,2018-12-04,0.033573567867279,Neutral,0.033573567867279,Neutral
2018-12-03,622.0,,0.0,Neutral,0.0167867839336395,Neutral
2018-12-02,621.0,2018-12-02,0.0572157725691795,Slightly Positive,0.06560916453599924,Slightly Positive
2018-11-29,639.0,2018-11-29,0.8101602792739868,Strongly Positive,0.8387681655585766,Strongly Positive
2018-11-28,636.0,,0.0,Neutral,0.4193840827792883,Positive
2018-11-27,642.0,,0.0,Neutral,0.2025400698184967,Positive
2018-11-26,640.0,,0.0,Neutral,0.0,Neutral
2018-11-25,640.0,,0.0,Neutral,0.0,Neutral
2018-11-22,652.0,,0.0,Neutral,0.0,Neutral
2018-11-21,654.0,,0.0,Neutral,0.0,Neutral
2018-11-20,665.0,,0.0,Neutral,0.0,Neutral
2018-11-19,663.0,2018-11-19,0.5714744180440903,Positive,0.5714744180440903,Positive
2018-11-18,677.0,,0.0,Neutral,0.28573720902204514,Positive
2018-11-15,683.0,,0.0,Neutral,0.14286860451102257,Slightly Positive
2018-11-14,688.0,,0.0,Neutral,0.0,Neutral
2018-11-13,691.0,2018-11-13,-0.1938473582267761,Slightly Negative,-0.1938473582267761,Slightly Negative
2018-11-12,680.0,,0.0,Neutral,-0.09692367911338805,Slightly Negative
2018-11-11,691.0,,0.0,Neutral,-0.048461839556694024,Neutral
2018-11-06,700.0,2018-11-06,-0.1830361932516098,Slightly Negative,-0.1830361932516098,Slightly Negative
2018-11-05,703.0,,0.0,Neutral,-0.0915180966258049,Slightly Negative
2018-11-04,697.0,,0.0,Neutral,-0.04575904831290245,Neutral
2018-11-01,702.0,,0.0,Neutral,0.0,Neutral
2018-10-31,706.0,,0.0,Neutral,0.0,Neutral
2018-10-30,707.0,,0.0,Neutral,0.0,Neutral
2018-10-29,708.0,,0.0,Neutral,0.0,Neutral
2018-10-28,715.0,,0.0,Neutral,0.0,Neutral
2018-10-25,719.0,,0.0,Neutral,0.0,Neutral
2018-10-24,727.0,,0.0,Neutral,0.0,Neutral
2018-10-23,719.0,,0.0,Neutral,0.0,Neutral
2018-10-22,720.0,,0.0,Neutral,0.0,Neutral
2018-10-21,715.0,,0.0,Neutral,0.0,Neutral
2018-10-15,720.0,2018-10-15,-0.192320704460144,Slightly Negative,-0.192320704460144,Slightly Negative
2018-10-14,720.0,,0.0,Neutral,-0.096160352230072,Slightly Negative
2018-10-11,723.0,,0.0,Neutral,-0.048080176115036,Neutral
2018-10-10,716.0,2018-10-10,-0.1620651185512542,Slightly Negative,-0.1620651185512542,Slightly Negative
2018-10-09,715.0,,0.0,Neutral,-0.0810325592756271,Slightly Negative
2018-10-08,723.0,,0.0,Neutral,-0.04051627963781355,Neutral
2018-10-07,721.0,,0.0,Neutral,0.0,Neutral
2018-10-04,720.0,,0.0,Neutral,0.0,Neutral
2018-10-03,719.0,,0.0,Neutral,0.0,Neutral
2018-10-02,725.0,,0.0,Neutral,0.0,Neutral
2018-10-01,725.0,,0.0,Neutral,0.0,Neutral
2018-09-30,730.0,,0.0,Neutral,0.0,Neutral
2018-09-27,727.0,,0.0,Neutral,0.0,Neutral
2018-09-26,740.0,,0.0,Neutral,0.0,Neutral
2018-09-25,740.0,,0.0,Neutral,0.0,Neutral
2018-09-23,733.0,2018-09-23,0.8959836959838867,Strongly Positive,0.8959836959838867,Strongly Positive
2018-09-20,730.0,,0.0,Neutral,0.44799184799194336,Positive
2018-09-18,734.0,2018-09-18,0.4713515937328338,Positive,0.6953475177288055,Strongly Positive
2018-09-17,722.0,,0.0,Neutral,0.2356757968664169,Positive
2018-09-16,723.0,2018-09-16,0.4487057030200958,Positive,0.5665436014533043,Positive
2018-09-13,725.0,,0.0,Neutral,0.2243528515100479,Positive
2018-09-12,722.0,,0.0,Neutral,0.11217642575502396,Slightly Positive
2018-09-11,721.0,,0.0,Neutral,0.0,Neutral
2018-09-10,721.0,,0.0,Neutral,0.0,Neutral
2018-09-09,730.0,,0.0,Neutral,0.0,Neutral
2018-09-06,736.0,,0.0,Neutral,0.0,Neutral
2018-09-05,739.0,,0.0,Neutral,0.0,Neutral
2018-09-04,719.0,,0.0,Neutral,0.0,Neutral
2018-09-03,722.0,,0.0,Neutral,0.0,Neutral
2018-09-02,713.0,2018-09-02,0.9213955402374268,Strongly Positive,0.9213955402374268,Strongly Positive
2018-08-30,711.0,,0.0,Neutral,0.4606977701187134,Positive
2018-08-29,710.0,,0.0,Neutral,0.2303488850593567,Positive
2018-08-28,714.0,2018-08-28,0.8678902387619019,Strongly Positive,0.8678902387619019,Strongly Positive
2018-08-26,713.0,2018-08-26,0.908364236354828,Strongly Positive,1.3423093557357788,Strongly Positive
2018-08-23,715.0,2018-08-23,0.9118733406066896,Strongly Positive,1.583028018474579,Strongly Positive
2018-08-22,728.0,2018-08-22,0.9089189767837524,Strongly Positive,1.5919467061758041,Strongly Positive
2018-08-21,715.0,,0.0,Neutral,0.6824278235435486,Strongly Positive
2018-08-20,713.0,,0.0,Neutral,0.2272297441959381,Positive
2018-08-19,728.0,2018-08-19,0.6557104587554932,Strongly Positive,0.6557104587554932,Strongly Positive
2018-08-16,731.0,2018-08-16,0.8950644135475159,Strongly Positive,1.2229196429252625,Strongly Positive
2018-08-15,740.0,2018-08-15,-0.1866932809352874,Slightly Negative,0.42476654052734386,Positive
2018-08-14,728.0,,0.0,Neutral,0.13041946291923529,Slightly Positive
2018-08-13,725.0,2018-08-13,0.5976293087005615,Positive,0.5509559884667397,Positive
2018-08-12,720.0,,0.0,Neutral,0.29881465435028076,Positive
2018-08-09,738.0,2018-08-09,0.9233427047729492,Strongly Positive,1.0727500319480896,Strongly Positive
2018-08-08,745.0,,0.0,Neutral,0.4616713523864746,Positive
2018-08-07,740.0,,0.0,Neutral,0.2308356761932373,Positive
2018-08-06,740.0,,0.0,Neutral,0.0,Neutral
2018-08-05,742.0,,0.0,Neutral,0.0,Neutral
2018-08-02,743.0,2018-08-02,-0.2557297945022583,Negative,-0.2557297945022583,Negative
2018-08-01,746.0,2018-08-01,0.7616575956344604,Strongly Positive,0.6337926983833313,Strongly Positive
2018-07-31,743.0,2018-07-31,0.8481963723897934,Strongly Positive,1.165092721581459,Strongly Positive
2018-07-30,740.0,,0.0,Neutral,0.6145125851035118,Strongly Positive
2018-07-29,740.0,,0.0,Neutral,0.21204909309744835,Positive
2018-07-26,747.0,2018-07-26,0.8805007934570312,Strongly Positive,0.8805007934570312,Strongly Positive
2018-07-25,759.0,2018-07-25,0.5625090003013611,Positive,1.0027593970298767,Strongly Positive
2018-07-24,752.0,2018-07-24,0.8712472915649414,Strongly Positive,1.3726269900798798,Strongly Positive
2018-07-23,750.0,,0.0,Neutral,0.576250895857811,Positive
2018-07-22,738.0,2018-07-22,0.5804762393236159,Positive,0.7982880622148513,Strongly Positive
2018-07-19,743.0,,0.0,Neutral,0.29023811966180796,Positive
2018-07-18,742.0,2018-07-18,-0.6905643939971924,Strongly Negative,-0.5454453341662884,Negative
2018-07-17,752.0,2018-07-17,0.8452868461608887,Strongly Positive,0.5000046491622925,Positive
2018-07-16,790.0,,0.0,Neutral,0.25000232458114624,Positive
2018-07-15,754.0,2018-07-15,-0.0455491840839386,Neutral,0.16577252745628357,Slightly Positive
2018-07-12,740.0,2018-07-12,-0.1427455693483352,Slightly Negative,-0.1655201613903045,Slightly Negative
2018-07-11,752.0,2018-07-11,0.1307443678379058,Slightly Positive,0.047984287142753546,Neutral
2018-07-10,748.0,,0.0,Neutral,0.029685791581869098,Neutral
2018-07-09,750.0,,0.0,Neutral,0.03268609195947645,Neutral
2018-07-08,760.0,2018-07-08,0.7769768834114075,Strongly Positive,0.7769768834114075,Strongly Positive
2018-07-05,770.0,,0.0,Neutral,0.38848844170570374,Positive
2018-07-04,740.0,2018-07-04,0.3696541786193847,Positive,0.5638983994722366,Positive
2018-07-03,727.0,,0.0,Neutral,0.18482708930969236,Slightly Positive
2018-07-02,735.0,,0.0,Neutral,0.09241354465484618,Slightly Positive
2018-07-01,745.0,,0.0,Neutral,0.0,Neutral
2018-06-28,750.0,,0.0,Neutral,0.0,Neutral
2018-06-27,745.0,2018-06-27,0.6418185830116272,Strongly Positive,0.6418185830116272,Strongly Positive
2018-06-26,750.0,,0.0,Neutral,0.3209092915058136,Positive
2018-06-25,750.0,,0.0,Neutral,0.1604546457529068,Slightly Positive
2018-06-24,760.0,,0.0,Neutral,0.0,Neutral
2018-06-21,764.0,,0.0,Neutral,0.0,Neutral
2018-06-20,761.0,,0.0,Neutral,0.0,Neutral
2018-06-19,770.0,,0.0,Neutral,0.0,Neutral
2018-06-18,768.0,,0.0,Neutral,0.0,Neutral
2018-06-17,760.0,2018-06-17,0.508649468421936,Positive,0.508649468421936,Positive
2018-06-14,775.0,,0.0,Neutral,0.254324734210968,Positive
2018-06-13,775.0,2018-06-13,-0.3404492735862732,Negative,-0.21328690648078918,Negative
2018-06-12,770.0,,0.0,Neutral,-0.1702246367931366,Slightly Negative
2018-06-11,773.0,,0.0,Neutral,-0.0851123183965683,Slightly Negative
2018-06-10,767.0,,0.0,Neutral,0.0,Neutral
2018-06-07,784.0,2018-06-07,0.787387490272522,Strongly Positive,0.787387490272522,Strongly Positive
2018-06-06,805.0,,0.0,Neutral,0.393693745136261,Positive
2018-06-04,795.0,2018-06-04,0.8630961179733276,Strongly Positive,1.0599429905414581,Strongly Positive
2018-06-03,806.0,2018-06-03,0.3452410101890564,Positive,0.7767890691757202,Strongly Positive
2018-05-31,826.0,,0.0,Neutral,0.3883945345878601,Positive
2018-05-30,833.0,2018-05-30,0.7039557695388794,Strongly Positive,0.7902660220861435,Strongly Positive
2018-05-29,839.0,,0.0,Neutral,0.3519778847694397,Positive
2018-05-28,841.0,,0.0,Neutral,0.17598894238471985,Slightly Positive
2018-05-27,820.0,,0.0,Neutral,0.0,Neutral
2018-05-24,836.0,,0.0,Neutral,0.0,Neutral
2018-05-23,841.0,,0.0,Neutral,0.0,Neutral
2018-05-22,837.0,2018-05-22,0.7939203977584839,Strongly Positive,0.7939203977584839,Strongly Positive
2018-05-21,841.0,,0.0,Neutral,0.39696019887924194,Positive
2018-05-20,848.0,,0.0,Neutral,0.19848009943962097,Slightly Positive
2018-05-17,841.0,,0.0,Neutral,0.0,Neutral
2018-05-16,838.0,,0.0,Neutral,0.0,Neutral
2018-05-15,825.0,,0.0,Neutral,0.0,Neutral
2018-05-14,834.0,2018-05-14,0.7037050724029541,Strongly Positive,0.7037050724029541,Strongly Positive
2018-05-10,840.0,,0.0,Neutral,0.35185253620147705,Positive
2018-05-09,854.0,,0.0,Neutral,0.17592626810073853,Slightly Positive
2018-05-08,854.0,2018-05-08,0.7442371547222137,Strongly Positive,0.7442371547222137,Strongly Positive
2018-05-07,844.0,,0.0,Neutral,0.3721185773611069,Positive
2018-05-06,852.0,,0.0,Neutral,0.18605928868055344,Slightly Positive
2018-05-03,857.0,,0.0,Neutral,0.0,Neutral
2018-05-02,840.0,,0.0,Neutral,0.0,Neutral
2018-04-29,828.0,,0.0,Neutral,0.0,Neutral
2018-04-26,830.0,2018-04-26,-0.1422680616378784,Slightly Negative,-0.1422680616378784,Slightly Negative
2018-04-25,858.0,,0.0,Neutral,-0.0711340308189392,Slightly Negative
2018-04-24,872.0,,0.0,Neutral,-0.0355670154094696,Neutral
2018-04-23,877.0,,0.0,Neutral,0.0,Neutral
2018-04-22,906.0,,0.0,Neutral,0.0,Neutral
2018-04-19,865.0,,0.0,Neutral,0.0,Neutral
2018-04-18,856.0,2018-04-18,0.7243727445602417,Strongly Positive,0.7243727445602417,Strongly Positive
2018-04-17,787.0,2018-04-17,-0.4689792692661285,Negative,-0.10679289698600763,Slightly Negative
2018-04-16,761.0,,0.0,Neutral,-0.05339644849300382,Slightly Negative
2018-04-15,762.0,2018-04-15,0.9221633076667786,Strongly Positive,0.8049184903502464,Strongly Positive
2018-04-12,772.0,2018-04-12,-0.6430073976516724,Strongly Negative,-0.18192574381828308,Slightly Negative
2018-04-11,769.0,,0.0,Neutral,-0.09096287190914154,Slightly Negative
2018-04-10,760.0,,0.0,Neutral,-0.1607518494129181,Slightly Negative
2018-04-09,789.0,,0.0,Neutral,0.0,Neutral
2018-04-08,794.0,2018-04-08,0.4547261595726013,Positive,0.4547261595726013,Positive
2018-04-05,747.0,,0.0,Neutral,0.22736307978630066,Positive
2018-04-04,727.0,2018-04-04,0.8857042789459229,Strongly Positive,0.9993858188390732,Strongly Positive
2018-04-03,708.0,2018-04-03,0.8998837769031525,Strongly Positive,1.342735916376114,Strongly Positive
2018-04-02,702.0,2018-04-02,0.6707487106323242,Strongly Positive,1.3421166688203812,Strongly Positive
2018-04-01,700.0,,0.0,Neutral,0.5603452995419502,Positive
2018-03-29,717.0,,0.0,Neutral,0.16768717765808105,Slightly Positive
2018-03-28,700.0,2018-03-28,0.6803320646286011,Strongly Positive,0.6803320646286011,Strongly Positive
2018-03-27,710.0,2018-03-27,-0.2121085226535797,Negative,0.12805750966072083,Slightly Positive
2018-03-26,680.0,,0.0,Neutral,0.06402875483036041,Slightly Positive
2018-03-22,711.0,2018-03-22,0.6458000540733337,Strongly Positive,0.5927729234099388,Positive
2018-03-21,725.0,,0.0,Neutral,0.32290002703666687,Positive
2018-03-20,740.0,,0.0,Neutral,0.16145001351833344,Slightly Positive
2018-03-19,750.0,,0.0,Neutral,0.0,Neutral
2018-03-18,760.0,2018-03-18,-0.5104734301567078,Negative,-0.5104734301567078,Negative
2018-03-15,775.0,,0.0,Neutral,-0.2552367150783539,Negative
2018-03-14,766.0,,0.0,Neutral,-0.12761835753917694,Slightly Negative
2018-03-13,760.0,,0.0,Neutral,0.0,Neutral
2018-03-12,759.0,,0.0,Neutral,0.0,Neutral
2018-03-11,766.0,,0.0,Neutral,0.0,Neutral
2018-03-07,802.0,2018-03-07,-0.3192073702812195,Negative,-0.3192073702812195,Negative
2018-03-06,790.0,,0.0,Neutral,-0.15960368514060974,Slightly Negative
2018-03-05,773.0,,0.0,Neutral,-0.07980184257030487,Slightly Negative
2018-03-04,792.0,,0.0,Neutral,0.0,Neutral
2018-02-28,825.0,2018-02-28,-0.4559577703475952,Negative,-0.4559577703475952,Negative
2018-02-27,830.0,2018-02-27,-0.5017960667610168,Negative,-0.7297749519348145,Strongly Negative
2018-02-26,830.0,,0.0,Neutral,-0.3648874759674072,Negative
2018-02-25,842.0,,0.0,Neutral,-0.1254490166902542,Slightly Negative
2018-02-22,850.0,,0.0,Neutral,0.0,Neutral
2018-02-21,854.0,,0.0,Neutral,0.0,Neutral
2018-02-20,865.0,,0.0,Neutral,0.0,Neutral
2018-02-18,877.0,2018-02-18,-0.7218689322471619,Strongly Negative,-0.7218689322471619,Strongly Negative
2018-02-15,891.0,2018-02-15,0.89710932970047,Strongly Positive,0.536174863576889,Positive
2018-02-14,860.0,,0.0,Neutral,0.2680874317884445,Positive
2018-02-12,851.0,2018-02-12,0.1932896673679351,Slightly Positive,0.41756699979305256,Positive
2018-02-11,850.0,,0.0,Neutral,0.09664483368396755,Slightly Positive
2018-02-08,872.0,,0.0,Neutral,0.048322416841983774,Neutral
2018-02-07,853.0,,0.0,Neutral,0.0,Neutral
2018-02-06,858.0,,0.0,Neutral,0.0,Neutral
2018-02-05,869.0,2018-02-05,0.8875495791435242,Strongly Positive,0.8875495791435242,Strongly Positive
2018-02-04,878.0,,0.0,Neutral,0.4437747895717621,Positive
2018-02-01,875.0,,0.0,Neutral,0.22188739478588104,Positive
2018-01-31,878.0,,0.0,Neutral,0.0,Neutral
2018-01-29,876.0,,0.0,Neutral,0.0,Neutral
2018-01-28,879.0,2018-01-28,0.9140734672546388,Strongly Positive,0.9140734672546388,Strongly Positive
2018-01-25,887.0,,0.0,Neutral,0.4570367336273194,Positive
2018-01-24,881.0,,0.0,Neutral,0.2285183668136597,Positive
2018-01-23,881.0,,0.0,Neutral,0.0,Neutral
2018-01-22,897.0,,0.0,Neutral,0.0,Neutral
2018-01-21,882.0,2018-01-21,0.326934814453125,Positive,0.326934814453125,Positive
2018-01-17,878.0,,0.0,Neutral,0.1634674072265625,Slightly Positive
2018-01-16,883.0,2018-01-16,0.912229597568512,Strongly Positive,0.9939633011817932,Strongly Positive
2018-01-14,954.0,,0.0,Neutral,0.456114798784256,Positive
2018-01-10,892.0,2018-01-10,-0.1146869361400604,Slightly Negative,0.1133704632520676,Slightly Positive
2018-01-09,898.0,,0.0,Neutral,-0.0573434680700302,Slightly Negative
2018-01-08,894.0,2018-01-08,0.5098813772201538,Positive,0.4812096431851387,Positive
2018-01-07,885.0,2018-01-07,0.9193395376205444,Strongly Positive,1.1742802262306213,Strongly Positive
2018-01-04,882.0,,0.0,Neutral,0.5871401131153107,Positive
2018-01-03,885.0,,0.0,Neutral,0.2298348844051361,Positive
2018-01-02,895.0,2018-01-02,0.907924234867096,Strongly Positive,0.907924234867096,Strongly Positive
2018-01-01,915.0,,0.0,Neutral,0.453962117433548,Positive
2017-12-31,885.0,,0.0,Neutral,0.226981058716774,Positive
2017-12-28,887.0,,0.0,Neutral,0.0,Neutral
2017-12-27,893.0,,0.0,Neutral,0.0,Neutral
2017-12-26,901.0,,0.0,Neutral,0.0,Neutral
2017-12-24,923.0,2017-12-24,0.5628668665885925,Positive,0.5628668665885925,Positive
2017-12-21,922.0,,0.0,Neutral,0.28143343329429626,Positive
2017-12-20,937.0,,0.0,Neutral,0.14071671664714813,Slightly Positive
2017-12-19,959.0,,0.0,Neutral,0.0,Neutral
2017-12-18,955.0,,0.0,Neutral,0.0,Neutral
2017-12-17,945.0,,0.0,Neutral,0.0,Neutral
2017-12-14,948.0,,0.0,Neutral,0.0,Neutral
2017-12-13,954.0,,0.0,Neutral,0.0,Neutral
2017-12-12,946.0,,0.0,Neutral,0.0,Neutral
2017-12-11,945.0,2017-12-11,0.5815926194190979,Positive,0.5815926194190979,Positive
2017-12-10,947.0,,0.0,Neutral,0.29079630970954895,Positive
2017-12-06,950.0,,0.0,Neutral,0.14539815485477448,Slightly Positive
2017-12-05,935.0,2017-12-05,0.1702946424484253,Slightly Positive,0.1702946424484253,Slightly Positive
2017-12-04,948.0,,0.0,Neutral,0.08514732122421265,Slightly Positive
2017-11-30,951.0,,0.0,Neutral,0.04257366061210632,Neutral
2017-11-29,940.0,,0.0,Neutral,0.0,Neutral
2017-11-28,960.0,2017-11-28,-0.5181993842124939,Negative,-0.5181993842124939,Negative
2017-11-27,939.0,,0.0,Neutral,-0.25909969210624695,Negative
2017-11-26,918.0,,0.0,Neutral,-0.12954984605312347,Slightly Negative
2017-11-23,866.0,2017-11-23,0.5980113744735718,Positive,0.5980113744735718,Positive
2017-11-22,851.0,,0.0,Neutral,0.2990056872367859,Positive
2017-11-21,830.0,,0.0,Neutral,0.14950284361839294,Slightly Positive
2017-11-20,827.0,,0.0,Neutral,0.0,Neutral
2017-11-19,835.0,,0.0,Neutral,0.0,Neutral
2017-11-16,839.0,,0.0,Neutral,0.0,Neutral
2017-11-15,856.0,,0.0,Neutral,0.0,Neutral
2017-11-14,885.0,2017-11-14,-0.7073986530303955,Strongly Negative,-0.7073986530303955,Strongly Negative
2017-11-13,854.0,,0.0,Neutral,-0.35369932651519775,Negative
2017-11-12,790.0,2017-11-12,0.9169417023658752,Strongly Positive,0.7400920391082764,Strongly Positive
2017-11-09,765.0,,0.0,Neutral,0.4584708511829376,Positive
2017-11-08,757.0,,0.0,Neutral,0.2292354255914688,Positive
2017-11-07,773.0,2017-11-07,0.3921329081058502,Positive,0.3921329081058502,Positive
2017-11-06,769.0,2017-11-06,0.2062046229839325,Positive,0.4022710770368576,Positive
2017-11-05,762.0,,0.0,Neutral,0.2011355385184288,Positive
2017-11-02,775.0,,0.0,Neutral,0.051551155745983124,Slightly Positive
2017-11-01,766.0,,0.0,Neutral,0.0,Neutral
2017-10-31,760.0,,0.0,Neutral,0.0,Neutral
2017-10-30,757.0,,0.0,Neutral,0.0,Neutral
2017-10-29,748.0,2017-10-29,-0.1552224159240722,Slightly Negative,-0.1552224159240722,Slightly Negative
2017-10-25,755.0,,0.0,Neutral,-0.0776112079620361,Slightly Negative
2017-10-24,766.0,2017-10-24,0.3031669482588768,Positive,0.26436134427785873,Positive
2017-10-23,786.0,,0.0,Neutral,0.1515834741294384,Slightly Positive
2017-10-22,906.0,,0.0,Neutral,0.0757917370647192,Slightly Positive
2017-10-18,901.0,,0.0,Neutral,0.0,Neutral
2017-10-17,885.0,,0.0,Neutral,0.0,Neutral
2017-10-16,865.0,2017-10-16,0.7397989630699158,Strongly Positive,0.7397989630699158,Strongly Positive
2017-10-15,842.0,,0.0,Neutral,0.3698994815349579,Positive
2017-10-12,838.0,,0.0,Neutral,0.18494974076747894,Slightly Positive
2017-10-11,848.0,,0.0,Neutral,0.0,Neutral
2017-10-10,820.0,,0.0,Neutral,0.0,Neutral
2017-10-09,811.0,,0.0,Neutral,0.0,Neutral
2017-10-08,825.0,,0.0,Neutral,0.0,Neutral
2017-10-04,833.0,,0.0,Neutral,0.0,Neutral
2017-10-03,865.0,,0.0,Neutral,0.0,Neutral
2017-09-26,800.0,,0.0,Neutral,0.0,Neutral
2017-09-25,798.0,2017-09-25,0.6380407959222794,Strongly Positive,0.6380407959222794,Strongly Positive
2017-09-24,780.0,,0.0,Neutral,0.3190203979611397,Positive
2017-09-20,780.0,,0.0,Neutral,0.15951019898056984,Slightly Positive
2017-09-18,780.0,,0.0,Neutral,0.0,Neutral
2017-09-17,760.0,,0.0,Neutral,0.0,Neutral
2017-09-14,758.0,,0.0,Neutral,0.0,Neutral
2017-09-13,770.0,,0.0,Neutral,0.0,Neutral
2017-09-12,755.0,2017-09-12,0.1277060508728027,Slightly Positive,0.1277060508728027,Slightly Positive
2017-09-11,755.0,,0.0,Neutral,0.06385302543640135,Slightly Positive
2017-09-10,760.0,,0.0,Neutral,0.03192651271820068,Neutral
2017-09-07,764.0,,0.0,Neutral,0.0,Neutral
2017-09-06,770.0,2017-09-06,0.8836968541145325,Strongly Positive,0.8836968541145325,Strongly Positive
2017-09-04,766.0,2017-09-04,0.0743787288665771,Slightly Positive,0.5162271559238434,Positive
2017-08-31,773.0,,0.0,Neutral,0.2581135779619217,Positive
2017-08-30,770.0,,0.0,Neutral,0.018594682216644277,Neutral
2017-08-28,785.0,,0.0,Neutral,0.0,Neutral
2017-08-27,785.0,2017-08-27,0.9203059077262878,Strongly Positive,0.9203059077262878,Strongly Positive
2017-08-24,783.0,,0.0,Neutral,0.4601529538631439,Positive
2017-08-23,781.0,,0.0,Neutral,0.23007647693157196,Positive
2017-08-22,788.0,,0.0,Neutral,0.0,Neutral
2017-08-21,786.0,2017-08-21,0.9056445956230164,Strongly Positive,0.9056445956230164,Strongly Positive
2017-08-20,786.0,,0.0,Neutral,0.4528222978115082,Positive
2017-08-17,785.0,2017-08-17,0.7896273136138916,Strongly Positive,1.0160384625196457,Strongly Positive
2017-08-16,784.0,,0.0,Neutral,0.3948136568069458,Positive
2017-08-15,780.0,,0.0,Neutral,0.1974068284034729,Slightly Positive
2017-08-13,790.0,,0.0,Neutral,0.0,Neutral
2017-08-10,800.0,2017-08-10,0.8426941633224487,Strongly Positive,0.8426941633224487,Strongly Positive
2017-08-09,797.0,,0.0,Neutral,0.42134708166122437,Positive
2017-08-07,801.0,,0.0,Neutral,0.21067354083061218,Positive
2017-08-06,800.0,,0.0,Neutral,0.0,Neutral
2017-08-03,805.0,,0.0,Neutral,0.0,Neutral
2017-08-02,811.0,,0.0,Neutral,0.0,Neutral
2017-08-01,811.0,,0.0,Neutral,0.0,Neutral
2017-07-31,820.0,2017-07-31,0.5858557224273682,Positive,0.5858557224273682,Positive
2017-07-30,800.0,,0.0,Neutral,0.2929278612136841,Positive
2017-07-27,800.0,,0.0,Neutral,0.14646393060684204,Slightly Positive
2017-07-26,811.0,,0.0,Neutral,0.0,Neutral
2017-07-25,811.0,,0.0,Neutral,0.0,Neutral
2017-07-24,813.0,,0.0,Neutral,0.0,Neutral
2017-07-23,821.0,,0.0,Neutral,0.0,Neutral
2017-07-20,820.0,2017-07-20,-0.3135278224945068,Negative,-0.3135278224945068,Negative
2017-07-19,813.0,,0.0,Neutral,-0.1567639112472534,Slightly Negative
2017-07-18,824.0,,0.0,Neutral,-0.0783819556236267,Slightly Negative
2017-07-17,793.0,2017-07-17,0.9291043877601624,Strongly Positive,0.9291043877601624,Strongly Positive
2017-07-16,795.0,,0.0,Neutral,0.4645521938800812,Positive
2017-07-13,798.0,,0.0,Neutral,0.2322760969400406,Positive
2017-07-12,793.0,,0.0,Neutral,0.0,Neutral
2017-07-11,797.0,,0.0,Neutral,0.0,Neutral
2017-07-10,792.0,,0.0,Neutral,0.0,Neutral
2017-07-09,800.0,,0.0,Neutral,0.0,Neutral
2017-07-06,810.0,2017-07-06,0.9184584617614746,Strongly Positive,0.9184584617614746,Strongly Positive
2017-07-05,810.0,2017-07-05,0.925973892211914,Strongly Positive,1.3852031230926514,Strongly Positive
2017-07-04,799.0,,0.0,Neutral,0.6926015615463257,Strongly Positive
2017-07-03,804.0,,0.0,Neutral,0.2314934730529785,Positive
2017-07-02,800.0,2017-07-02,0.8309491276741028,Strongly Positive,0.8309491276741028,Strongly Positive
2017-06-28,805.0,,0.0,Neutral,0.4154745638370514,Positive
2017-06-27,815.0,,0.0,Neutral,0.2077372819185257,Positive
2017-06-25,819.0,,0.0,Neutral,0.0,Neutral
2017-06-22,829.0,,0.0,Neutral,0.0,Neutral
2017-06-21,815.0,,0.0,Neutral,0.0,Neutral
2017-06-20,819.0,,0.0,Neutral,0.0,Neutral
2017-06-19,823.0,2017-06-19,0.2736774682998657,Positive,0.2736774682998657,Positive
2017-06-18,832.0,,0.0,Neutral,0.13683873414993286,Slightly Positive
2017-06-15,835.0,,0.0,Neutral,0.06841936707496643,Slightly Positive
2017-06-14,840.0,2017-06-14,0.7516312599182129,Strongly Positive,0.7516312599182129,Strongly Positive
2017-06-13,840.0,,0.0,Neutral,0.37581562995910645,Positive
2017-06-12,825.0,,0.0,Neutral,0.18790781497955322,Slightly Positive
2017-06-11,830.0,,0.0,Neutral,0.0,Neutral
2017-06-08,853.0,,0.0,Neutral,0.0,Neutral
2017-06-07,856.0,,0.0,Neutral,0.0,Neutral
2017-06-06,863.0,,0.0,Neutral,0.0,Neutral
2017-06-05,840.0,,0.0,Neutral,0.0,Neutral
2017-06-04,835.0,,0.0,Neutral,0.0,Neutral
2017-06-01,857.0,,0.0,Neutral,0.0,Neutral
2017-05-31,840.0,,0.0,Neutral,0.0,Neutral
2017-05-30,843.0,,0.0,Neutral,0.0,Neutral
2017-05-28,850.0,,0.0,Neutral,0.0,Neutral
2017-05-24,860.0,,0.0,Neutral,0.0,Neutral
2017-05-23,861.0,,0.0,Neutral,0.0,Neutral
2017-05-22,856.0,,0.0,Neutral,0.0,Neutral
2017-05-21,870.0,2017-05-21,0.543536901473999,Positive,0.543536901473999,Positive
2017-05-18,878.0,,0.0,Neutral,0.2717684507369995,Positive
2017-05-17,865.0,2017-05-17,0.9115880727767944,Strongly Positive,1.0474722981452942,Strongly Positive
2017-05-16,885.0,,0.0,Neutral,0.4557940363883972,Positive
2017-05-15,896.0,,0.0,Neutral,0.2278970181941986,Positive
2017-05-11,896.0,2017-05-11,0.6874037981033325,Strongly Positive,0.6874037981033325,Strongly Positive
2017-05-09,875.0,,0.0,Neutral,0.34370189905166626,Positive
2017-05-08,840.0,,0.0,Neutral,0.17185094952583313,Slightly Positive
2017-05-07,831.0,,0.0,Neutral,0.0,Neutral
2017-05-04,845.0,,0.0,Neutral,0.0,Neutral
2017-05-03,848.0,,0.0,Neutral,0.0,Neutral
2017-05-02,857.0,,0.0,Neutral,0.0,Neutral
2017-04-30,858.0,,0.0,Neutral,0.0,Neutral
2017-04-27,855.0,,0.0,Neutral,0.0,Neutral
2017-04-26,858.0,,0.0,Neutral,0.0,Neutral
2017-04-25,856.0,2017-04-25,0.7321624755859375,Strongly Positive,0.7321624755859375,Strongly Positive
2017-04-24,870.0,,0.0,Neutral,0.36608123779296875,Positive
2017-04-23,879.0,,0.0,Neutral,0.18304061889648438,Slightly Positive
2017-04-20,863.0,2017-04-20,-0.3623961433768272,Negative,-0.3623961433768272,Negative
2017-04-19,861.0,,0.0,Neutral,-0.1811980716884136,Slightly Negative
2017-04-18,842.0,,0.0,Neutral,-0.0905990358442068,Slightly Negative
2017-04-16,875.0,,0.0,Neutral,0.0,Neutral
2017-04-13,898.0,,0.0,Neutral,0.0,Neutral
2017-04-12,913.0,,0.0,Neutral,0.0,Neutral
2017-04-11,914.0,,0.0,Neutral,0.0,Neutral
2017-04-10,914.0,,0.0,Neutral,0.0,Neutral
2017-04-09,900.0,,0.0,Neutral,0.0,Neutral
2017-04-06,906.0,2017-04-06,0.5967186689376831,Positive,0.5967186689376831,Positive
2017-04-04,910.0,,0.0,Neutral,0.29835933446884155,Positive
2017-04-03,933.0,,0.0,Neutral,0.14917966723442078,Slightly Positive
2017-04-02,938.0,2017-04-02,0.903369665145874,Strongly Positive,0.903369665145874,Strongly Positive
2017-03-30,902.0,2017-03-30,-0.1716672480106353,Slightly Negative,0.28001758456230175,Positive
2017-03-29,915.0,,0.0,Neutral,0.14000879228115087,Slightly Positive
2017-03-28,955.0,,0.0,Neutral,-0.04291681200265882,Neutral
2017-03-26,910.0,,0.0,Neutral,0.0,Neutral
2017-03-23,828.0,,0.0,Neutral,0.0,Neutral
2017-03-22,818.0,2017-03-22,0.6236251592636108,Strongly Positive,0.6236251592636108,Strongly Positive
2017-03-21,800.0,,0.0,Neutral,0.3118125796318054,Positive
2017-03-20,800.0,,0.0,Neutral,0.1559062898159027,Slightly Positive
2017-03-19,789.0,,0.0,Neutral,0.0,Neutral
2017-03-16,748.0,,0.0,Neutral,0.0,Neutral
2017-03-15,750.0,,0.0,Neutral,0.0,Neutral
2017-03-14,732.0,,0.0,Neutral,0.0,Neutral
2017-03-13,729.0,,0.0,Neutral,0.0,Neutral
2017-03-09,733.0,,0.0,Neutral,0.0,Neutral
2017-03-07,734.0,2017-03-07,0.2491500675678253,Positive,0.2491500675678253,Positive
2017-03-06,751.0,,0.0,Neutral,0.12457503378391264,Slightly Positive
2017-03-05,739.0,,0.0,Neutral,0.06228751689195632,Slightly Positive
2017-03-02,729.0,2017-03-02,0.8856234550476074,Strongly Positive,0.8856234550476074,Strongly Positive
2017-03-01,718.0,2017-03-01,0.7320932149887085,Strongly Positive,1.1749049425125122,Strongly Positive
2017-02-28,714.0,,0.0,Neutral,0.5874524712562561,Positive
2017-02-26,712.0,,0.0,Neutral,0.18302330374717712,Slightly Positive
2017-02-23,728.0,2017-02-23,-0.5603695511817932,Negative,-0.5603695511817932,Negative
2017-02-22,728.0,,0.0,Neutral,-0.2801847755908966,Negative
2017-02-21,730.0,,0.0,Neutral,-0.1400923877954483,Slightly Negative
2017-02-20,730.0,,0.0,Neutral,0.0,Neutral
2017-02-19,725.0,,0.0,Neutral,0.0,Neutral
2017-02-16,725.0,,0.0,Neutral,0.0,Neutral
2017-02-15,721.0,2017-02-15,-0.5029162764549255,Negative,-0.5029162764549255,Negative
2017-02-14,700.0,,0.0,Neutral,-0.25145813822746277,Negative
2017-02-13,727.0,,0.0,Neutral,-0.12572906911373138,Slightly Negative
2017-02-12,710.0,,0.0,Neutral,0.0,Neutral
2017-02-09,746.0,,0.0,Neutral,0.0,Neutral
2017-02-08,750.0,,0.0,Neutral,0.0,Neutral
2017-02-07,752.0,2017-02-07,0.7273648977279663,Strongly Positive,0.7273648977279663,Strongly Positive
2017-02-06,761.0,,0.0,Neutral,0.36368244886398315,Positive
2017-02-05,768.0,,0.0,Neutral,0.18184122443199158,Slightly Positive
2017-02-02,770.0,,0.0,Neutral,0.0,Neutral
2017-02-01,780.0,,0.0,Neutral,0.0,Neutral
2017-01-31,752.0,,0.0,Neutral,0.0,Neutral
2017-01-30,746.0,,0.0,Neutral,0.0,Neutral
2017-01-26,770.0,,0.0,Neutral,0.0,Neutral
2017-01-25,772.0,,0.0,Neutral,0.0,Neutral
2017-01-24,794.0,,0.0,Neutral,0.0,Neutral
2017-01-23,806.0,,0.0,Neutral,0.0,Neutral
2017-01-22,808.0,,0.0,Neutral,0.0,Neutral
2017-01-19,817.0,2017-01-19,0.8906235098838806,Strongly Positive,0.8906235098838806,Strongly Positive
2017-01-18,806.0,2017-01-18,-0.7480860352516174,Strongly Negative,-0.3027742803096771,Negative
2017-01-17,809.0,,0.0,Neutral,-0.15138714015483856,Slightly Negative
2017-01-16,808.0,,0.0,Neutral,-0.18702150881290436,Slightly Negative
2017-01-15,807.0,2017-01-15,0.8086245059967041,Strongly Positive,0.8086245059967041,Strongly Positive
2017-01-12,817.0,,0.0,Neutral,0.40431225299835205,Positive
2017-01-11,817.0,,0.0,Neutral,0.20215612649917603,Positive
2017-01-10,820.0,,0.0,Neutral,0.0,Neutral
2017-01-09,802.0,,0.0,Neutral,0.0,Neutral
2017-01-08,800.0,,0.0,Neutral,0.0,Neutral
2017-01-05,807.0,,0.0,Neutral,0.0,Neutral
2017-01-04,805.0,,0.0,Neutral,0.0,Neutral
2017-01-03,810.0,,0.0,Neutral,0.0,Neutral
2017-01-02,818.0,,0.0,Neutral,0.0,Neutral
2017-01-01,815.0,2017-01-01,0.1828947961330413,Slightly Positive,0.1828947961330413,Slightly Positive
2016-12-29,800.0,,0.0,Neutral,0.09144739806652065,Slightly Positive
2016-12-28,799.0,2016-12-28,0.881725013256073,Strongly Positive,0.9274487122893333,Strongly Positive
2016-12-27,778.0,,0.0,Neutral,0.4408625066280365,Positive
2016-12-26,790.0,,0.0,Neutral,0.22043125331401825,Positive
2016-12-22,900.0,,0.0,Neutral,0.0,Neutral
2016-12-21,920.0,,0.0,Neutral,0.0,Neutral
2016-12-20,929.0,,0.0,Neutral,0.0,Neutral
2016-12-19,958.0,,0.0,Neutral,0.0,Neutral
2016-12-18,961.0,,0.0,Neutral,0.0,Neutral
2016-12-15,980.0,,0.0,Neutral,0.0,Neutral
2016-12-14,992.0,,0.0,Neutral,0.0,Neutral
2016-12-12,0.0,,0.0,Neutral,0.0,Neutral
2016-12-11,996.0,,0.0,Neutral,0.0,Neutral
2016-12-08,0.0,,0.0,Neutral,0.0,Neutral
2016-12-07,0.0,,0.0,Neutral,0.0,Neutral
2016-12-06,0.0,,0.0,Neutral,0.0,Neutral
2016-12-05,0.0,2016-12-05,0.7129253149032593,Strongly Positive,0.7129253149032593,Strongly Positive
2016-12-04,0.0,,0.0,Neutral,0.35646265745162964,Positive
2016-12-01,0.0,,0.0,Neutral,0.17823132872581482,Slightly Positive
2016-11-30,0.0,,0.0,Neutral,0.0,Neutral
2016-11-29,0.0,,0.0,Neutral,0.0,Neutral
2016-11-28,0.0,,0.0,Neutral,0.0,Neutral
2016-11-27,0.0,,0.0,Neutral,0.0,Neutral
2016-11-24,0.0,,0.0,Neutral,0.0,Neutral
2016-11-23,0.0,,0.0,Neutral,0.0,Neutral
2016-11-22,0.0,,0.0,Neutral,0.0,Neutral
2016-11-21,0.0,2016-11-21,0.8399505615234375,Strongly Positive,0.8399505615234375,Strongly Positive
2016-11-20,0.0,,0.0,Neutral,0.41997528076171875,Positive
2016-11-17,0.0,,0.0,Neutral,0.20998764038085938,Positive
2016-11-16,0.0,,0.0,Neutral,0.0,Neutral
2016-11-15,0.0,,0.0,Neutral,0.0,Neutral
2016-11-14,0.0,,0.0,Neutral,0.0,Neutral
2016-11-13,0.0,,0.0,Neutral,0.0,Neutral
2016-11-10,0.0,,0.0,Neutral,0.0,Neutral
2016-11-09,0.0,2016-11-09,-0.9314858317375184,Strongly Negative,-0.9314858317375184,Strongly Negative
2016-11-08,0.0,,0.0,Neutral,-0.4657429158687592,Negative
2016-11-07,0.0,,0.0,Neutral,-0.2328714579343796,Negative
2016-11-03,0.0,,0.0,Neutral,0.0,Neutral
2016-10-27,0.0,2016-10-27,0.7380070686340332,Strongly Positive,0.7380070686340332,Strongly Positive
2016-10-26,0.0,,0.0,Neutral,0.3690035343170166,Positive
2016-10-25,0.0,,0.0,Neutral,0.1845017671585083,Slightly Positive
2016-10-24,0.0,,0.0,Neutral,0.0,Neutral
2016-10-23,0.0,2016-10-23,-0.9054261445999146,Strongly Negative,-0.9054261445999146,Strongly Negative
2016-10-20,0.0,,0.0,Neutral,-0.4527130722999573,Negative
2016-10-19,0.0,,0.0,Neutral,-0.22635653614997864,Negative
2016-10-18,0.0,,0.0,Neutral,0.0,Neutral
2016-10-17,0.0,,0.0,Neutral,0.0,Neutral
2016-10-16,0.0,,0.0,Neutral,0.0,Neutral
2016-10-06,0.0,,0.0,Neutral,0.0,Neutral
2016-10-05,0.0,,0.0,Neutral,0.0,Neutral
2016-10-04,0.0,,0.0,Neutral,0.0,Neutral
2016-10-03,0.0,2016-10-03,0.1059269905090332,Slightly Positive,0.1059269905090332,Slightly Positive
2016-10-02,0.0,2016-10-02,0.8898768424987793,Strongly Positive,0.9428403377532959,Strongly Positive
2016-09-29,0.0,2016-09-29,0.9111406207084656,Strongly Positive,1.3825607895851135,Strongly Positive
2016-09-28,0.0,,0.0,Neutral,0.6780395209789276,Strongly Positive
2016-09-27,0.0,,0.0,Neutral,0.2277851551771164,Positive
2016-09-26,0.0,,0.0,Neutral,0.0,Neutral
2016-09-25,0.0,,0.0,Neutral,0.0,Neutral
2016-09-22,0.0,2016-09-22,0.0431180894374847,Neutral,0.0431180894374847,Neutral
2016-09-21,0.0,2016-09-21,0.8862911760807037,Strongly Positive,0.9078502207994461,Strongly Positive
2016-09-20,0.0,2016-09-20,0.9242508411407472,Strongly Positive,1.3781759515404701,Strongly Positive
2016-09-18,0.0,2016-09-18,0.8751511573791504,Strongly Positive,1.5588493719696999,Strongly Positive
2016-09-14,0.0,,0.0,Neutral,0.668638288974762,Strongly Positive
2016-09-12,0.0,2016-09-12,0.902121365070343,Strongly Positive,1.1209091544151306,Strongly Positive
2016-09-11,0.0,2016-09-11,0.8642315864562988,Strongly Positive,1.3152922689914703,Strongly Positive
2016-09-08,0.0,,0.0,Neutral,0.6576461344957352,Strongly Positive
2016-09-07,0.0,,0.0,Neutral,0.2160578966140747,Positive
2016-09-06,0.0,,0.0,Neutral,0.0,Neutral
2016-09-05,0.0,,0.0,Neutral,0.0,Neutral
2016-09-04,0.0,,0.0,Neutral,0.0,Neutral
2016-09-03,0.0,,0.0,Neutral,0.0,Neutral
2016-09-01,0.0,2016-09-01,0.7710901498794556,Strongly Positive,0.7710901498794556,Strongly Positive
2016-08-31,0.0,,0.0,Neutral,0.3855450749397278,Positive
2016-08-30,0.0,2016-08-30,-0.0680882036685943,Slightly Negative,0.12468433380126959,Slightly Positive
2016-08-29,0.0,,0.0,Neutral,-0.03404410183429715,Neutral
2016-08-28,0.0,,0.0,Neutral,-0.017022050917148576,Neutral
2016-08-24,0.0,,0.0,Neutral,0.0,Neutral
2016-08-23,0.0,,0.0,Neutral,0.0,Neutral
2016-08-22,0.0,,0.0,Neutral,0.0,Neutral
2016-08-21,0.0,,0.0,Neutral,0.0,Neutral
2016-08-17,0.0,,0.0,Neutral,0.0,Neutral
2016-08-16,0.0,2016-08-16,0.0269997715950012,Neutral,0.0269997715950012,Neutral
2016-08-15,0.0,,0.0,Neutral,0.0134998857975006,Neutral
2016-08-14,0.0,,0.0,Neutral,0.0067499428987503,Neutral
2016-08-11,0.0,,0.0,Neutral,0.0,Neutral
2016-08-10,0.0,,0.0,Neutral,0.0,Neutral
2016-08-09,0.0,,0.0,Neutral,0.0,Neutral
2016-08-08,0.0,,0.0,Neutral,0.0,Neutral
2016-08-07,0.0,,0.0,Neutral,0.0,Neutral
2016-08-04,0.0,,0.0,Neutral,0.0,Neutral
2016-08-03,0.0,,0.0,Neutral,0.0,Neutral
2016-08-02,0.0,,0.0,Neutral,0.0,Neutral
2016-08-01,0.0,,0.0,Neutral,0.0,Neutral
2016-07-31,0.0,,0.0,Neutral,0.0,Neutral
2016-07-28,0.0,,0.0,Neutral,0.0,Neutral
2016-07-27,0.0,,0.0,Neutral,0.0,Neutral
2016-07-26,0.0,,0.0,Neutral,0.0,Neutral
2016-07-25,0.0,,0.0,Neutral,0.0,Neutral
2016-07-21,0.0,2016-07-21,-0.5415614247322083,Negative,-0.5415614247322083,Negative
2016-07-20,0.0,,0.0,Neutral,-0.2707807123661041,Negative
2016-07-19,0.0,2016-07-19,-0.5339106917381287,Negative,-0.6693010479211807,Strongly Negative
2016-07-18,0.0,,0.0,Neutral,-0.26695534586906433,Negative
2016-07-17,0.0,2016-07-17,0.8322827219963074,Strongly Positive,0.6988050490617752,Strongly Positive
2016-07-14,0.0,,0.0,Neutral,0.4161413609981537,Positive
2016-07-13,0.0,,0.0,Neutral,0.20807068049907684,Positive
2016-07-12,0.0,,0.0,Neutral,0.0,Neutral
2016-07-11,0.0,,0.0,Neutral,0.0,Neutral
2016-07-10,0.0,2016-07-10,0.8081753253936768,Strongly Positive,0.8081753253936768,Strongly Positive
2016-07-06,0.0,,0.0,Neutral,0.4040876626968384,Positive
2016-07-05,0.0,,0.0,Neutral,0.2020438313484192,Positive
2016-07-04,0.0,,0.0,Neutral,0.0,Neutral
2016-07-03,0.0,,0.0,Neutral,0.0,Neutral
2016-06-30,0.0,,0.0,Neutral,0.0,Neutral
2016-06-29,0.0,,0.0,Neutral,0.0,Neutral
2016-06-28,0.0,,0.0,Neutral,0.0,Neutral
2016-06-27,0.0,,0.0,Neutral,0.0,Neutral
2016-06-26,0.0,,0.0,Neutral,0.0,Neutral
2016-06-23,0.0,2016-06-23,0.581391453742981,Positive,0.581391453742981,Positive
2016-06-22,0.0,,0.0,Neutral,0.2906957268714905,Positive
2016-06-21,0.0,,0.0,Neutral,0.14534786343574524,Slightly Positive
2016-06-20,0.0,,0.0,Neutral,0.0,Neutral
2016-06-19,0.0,2016-06-19,0.8847450613975525,Strongly Positive,0.8847450613975525,Strongly Positive
2016-06-16,0.0,,0.0,Neutral,0.44237253069877625,Positive
2016-06-15,0.0,2016-06-15,0.6763022541999817,Strongly Positive,0.8974885195493698,Strongly Positive
2016-06-14,0.0,,0.0,Neutral,0.33815112709999084,Positive
2016-06-13,0.0,,0.0,Neutral,0.16907556354999542,Slightly Positive
2016-06-12,0.0,,0.0,Neutral,0.0,Neutral
2016-06-09,0.0,,0.0,Neutral,0.0,Neutral
2016-06-08,0.0,,0.0,Neutral,0.0,Neutral
2016-06-07,0.0,,0.0,Neutral,0.0,Neutral
2016-06-06,0.0,,0.0,Neutral,0.0,Neutral
2016-06-05,0.0,2016-06-05,0.9090322256088256,Strongly Positive,0.9090322256088256,Strongly Positive
2016-06-02,0.0,2016-06-02,0.8896958827972412,Strongly Positive,1.344211995601654,Strongly Positive
2016-06-01,0.0,,0.0,Neutral,0.672105997800827,Strongly Positive
2016-05-31,0.0,,0.0,Neutral,0.2224239706993103,Positive
2016-05-30,0.0,2016-05-30,0.9280319213867188,Strongly Positive,0.9280319213867188,Strongly Positive
2016-05-29,0.0,,0.0,Neutral,0.4640159606933594,Positive
2016-05-26,0.0,,0.0,Neutral,0.2320079803466797,Positive
2016-05-25,0.0,,0.0,Neutral,0.0,Neutral
2016-05-24,0.0,,0.0,Neutral,0.0,Neutral
2016-05-23,0.0,,0.0,Neutral,0.0,Neutral
2016-05-22,0.0,,0.0,Neutral,0.0,Neutral
2016-05-19,0.0,,0.0,Neutral,0.0,Neutral
2016-05-18,0.0,,0.0,Neutral,0.0,Neutral
2016-05-17,0.0,2016-05-17,0.9240453839302064,Strongly Positive,0.9240453839302064,Strongly Positive
2016-05-16,0.0,,0.0,Neutral,0.4620226919651032,Positive
2016-05-15,0.0,,0.0,Neutral,0.2310113459825516,Positive
2016-05-12,0.0,,0.0,Neutral,0.0,Neutral
2016-05-11,0.0,,0.0,Neutral,0.0,Neutral
2016-05-10,0.0,2016-05-10,0.8823189735412598,Strongly Positive,0.8823189735412598,Strongly Positive
2016-05-09,0.0,,0.0,Neutral,0.4411594867706299,Positive
2016-05-08,0.0,,0.0,Neutral,0.22057974338531494,Positive
2016-05-05,0.0,,0.0,Neutral,0.0,Neutral
2016-05-04,0.0,,0.0,Neutral,0.0,Neutral
2016-05-03,0.0,,0.0,Neutral,0.0,Neutral
2016-05-02,0.0,,0.0,Neutral,0.0,Neutral
2016-04-28,0.0,2016-04-28,-0.6809363961219788,Strongly Negative,-0.6809363961219788,Strongly Negative
2016-04-27,0.0,2016-04-27,0.1160554587841034,Slightly Positive,-0.224412739276886,Negative
2016-04-26,0.0,,0.0,Neutral,-0.112206369638443,Slightly Negative
2016-04-25,0.0,,0.0,Neutral,0.02901386469602585,Neutral
2016-04-24,0.0,,0.0,Neutral,0.0,Neutral
2016-04-21,0.0,,0.0,Neutral,0.0,Neutral
2016-04-20,0.0,2016-04-20,0.7522884607315063,Strongly Positive,0.7522884607315063,Strongly Positive
2016-04-19,0.0,2016-04-19,-0.926275670528412,Strongly Negative,-0.5501314401626588,Negative
2016-04-18,0.0,2016-04-18,0.0300204027444124,Neutral,-0.24504531733691698,Negative
2016-04-17,0.0,2016-04-17,0.9084632992744446,Strongly Positive,0.6919045830145478,Strongly Positive
2016-04-14,0.0,,0.0,Neutral,0.4617367503233254,Positive
2016-04-12,0.0,,0.0,Neutral,0.22711582481861115,Positive
2016-04-11,0.0,,0.0,Neutral,0.0,Neutral
2016-04-10,0.0,,0.0,Neutral,0.0,Neutral
2016-04-06,0.0,,0.0,Neutral,0.0,Neutral
2016-04-05,0.0,,0.0,Neutral,0.0,Neutral
2016-04-04,0.0,,0.0,Neutral,0.0,Neutral
2016-04-03,0.0,,0.0,Neutral,0.0,Neutral
2016-03-31,0.0,,0.0,Neutral,0.0,Neutral
2016-03-30,0.0,,0.0,Neutral,0.0,Neutral
2016-03-29,0.0,,0.0,Neutral,0.0,Neutral
2016-03-28,0.0,2016-03-28,0.5935075283050537,Positive,0.5935075283050537,Positive
2016-03-27,0.0,,0.0,Neutral,0.29675376415252686,Positive
2016-03-24,0.0,2016-03-24,0.9060111045837402,Strongly Positive,1.0543879866600037,Strongly Positive
2016-03-23,0.0,,0.0,Neutral,0.4530055522918701,Positive
2016-03-21,0.0,,0.0,Neutral,0.22650277614593506,Positive
2016-03-20,0.0,,0.0,Neutral,0.0,Neutral
2016-03-17,0.0,2016-03-17,0.7216230034828186,Strongly Positive,0.7216230034828186,Strongly Positive
2016-03-16,0.0,2016-03-16,-0.7536658644676208,Strongly Negative,-0.39285436272621155,Negative
2016-03-15,0.0,2016-03-15,0.789482593536377,Strongly Positive,0.5930554121732712,Positive
2016-03-14,0.0,,0.0,Neutral,0.20632483065128326,Positive
2016-03-13,0.0,,0.0,Neutral,0.19737064838409424,Slightly Positive
2016-03-10,0.0,,0.0,Neutral,0.0,Neutral
2016-03-06,0.0,,0.0,Neutral,0.0,Neutral
2016-03-03,0.0,2016-03-03,0.7107265591621399,Strongly Positive,0.7107265591621399,Strongly Positive
2016-03-02,0.0,,0.0,Neutral,0.35536327958106995,Positive
2016-03-01,0.0,,0.0,Neutral,0.17768163979053497,Slightly Positive
2016-02-29,0.0,2016-02-29,0.6740023493766785,Strongly Positive,0.6740023493766785,Strongly Positive
2016-02-28,0.0,,0.0,Neutral,0.33700117468833923,Positive
2016-02-25,0.0,2016-02-25,0.8789723515510559,Strongly Positive,1.0474729388952255,Strongly Positive
2016-02-24,0.0,,0.0,Neutral,0.43948617577552795,Positive
2016-02-23,0.0,,0.0,Neutral,0.21974308788776398,Positive
2016-02-22,0.0,,0.0,Neutral,0.0,Neutral
2016-02-21,0.0,,0.0,Neutral,0.0,Neutral
2016-02-18,0.0,,0.0,Neutral,0.0,Neutral
2016-02-17,0.0,,0.0,Neutral,0.0,Neutral
2016-02-16,0.0,,0.0,Neutral,0.0,Neutral
2016-02-15,0.0,,0.0,Neutral,0.0,Neutral
2016-02-14,0.0,2016-02-14,0.8966696262359619,Strongly Positive,0.8966696262359619,Strongly Positive
2016-02-11,0.0,,0.0,Neutral,0.44833481311798096,Positive
2016-02-08,0.0,,0.0,Neutral,0.22416740655899048,Positive
2016-02-07,0.0,,0.0,Neutral,0.0,Neutral
2016-02-04,0.0,,0.0,Neutral,0.0,Neutral
2016-02-03,0.0,,0.0,Neutral,0.0,Neutral
2016-02-02,0.0,2016-02-02,0.6775474548339844,Strongly Positive,0.6775474548339844,Strongly Positive
2016-02-01,0.0,,0.0,Neutral,0.3387737274169922,Positive
2016-01-31,0.0,,0.0,Neutral,0.1693868637084961,Slightly Positive
2016-01-28,0.0,,0.0,Neutral,0.0,Neutral
2016-01-27,0.0,,0.0,Neutral,0.0,Neutral
2016-01-26,0.0,,0.0,Neutral,0.0,Neutral
2016-01-25,0.0,,0.0,Neutral,0.0,Neutral
2016-01-24,0.0,,0.0,Neutral,0.0,Neutral
2016-01-21,0.0,2016-01-21,-0.93006694316864,Strongly Negative,-0.93006694316864,Strongly Negative
2016-01-20,0.0,,0.0,Neutral,-0.46503347158432,Negative
2016-01-19,0.0,,0.0,Neutral,-0.23251673579216,Negative
2016-01-18,0.0,,0.0,Neutral,0.0,Neutral
2016-01-17,0.0,,0.0,Neutral,0.0,Neutral
2016-01-14,0.0,,0.0,Neutral,0.0,Neutral
2016-01-13,0.0,,0.0,Neutral,0.0,Neutral
2016-01-12,0.0,,0.0,Neutral,0.0,Neutral
2016-01-11,0.0,2016-01-11,0.6818904876708984,Strongly Positive,0.6818904876708984,Strongly Positive
2016-01-10,0.0,,0.0,Neutral,0.3409452438354492,Positive
2016-01-07,0.0,,0.0,Neutral,0.1704726219177246,Slightly Positive
2016-01-06,0.0,,0.0,Neutral,0.0,Neutral
2016-01-05,0.0,,0.0,Neutral,0.0,Neutral
2016-01-04,0.0,,0.0,Neutral,0.0,Neutral
2016-01-03,0.0,,0.0,Neutral,0.0,Neutral
2015-12-31,0.0,,0.0,Neutral,0.0,Neutral
2015-12-29,0.0,,0.0,Neutral,0.0,Neutral
2015-12-28,0.0,,0.0,Neutral,0.0,Neutral
2015-12-27,0.0,,0.0,Neutral,0.0,Neutral
2015-12-24,0.0,,0.0,Neutral,0.0,Neutral
2015-12-23,0.0,,0.0,Neutral,0.0,Neutral
2015-12-22,0.0,,0.0,Neutral,0.0,Neutral
2015-12-21,0.0,,0.0,Neutral,0.0,Neutral
2015-12-20,0.0,,0.0,Neutral,0.0,Neutral
2015-12-17,0.0,,0.0,Neutral,0.0,Neutral
2015-12-16,0.0,,0.0,Neutral,0.0,Neutral
2015-12-15,0.0,,0.0,Neutral,0.0,Neutral
2015-12-14,0.0,,0.0,Neutral,0.0,Neutral
2015-12-13,0.0,,0.0,Neutral,0.0,Neutral
2015-12-10,0.0,,0.0,Neutral,0.0,Neutral
2015-12-09,0.0,,0.0,Neutral,0.0,Neutral
2015-12-08,0.0,,0.0,Neutral,0.0,Neutral
2015-12-07,0.0,2015-12-07,0.9273107945919036,Strongly Positive,0.9273107945919036,Strongly Positive
2015-12-06,0.0,,0.0,Neutral,0.4636553972959518,Positive
2015-12-03,0.0,2015-12-03,0.9220194220542908,Strongly Positive,1.1538471207022667,Strongly Positive
2015-12-02,0.0,,0.0,Neutral,0.4610097110271454,Positive
2015-12-01,0.0,2015-12-01,-0.5810050964355469,Negative,-0.3505002409219742,Negative
2015-11-30,0.0,,0.0,Neutral,-0.29050254821777344,Negative
2015-11-29,0.0,2015-11-29,0.923660397529602,Strongly Positive,0.7784091234207153,Strongly Positive
2015-11-26,0.0,,0.0,Neutral,0.461830198764801,Positive
2015-11-25,0.0,,0.0,Neutral,0.2309150993824005,Positive
2015-11-24,0.0,,0.0,Neutral,0.0,Neutral
2015-11-23,0.0,,0.0,Neutral,0.0,Neutral
2015-11-22,0.0,,0.0,Neutral,0.0,Neutral
2015-11-19,0.0,,0.0,Neutral,0.0,Neutral
2015-11-18,0.0,,0.0,Neutral,0.0,Neutral
2015-11-16,0.0,,0.0,Neutral,0.0,Neutral
2015-11-15,0.0,,0.0,Neutral,0.0,Neutral
2015-11-10,0.0,,0.0,Neutral,0.0,Neutral
2015-11-09,0.0,,0.0,Neutral,0.0,Neutral
2015-11-08,0.0,,0.0,Neutral,0.0,Neutral
2015-11-05,0.0,,0.0,Neutral,0.0,Neutral
2015-11-04,0.0,,0.0,Neutral,0.0,Neutral
2015-11-03,0.0,,0.0,Neutral,0.0,Neutral
2015-11-02,0.0,,0.0,Neutral,0.0,Neutral
2015-11-01,0.0,,0.0,Neutral,0.0,Neutral
2015-10-29,0.0,,0.0,Neutral,0.0,Neutral
2015-10-28,0.0,,0.0,Neutral,0.0,Neutral
2015-10-27,0.0,,0.0,Neutral,0.0,Neutral
2015-10-25,0.0,,0.0,Neutral,0.0,Neutral
2015-10-19,0.0,,0.0,Neutral,0.0,Neutral
2015-10-18,0.0,,0.0,Neutral,0.0,Neutral
2015-10-15,0.0,2015-10-15,0.906463861465454,Strongly Positive,0.906463861465454,Strongly Positive
2015-10-14,0.0,,0.0,Neutral,0.453231930732727,Positive
2015-10-11,0.0,,0.0,Neutral,0.2266159653663635,Positive
2015-10-08,0.0,,0.0,Neutral,0.0,Neutral
2015-10-07,0.0,,0.0,Neutral,0.0,Neutral
2015-10-06,0.0,,0.0,Neutral,0.0,Neutral
2015-10-05,0.0,,0.0,Neutral,0.0,Neutral
2015-10-04,0.0,,0.0,Neutral,0.0,Neutral
2015-10-01,0.0,2015-10-01,-0.1944545805454254,Slightly Negative,-0.1944545805454254,Slightly Negative
2015-09-30,0.0,,0.0,Neutral,-0.0972272902727127,Slightly Negative
2015-09-29,0.0,2015-09-29,0.6452875137329102,Strongly Positive,0.5966738685965538,Positive
2015-09-28,0.0,,0.0,Neutral,0.3226437568664551,Positive
2015-09-24,0.0,2015-09-24,0.9214875102043152,Strongly Positive,1.0828093886375427,Strongly Positive
2015-09-23,0.0,2015-09-23,0.8798791170120239,Strongly Positive,1.3406228721141815,Strongly Positive
2015-09-22,0.0,2015-09-22,0.9070401191711426,Strongly Positive,1.5773515552282333,Strongly Positive
2015-09-17,0.0,,0.0,Neutral,0.6734898388385773,Strongly Positive
2015-09-16,0.0,,0.0,Neutral,0.22676002979278564,Positive
2015-09-15,0.0,,0.0,Neutral,0.0,Neutral
2015-09-14,0.0,,0.0,Neutral,0.0,Neutral
2015-09-13,0.0,,0.0,Neutral,0.0,Neutral
2015-09-10,0.0,,0.0,Neutral,0.0,Neutral
2015-09-09,0.0,,0.0,Neutral,0.0,Neutral
2015-09-08,0.0,,0.0,Neutral,0.0,Neutral
2015-09-07,0.0,,0.0,Neutral,0.0,Neutral
2015-09-06,0.0,,0.0,Neutral,0.0,Neutral
2015-09-03,0.0,2015-09-03,0.8332056999206543,Strongly Positive,0.8332056999206543,Strongly Positive
2015-09-02,0.0,,0.0,Neutral,0.41660284996032715,Positive
2015-09-01,0.0,,0.0,Neutral,0.20830142498016357,Positive
2015-08-31,0.0,,0.0,Neutral,0.0,Neutral
2015-08-27,0.0,,0.0,Neutral,0.0,Neutral
2015-08-26,0.0,2015-08-26,0.0012254416942596,Neutral,0.0012254416942596,Neutral
2015-08-25,0.0,,0.0,Neutral,0.0006127208471298,Neutral
2015-08-24,0.0,,0.0,Neutral,0.0003063604235649,Neutral
2015-08-23,0.0,,0.0,Neutral,0.0,Neutral
2015-08-20,0.0,,0.0,Neutral,0.0,Neutral
2015-08-19,0.0,,0.0,Neutral,0.0,Neutral
2015-08-18,0.0,,0.0,Neutral,0.0,Neutral
2015-08-17,0.0,,0.0,Neutral,0.0,Neutral
2015-08-16,0.0,,0.0,Neutral,0.0,Neutral
2015-08-13,0.0,,0.0,Neutral,0.0,Neutral
2015-08-12,0.0,,0.0,Neutral,0.0,Neutral
2015-08-11,0.0,,0.0,Neutral,0.0,Neutral
2015-08-10,0.0,,0.0,Neutral,0.0,Neutral
2015-08-09,0.0,,0.0,Neutral,0.0,Neutral
2015-08-06,0.0,,0.0,Neutral,0.0,Neutral
2015-08-05,0.0,,0.0,Neutral,0.0,Neutral
2015-08-04,0.0,,0.0,Neutral,0.0,Neutral
2015-08-03,0.0,2015-08-03,0.8893616795539856,Strongly Positive,0.8893616795539856,Strongly Positive
2015-08-02,0.0,,0.0,Neutral,0.4446808397769928,Positive
2015-07-30,0.0,,0.0,Neutral,0.2223404198884964,Positive
2015-07-29,0.0,,0.0,Neutral,0.0,Neutral
2015-07-28,0.0,,0.0,Neutral,0.0,Neutral
2015-07-27,0.0,,0.0,Neutral,0.0,Neutral
2015-07-26,0.0,,0.0,Neutral,0.0,Neutral
2015-07-23,0.0,,0.0,Neutral,0.0,Neutral
2015-07-22,0.0,2015-07-22,-0.7776907086372375,Strongly Negative,-0.7776907086372375,Strongly Negative
2015-07-16,0.0,,0.0,Neutral,-0.3888453543186188,Negative
2015-07-15,0.0,,0.0,Neutral,-0.1944226771593094,Slightly Negative
2015-07-14,0.0,,0.0,Neutral,0.0,Neutral
2015-07-13,0.0,,0.0,Neutral,0.0,Neutral
2015-07-12,0.0,,0.0,Neutral,0.0,Neutral
2015-07-09,0.0,,0.0,Neutral,0.0,Neutral
2015-07-08,0.0,,0.0,Neutral,0.0,Neutral
2015-07-07,0.0,,0.0,Neutral,0.0,Neutral
2015-07-06,0.0,,0.0,Neutral,0.0,Neutral
2015-07-05,0.0,,0.0,Neutral,0.0,Neutral
2015-07-02,0.0,,0.0,Neutral,0.0,Neutral
2015-07-01,0.0,2015-07-01,0.9069263339042664,Strongly Positive,0.9069263339042664,Strongly Positive
2015-06-30,0.0,,0.0,Neutral,0.4534631669521332,Positive
2015-06-29,0.0,,0.0,Neutral,0.2267315834760666,Positive
2015-06-28,0.0,,0.0,Neutral,0.0,Neutral
2015-06-25,0.0,,0.0,Neutral,0.0,Neutral
2015-06-24,0.0,,0.0,Neutral,0.0,Neutral
2015-06-23,0.0,,0.0,Neutral,0.0,Neutral
2015-06-22,0.0,,0.0,Neutral,0.0,Neutral
2015-06-21,0.0,,0.0,Neutral,0.0,Neutral
2015-06-18,0.0,,0.0,Neutral,0.0,Neutral
2015-06-17,0.0,,0.0,Neutral,0.0,Neutral
2015-06-16,0.0,,0.0,Neutral,0.0,Neutral
2015-06-15,0.0,,0.0,Neutral,0.0,Neutral
2015-06-14,0.0,,0.0,Neutral,0.0,Neutral
2015-06-11,0.0,,0.0,Neutral,0.0,Neutral
2015-06-10,0.0,,0.0,Neutral,0.0,Neutral
2015-06-09,0.0,,0.0,Neutral,0.0,Neutral
2015-06-08,0.0,,0.0,Neutral,0.0,Neutral
2015-06-07,0.0,,0.0,Neutral,0.0,Neutral
2015-06-04,0.0,2015-06-04,0.895082950592041,Strongly Positive,0.895082950592041,Strongly Positive
2015-06-03,0.0,,0.0,Neutral,0.4475414752960205,Positive
2015-06-02,0.0,,0.0,Neutral,0.22377073764801025,Positive
2015-06-01,0.0,,0.0,Neutral,0.0,Neutral
2015-05-31,0.0,,0.0,Neutral,0.0,Neutral
2015-05-28,0.0,,0.0,Neutral,0.0,Neutral
2015-05-27,0.0,,0.0,Neutral,0.0,Neutral
2015-05-26,0.0,,0.0,Neutral,0.0,Neutral
2015-05-25,0.0,,0.0,Neutral,0.0,Neutral
2015-05-24,0.0,,0.0,Neutral,0.0,Neutral
2015-04-23,0.0,,0.0,Neutral,0.0,Neutral
2015-04-22,0.0,2015-04-22,0.3517574965953827,Positive,0.3517574965953827,Positive
2015-04-21,0.0,,0.0,Neutral,0.17587874829769135,Slightly Positive
2015-04-20,0.0,2015-04-20,-0.9280198216438292,Strongly Negative,-0.8400804474949836,Strongly Negative
2015-04-19,0.0,,0.0,Neutral,-0.4640099108219146,Negative
2015-04-16,0.0,,0.0,Neutral,-0.2320049554109573,Negative
2015-04-15,0.0,,0.0,Neutral,0.0,Neutral
2015-04-13,0.0,,0.0,Neutral,0.0,Neutral
2015-04-12,0.0,,0.0,Neutral,0.0,Neutral
2015-04-09,0.0,,0.0,Neutral,0.0,Neutral
2015-04-08,0.0,,0.0,Neutral,0.0,Neutral
2015-04-07,0.0,,0.0,Neutral,0.0,Neutral
2015-04-06,0.0,,0.0,Neutral,0.0,Neutral
2015-04-05,0.0,,0.0,Neutral,0.0,Neutral
2015-04-02,0.0,,0.0,Neutral,0.0,Neutral
2015-04-01,0.0,,0.0,Neutral,0.0,Neutral
2015-03-31,0.0,,0.0,Neutral,0.0,Neutral
2015-03-30,0.0,,0.0,Neutral,0.0,Neutral
2015-03-29,0.0,,0.0,Neutral,0.0,Neutral
2015-03-26,0.0,,0.0,Neutral,0.0,Neutral
2015-03-25,0.0,,0.0,Neutral,0.0,Neutral
2015-03-24,0.0,,0.0,Neutral,0.0,Neutral
2015-03-23,0.0,,0.0,Neutral,0.0,Neutral
2015-03-22,0.0,,0.0,Neutral,0.0,Neutral
2015-03-19,0.0,,0.0,Neutral,0.0,Neutral
2015-03-18,0.0,,0.0,Neutral,0.0,Neutral
2015-03-17,0.0,,0.0,Neutral,0.0,Neutral
2015-03-16,0.0,,0.0,Neutral,0.0,Neutral
2015-03-15,0.0,,0.0,Neutral,0.0,Neutral
2015-03-12,0.0,,0.0,Neutral,0.0,Neutral
2015-03-11,0.0,,0.0,Neutral,0.0,Neutral
2015-03-10,0.0,,0.0,Neutral,0.0,Neutral
2015-03-09,0.0,,0.0,Neutral,0.0,Neutral
2015-03-04,0.0,,0.0,Neutral,0.0,Neutral
2015-03-03,0.0,,0.0,Neutral,0.0,Neutral
2015-03-02,0.0,,0.0,Neutral,0.0,Neutral
2015-03-01,0.0,,0.0,Neutral,0.0,Neutral
2015-02-26,0.0,,0.0,Neutral,0.0,Neutral
2015-02-25,0.0,,0.0,Neutral,0.0,Neutral
2015-02-24,0.0,,0.0,Neutral,0.0,Neutral
2015-02-23,0.0,,0.0,Neutral,0.0,Neutral
2015-02-22,0.0,,0.0,Neutral,0.0,Neutral
2015-02-18,0.0,,0.0,Neutral,0.0,Neutral
2015-02-16,0.0,,0.0,Neutral,0.0,Neutral
2015-02-15,0.0,,0.0,Neutral,0.0,Neutral
2015-02-12,0.0,,0.0,Neutral,0.0,Neutral
2015-02-11,0.0,,0.0,Neutral,0.0,Neutral
2015-02-10,0.0,,0.0,Neutral,0.0,Neutral
2015-02-09,0.0,,0.0,Neutral,0.0,Neutral
2015-02-08,0.0,,0.0,Neutral,0.0,Neutral
2015-02-05,0.0,,0.0,Neutral,0.0,Neutral
2015-02-04,0.0,,0.0,Neutral,0.0,Neutral
2015-02-03,0.0,,0.0,Neutral,0.0,Neutral
2015-02-02,0.0,,0.0,Neutral,0.0,Neutral
2015-02-01,0.0,,0.0,Neutral,0.0,Neutral
2015-01-29,0.0,,0.0,Neutral,0.0,Neutral
2015-01-28,0.0,,0.0,Neutral,0.0,Neutral
2015-01-27,0.0,,0.0,Neutral,0.0,Neutral
2015-01-26,0.0,,0.0,Neutral,0.0,Neutral
2015-01-25,0.0,,0.0,Neutral,0.0,Neutral
2015-01-22,0.0,,0.0,Neutral,0.0,Neutral
2015-01-20,0.0,,0.0,Neutral,0.0,Neutral
2015-01-19,0.0,2015-01-19,-0.893301248550415,Strongly Negative,-0.893301248550415,Strongly Negative
2015-01-18,0.0,,0.0,Neutral,-0.4466506242752075,Negative
2015-01-14,0.0,,0.0,Neutral,-0.22332531213760376,Negative
2015-01-13,0.0,,0.0,Neutral,0.0,Neutral
2015-01-12,0.0,,0.0,Neutral,0.0,Neutral
2015-01-11,0.0,,0.0,Neutral,0.0,Neutral
2015-01-08,0.0,,0.0,Neutral,0.0,Neutral
2015-01-07,0.0,,0.0,Neutral,0.0,Neutral
2015-01-06,0.0,,0.0,Neutral,0.0,Neutral
2015-01-05,0.0,,0.0,Neutral,0.0,Neutral
2015-01-04,0.0,2015-01-04,0.9143463969230652,Strongly Positive,0.9143463969230652,Strongly Positive
2015-01-01,0.0,,0.0,Neutral,0.4571731984615326,Positive
2014-12-31,0.0,,0.0,Neutral,0.2285865992307663,Positive
2014-12-29,0.0,,0.0,Neutral,0.0,Neutral
2014-12-28,0.0,,0.0,Neutral,0.0,Neutral
2014-12-24,0.0,,0.0,Neutral,0.0,Neutral
2014-12-23,0.0,,0.0,Neutral,0.0,Neutral
2014-12-22,0.0,,0.0,Neutral,0.0,Neutral
2014-12-21,0.0,,0.0,Neutral,0.0,Neutral
2014-12-18,0.0,,0.0,Neutral,0.0,Neutral
2014-12-17,0.0,,0.0,Neutral,0.0,Neutral
2014-12-16,0.0,,0.0,Neutral,0.0,Neutral
2014-12-15,0.0,,0.0,Neutral,0.0,Neutral
2014-12-14,0.0,,0.0,Neutral,0.0,Neutral
2014-12-11,0.0,,0.0,Neutral,0.0,Neutral
2014-12-10,0.0,,0.0,Neutral,0.0,Neutral
2014-12-09,0.0,,0.0,Neutral,0.0,Neutral
2014-12-08,0.0,,0.0,Neutral,0.0,Neutral
2014-12-07,0.0,,0.0,Neutral,0.0,Neutral
2014-12-04,0.0,,0.0,Neutral,0.0,Neutral
2014-12-03,0.0,,0.0,Neutral,0.0,Neutral
2014-12-02,0.0,,0.0,Neutral,0.0,Neutral
2014-12-01,0.0,,0.0,Neutral,0.0,Neutral
2014-11-30,0.0,,0.0,Neutral,0.0,Neutral
2014-11-25,0.0,,0.0,Neutral,0.0,Neutral
2014-11-24,0.0,,0.0,Neutral,0.0,Neutral
2014-11-23,0.0,,0.0,Neutral,0.0,Neutral
2014-11-20,0.0,,0.0,Neutral,0.0,Neutral
2014-11-19,0.0,,0.0,Neutral,0.0,Neutral
2014-11-18,0.0,,0.0,Neutral,0.0,Neutral
2014-11-17,0.0,2014-11-17,0.198180817067623,Slightly Positive,0.198180817067623,Slightly Positive
2014-11-16,0.0,,0.0,Neutral,0.0990904085338115,Slightly Positive
2014-11-13,0.0,,0.0,Neutral,0.04954520426690575,Neutral
2014-11-12,0.0,,0.0,Neutral,0.0,Neutral
2014-11-11,0.0,,0.0,Neutral,0.0,Neutral
2014-11-10,0.0,,0.0,Neutral,0.0,Neutral
2014-11-09,0.0,,0.0,Neutral,0.0,Neutral
2014-11-06,0.0,,0.0,Neutral,0.0,Neutral
2014-11-05,0.0,,0.0,Neutral,0.0,Neutral
2014-11-04,0.0,,0.0,Neutral,0.0,Neutral
2014-11-03,0.0,,0.0,Neutral,0.0,Neutral
2014-11-02,0.0,,0.0,Neutral,0.0,Neutral
2014-10-30,0.0,,0.0,Neutral,0.0,Neutral
2014-10-28,0.0,,0.0,Neutral,0.0,Neutral
2014-10-27,0.0,2014-10-27,-0.8635430335998535,Strongly Negative,-0.8635430335998535,Strongly Negative
2014-10-26,0.0,,0.0,Neutral,-0.43177151679992676,Negative
2014-10-22,0.0,,0.0,Neutral,-0.21588575839996338,Negative
2014-10-21,0.0,,0.0,Neutral,0.0,Neutral
2014-10-20,0.0,,0.0,Neutral,0.0,Neutral
2014-10-19,0.0,,0.0,Neutral,0.0,Neutral
2014-10-16,0.0,,0.0,Neutral,0.0,Neutral
2014-10-15,0.0,,0.0,Neutral,0.0,Neutral
2014-10-14,0.0,,0.0,Neutral,0.0,Neutral
2014-10-13,0.0,,0.0,Neutral,0.0,Neutral
2014-10-12,0.0,,0.0,Neutral,0.0,Neutral
2014-10-09,0.0,,0.0,Neutral,0.0,Neutral
2014-10-08,0.0,,0.0,Neutral,0.0,Neutral
2014-09-30,0.0,,0.0,Neutral,0.0,Neutral
2014-09-29,0.0,,0.0,Neutral,0.0,Neutral
2014-09-28,0.0,,0.0,Neutral,0.0,Neutral
2014-09-24,0.0,,0.0,Neutral,0.0,Neutral
2014-09-23,0.0,,0.0,Neutral,0.0,Neutral
2014-09-22,0.0,,0.0,Neutral,0.0,Neutral
2014-09-21,0.0,,0.0,Neutral,0.0,Neutral
2014-09-18,0.0,,0.0,Neutral,0.0,Neutral
2014-09-17,0.0,,0.0,Neutral,0.0,Neutral
2014-09-16,0.0,,0.0,Neutral,0.0,Neutral
2014-09-15,0.0,,0.0,Neutral,0.0,Neutral
2014-09-14,0.0,,0.0,Neutral,0.0,Neutral
2014-09-11,0.0,2014-09-11,-0.7906786203384399,Strongly Negative,-0.7906786203384399,Strongly Negative
2014-09-10,0.0,,0.0,Neutral,-0.39533931016921997,Negative
2014-09-09,0.0,,0.0,Neutral,-0.19766965508460999,Slightly Negative
2014-09-07,0.0,,0.0,Neutral,0.0,Neutral
2014-09-04,0.0,,0.0,Neutral,0.0,Neutral
2014-09-03,0.0,,0.0,Neutral,0.0,Neutral
2014-09-01,0.0,,0.0,Neutral,0.0,Neutral
2014-08-31,0.0,,0.0,Neutral,0.0,Neutral
2014-08-28,0.0,,0.0,Neutral,0.0,Neutral
2014-08-27,0.0,,0.0,Neutral,0.0,Neutral
2014-08-26,0.0,,0.0,Neutral,0.0,Neutral
2014-08-25,0.0,,0.0,Neutral,0.0,Neutral
2014-08-24,0.0,,0.0,Neutral,0.0,Neutral
2014-08-21,0.0,,0.0,Neutral,0.0,Neutral
2014-08-20,0.0,,0.0,Neutral,0.0,Neutral
2014-08-19,0.0,,0.0,Neutral,0.0,Neutral
2014-08-18,0.0,,0.0,Neutral,0.0,Neutral
2014-08-14,0.0,,0.0,Neutral,0.0,Neutral
2014-08-13,0.0,,0.0,Neutral,0.0,Neutral
2014-08-12,0.0,,0.0,Neutral,0.0,Neutral
2014-08-07,0.0,,0.0,Neutral,0.0,Neutral
2014-08-06,0.0,,0.0,Neutral,0.0,Neutral
2014-08-05,0.0,,0.0,Neutral,0.0,Neutral
2014-08-04,0.0,,0.0,Neutral,0.0,Neutral
2014-08-03,0.0,,0.0,Neutral,0.0,Neutral
2014-07-31,0.0,,0.0,Neutral,0.0,Neutral
2014-07-30,0.0,,0.0,Neutral,0.0,Neutral
2014-07-28,0.0,,0.0,Neutral,0.0,Neutral
2014-07-27,0.0,,0.0,Neutral,0.0,Neutral
2014-07-24,0.0,2014-07-24,-0.9164826273918152,Strongly Negative,-0.9164826273918152,Strongly Negative
2014-07-23,0.0,2014-07-23,-0.9311224818229676,Strongly Negative,-1.3893637955188751,Strongly Negative
2014-07-22,0.0,,0.0,Neutral,-0.6946818977594376,Strongly Negative
2014-07-21,0.0,,0.0,Neutral,-0.2327806204557419,Negative
2014-07-20,0.0,,0.0,Neutral,0.0,Neutral
2014-07-17,0.0,,0.0,Neutral,0.0,Neutral
2014-07-16,0.0,,0.0,Neutral,0.0,Neutral
2014-07-15,0.0,,0.0,Neutral,0.0,Neutral
2014-07-14,0.0,,0.0,Neutral,0.0,Neutral
2014-07-13,0.0,,0.0,Neutral,0.0,Neutral
2014-07-10,0.0,,0.0,Neutral,0.0,Neutral
2014-07-09,0.0,,0.0,Neutral,0.0,Neutral
2014-07-08,0.0,,0.0,Neutral,0.0,Neutral
2014-07-07,0.0,,0.0,Neutral,0.0,Neutral
2014-07-06,0.0,,0.0,Neutral,0.0,Neutral
2014-07-03,0.0,,0.0,Neutral,0.0,Neutral
2014-07-02,0.0,,0.0,Neutral,0.0,Neutral
2014-07-01,0.0,,0.0,Neutral,0.0,Neutral
2014-06-30,0.0,,0.0,Neutral,0.0,Neutral
2014-06-29,0.0,,0.0,Neutral,0.0,Neutral
2014-06-26,0.0,,0.0,Neutral,0.0,Neutral
2014-06-25,0.0,,0.0,Neutral,0.0,Neutral
2014-06-24,0.0,,0.0,Neutral,0.0,Neutral
2014-06-23,0.0,2014-06-23,0.8464714288711548,Strongly Positive,0.8464714288711548,Strongly Positive
2014-06-19,0.0,,0.0,Neutral,0.4232357144355774,Positive
2014-06-18,0.0,,0.0,Neutral,0.2116178572177887,Positive
2014-06-17,0.0,,0.0,Neutral,0.0,Neutral
2014-06-16,0.0,,0.0,Neutral,0.0,Neutral
2014-06-15,0.0,,0.0,Neutral,0.0,Neutral
2014-06-12,0.0,,0.0,Neutral,0.0,Neutral
2014-06-11,0.0,2014-06-11,0.2576161623001098,Positive,0.2576161623001098,Positive
2014-06-10,0.0,,0.0,Neutral,0.1288080811500549,Slightly Positive
2014-06-09,0.0,,0.0,Neutral,0.06440404057502745,Slightly Positive
2014-06-08,0.0,,0.0,Neutral,0.0,Neutral
2014-06-05,0.0,,0.0,Neutral,0.0,Neutral
2014-06-04,0.0,,0.0,Neutral,0.0,Neutral
2014-06-03,0.0,,0.0,Neutral,0.0,Neutral
2014-06-02,0.0,,0.0,Neutral,0.0,Neutral
2014-06-01,0.0,,0.0,Neutral,0.0,Neutral
2014-05-28,0.0,,0.0,Neutral,0.0,Neutral
2014-05-27,0.0,,0.0,Neutral,0.0,Neutral
2014-05-26,0.0,,0.0,Neutral,0.0,Neutral
2014-05-25,0.0,,0.0,Neutral,0.0,Neutral
2014-05-22,0.0,2014-05-22,0.4946221709251404,Positive,0.4946221709251404,Positive
2014-05-21,0.0,,0.0,Neutral,0.2473110854625702,Positive
2014-05-20,0.0,2014-05-20,0.872773289680481,Strongly Positive,0.996428832411766,Strongly Positive
2014-05-19,0.0,,0.0,Neutral,0.4363866448402405,Positive
2014-05-18,0.0,,0.0,Neutral,0.21819332242012024,Positive
2014-05-15,0.0,,0.0,Neutral,0.0,Neutral
2014-05-13,0.0,,0.0,Neutral,0.0,Neutral
2014-05-12,0.0,,0.0,Neutral,0.0,Neutral
2014-05-11,0.0,,0.0,Neutral,0.0,Neutral
2014-05-08,0.0,,0.0,Neutral,0.0,Neutral
2014-05-07,0.0,,0.0,Neutral,0.0,Neutral
2014-05-06,0.0,,0.0,Neutral,0.0,Neutral
2014-05-05,0.0,,0.0,Neutral,0.0,Neutral
2014-05-04,0.0,,0.0,Neutral,0.0,Neutral
2014-04-30,0.0,,0.0,Neutral,0.0,Neutral
2014-04-29,0.0,,0.0,Neutral,0.0,Neutral
2014-04-28,0.0,,0.0,Neutral,0.0,Neutral
2014-04-27,0.0,,0.0,Neutral,0.0,Neutral
2014-04-23,0.0,,0.0,Neutral,0.0,Neutral
2014-04-22,0.0,,0.0,Neutral,0.0,Neutral
2014-04-21,0.0,,0.0,Neutral,0.0,Neutral
2014-04-20,0.0,2014-04-20,-0.8709391951560974,Strongly Negative,-0.8709391951560974,Strongly Negative
2014-04-17,0.0,,0.0,Neutral,-0.4354695975780487,Negative
2014-04-16,0.0,,0.0,Neutral,-0.21773479878902435,Negative
2014-04-15,0.0,,0.0,Neutral,0.0,Neutral
2014-04-13,0.0,,0.0,Neutral,0.0,Neutral
2014-04-10,0.0,,0.0,Neutral,0.0,Neutral
2014-04-09,0.0,,0.0,Neutral,0.0,Neutral
2014-04-07,0.0,,0.0,Neutral,0.0,Neutral
2014-04-06,0.0,,0.0,Neutral,0.0,Neutral
2014-04-03,0.0,,0.0,Neutral,0.0,Neutral
2014-04-02,0.0,,0.0,Neutral,0.0,Neutral
2014-04-01,0.0,,0.0,Neutral,0.0,Neutral
2014-03-31,0.0,,0.0,Neutral,0.0,Neutral
2014-03-27,0.0,,0.0,Neutral,0.0,Neutral
2014-03-26,0.0,,0.0,Neutral,0.0,Neutral
2014-03-25,0.0,,0.0,Neutral,0.0,Neutral
2014-03-24,0.0,,0.0,Neutral,0.0,Neutral
2014-03-23,0.0,,0.0,Neutral,0.0,Neutral
2014-03-20,0.0,,0.0,Neutral,0.0,Neutral
2014-03-19,0.0,,0.0,Neutral,0.0,Neutral
2014-03-18,0.0,,0.0,Neutral,0.0,Neutral
2014-03-17,0.0,,0.0,Neutral,0.0,Neutral
2014-03-13,0.0,,0.0,Neutral,0.0,Neutral
2014-03-13,0.0,,0.0,Neutral,0.0,Neutral
2014-03-12,0.0,,0.0,Neutral,0.0,Neutral
2014-03-11,0.0,,0.0,Neutral,0.0,Neutral
2014-03-10,0.0,,0.0,Neutral,0.0,Neutral
2014-03-09,0.0,,0.0,Neutral,0.0,Neutral
2014-03-06,0.0,,0.0,Neutral,0.0,Neutral
2014-03-05,0.0,,0.0,Neutral,0.0,Neutral
2014-03-04,0.0,,0.0,Neutral,0.0,Neutral
2014-03-03,0.0,,0.0,Neutral,0.0,Neutral
2014-02-26,0.0,,0.0,Neutral,0.0,Neutral
2014-02-25,0.0,,0.0,Neutral,0.0,Neutral
2014-02-24,0.0,,0.0,Neutral,0.0,Neutral
2014-02-23,0.0,,0.0,Neutral,0.0,Neutral
2014-02-20,0.0,,0.0,Neutral,0.0,Neutral
2014-02-18,0.0,,0.0,Neutral,0.0,Neutral
2014-02-17,0.0,,0.0,Neutral,0.0,Neutral
2014-02-16,0.0,,0.0,Neutral,0.0,Neutral
2014-02-13,0.0,,0.0,Neutral,0.0,Neutral
2014-02-12,0.0,,0.0,Neutral,0.0,Neutral
2014-02-11,0.0,,0.0,Neutral,0.0,Neutral
2014-02-10,0.0,,0.0,Neutral,0.0,Neutral
2014-02-09,0.0,,0.0,Neutral,0.0,Neutral
2014-02-06,0.0,,0.0,Neutral,0.0,Neutral
2014-02-04,0.0,,0.0,Neutral,0.0,Neutral
2014-02-03,0.0,,0.0,Neutral,0.0,Neutral
2014-02-02,0.0,,0.0,Neutral,0.0,Neutral
2014-01-29,0.0,,0.0,Neutral,0.0,Neutral
2014-01-28,0.0,,0.0,Neutral,0.0,Neutral
2014-01-27,0.0,,0.0,Neutral,0.0,Neutral
2014-01-26,0.0,,0.0,Neutral,0.0,Neutral
2014-01-23,0.0,,0.0,Neutral,0.0,Neutral
2014-01-22,0.0,,0.0,Neutral,0.0,Neutral
2014-01-21,0.0,2014-01-21,-0.0663483887910842,Slightly Negative,-0.0663483887910842,Slightly Negative
2014-01-20,0.0,,0.0,Neutral,-0.0331741943955421,Neutral
2014-01-19,0.0,,0.0,Neutral,-0.01658709719777105,Neutral
2014-01-16,0.0,,0.0,Neutral,0.0,Neutral
2014-01-14,0.0,,0.0,Neutral,0.0,Neutral
2014-01-13,0.0,,0.0,Neutral,0.0,Neutral
2014-01-12,0.0,,0.0,Neutral,0.0,Neutral
2014-01-09,0.0,,0.0,Neutral,0.0,Neutral
2014-01-08,0.0,,0.0,Neutral,0.0,Neutral
2014-01-07,0.0,,0.0,Neutral,0.0,Neutral
2014-01-06,0.0,,0.0,Neutral,0.0,Neutral
2014-01-05,0.0,,0.0,Neutral,0.0,Neutral
2014-01-02,0.0,,0.0,Neutral,0.0,Neutral
2014-01-01,0.0,,0.0,Neutral,0.0,Neutral
2013-12-31,0.0,2013-12-31,0.9305623173713684,Strongly Positive,0.9305623173713684,Strongly Positive
2013-12-29,0.0,,0.0,Neutral,0.4652811586856842,Positive
2013-12-26,0.0,,0.0,Neutral,0.2326405793428421,Positive
2013-12-24,0.0,,0.0,Neutral,0.0,Neutral
2013-12-23,0.0,,0.0,Neutral,0.0,Neutral
2013-12-22,0.0,,0.0,Neutral,0.0,Neutral
2013-12-19,0.0,,0.0,Neutral,0.0,Neutral
2013-12-18,0.0,,0.0,Neutral,0.0,Neutral
2013-12-16,0.0,,0.0,Neutral,0.0,Neutral
2013-12-15,0.0,,0.0,Neutral,0.0,Neutral
2013-12-12,0.0,,0.0,Neutral,0.0,Neutral
2013-12-11,0.0,,0.0,Neutral,0.0,Neutral
2013-12-10,0.0,,0.0,Neutral,0.0,Neutral
2013-12-09,0.0,,0.0,Neutral,0.0,Neutral
2013-12-08,0.0,,0.0,Neutral,0.0,Neutral
2013-12-05,0.0,,0.0,Neutral,0.0,Neutral
2013-12-04,0.0,,0.0,Neutral,0.0,Neutral
2013-12-03,0.0,,0.0,Neutral,0.0,Neutral
2013-12-02,0.0,,0.0,Neutral,0.0,Neutral
2013-12-01,0.0,,0.0,Neutral,0.0,Neutral
2013-11-28,0.0,,0.0,Neutral,0.0,Neutral
2013-11-27,0.0,,0.0,Neutral,0.0,Neutral
2013-11-26,0.0,,0.0,Neutral,0.0,Neutral
2013-11-25,0.0,,0.0,Neutral,0.0,Neutral
2013-11-24,0.0,,0.0,Neutral,0.0,Neutral
2013-11-21,0.0,,0.0,Neutral,0.0,Neutral
2013-11-14,0.0,,0.0,Neutral,0.0,Neutral
2013-11-13,0.0,,0.0,Neutral,0.0,Neutral
2013-11-12,0.0,,0.0,Neutral,0.0,Neutral
2013-11-11,0.0,,0.0,Neutral,0.0,Neutral
2013-11-07,0.0,2013-11-07,0.8954075574874878,Strongly Positive,0.8954075574874878,Strongly Positive
2013-11-06,0.0,,0.0,Neutral,0.4477037787437439,Positive
2013-10-31,0.0,,0.0,Neutral,0.22385188937187195,Positive
2013-10-30,0.0,,0.0,Neutral,0.0,Neutral
2013-10-29,0.0,,0.0,Neutral,0.0,Neutral
2013-10-28,0.0,,0.0,Neutral,0.0,Neutral
2013-10-27,0.0,,0.0,Neutral,0.0,Neutral
2013-10-24,0.0,,0.0,Neutral,0.0,Neutral
2013-10-23,0.0,,0.0,Neutral,0.0,Neutral
2013-10-22,0.0,,0.0,Neutral,0.0,Neutral
2013-10-21,0.0,2013-10-21,0.8953396379947662,Strongly Positive,0.8953396379947662,Strongly Positive
2013-10-20,0.0,,0.0,Neutral,0.4476698189973831,Positive
2013-10-17,0.0,,0.0,Neutral,0.22383490949869156,Positive
2013-10-10,0.0,,0.0,Neutral,0.0,Neutral
2013-10-09,0.0,2013-10-09,0.9173533916473388,Strongly Positive,0.9173533916473388,Strongly Positive
2013-10-08,0.0,2013-10-08,-0.1359323263168335,Slightly Negative,0.3227443695068359,Positive
2013-10-07,0.0,,0.0,Neutral,0.16137218475341794,Slightly Positive
2013-10-06,0.0,,0.0,Neutral,-0.033983081579208374,Neutral
2013-10-03,0.0,,0.0,Neutral,0.0,Neutral
2013-10-02,0.0,,0.0,Neutral,0.0,Neutral
2013-10-01,0.0,,0.0,Neutral,0.0,Neutral
2013-09-30,0.0,,0.0,Neutral,0.0,Neutral
2013-09-29,0.0,,0.0,Neutral,0.0,Neutral
2013-09-26,0.0,,0.0,Neutral,0.0,Neutral
2013-09-25,0.0,,0.0,Neutral,0.0,Neutral
2013-09-24,0.0,,0.0,Neutral,0.0,Neutral
2013-09-23,0.0,,0.0,Neutral,0.0,Neutral
2013-09-22,0.0,,0.0,Neutral,0.0,Neutral
2013-09-19,0.0,2013-09-19,0.9179192781448364,Strongly Positive,0.9179192781448364,Strongly Positive
2013-09-17,0.0,,0.0,Neutral,0.4589596390724182,Positive
2013-09-16,0.0,,0.0,Neutral,0.2294798195362091,Positive
2013-09-12,0.0,,0.0,Neutral,0.0,Neutral
2013-09-11,0.0,,0.0,Neutral,0.0,Neutral
2013-09-10,0.0,,0.0,Neutral,0.0,Neutral
2013-09-09,0.0,,0.0,Neutral,0.0,Neutral
2013-09-08,0.0,,0.0,Neutral,0.0,Neutral
2013-09-05,0.0,,0.0,Neutral,0.0,Neutral
2013-09-04,0.0,,0.0,Neutral,0.0,Neutral
2013-09-03,0.0,2013-09-03,0.819646954536438,Strongly Positive,0.819646954536438,Strongly Positive
2013-09-02,0.0,,0.0,Neutral,0.409823477268219,Positive
2013-09-01,0.0,,0.0,Neutral,0.2049117386341095,Positive
2013-08-29,0.0,,0.0,Neutral,0.0,Neutral
2013-08-27,0.0,,0.0,Neutral,0.0,Neutral
2013-08-26,0.0,,0.0,Neutral,0.0,Neutral
2013-08-25,0.0,,0.0,Neutral,0.0,Neutral
2013-08-20,0.0,,0.0,Neutral,0.0,Neutral
2013-08-19,0.0,,0.0,Neutral,0.0,Neutral
2013-08-18,0.0,,0.0,Neutral,0.0,Neutral
2013-08-15,0.0,,0.0,Neutral,0.0,Neutral
2013-08-14,0.0,,0.0,Neutral,0.0,Neutral
2013-08-13,0.0,,0.0,Neutral,0.0,Neutral
2013-08-12,0.0,,0.0,Neutral,0.0,Neutral
2013-08-11,0.0,,0.0,Neutral,0.0,Neutral
2013-08-08,0.0,,0.0,Neutral,0.0,Neutral
2013-08-07,0.0,,0.0,Neutral,0.0,Neutral
2013-08-06,0.0,,0.0,Neutral,0.0,Neutral
2013-08-05,0.0,,0.0,Neutral,0.0,Neutral
2013-08-04,0.0,,0.0,Neutral,0.0,Neutral
2013-08-01,0.0,,0.0,Neutral,0.0,Neutral
2013-07-31,0.0,,0.0,Neutral,0.0,Neutral
2013-07-30,0.0,,0.0,Neutral,0.0,Neutral
2013-07-29,0.0,,0.0,Neutral,0.0,Neutral
2013-07-28,0.0,,0.0,Neutral,0.0,Neutral
2013-07-25,0.0,2013-07-25,0.3480015099048614,Positive,0.3480015099048614,Positive
2013-07-24,0.0,,0.0,Neutral,0.1740007549524307,Slightly Positive
2013-07-23,0.0,,0.0,Neutral,0.08700037747621535,Slightly Positive
2013-07-22,0.0,,0.0,Neutral,0.0,Neutral
2013-07-21,0.0,2013-07-21,-0.0085532963275909,Neutral,-0.0085532963275909,Neutral
2013-07-18,0.0,,0.0,Neutral,-0.00427664816379545,Neutral
2013-07-17,0.0,,0.0,Neutral,-0.002138324081897725,Neutral
2013-07-16,0.0,,0.0,Neutral,0.0,Neutral
2013-07-15,0.0,,0.0,Neutral,0.0,Neutral
2013-07-14,0.0,,0.0,Neutral,0.0,Neutral
2013-07-11,0.0,,0.0,Neutral,0.0,Neutral
2013-07-10,0.0,,0.0,Neutral,0.0,Neutral
2013-07-09,0.0,,0.0,Neutral,0.0,Neutral
2013-07-08,0.0,,0.0,Neutral,0.0,Neutral
2013-07-07,0.0,,0.0,Neutral,0.0,Neutral
2013-07-04,0.0,,0.0,Neutral,0.0,Neutral
2013-07-03,0.0,,0.0,Neutral,0.0,Neutral
2013-07-02,0.0,,0.0,Neutral,0.0,Neutral
2013-07-01,0.0,,0.0,Neutral,0.0,Neutral
2013-06-30,0.0,,0.0,Neutral,0.0,Neutral
2013-06-27,0.0,,0.0,Neutral,0.0,Neutral
2013-06-26,0.0,,0.0,Neutral,0.0,Neutral
2013-06-25,0.0,,0.0,Neutral,0.0,Neutral
2013-06-24,0.0,2013-06-24,0.81441730260849,Strongly Positive,0.81441730260849,Strongly Positive
2013-06-23,0.0,,0.0,Neutral,0.407208651304245,Positive
2013-06-20,0.0,,0.0,Neutral,0.2036043256521225,Positive
2013-06-19,0.0,,0.0,Neutral,0.0,Neutral
2013-06-18,0.0,,0.0,Neutral,0.0,Neutral
2013-06-17,0.0,,0.0,Neutral,0.0,Neutral
2013-06-16,0.0,,0.0,Neutral,0.0,Neutral
2013-06-13,0.0,,0.0,Neutral,0.0,Neutral
2013-06-12,0.0,,0.0,Neutral,0.0,Neutral
2013-06-11,0.0,,0.0,Neutral,0.0,Neutral
2013-06-10,0.0,,0.0,Neutral,0.0,Neutral
2013-06-09,0.0,,0.0,Neutral,0.0,Neutral
2013-06-06,0.0,,0.0,Neutral,0.0,Neutral
2013-06-05,0.0,,0.0,Neutral,0.0,Neutral
2013-06-04,0.0,,0.0,Neutral,0.0,Neutral
2013-06-03,0.0,,0.0,Neutral,0.0,Neutral
2013-06-02,0.0,,0.0,Neutral,0.0,Neutral
2013-05-30,0.0,,0.0,Neutral,0.0,Neutral
2013-05-28,0.0,,0.0,Neutral,0.0,Neutral
2013-05-27,0.0,,0.0,Neutral,0.0,Neutral
2013-05-26,0.0,,0.0,Neutral,0.0,Neutral
2013-05-23,0.0,,0.0,Neutral,0.0,Neutral
2013-05-22,0.0,,0.0,Neutral,0.0,Neutral
2013-05-21,0.0,,0.0,Neutral,0.0,Neutral
2013-05-20,0.0,,0.0,Neutral,0.0,Neutral
2013-05-19,0.0,,0.0,Neutral,0.0,Neutral
2013-05-16,0.0,,0.0,Neutral,0.0,Neutral
2013-05-15,0.0,,0.0,Neutral,0.0,Neutral
2013-05-14,0.0,,0.0,Neutral,0.0,Neutral
2013-05-13,0.0,,0.0,Neutral,0.0,Neutral
2013-05-12,0.0,,0.0,Neutral,0.0,Neutral
2013-05-09,0.0,,0.0,Neutral,0.0,Neutral
2013-05-08,0.0,,0.0,Neutral,0.0,Neutral
2013-05-07,0.0,,0.0,Neutral,0.0,Neutral
2013-05-06,0.0,,0.0,Neutral,0.0,Neutral
2013-05-05,0.0,,0.0,Neutral,0.0,Neutral
2013-05-02,0.0,,0.0,Neutral,0.0,Neutral
2013-04-30,0.0,,0.0,Neutral,0.0,Neutral
2013-04-29,0.0,,0.0,Neutral,0.0,Neutral
2013-04-28,0.0,,0.0,Neutral,0.0,Neutral
2013-04-25,0.0,,0.0,Neutral,0.0,Neutral
2013-04-23,0.0,,0.0,Neutral,0.0,Neutral
2013-04-22,0.0,2013-04-22,-0.2091480791568756,Negative,-0.2091480791568756,Negative
2013-04-21,0.0,2013-04-21,0.8760323524475098,Strongly Positive,0.771458312869072,Strongly Positive
2013-04-18,0.0,,0.0,Neutral,0.385729156434536,Positive
2013-04-17,0.0,,0.0,Neutral,0.21900808811187744,Positive
2013-04-16,0.0,,0.0,Neutral,0.0,Neutral
2013-04-15,0.0,,0.0,Neutral,0.0,Neutral
2013-04-11,0.0,,0.0,Neutral,0.0,Neutral
2013-04-09,0.0,,0.0,Neutral,0.0,Neutral
2013-04-08,0.0,,0.0,Neutral,0.0,Neutral
2013-04-07,0.0,,0.0,Neutral,0.0,Neutral
2013-04-04,0.0,,0.0,Neutral,0.0,Neutral
2013-04-03,0.0,,0.0,Neutral,0.0,Neutral
2013-04-02,0.0,,0.0,Neutral,0.0,Neutral
2013-04-01,0.0,,0.0,Neutral,0.0,Neutral
2013-03-31,0.0,,0.0,Neutral,0.0,Neutral
2013-03-28,0.0,,0.0,Neutral,0.0,Neutral
2013-03-27,0.0,,0.0,Neutral,0.0,Neutral
2013-03-25,0.0,,0.0,Neutral,0.0,Neutral
2013-03-24,0.0,,0.0,Neutral,0.0,Neutral
2013-03-21,0.0,,0.0,Neutral,0.0,Neutral
2013-03-20,0.0,,0.0,Neutral,0.0,Neutral
2013-03-19,0.0,,0.0,Neutral,0.0,Neutral
2013-03-18,0.0,,0.0,Neutral,0.0,Neutral
2013-03-17,0.0,,0.0,Neutral,0.0,Neutral
2013-03-14,0.0,,0.0,Neutral,0.0,Neutral
2013-03-13,0.0,2013-03-13,0.6635726094245911,Strongly Positive,0.6635726094245911,Strongly Positive
2013-03-11,0.0,,0.0,Neutral,0.33178630471229553,Positive
2013-03-07,0.0,,0.0,Neutral,0.16589315235614777,Slightly Positive
2013-03-06,0.0,,0.0,Neutral,0.0,Neutral
2013-03-05,0.0,,0.0,Neutral,0.0,Neutral
2013-03-04,0.0,,0.0,Neutral,0.0,Neutral
2013-03-03,0.0,,0.0,Neutral,0.0,Neutral
2013-02-28,0.0,,0.0,Neutral,0.0,Neutral
2013-02-27,0.0,,0.0,Neutral,0.0,Neutral
2013-02-26,0.0,,0.0,Neutral,0.0,Neutral
2013-02-25,0.0,,0.0,Neutral,0.0,Neutral
2013-02-24,0.0,,0.0,Neutral,0.0,Neutral
2013-02-21,0.0,,0.0,Neutral,0.0,Neutral
2013-02-20,0.0,,0.0,Neutral,0.0,Neutral
2013-02-19,0.0,,0.0,Neutral,0.0,Neutral
2013-02-17,0.0,,0.0,Neutral,0.0,Neutral
2013-02-14,0.0,,0.0,Neutral,0.0,Neutral
2013-02-13,0.0,,0.0,Neutral,0.0,Neutral
2013-02-12,0.0,,0.0,Neutral,0.0,Neutral
2013-02-10,0.0,,0.0,Neutral,0.0,Neutral
2013-02-07,0.0,,0.0,Neutral,0.0,Neutral
2013-02-06,0.0,,0.0,Neutral,0.0,Neutral
2013-02-05,0.0,,0.0,Neutral,0.0,Neutral
2013-02-04,0.0,,0.0,Neutral,0.0,Neutral
2013-02-03,0.0,,0.0,Neutral,0.0,Neutral
2013-01-31,0.0,,0.0,Neutral,0.0,Neutral
2013-01-30,0.0,,0.0,Neutral,0.0,Neutral
2013-01-28,0.0,2013-01-28,0.8766284584999084,Strongly Positive,0.8766284584999084,Strongly Positive
2013-01-27,0.0,,0.0,Neutral,0.4383142292499542,Positive
2013-01-24,0.0,,0.0,Neutral,0.2191571146249771,Positive
2013-01-23,0.0,,0.0,Neutral,0.0,Neutral
2013-01-22,0.0,,0.0,Neutral,0.0,Neutral
2013-01-21,0.0,2013-01-21,-0.8027498722076416,Strongly Negative,-0.8027498722076416,Strongly Negative
2013-01-20,0.0,,0.0,Neutral,-0.4013749361038208,Negative
2013-01-17,0.0,,0.0,Neutral,-0.2006874680519104,Negative
2013-01-16,0.0,2013-01-16,0.4959243834018707,Positive,0.4959243834018707,Positive
2013-01-15,0.0,,0.0,Neutral,0.24796219170093536,Positive
2013-01-13,0.0,,0.0,Neutral,0.12398109585046768,Slightly Positive
2013-01-10,0.0,,0.0,Neutral,0.0,Neutral
2013-01-09,0.0,,0.0,Neutral,0.0,Neutral
2013-01-08,0.0,2013-01-08,0.4011178910732269,Positive,0.4011178910732269,Positive
2013-01-07,0.0,,0.0,Neutral,0.20055894553661344,Positive
2013-01-06,0.0,,0.0,Neutral,0.10027947276830672,Slightly Positive
2013-01-03,0.0,,0.0,Neutral,0.0,Neutral
2013-01-02,0.0,,0.0,Neutral,0.0,Neutral
2013-01-01,0.0,,0.0,Neutral,0.0,Neutral
2012-12-31,0.0,,0.0,Neutral,0.0,Neutral
2012-12-27,0.0,,0.0,Neutral,0.0,Neutral
2012-12-26,0.0,,0.0,Neutral,0.0,Neutral
2012-12-24,0.0,,0.0,Neutral,0.0,Neutral
2012-12-23,0.0,,0.0,Neutral,0.0,Neutral
2012-12-20,0.0,,0.0,Neutral,0.0,Neutral
2012-12-19,0.0,,0.0,Neutral,0.0,Neutral
2012-12-18,0.0,,0.0,Neutral,0.0,Neutral
2012-12-17,0.0,,0.0,Neutral,0.0,Neutral
2012-12-16,0.0,,0.0,Neutral,0.0,Neutral
2012-12-13,0.0,,0.0,Neutral,0.0,Neutral
2012-12-12,0.0,,0.0,Neutral,0.0,Neutral
2012-12-11,0.0,,0.0,Neutral,0.0,Neutral
2012-12-10,0.0,,0.0,Neutral,0.0,Neutral
2012-12-09,0.0,,0.0,Neutral,0.0,Neutral
2012-12-06,0.0,,0.0,Neutral,0.0,Neutral
2012-12-05,0.0,,0.0,Neutral,0.0,Neutral
2012-12-04,0.0,,0.0,Neutral,0.0,Neutral
2012-12-03,0.0,,0.0,Neutral,0.0,Neutral
2012-12-02,0.0,,0.0,Neutral,0.0,Neutral
2012-11-29,0.0,,0.0,Neutral,0.0,Neutral
2012-11-28,0.0,,0.0,Neutral,0.0,Neutral
2012-11-27,0.0,,0.0,Neutral,0.0,Neutral
2012-11-26,0.0,,0.0,Neutral,0.0,Neutral
2012-11-25,0.0,,0.0,Neutral,0.0,Neutral
2012-11-22,0.0,,0.0,Neutral,0.0,Neutral
2012-11-21,0.0,,0.0,Neutral,0.0,Neutral
2012-11-20,0.0,,0.0,Neutral,0.0,Neutral
2012-11-18,0.0,,0.0,Neutral,0.0,Neutral
2012-11-12,0.0,,0.0,Neutral,0.0,Neutral
2012-11-11,0.0,,0.0,Neutral,0.0,Neutral
2012-11-08,0.0,,0.0,Neutral,0.0,Neutral
2012-11-07,0.0,,0.0,Neutral,0.0,Neutral
2012-11-06,0.0,,0.0,Neutral,0.0,Neutral
2012-11-05,0.0,,0.0,Neutral,0.0,Neutral
2012-11-04,0.0,,0.0,Neutral,0.0,Neutral
2012-11-01,0.0,,0.0,Neutral,0.0,Neutral
2012-10-31,0.0,,0.0,Neutral,0.0,Neutral
2012-10-30,0.0,2012-10-30,0.8767701387405396,Strongly Positive,0.8767701387405396,Strongly Positive
2012-10-18,990.0,2012-10-18,0.8931323885917664,Strongly Positive,1.3315174579620361,Strongly Positive
2012-10-17,975.0,,0.0,Neutral,0.6657587289810181,Strongly Positive
2012-10-15,965.0,,0.0,Neutral,0.2232830971479416,Positive
2012-10-14,951.0,,0.0,Neutral,0.0,Neutral
2012-10-11,953.0,,0.0,Neutral,0.0,Neutral
2012-10-10,962.0,,0.0,Neutral,0.0,Neutral
2012-10-09,968.0,,0.0,Neutral,0.0,Neutral
2012-10-08,989.0,2012-10-08,0.9025632739067078,Strongly Positive,0.9025632739067078,Strongly Positive
2012-10-07,0.0,,0.0,Neutral,0.4512816369533539,Positive
2012-10-04,970.0,,0.0,Neutral,0.22564081847667694,Positive
2012-10-03,926.0,,0.0,Neutral,0.0,Neutral
2012-10-02,900.0,,0.0,Neutral,0.0,Neutral
2012-10-01,872.0,,0.0,Neutral,0.0,Neutral
2012-10-01,872.0,,0.0,Neutral,0.0,Neutral
2012-09-30,871.0,,0.0,Neutral,0.0,Neutral
2012-09-26,878.0,,0.0,Neutral,0.0,Neutral
2012-09-25,888.0,,0.0,Neutral,0.0,Neutral
2012-09-24,0.0,,0.0,Neutral,0.0,Neutral
2012-09-23,0.0,,0.0,Neutral,0.0,Neutral
2012-09-20,0.0,2012-09-20,0.8236021995544434,Strongly Positive,0.8236021995544434,Strongly Positive
2012-09-19,0.0,,0.0,Neutral,0.4118010997772217,Positive
2012-09-18,0.0,,0.0,Neutral,0.20590054988861084,Positive
2012-09-17,0.0,,0.0,Neutral,0.0,Neutral
2012-09-16,0.0,,0.0,Neutral,0.0,Neutral
2012-09-13,0.0,,0.0,Neutral,0.0,Neutral
2012-09-12,0.0,,0.0,Neutral,0.0,Neutral
2012-09-11,0.0,2012-09-11,0.9140388369560242,Strongly Positive,0.9140388369560242,Strongly Positive
2012-09-10,0.0,,0.0,Neutral,0.4570194184780121,Positive
2012-09-09,0.0,,0.0,Neutral,0.22850970923900604,Positive
2012-09-06,0.0,,0.0,Neutral,0.0,Neutral
2012-09-05,0.0,,0.0,Neutral,0.0,Neutral
2012-09-04,0.0,,0.0,Neutral,0.0,Neutral
2012-09-03,0.0,,0.0,Neutral,0.0,Neutral
2012-09-02,0.0,,0.0,Neutral,0.0,Neutral
2012-08-30,0.0,,0.0,Neutral,0.0,Neutral
2012-08-29,0.0,,0.0,Neutral,0.0,Neutral
2012-08-28,0.0,,0.0,Neutral,0.0,Neutral
2012-08-27,0.0,2012-08-27,0.879736602306366,Strongly Positive,0.879736602306366,Strongly Positive
2012-08-26,0.0,,0.0,Neutral,0.439868301153183,Positive
2012-08-23,0.0,,0.0,Neutral,0.2199341505765915,Positive
2012-08-22,0.0,,0.0,Neutral,0.0,Neutral
2012-08-21,0.0,,0.0,Neutral,0.0,Neutral
2012-08-19,0.0,,0.0,Neutral,0.0,Neutral
2012-08-16,0.0,,0.0,Neutral,0.0,Neutral
2012-08-15,0.0,,0.0,Neutral,0.0,Neutral
2012-08-14,0.0,,0.0,Neutral,0.0,Neutral
2012-08-13,0.0,,0.0,Neutral,0.0,Neutral
2012-08-12,0.0,,0.0,Neutral,0.0,Neutral
2012-08-08,0.0,2012-08-08,0.8763875365257263,Strongly Positive,0.8763875365257263,Strongly Positive
2012-08-07,0.0,,0.0,Neutral,0.43819376826286316,Positive
2012-08-06,0.0,,0.0,Neutral,0.21909688413143158,Positive
2012-08-05,0.0,,0.0,Neutral,0.0,Neutral
2012-08-01,997.0,,0.0,Neutral,0.0,Neutral
2012-07-31,980.0,,0.0,Neutral,0.0,Neutral
2012-07-30,977.0,,0.0,Neutral,0.0,Neutral
2012-07-29,970.0,,0.0,Neutral,0.0,Neutral
2012-07-26,0.0,,0.0,Neutral,0.0,Neutral
2012-07-25,986.0,,0.0,Neutral,0.0,Neutral
2012-07-24,956.0,,0.0,Neutral,0.0,Neutral
2012-07-23,982.0,,0.0,Neutral,0.0,Neutral
2012-07-22,964.0,,0.0,Neutral,0.0,Neutral
2012-07-19,916.0,,0.0,Neutral,0.0,Neutral
2012-07-18,904.0,,0.0,Neutral,0.0,Neutral
2012-07-17,882.0,,0.0,Neutral,0.0,Neutral
2012-07-16,881.0,,0.0,Neutral,0.0,Neutral
2012-07-15,910.0,,0.0,Neutral,0.0,Neutral
2012-07-12,873.0,,0.0,Neutral,0.0,Neutral
2012-07-11,885.0,,0.0,Neutral,0.0,Neutral
2012-07-10,877.0,,0.0,Neutral,0.0,Neutral
2012-07-09,862.0,,0.0,Neutral,0.0,Neutral
2012-07-08,850.0,,0.0,Neutral,0.0,Neutral
2012-07-05,845.0,,0.0,Neutral,0.0,Neutral
2012-07-04,846.0,,0.0,Neutral,0.0,Neutral
2012-07-03,840.0,,0.0,Neutral,0.0,Neutral
2012-07-02,840.0,,0.0,Neutral,0.0,Neutral
2012-07-01,832.0,,0.0,Neutral,0.0,Neutral
2012-06-28,843.0,,0.0,Neutral,0.0,Neutral
2012-06-27,840.0,,0.0,Neutral,0.0,Neutral
2012-06-26,831.0,,0.0,Neutral,0.0,Neutral
2012-06-25,833.0,,0.0,Neutral,0.0,Neutral
2012-06-21,810.0,,0.0,Neutral,0.0,Neutral
2012-06-20,788.0,,0.0,Neutral,0.0,Neutral
2012-06-19,787.0,,0.0,Neutral,0.0,Neutral
2012-06-18,789.0,,0.0,Neutral,0.0,Neutral
2012-06-17,780.0,,0.0,Neutral,0.0,Neutral
2012-06-14,779.0,,0.0,Neutral,0.0,Neutral
2012-06-13,779.0,,0.0,Neutral,0.0,Neutral
2012-06-12,780.0,,0.0,Neutral,0.0,Neutral
2012-06-11,780.0,,0.0,Neutral,0.0,Neutral
2012-06-10,770.0,,0.0,Neutral,0.0,Neutral
2012-06-07,780.0,,0.0,Neutral,0.0,Neutral
2012-06-06,770.0,,0.0,Neutral,0.0,Neutral
2012-06-05,777.0,,0.0,Neutral,0.0,Neutral
2012-06-04,793.0,,0.0,Neutral,0.0,Neutral
2012-06-03,818.0,,0.0,Neutral,0.0,Neutral
2012-05-31,740.0,,0.0,Neutral,0.0,Neutral
2012-05-30,714.0,,0.0,Neutral,0.0,Neutral
2012-05-29,793.0,,0.0,Neutral,0.0,Neutral
2012-05-27,881.0,,0.0,Neutral,0.0,Neutral
2012-05-24,850.0,,0.0,Neutral,0.0,Neutral
2012-05-23,815.0,,0.0,Neutral,0.0,Neutral
2012-05-22,866.0,,0.0,Neutral,0.0,Neutral
2012-05-21,885.0,,0.0,Neutral,0.0,Neutral
2012-05-20,870.0,,0.0,Neutral,0.0,Neutral
2012-05-17,886.0,,0.0,Neutral,0.0,Neutral
2012-05-16,875.0,,0.0,Neutral,0.0,Neutral
2012-05-15,842.0,,0.0,Neutral,0.0,Neutral
2012-05-14,766.0,,0.0,Neutral,0.0,Neutral
2012-05-13,812.0,,0.0,Neutral,0.0,Neutral
2012-05-10,857.0,,0.0,Neutral,0.0,Neutral
2012-05-09,874.0,,0.0,Neutral,0.0,Neutral
2012-05-08,900.0,,0.0,Neutral,0.0,Neutral
2012-05-07,833.0,,0.0,Neutral,0.0,Neutral
2012-05-03,786.0,,0.0,Neutral,0.0,Neutral
2012-05-02,771.0,,0.0,Neutral,0.0,Neutral
2012-04-30,851.0,,0.0,Neutral,0.0,Neutral
2012-04-29,888.0,,0.0,Neutral,0.0,Neutral
2012-04-26,896.0,2012-04-26,0.8792151808738708,Strongly Positive,0.8792151808738708,Strongly Positive
2012-04-25,909.0,,0.0,Neutral,0.4396075904369354,Positive
2012-04-24,827.0,,0.0,Neutral,0.2198037952184677,Positive
2012-04-22,766.0,,0.0,Neutral,0.0,Neutral
2012-04-19,735.0,,0.0,Neutral,0.0,Neutral
2012-04-18,726.0,,0.0,Neutral,0.0,Neutral
2012-04-17,680.0,,0.0,Neutral,0.0,Neutral
2012-04-16,700.0,,0.0,Neutral,0.0,Neutral
2012-04-15,687.0,,0.0,Neutral,0.0,Neutral
2012-04-12,637.0,,0.0,Neutral,0.0,Neutral
2012-04-11,610.0,,0.0,Neutral,0.0,Neutral
2012-04-10,606.0,,0.0,Neutral,0.0,Neutral
2012-04-09,600.0,,0.0,Neutral,0.0,Neutral
2012-04-08,596.0,,0.0,Neutral,0.0,Neutral
2012-04-05,595.0,,0.0,Neutral,0.0,Neutral
2012-04-04,595.0,,0.0,Neutral,0.0,Neutral
2012-04-03,596.0,,0.0,Neutral,0.0,Neutral
2012-04-02,594.0,,0.0,Neutral,0.0,Neutral
2012-04-01,588.0,,0.0,Neutral,0.0,Neutral
2012-03-29,587.0,,0.0,Neutral,0.0,Neutral
2012-03-28,587.0,,0.0,Neutral,0.0,Neutral
2012-03-27,590.0,,0.0,Neutral,0.0,Neutral
2012-03-26,590.0,,0.0,Neutral,0.0,Neutral
2012-03-25,594.0,,0.0,Neutral,0.0,Neutral
2012-03-21,596.0,,0.0,Neutral,0.0,Neutral
2012-03-20,596.0,,0.0,Neutral,0.0,Neutral
2012-03-19,596.0,,0.0,Neutral,0.0,Neutral
2012-03-18,597.0,,0.0,Neutral,0.0,Neutral
2012-03-15,595.0,,0.0,Neutral,0.0,Neutral
2012-03-14,597.0,,0.0,Neutral,0.0,Neutral
2012-03-13,597.0,,0.0,Neutral,0.0,Neutral
2012-03-12,597.0,,0.0,Neutral,0.0,Neutral
2012-03-11,598.0,,0.0,Neutral,0.0,Neutral
2012-03-06,599.0,,0.0,Neutral,0.0,Neutral
2012-03-05,599.0,,0.0,Neutral,0.0,Neutral
2012-03-04,599.0,,0.0,Neutral,0.0,Neutral
2012-03-01,598.0,,0.0,Neutral,0.0,Neutral
2012-02-29,596.0,,0.0,Neutral,0.0,Neutral
2012-02-28,593.0,,0.0,Neutral,0.0,Neutral
2012-02-27,590.0,,0.0,Neutral,0.0,Neutral
2012-02-26,590.0,,0.0,Neutral,0.0,Neutral
2012-02-23,593.0,,0.0,Neutral,0.0,Neutral
2012-02-21,595.0,,0.0,Neutral,0.0,Neutral
2012-02-16,597.0,,0.0,Neutral,0.0,Neutral
2012-02-15,590.0,,0.0,Neutral,0.0,Neutral
2012-02-14,589.0,,0.0,Neutral,0.0,Neutral
2012-02-13,591.0,,0.0,Neutral,0.0,Neutral
2012-02-12,595.0,,0.0,Neutral,0.0,Neutral
2012-02-09,594.0,,0.0,Neutral,0.0,Neutral
2012-02-08,597.0,,0.0,Neutral,0.0,Neutral
2012-02-07,600.0,,0.0,Neutral,0.0,Neutral
2012-02-06,605.0,,0.0,Neutral,0.0,Neutral
2012-02-05,610.0,,0.0,Neutral,0.0,Neutral
2012-02-02,606.0,,0.0,Neutral,0.0,Neutral
2012-02-01,609.0,,0.0,Neutral,0.0,Neutral
2012-01-31,612.0,,0.0,Neutral,0.0,Neutral
2012-01-29,614.0,,0.0,Neutral,0.0,Neutral
2012-01-26,612.0,,0.0,Neutral,0.0,Neutral
2012-01-25,612.0,,0.0,Neutral,0.0,Neutral
2012-01-23,610.0,,0.0,Neutral,0.0,Neutral
2012-01-22,607.0,,0.0,Neutral,0.0,Neutral
2012-01-19,608.0,,0.0,Neutral,0.0,Neutral
2012-01-18,610.0,,0.0,Neutral,0.0,Neutral
2012-01-17,579.0,,0.0,Neutral,0.0,Neutral
2012-01-16,609.0,,0.0,Neutral,0.0,Neutral
2012-01-12,609.0,,0.0,Neutral,0.0,Neutral
2012-01-11,610.0,,0.0,Neutral,0.0,Neutral
2012-01-10,610.0,,0.0,Neutral,0.0,Neutral
2012-01-09,608.0,,0.0,Neutral,0.0,Neutral
2012-01-08,609.0,,0.0,Neutral,0.0,Neutral
2012-01-05,613.0,,0.0,Neutral,0.0,Neutral
2012-01-04,619.0,,0.0,Neutral,0.0,Neutral
2012-01-03,614.0,,0.0,Neutral,0.0,Neutral
2012-01-02,610.0,,0.0,Neutral,0.0,Neutral
2012-01-01,602.0,,0.0,Neutral,0.0,Neutral
2011-12-29,601.0,,0.0,Neutral,0.0,Neutral
2011-12-28,590.0,,0.0,Neutral,0.0,Neutral
2011-12-26,830.0,,0.0,Neutral,0.0,Neutral
2011-12-22,825.0,,0.0,Neutral,0.0,Neutral
2011-12-21,830.0,,0.0,Neutral,0.0,Neutral
2011-12-20,827.0,,0.0,Neutral,0.0,Neutral
2011-12-19,815.0,,0.0,Neutral,0.0,Neutral
2011-12-18,814.0,,0.0,Neutral,0.0,Neutral
2011-12-15,814.0,,0.0,Neutral,0.0,Neutral
2011-12-14,810.0,,0.0,Neutral,0.0,Neutral
2011-12-13,787.0,,0.0,Neutral,0.0,Neutral
2011-12-12,797.0,,0.0,Neutral,0.0,Neutral
2011-12-11,810.0,,0.0,Neutral,0.0,Neutral
2011-12-08,819.0,,0.0,Neutral,0.0,Neutral
2011-12-07,830.0,,0.0,Neutral,0.0,Neutral
2011-12-06,831.0,,0.0,Neutral,0.0,Neutral
2011-12-05,815.0,,0.0,Neutral,0.0,Neutral
2011-12-04,807.0,,0.0,Neutral,0.0,Neutral
2011-12-01,787.0,,0.0,Neutral,0.0,Neutral
2011-11-28,782.0,,0.0,Neutral,0.0,Neutral
2011-11-27,800.0,,0.0,Neutral,0.0,Neutral
2011-11-24,833.0,,0.0,Neutral,0.0,Neutral
2011-11-23,850.0,,0.0,Neutral,0.0,Neutral
2011-11-22,850.0,,0.0,Neutral,0.0,Neutral
2011-11-21,866.0,,0.0,Neutral,0.0,Neutral
2011-11-20,865.0,,0.0,Neutral,0.0,Neutral
2011-11-17,865.0,,0.0,Neutral,0.0,Neutral
2011-11-16,871.0,,0.0,Neutral,0.0,Neutral
2011-11-15,890.0,,0.0,Neutral,0.0,Neutral
2011-11-14,890.0,,0.0,Neutral,0.0,Neutral
2011-11-13,890.0,,0.0,Neutral,0.0,Neutral
2011-11-10,901.0,,0.0,Neutral,0.0,Neutral
2011-11-08,900.0,,0.0,Neutral,0.0,Neutral
2011-11-06,907.0,,0.0,Neutral,0.0,Neutral
2011-11-03,905.0,,0.0,Neutral,0.0,Neutral
2011-11-02,907.0,,0.0,Neutral,0.0,Neutral
2011-10-31,890.0,2011-10-31,0.6547511518001556,Strongly Positive,0.6547511518001556,Strongly Positive
2011-10-30,885.0,,0.0,Neutral,0.3273755759000778,Positive
2011-10-25,885.0,,0.0,Neutral,0.1636877879500389,Slightly Positive
2011-10-24,891.0,,0.0,Neutral,0.0,Neutral
2011-10-23,885.0,2011-10-23,0.885678768157959,Strongly Positive,0.885678768157959,Strongly Positive
2011-10-20,865.0,,0.0,Neutral,0.4428393840789795,Positive
2011-10-19,940.0,,0.0,Neutral,0.22141969203948975,Positive
2011-10-18,864.0,,0.0,Neutral,0.0,Neutral
2011-10-17,855.0,,0.0,Neutral,0.0,Neutral
2011-10-16,850.0,,0.0,Neutral,0.0,Neutral
2011-10-13,820.0,,0.0,Neutral,0.0,Neutral
2011-10-12,815.0,,0.0,Neutral,0.0,Neutral
2011-10-10,805.0,,0.0,Neutral,0.0,Neutral
2011-10-09,800.0,,0.0,Neutral,0.0,Neutral
2011-10-02,800.0,,0.0,Neutral,0.0,Neutral
2011-09-29,790.0,,0.0,Neutral,0.0,Neutral
2011-09-27,781.0,2011-09-27,0.1179360896348953,Slightly Positive,0.1179360896348953,Slightly Positive
2011-09-26,776.0,,0.0,Neutral,0.05896804481744765,Slightly Positive
2011-09-25,785.0,,0.0,Neutral,0.029484022408723824,Neutral
2011-09-22,770.0,2011-09-22,0.9205016493797302,Strongly Positive,0.9205016493797302,Strongly Positive
2011-09-21,780.0,,0.0,Neutral,0.4602508246898651,Positive
2011-09-20,770.0,2011-09-20,0.915716290473938,Strongly Positive,1.1458417028188705,Strongly Positive
2011-09-19,760.0,,0.0,Neutral,0.457858145236969,Positive
2011-09-18,775.0,,0.0,Neutral,0.2289290726184845,Positive
2011-09-15,780.0,,0.0,Neutral,0.0,Neutral
2011-09-14,785.0,,0.0,Neutral,0.0,Neutral
2011-09-13,815.0,,0.0,Neutral,0.0,Neutral
2011-09-12,828.0,,0.0,Neutral,0.0,Neutral
2011-09-08,835.0,,0.0,Neutral,0.0,Neutral
2011-09-07,830.0,,0.0,Neutral,0.0,Neutral
2011-09-06,824.0,,0.0,Neutral,0.0,Neutral
2011-09-05,840.0,,0.0,Neutral,0.0,Neutral
2011-09-04,850.0,,0.0,Neutral,0.0,Neutral
2011-08-30,830.0,,0.0,Neutral,0.0,Neutral
2011-08-29,817.0,,0.0,Neutral,0.0,Neutral
2011-08-28,833.0,,0.0,Neutral,0.0,Neutral
2011-08-25,817.0,,0.0,Neutral,0.0,Neutral
2011-08-24,818.0,,0.0,Neutral,0.0,Neutral
2011-08-23,833.0,,0.0,Neutral,0.0,Neutral
2011-08-22,839.0,,0.0,Neutral,0.0,Neutral
2011-08-18,840.0,,0.0,Neutral,0.0,Neutral
2011-08-17,840.0,2011-08-17,0.8718088865280151,Strongly Positive,0.8718088865280151,Strongly Positive
2011-08-16,844.0,,0.0,Neutral,0.43590444326400757,Positive
2011-08-11,812.0,,0.0,Neutral,0.21795222163200378,Positive
2011-08-10,812.0,,0.0,Neutral,0.0,Neutral
2011-08-09,800.0,,0.0,Neutral,0.0,Neutral
2011-08-08,815.0,,0.0,Neutral,0.0,Neutral
2011-08-04,814.0,,0.0,Neutral,0.0,Neutral
2011-08-03,830.0,,0.0,Neutral,0.0,Neutral
2011-08-02,825.0,,0.0,Neutral,0.0,Neutral
2011-08-01,815.0,,0.0,Neutral,0.0,Neutral
2011-07-31,810.0,,0.0,Neutral,0.0,Neutral
2011-07-28,791.0,2011-07-28,0.9249092936515808,Strongly Positive,0.9249092936515808,Strongly Positive
2011-07-27,790.0,,0.0,Neutral,0.4624546468257904,Positive
2011-07-26,790.0,,0.0,Neutral,0.2312273234128952,Positive
2011-07-25,775.0,,0.0,Neutral,0.0,Neutral
2011-07-24,805.0,,0.0,Neutral,0.0,Neutral
2011-07-21,825.0,,0.0,Neutral,0.0,Neutral
2011-07-20,863.0,,0.0,Neutral,0.0,Neutral
2011-07-19,908.0,,0.0,Neutral,0.0,Neutral
2011-07-18,908.0,,0.0,Neutral,0.0,Neutral
2011-07-17,857.0,,0.0,Neutral,0.0,Neutral
2011-07-14,822.0,,0.0,Neutral,0.0,Neutral
2011-07-13,835.0,,0.0,Neutral,0.0,Neutral
2011-07-12,816.0,,0.0,Neutral,0.0,Neutral
2011-07-11,805.0,,0.0,Neutral,0.0,Neutral
2011-07-10,811.0,,0.0,Neutral,0.0,Neutral
2011-07-07,839.0,,0.0,Neutral,0.0,Neutral
2011-07-06,845.0,,0.0,Neutral,0.0,Neutral
2011-07-05,814.0,,0.0,Neutral,0.0,Neutral
2011-07-04,800.0,,0.0,Neutral,0.0,Neutral
2011-07-03,756.0,,0.0,Neutral,0.0,Neutral
2011-06-29,770.0,,0.0,Neutral,0.0,Neutral
2011-06-27,788.0,,0.0,Neutral,0.0,Neutral
2011-06-26,866.0,,0.0,Neutral,0.0,Neutral
2011-06-23,955.0,,0.0,Neutral,0.0,Neutral
2011-06-21,886.0,,0.0,Neutral,0.0,Neutral
2011-06-20,733.0,,0.0,Neutral,0.0,Neutral
2011-06-19,733.0,,0.0,Neutral,0.0,Neutral
2011-06-16,705.0,,0.0,Neutral,0.0,Neutral
2011-06-15,695.0,,0.0,Neutral,0.0,Neutral
2011-06-14,690.0,,0.0,Neutral,0.0,Neutral
2011-06-13,707.0,,0.0,Neutral,0.0,Neutral
2011-06-12,745.0,,0.0,Neutral,0.0,Neutral
2011-06-09,775.0,,0.0,Neutral,0.0,Neutral
2011-06-08,805.0,,0.0,Neutral,0.0,Neutral
2011-06-07,815.0,,0.0,Neutral,0.0,Neutral
2011-06-06,841.0,,0.0,Neutral,0.0,Neutral
2011-06-05,845.0,,0.0,Neutral,0.0,Neutral
2011-06-02,852.0,,0.0,Neutral,0.0,Neutral
2011-06-01,850.0,,0.0,Neutral,0.0,Neutral
2011-05-31,850.0,,0.0,Neutral,0.0,Neutral
2011-05-30,888.0,,0.0,Neutral,0.0,Neutral
2011-05-26,890.0,,0.0,Neutral,0.0,Neutral
2011-05-25,900.0,,0.0,Neutral,0.0,Neutral
2011-05-24,900.0,,0.0,Neutral,0.0,Neutral
2011-05-22,892.0,,0.0,Neutral,0.0,Neutral
2011-05-19,875.0,,0.0,Neutral,0.0,Neutral
2011-05-18,900.0,,0.0,Neutral,0.0,Neutral
2011-05-16,900.0,,0.0,Neutral,0.0,Neutral
2011-05-15,900.0,,0.0,Neutral,0.0,Neutral
2011-05-11,900.0,,0.0,Neutral,0.0,Neutral
2011-05-10,891.0,,0.0,Neutral,0.0,Neutral
2011-05-05,898.0,,0.0,Neutral,0.0,Neutral
2011-05-04,898.0,,0.0,Neutral,0.0,Neutral
2011-05-03,900.0,2011-05-03,0.9153393507003784,Strongly Positive,0.9153393507003784,Strongly Positive
2011-05-02,900.0,,0.0,Neutral,0.4576696753501892,Positive
2011-04-28,899.0,,0.0,Neutral,0.2288348376750946,Positive
2011-04-27,910.0,,0.0,Neutral,0.0,Neutral
2011-04-21,920.0,2011-04-21,-0.8625680208206177,Strongly Negative,-0.8625680208206177,Strongly Negative
2011-04-20,920.0,,0.0,Neutral,-0.43128401041030884,Negative
2011-04-19,920.0,,0.0,Neutral,-0.21564200520515442,Negative
2011-04-18,914.0,,0.0,Neutral,0.0,Neutral
2011-04-17,927.0,,0.0,Neutral,0.0,Neutral
2011-04-13,930.0,,0.0,Neutral,0.0,Neutral
2011-04-11,934.0,,0.0,Neutral,0.0,Neutral
2011-04-10,934.0,,0.0,Neutral,0.0,Neutral
2011-04-07,940.0,,0.0,Neutral,0.0,Neutral
2011-04-06,940.0,,0.0,Neutral,0.0,Neutral
2011-04-05,941.0,,0.0,Neutral,0.0,Neutral
2011-04-04,940.0,,0.0,Neutral,0.0,Neutral
2011-03-31,941.0,,0.0,Neutral,0.0,Neutral
2011-03-30,934.0,,0.0,Neutral,0.0,Neutral
2011-03-29,934.0,,0.0,Neutral,0.0,Neutral
2011-03-28,930.0,,0.0,Neutral,0.0,Neutral
2011-03-27,902.0,2011-03-27,0.878710150718689,Strongly Positive,0.878710150718689,Strongly Positive
2011-03-16,885.0,,0.0,Neutral,0.4393550753593445,Positive
2011-03-15,900.0,,0.0,Neutral,0.21967753767967224,Positive
2011-03-10,990.0,,0.0,Neutral,0.0,Neutral
2011-03-07,0.0,,0.0,Neutral,0.0,Neutral
2011-02-28,0.0,,0.0,Neutral,0.0,Neutral
2011-02-27,0.0,,0.0,Neutral,0.0,Neutral
2011-02-24,0.0,,0.0,Neutral,0.0,Neutral
2011-02-23,0.0,,0.0,Neutral,0.0,Neutral
2011-02-22,0.0,,0.0,Neutral,0.0,Neutral
2011-02-21,0.0,,0.0,Neutral,0.0,Neutral
2011-02-20,0.0,,0.0,Neutral,0.0,Neutral
2011-02-17,0.0,,0.0,Neutral,0.0,Neutral
2011-02-16,0.0,,0.0,Neutral,0.0,Neutral
2011-02-15,0.0,,0.0,Neutral,0.0,Neutral
2011-02-14,995.0,,0.0,Neutral,0.0,Neutral
2011-02-13,0.0,,0.0,Neutral,0.0,Neutral
2011-02-10,0.0,,0.0,Neutral,0.0,Neutral
2011-02-09,0.0,,0.0,Neutral,0.0,Neutral
2011-02-07,0.0,,0.0,Neutral,0.0,Neutral
2011-02-06,0.0,,0.0,Neutral,0.0,Neutral
2011-02-03,0.0,,0.0,Neutral,0.0,Neutral
2011-02-02,0.0,,0.0,Neutral,0.0,Neutral
2011-02-01,0.0,,0.0,Neutral,0.0,Neutral
2011-01-31,0.0,,0.0,Neutral,0.0,Neutral
2011-01-24,0.0,,0.0,Neutral,0.0,Neutral
2011-01-23,0.0,,0.0,Neutral,0.0,Neutral
2011-01-20,0.0,,0.0,Neutral,0.0,Neutral
2011-01-19,995.0,,0.0,Neutral,0.0,Neutral
2011-01-18,0.0,,0.0,Neutral,0.0,Neutral
2011-01-17,0.0,,0.0,Neutral,0.0,Neutral
2011-01-16,976.0,,0.0,Neutral,0.0,Neutral
2011-01-13,960.0,,0.0,Neutral,0.0,Neutral
2011-01-12,970.0,,0.0,Neutral,0.0,Neutral
2011-01-11,955.0,,0.0,Neutral,0.0,Neutral
2011-01-10,973.0,,0.0,Neutral,0.0,Neutral
2011-01-09,950.0,,0.0,Neutral,0.0,Neutral
2011-01-05,955.0,,0.0,Neutral,0.0,Neutral
2011-01-04,922.0,,0.0,Neutral,0.0,Neutral
2011-01-03,940.0,,0.0,Neutral,0.0,Neutral
2011-01-03,0.0,,0.0,Neutral,0.0,Neutral
2011-01-02,950.0,,0.0,Neutral,0.0,Neutral
2010-12-29,950.0,,0.0,Neutral,0.0,Neutral
2010-12-28,936.0,,0.0,Neutral,0.0,Neutral
2010-12-26,918.0,,0.0,Neutral,0.0,Neutral
2010-12-22,936.0,,0.0,Neutral,0.0,Neutral
2010-12-20,930.0,,0.0,Neutral,0.0,Neutral
2010-12-19,937.0,,0.0,Neutral,0.0,Neutral
2010-12-15,940.0,,0.0,Neutral,0.0,Neutral
2010-12-14,936.0,,0.0,Neutral,0.0,Neutral
2010-12-13,930.0,,0.0,Neutral,0.0,Neutral
2010-12-12,930.0,,0.0,Neutral,0.0,Neutral
2010-12-09,925.0,,0.0,Neutral,0.0,Neutral
2010-12-08,940.0,,0.0,Neutral,0.0,Neutral
2010-12-06,924.0,,0.0,Neutral,0.0,Neutral
2010-12-02,942.0,,0.0,Neutral,0.0,Neutral
2010-12-01,951.0,,0.0,Neutral,0.0,Neutral
2010-11-30,955.0,,0.0,Neutral,0.0,Neutral
2010-11-29,966.0,,0.0,Neutral,0.0,Neutral
2010-11-25,975.0,,0.0,Neutral,0.0,Neutral
2010-11-24,970.0,,0.0,Neutral,0.0,Neutral
2010-11-23,965.0,,0.0,Neutral,0.0,Neutral
2010-11-22,961.0,,0.0,Neutral,0.0,Neutral
2010-11-21,985.0,,0.0,Neutral,0.0,Neutral
2010-11-18,994.0,,0.0,Neutral,0.0,Neutral
2010-11-16,975.0,,0.0,Neutral,0.0,Neutral
2010-11-15,956.0,,0.0,Neutral,0.0,Neutral
2010-11-14,955.0,,0.0,Neutral,0.0,Neutral
2010-11-11,949.0,,0.0,Neutral,0.0,Neutral
2010-11-04,930.0,,0.0,Neutral,0.0,Neutral
2010-11-03,950.0,,0.0,Neutral,0.0,Neutral
2010-11-02,950.0,,0.0,Neutral,0.0,Neutral
2010-11-01,940.0,,0.0,Neutral,0.0,Neutral
2010-10-31,940.0,,0.0,Neutral,0.0,Neutral
2010-10-28,950.0,,0.0,Neutral,0.0,Neutral
2010-10-27,940.0,,0.0,Neutral,0.0,Neutral
2010-10-26,923.0,,0.0,Neutral,0.0,Neutral
2010-10-25,941.0,,0.0,Neutral,0.0,Neutral
2010-10-24,946.0,,0.0,Neutral,0.0,Neutral
2010-10-21,940.0,,0.0,Neutral,0.0,Neutral
2010-10-12,920.0,,0.0,Neutral,0.0,Neutral
2010-10-07,914.0,,0.0,Neutral,0.0,Neutral
2010-10-06,900.0,,0.0,Neutral,0.0,Neutral
2010-10-05,900.0,,0.0,Neutral,0.0,Neutral
2010-10-04,900.0,,0.0,Neutral,0.0,Neutral
2010-09-30,900.0,,0.0,Neutral,0.0,Neutral
2010-09-29,900.0,,0.0,Neutral,0.0,Neutral
2010-09-28,915.0,,0.0,Neutral,0.0,Neutral
2010-09-27,916.0,,0.0,Neutral,0.0,Neutral
2010-09-26,910.0,,0.0,Neutral,0.0,Neutral
2010-09-23,911.0,,0.0,Neutral,0.0,Neutral
2010-09-21,920.0,,0.0,Neutral,0.0,Neutral
2010-09-20,920.0,,0.0,Neutral,0.0,Neutral
2010-09-19,920.0,,0.0,Neutral,0.0,Neutral
2010-09-14,920.0,,0.0,Neutral,0.0,Neutral
2010-09-09,905.0,,0.0,Neutral,0.0,Neutral
2010-09-07,915.0,,0.0,Neutral,0.0,Neutral
2010-07-28,930.0,,0.0,Neutral,0.0,Neutral
2010-07-27,912.0,,0.0,Neutral,0.0,Neutral
2010-07-26,930.0,,0.0,Neutral,0.0,Neutral
2010-07-25,953.0,,0.0,Neutral,0.0,Neutral
2010-07-22,991.0,,0.0,Neutral,0.0,Neutral
2010-07-15,0.0,,0.0,Neutral,0.0,Neutral
2010-07-14,0.0,,0.0,Neutral,0.0,Neutral
2010-07-13,983.0,,0.0,Neutral,0.0,Neutral
2010-07-12,910.0,,0.0,Neutral,0.0,Neutral
2010-07-11,933.0,,0.0,Neutral,0.0,Neutral
2010-07-08,928.0,,0.0,Neutral,0.0,Neutral
2010-07-07,925.0,,0.0,Neutral,0.0,Neutral
2010-07-06,920.0,,0.0,Neutral,0.0,Neutral
2010-07-04,920.0,,0.0,Neutral,0.0,Neutral
2010-06-30,911.0,,0.0,Neutral,0.0,Neutral
2010-06-29,907.0,,0.0,Neutral,0.0,Neutral
2010-06-26,920.0,,0.0,Neutral,0.0,Neutral
2010-06-23,931.0,,0.0,Neutral,0.0,Neutral
2010-06-22,950.0,,0.0,Neutral,0.0,Neutral
2010-06-21,950.0,,0.0,Neutral,0.0,Neutral
2010-06-20,969.0,,0.0,Neutral,0.0,Neutral
2010-06-14,950.0,,0.0,Neutral,0.0,Neutral
2010-06-13,980.0,,0.0,Neutral,0.0,Neutral
2010-06-10,980.0,,0.0,Neutral,0.0,Neutral
2010-06-09,980.0,,0.0,Neutral,0.0,Neutral
2010-06-08,980.0,,0.0,Neutral,0.0,Neutral
2010-06-07,998.0,,0.0,Neutral,0.0,Neutral
2010-06-06,984.0,,0.0,Neutral,0.0,Neutral
2010-06-03,965.0,,0.0,Neutral,0.0,Neutral
2010-06-01,0.0,,0.0,Neutral,0.0,Neutral
2010-05-31,0.0,,0.0,Neutral,0.0,Neutral
2010-05-30,0.0,,0.0,Neutral,0.0,Neutral
2010-05-26,955.0,,0.0,Neutral,0.0,Neutral
2010-05-25,970.0,,0.0,Neutral,0.0,Neutral
2010-05-23,910.0,,0.0,Neutral,0.0,Neutral
2010-05-20,910.0,,0.0,Neutral,0.0,Neutral
2010-05-19,910.0,,0.0,Neutral,0.0,Neutral
2010-05-18,886.0,,0.0,Neutral,0.0,Neutral
2010-05-13,901.0,,0.0,Neutral,0.0,Neutral
2010-05-12,900.0,,0.0,Neutral,0.0,Neutral
2010-05-11,860.0,,0.0,Neutral,0.0,Neutral
2010-05-10,860.0,,0.0,Neutral,0.0,Neutral
2010-05-09,860.0,,0.0,Neutral,0.0,Neutral
2010-04-29,873.0,,0.0,Neutral,0.0,Neutral
2010-04-28,830.0,,0.0,Neutral,0.0,Neutral
2010-04-27,820.0,,0.0,Neutral,0.0,Neutral
2010-04-26,829.0,,0.0,Neutral,0.0,Neutral
2010-04-25,829.0,,0.0,Neutral,0.0,Neutral
2010-04-22,845.0,,0.0,Neutral,0.0,Neutral
2010-04-21,819.0,,0.0,Neutral,0.0,Neutral
2010-04-20,860.0,,0.0,Neutral,0.0,Neutral
2010-04-19,873.0,,0.0,Neutral,0.0,Neutral
2010-04-18,885.0,,0.0,Neutral,0.0,Neutral
2010-04-15,890.0,,0.0,Neutral,0.0,Neutral
2010-04-13,898.0,,0.0,Neutral,0.0,Neutral
2010-04-12,900.0,,0.0,Neutral,0.0,Neutral
2010-04-11,892.0,,0.0,Neutral,0.0,Neutral
2010-04-08,905.0,,0.0,Neutral,0.0,Neutral
2010-04-07,900.0,,0.0,Neutral,0.0,Neutral
2010-04-06,899.0,,0.0,Neutral,0.0,Neutral
2010-04-05,907.0,,0.0,Neutral,0.0,Neutral
2010-04-04,923.0,,0.0,Neutral,0.0,Neutral
2010-04-01,928.0,,0.0,Neutral,0.0,Neutral
2010-03-31,886.0,,0.0,Neutral,0.0,Neutral
2010-03-30,862.0,,0.0,Neutral,0.0,Neutral
2010-03-29,912.0,,0.0,Neutral,0.0,Neutral
2010-03-28,930.0,,0.0,Neutral,0.0,Neutral
2010-03-25,925.0,,0.0,Neutral,0.0,Neutral
2010-03-23,931.0,,0.0,Neutral,0.0,Neutral
2010-03-22,950.0,,0.0,Neutral,0.0,Neutral
2010-03-17,990.0,,0.0,Neutral,0.0,Neutral
2010-03-16,970.0,,0.0,Neutral,0.0,Neutral
2010-03-14,956.0,,0.0,Neutral,0.0,Neutral
2010-03-11,0.0,,0.0,Neutral,0.0,Neutral
2010-03-10,0.0,,0.0,Neutral,0.0,Neutral
2010-03-07,975.0,,0.0,Neutral,0.0,Neutral
2010-03-04,965.0,,0.0,Neutral,0.0,Neutral
2010-03-03,965.0,,0.0,Neutral,0.0,Neutral
2010-03-02,980.0,,0.0,Neutral,0.0,Neutral
2010-03-01,0.0,,0.0,Neutral,0.0,Neutral
2010-02-17,0.0,,0.0,Neutral,0.0,Neutral
2010-02-11,0.0,,0.0,Neutral,0.0,Neutral
2010-02-10,0.0,,0.0,Neutral,0.0,Neutral
2010-02-09,985.0,,0.0,Neutral,0.0,Neutral
2010-02-08,0.0,,0.0,Neutral,0.0,Neutral
2010-02-07,0.0,,0.0,Neutral,0.0,Neutral
2010-02-04,0.0,,0.0,Neutral,0.0,Neutral
2010-02-03,970.0,,0.0,Neutral,0.0,Neutral
2010-01-31,990.0,,0.0,Neutral,0.0,Neutral
2010-01-28,0.0,,0.0,Neutral,0.0,Neutral
2010-01-27,0.0,,0.0,Neutral,0.0,Neutral
2010-01-26,0.0,,0.0,Neutral,0.0,Neutral
2010-01-25,0.0,,0.0,Neutral,0.0,Neutral
2010-01-21,0.0,,0.0,Neutral,0.0,Neutral
2010-01-20,0.0,,0.0,Neutral,0.0,Neutral
2010-01-19,0.0,,0.0,Neutral,0.0,Neutral
2010-01-14,970.0,,0.0,Neutral,0.0,Neutral
2010-01-11,980.0,,0.0,Neutral,0.0,Neutral
2010-01-07,980.0,,0.0,Neutral,0.0,Neutral
2010-01-06,980.0,,0.0,Neutral,0.0,Neutral
2010-01-05,0.0,,0.0,Neutral,0.0,Neutral
2010-01-03,0.0,,0.0,Neutral,0.0,Neutral
2009-12-31,0.0,,0.0,Neutral,0.0,Neutral
2009-12-29,0.0,,0.0,Neutral,0.0,Neutral
2009-12-28,0.0,,0.0,Neutral,0.0,Neutral
2009-12-24,0.0,,0.0,Neutral,0.0,Neutral
2009-12-23,990.0,,0.0,Neutral,0.0,Neutral
2009-12-22,990.0,,0.0,Neutral,0.0,Neutral
2009-12-20,0.0,,0.0,Neutral,0.0,Neutral
2009-12-17,0.0,,0.0,Neutral,0.0,Neutral
2009-12-16,0.0,,0.0,Neutral,0.0,Neutral
2009-12-15,0.0,,0.0,Neutral,0.0,Neutral
2009-12-14,0.0,,0.0,Neutral,0.0,Neutral
2009-12-13,0.0,,0.0,Neutral,0.0,Neutral
2009-12-10,0.0,,0.0,Neutral,0.0,Neutral
2009-12-09,0.0,,0.0,Neutral,0.0,Neutral
2009-12-06,999.0,,0.0,Neutral,0.0,Neutral
2009-12-03,980.0,,0.0,Neutral,0.0,Neutral
2009-12-01,0.0,,0.0,Neutral,0.0,Neutral
2009-11-26,0.0,,0.0,Neutral,0.0,Neutral
2009-11-24,0.0,,0.0,Neutral,0.0,Neutral
2009-11-19,0.0,,0.0,Neutral,0.0,Neutral
2009-11-12,0.0,,0.0,Neutral,0.0,Neutral
2009-11-11,0.0,,0.0,Neutral,0.0,Neutral
2009-11-10,0.0,,0.0,Neutral,0.0,Neutral
2009-11-09,0.0,,0.0,Neutral,0.0,Neutral
2009-11-08,0.0,,0.0,Neutral,0.0,Neutral
2009-11-05,0.0,,0.0,Neutral,0.0,Neutral
2009-11-04,0.0,,0.0,Neutral,0.0,Neutral
2009-11-03,0.0,,0.0,Neutral,0.0,Neutral
2009-11-02,0.0,,0.0,Neutral,0.0,Neutral
2009-10-29,0.0,,0.0,Neutral,0.0,Neutral
2009-10-28,0.0,,0.0,Neutral,0.0,Neutral
2009-10-27,0.0,,0.0,Neutral,0.0,Neutral
2009-10-26,0.0,,0.0,Neutral,0.0,Neutral
2009-10-25,0.0,,0.0,Neutral,0.0,Neutral
2009-10-22,0.0,,0.0,Neutral,0.0,Neutral
2009-10-14,0.0,,0.0,Neutral,0.0,Neutral
2009-10-13,0.0,,0.0,Neutral,0.0,Neutral
2009-10-12,0.0,,0.0,Neutral,0.0,Neutral
2009-10-08,0.0,,0.0,Neutral,0.0,Neutral
2009-10-07,0.0,,0.0,Neutral,0.0,Neutral
2009-10-06,0.0,,0.0,Neutral,0.0,Neutral
2009-10-05,0.0,,0.0,Neutral,0.0,Neutral
2009-10-04,0.0,,0.0,Neutral,0.0,Neutral
2009-09-27,0.0,,0.0,Neutral,0.0,Neutral
2009-09-20,0.0,,0.0,Neutral,0.0,Neutral
2009-09-17,0.0,,0.0,Neutral,0.0,Neutral
2009-09-16,0.0,,0.0,Neutral,0.0,Neutral
2009-09-15,0.0,,0.0,Neutral,0.0,Neutral
2009-09-14,0.0,,0.0,Neutral,0.0,Neutral
2009-09-13,0.0,,0.0,Neutral,0.0,Neutral
2009-09-10,0.0,,0.0,Neutral,0.0,Neutral
2009-09-09,0.0,,0.0,Neutral,0.0,Neutral
2009-09-08,0.0,,0.0,Neutral,0.0,Neutral
2009-09-07,0.0,,0.0,Neutral,0.0,Neutral
2009-09-06,908.0,,0.0,Neutral,0.0,Neutral
2009-09-06,0.0,,0.0,Neutral,0.0,Neutral
2009-09-05,900.0,,0.0,Neutral,0.0,Neutral
2009-09-02,0.0,,0.0,Neutral,0.0,Neutral
2009-09-01,0.0,,0.0,Neutral,0.0,Neutral
2009-08-31,0.0,,0.0,Neutral,0.0,Neutral
2009-08-27,0.0,,0.0,Neutral,0.0,Neutral
2009-08-26,0.0,,0.0,Neutral,0.0,Neutral
2009-08-25,0.0,,0.0,Neutral,0.0,Neutral
2009-08-24,0.0,,0.0,Neutral,0.0,Neutral
2009-08-23,0.0,,0.0,Neutral,0.0,Neutral
2009-08-20,0.0,,0.0,Neutral,0.0,Neutral
2009-08-18,0.0,,0.0,Neutral,0.0,Neutral
2009-08-17,0.0,,0.0,Neutral,0.0,Neutral
2009-08-16,0.0,,0.0,Neutral,0.0,Neutral
2009-08-12,0.0,,0.0,Neutral,0.0,Neutral
2009-08-11,0.0,,0.0,Neutral,0.0,Neutral
2009-08-10,0.0,,0.0,Neutral,0.0,Neutral
2009-08-09,0.0,,0.0,Neutral,0.0,Neutral
2009-08-09,0.0,,0.0,Neutral,0.0,Neutral
2009-08-04,0.0,,0.0,Neutral,0.0,Neutral
2009-08-03,0.0,,0.0,Neutral,0.0,Neutral
2009-08-02,0.0,,0.0,Neutral,0.0,Neutral
2009-07-30,0.0,,0.0,Neutral,0.0,Neutral
2009-07-29,0.0,,0.0,Neutral,0.0,Neutral
2009-07-23,0.0,,0.0,Neutral,0.0,Neutral
2009-07-21,0.0,,0.0,Neutral,0.0,Neutral
2009-07-19,0.0,,0.0,Neutral,0.0,Neutral
2009-07-16,0.0,,0.0,Neutral,0.0,Neutral
2009-07-15,0.0,,0.0,Neutral,0.0,Neutral
2009-07-14,0.0,,0.0,Neutral,0.0,Neutral
2009-07-13,0.0,,0.0,Neutral,0.0,Neutral
2009-07-09,0.0,,0.0,Neutral,0.0,Neutral
2009-07-08,0.0,,0.0,Neutral,0.0,Neutral
2009-07-07,0.0,,0.0,Neutral,0.0,Neutral
2009-07-06,0.0,,0.0,Neutral,0.0,Neutral
2009-07-05,0.0,,0.0,Neutral,0.0,Neutral
2009-07-02,0.0,,0.0,Neutral,0.0,Neutral
2009-07-01,0.0,,0.0,Neutral,0.0,Neutral
2009-06-30,0.0,,0.0,Neutral,0.0,Neutral
2009-06-29,0.0,,0.0,Neutral,0.0,Neutral
2009-06-28,0.0,,0.0,Neutral,0.0,Neutral
2009-06-25,0.0,,0.0,Neutral,0.0,Neutral
2009-06-24,0.0,,0.0,Neutral,0.0,Neutral
2009-06-23,0.0,,0.0,Neutral,0.0,Neutral
2009-06-22,0.0,,0.0,Neutral,0.0,Neutral
2009-06-21,0.0,,0.0,Neutral,0.0,Neutral
2009-06-18,0.0,,0.0,Neutral,0.0,Neutral
2009-06-17,0.0,,0.0,Neutral,0.0,Neutral
2009-06-16,0.0,,0.0,Neutral,0.0,Neutral
2009-06-15,0.0,,0.0,Neutral,0.0,Neutral
2009-06-12,0.0,,0.0,Neutral,0.0,Neutral
2009-06-10,0.0,,0.0,Neutral,0.0,Neutral
2009-06-09,0.0,,0.0,Neutral,0.0,Neutral
2009-06-08,0.0,,0.0,Neutral,0.0,Neutral
2009-06-07,0.0,,0.0,Neutral,0.0,Neutral
2009-06-04,0.0,,0.0,Neutral,0.0,Neutral
2009-06-03,0.0,,0.0,Neutral,0.0,Neutral
2009-06-02,0.0,,0.0,Neutral,0.0,Neutral
2009-06-01,0.0,,0.0,Neutral,0.0,Neutral
2009-05-31,0.0,,0.0,Neutral,0.0,Neutral
2009-05-28,0.0,,0.0,Neutral,0.0,Neutral
2009-05-27,0.0,,0.0,Neutral,0.0,Neutral
2009-05-26,0.0,,0.0,Neutral,0.0,Neutral
2009-05-25,0.0,,0.0,Neutral,0.0,Neutral
2009-05-24,0.0,,0.0,Neutral,0.0,Neutral
2009-05-21,0.0,,0.0,Neutral,0.0,Neutral
2009-05-20,0.0,,0.0,Neutral,0.0,Neutral
2009-05-19,0.0,,0.0,Neutral,0.0,Neutral
2009-05-18,0.0,,0.0,Neutral,0.0,Neutral
2009-05-17,0.0,,0.0,Neutral,0.0,Neutral
2009-05-14,0.0,,0.0,Neutral,0.0,Neutral
2009-05-13,0.0,,0.0,Neutral,0.0,Neutral
2009-05-12,0.0,,0.0,Neutral,0.0,Neutral
2009-05-11,0.0,,0.0,Neutral,0.0,Neutral
2009-05-10,0.0,,0.0,Neutral,0.0,Neutral
2009-05-07,0.0,,0.0,Neutral,0.0,Neutral
2009-05-06,0.0,,0.0,Neutral,0.0,Neutral
2009-05-05,0.0,,0.0,Neutral,0.0,Neutral
2009-05-04,0.0,,0.0,Neutral,0.0,Neutral
2009-04-30,0.0,,0.0,Neutral,0.0,Neutral
2009-04-29,0.0,,0.0,Neutral,0.0,Neutral
2009-04-28,0.0,,0.0,Neutral,0.0,Neutral
2009-04-27,0.0,,0.0,Neutral,0.0,Neutral
2009-04-26,0.0,,0.0,Neutral,0.0,Neutral
2009-04-22,0.0,,0.0,Neutral,0.0,Neutral
2009-04-20,0.0,,0.0,Neutral,0.0,Neutral
2009-04-19,0.0,,0.0,Neutral,0.0,Neutral
2009-04-16,0.0,,0.0,Neutral,0.0,Neutral
2009-04-13,0.0,,0.0,Neutral,0.0,Neutral
2009-04-12,0.0,,0.0,Neutral,0.0,Neutral
2009-04-08,0.0,,0.0,Neutral,0.0,Neutral
2009-04-07,0.0,,0.0,Neutral,0.0,Neutral
2009-04-05,0.0,,0.0,Neutral,0.0,Neutral
2009-04-02,0.0,,0.0,Neutral,0.0,Neutral
2009-04-01,0.0,,0.0,Neutral,0.0,Neutral
2009-03-31,0.0,,0.0,Neutral,0.0,Neutral
2009-03-30,0.0,,0.0,Neutral,0.0,Neutral
2009-03-29,0.0,,0.0,Neutral,0.0,Neutral
2009-03-25,0.0,,0.0,Neutral,0.0,Neutral
2009-03-23,0.0,,0.0,Neutral,0.0,Neutral
2009-03-22,0.0,,0.0,Neutral,0.0,Neutral
2009-03-19,0.0,,0.0,Neutral,0.0,Neutral
2009-03-18,0.0,,0.0,Neutral,0.0,Neutral
2009-03-17,0.0,,0.0,Neutral,0.0,Neutral
2009-03-16,0.0,,0.0,Neutral,0.0,Neutral
2009-03-15,0.0,,0.0,Neutral,0.0,Neutral
2009-03-12,0.0,,0.0,Neutral,0.0,Neutral
2009-03-09,0.0,,0.0,Neutral,0.0,Neutral
2009-03-08,0.0,,0.0,Neutral,0.0,Neutral
2009-03-05,0.0,,0.0,Neutral,0.0,Neutral
2009-03-04,0.0,,0.0,Neutral,0.0,Neutral
2009-03-03,0.0,,0.0,Neutral,0.0,Neutral
2009-03-01,0.0,,0.0,Neutral,0.0,Neutral
2009-02-26,0.0,,0.0,Neutral,0.0,Neutral
2009-02-24,0.0,,0.0,Neutral,0.0,Neutral
2009-02-22,0.0,,0.0,Neutral,0.0,Neutral
2009-02-19,0.0,,0.0,Neutral,0.0,Neutral
2009-02-17,0.0,,0.0,Neutral,0.0,Neutral
2009-02-16,0.0,,0.0,Neutral,0.0,Neutral
2009-02-15,0.0,,0.0,Neutral,0.0,Neutral
2009-02-12,0.0,,0.0,Neutral,0.0,Neutral
2009-02-11,0.0,,0.0,Neutral,0.0,Neutral
2009-02-10,0.0,,0.0,Neutral,0.0,Neutral
2009-02-09,0.0,,0.0,Neutral,0.0,Neutral
2009-02-08,0.0,,0.0,Neutral,0.0,Neutral
2009-02-05,0.0,,0.0,Neutral,0.0,Neutral
2009-02-04,0.0,,0.0,Neutral,0.0,Neutral
2009-02-03,995.0,,0.0,Neutral,0.0,Neutral
2009-02-02,990.0,,0.0,Neutral,0.0,Neutral
2009-02-01,990.0,,0.0,Neutral,0.0,Neutral
2009-01-28,0.0,,0.0,Neutral,0.0,Neutral
2009-01-26,0.0,,0.0,Neutral,0.0,Neutral
2009-01-25,0.0,,0.0,Neutral,0.0,Neutral
2009-01-23,0.0,,0.0,Neutral,0.0,Neutral
2009-01-22,0.0,,0.0,Neutral,0.0,Neutral
2009-01-21,0.0,,0.0,Neutral,0.0,Neutral
2009-01-18,0.0,,0.0,Neutral,0.0,Neutral
2009-01-12,0.0,,0.0,Neutral,0.0,Neutral
2009-01-11,0.0,,0.0,Neutral,0.0,Neutral
2009-01-08,0.0,,0.0,Neutral,0.0,Neutral
2009-01-06,0.0,,0.0,Neutral,0.0,Neutral
2009-01-05,0.0,,0.0,Neutral,0.0,Neutral
2009-01-01,0.0,,0.0,Neutral,0.0,Neutral
2008-12-31,0.0,,0.0,Neutral,0.0,Neutral
2008-12-29,0.0,,0.0,Neutral,0.0,Neutral
2008-12-28,0.0,,0.0,Neutral,0.0,Neutral
2008-12-24,0.0,,0.0,Neutral,0.0,Neutral
2008-12-22,0.0,,0.0,Neutral,0.0,Neutral
2008-12-21,0.0,,0.0,Neutral,0.0,Neutral
2008-12-18,0.0,,0.0,Neutral,0.0,Neutral
2008-12-17,0.0,,0.0,Neutral,0.0,Neutral
2008-12-16,0.0,,0.0,Neutral,0.0,Neutral
2008-12-15,0.0,,0.0,Neutral,0.0,Neutral
2008-12-11,0.0,,0.0,Neutral,0.0,Neutral
2008-12-10,0.0,,0.0,Neutral,0.0,Neutral
2008-12-08,0.0,,0.0,Neutral,0.0,Neutral
2008-12-03,0.0,,0.0,Neutral,0.0,Neutral
2008-12-02,0.0,,0.0,Neutral,0.0,Neutral
2008-12-01,0.0,,0.0,Neutral,0.0,Neutral
2008-11-30,0.0,,0.0,Neutral,0.0,Neutral
2008-11-27,0.0,,0.0,Neutral,0.0,Neutral
2008-11-26,0.0,,0.0,Neutral,0.0,Neutral
2008-11-25,0.0,,0.0,Neutral,0.0,Neutral
2008-11-24,0.0,,0.0,Neutral,0.0,Neutral
2008-11-23,0.0,,0.0,Neutral,0.0,Neutral
2008-11-20,0.0,,0.0,Neutral,0.0,Neutral
2008-11-19,0.0,,0.0,Neutral,0.0,Neutral
2008-11-18,0.0,,0.0,Neutral,0.0,Neutral
2008-11-17,0.0,,0.0,Neutral,0.0,Neutral
2008-11-12,0.0,,0.0,Neutral,0.0,Neutral
2008-11-11,0.0,,0.0,Neutral,0.0,Neutral
2008-11-10,0.0,,0.0,Neutral,0.0,Neutral
2008-11-09,0.0,,0.0,Neutral,0.0,Neutral
2008-11-06,0.0,,0.0,Neutral,0.0,Neutral
2008-11-05,0.0,,0.0,Neutral,0.0,Neutral
2008-11-02,0.0,,0.0,Neutral,0.0,Neutral
2008-10-27,0.0,,0.0,Neutral,0.0,Neutral
2008-10-26,0.0,,0.0,Neutral,0.0,Neutral
2008-10-23,0.0,,0.0,Neutral,0.0,Neutral
2008-10-22,0.0,,0.0,Neutral,0.0,Neutral
2008-10-21,0.0,,0.0,Neutral,0.0,Neutral
2008-10-20,0.0,,0.0,Neutral,0.0,Neutral
2008-10-19,0.0,,0.0,Neutral,0.0,Neutral
2008-10-15,0.0,,0.0,Neutral,0.0,Neutral
2008-10-13,0.0,,0.0,Neutral,0.0,Neutral
2008-09-29,0.0,,0.0,Neutral,0.0,Neutral
2008-09-28,0.0,,0.0,Neutral,0.0,Neutral
2008-09-25,0.0,,0.0,Neutral,0.0,Neutral
2008-09-24,0.0,,0.0,Neutral,0.0,Neutral
2008-09-23,0.0,,0.0,Neutral,0.0,Neutral
2008-09-22,0.0,,0.0,Neutral,0.0,Neutral
2008-09-21,0.0,,0.0,Neutral,0.0,Neutral
2008-09-18,0.0,,0.0,Neutral,0.0,Neutral
2008-09-17,0.0,,0.0,Neutral,0.0,Neutral
2008-09-16,0.0,,0.0,Neutral,0.0,Neutral
2008-09-15,0.0,,0.0,Neutral,0.0,Neutral
2008-09-10,0.0,,0.0,Neutral,0.0,Neutral
2008-09-09,0.0,,0.0,Neutral,0.0,Neutral
2008-09-08,0.0,,0.0,Neutral,0.0,Neutral
2008-09-07,0.0,,0.0,Neutral,0.0,Neutral
2008-09-04,0.0,,0.0,Neutral,0.0,Neutral
2008-09-03,0.0,,0.0,Neutral,0.0,Neutral
2008-09-02,0.0,,0.0,Neutral,0.0,Neutral
2008-08-31,0.0,,0.0,Neutral,0.0,Neutral
2008-08-28,0.0,,0.0,Neutral,0.0,Neutral
2008-08-27,0.0,,0.0,Neutral,0.0,Neutral
2008-08-25,0.0,,0.0,Neutral,0.0,Neutral
2008-08-19,0.0,,0.0,Neutral,0.0,Neutral
2008-08-18,0.0,,0.0,Neutral,0.0,Neutral
2008-08-13,0.0,,0.0,Neutral,0.0,Neutral
2008-08-12,0.0,,0.0,Neutral,0.0,Neutral
2008-08-11,0.0,,0.0,Neutral,0.0,Neutral
2008-08-10,0.0,,0.0,Neutral,0.0,Neutral
2008-08-07,0.0,,0.0,Neutral,0.0,Neutral
2008-08-05,0.0,,0.0,Neutral,0.0,Neutral
2008-08-04,0.0,,0.0,Neutral,0.0,Neutral
2008-08-03,0.0,,0.0,Neutral,0.0,Neutral
2008-07-31,0.0,,0.0,Neutral,0.0,Neutral
2008-07-29,0.0,,0.0,Neutral,0.0,Neutral
2008-07-28,0.0,,0.0,Neutral,0.0,Neutral
2008-07-27,0.0,,0.0,Neutral,0.0,Neutral
2008-07-23,0.0,,0.0,Neutral,0.0,Neutral
2008-07-22,0.0,,0.0,Neutral,0.0,Neutral
2008-07-21,0.0,,0.0,Neutral,0.0,Neutral
2008-07-20,0.0,,0.0,Neutral,0.0,Neutral
2008-07-17,0.0,,0.0,Neutral,0.0,Neutral
2008-07-16,0.0,,0.0,Neutral,0.0,Neutral
2008-07-15,0.0,,0.0,Neutral,0.0,Neutral
2008-07-13,0.0,,0.0,Neutral,0.0,Neutral
2008-07-10,0.0,,0.0,Neutral,0.0,Neutral
2008-07-09,0.0,,0.0,Neutral,0.0,Neutral
2008-07-08,0.0,,0.0,Neutral,0.0,Neutral
2008-07-07,0.0,,0.0,Neutral,0.0,Neutral
2008-07-06,0.0,,0.0,Neutral,0.0,Neutral
2008-07-03,0.0,,0.0,Neutral,0.0,Neutral
2008-07-02,0.0,,0.0,Neutral,0.0,Neutral
2008-07-01,0.0,,0.0,Neutral,0.0,Neutral
2008-06-30,0.0,,0.0,Neutral,0.0,Neutral
2008-06-29,0.0,,0.0,Neutral,0.0,Neutral
2008-06-26,0.0,,0.0,Neutral,0.0,Neutral
2008-06-25,0.0,,0.0,Neutral,0.0,Neutral
2008-06-24,0.0,,0.0,Neutral,0.0,Neutral
2008-06-23,0.0,,0.0,Neutral,0.0,Neutral
2008-06-22,0.0,,0.0,Neutral,0.0,Neutral
2008-06-19,0.0,,0.0,Neutral,0.0,Neutral
2008-06-18,0.0,,0.0,Neutral,0.0,Neutral
2008-06-17,0.0,,0.0,Neutral,0.0,Neutral
2008-06-16,0.0,,0.0,Neutral,0.0,Neutral
2008-06-12,0.0,,0.0,Neutral,0.0,Neutral
2008-06-12,0.0,,0.0,Neutral,0.0,Neutral
2008-06-11,0.0,,0.0,Neutral,0.0,Neutral
2008-06-10,0.0,,0.0,Neutral,0.0,Neutral
2008-06-09,0.0,,0.0,Neutral,0.0,Neutral
2008-06-08,0.0,,0.0,Neutral,0.0,Neutral
2008-06-05,0.0,,0.0,Neutral,0.0,Neutral
2008-06-04,0.0,,0.0,Neutral,0.0,Neutral
2008-06-02,0.0,,0.0,Neutral,0.0,Neutral
2008-05-26,0.0,,0.0,Neutral,0.0,Neutral
2008-05-25,0.0,,0.0,Neutral,0.0,Neutral
2008-05-22,0.0,,0.0,Neutral,0.0,Neutral
2008-05-21,0.0,,0.0,Neutral,0.0,Neutral
2008-05-18,0.0,,0.0,Neutral,0.0,Neutral
2008-05-15,0.0,,0.0,Neutral,0.0,Neutral
2008-05-14,0.0,,0.0,Neutral,0.0,Neutral
2008-05-13,0.0,,0.0,Neutral,0.0,Neutral
2008-05-12,0.0,,0.0,Neutral,0.0,Neutral
2008-05-11,0.0,,0.0,Neutral,0.0,Neutral
2008-05-08,0.0,,0.0,Neutral,0.0,Neutral
2008-05-07,0.0,,0.0,Neutral,0.0,Neutral
2008-05-06,0.0,,0.0,Neutral,0.0,Neutral
2008-05-05,0.0,,0.0,Neutral,0.0,Neutral
2008-05-04,0.0,,0.0,Neutral,0.0,Neutral
2008-04-30,0.0,,0.0,Neutral,0.0,Neutral
2008-04-28,0.0,,0.0,Neutral,0.0,Neutral
2008-04-27,0.0,,0.0,Neutral,0.0,Neutral
2008-04-24,0.0,,0.0,Neutral,0.0,Neutral
2008-04-22,0.0,,0.0,Neutral,0.0,Neutral
2008-04-21,0.0,,0.0,Neutral,0.0,Neutral
2008-04-20,0.0,,0.0,Neutral,0.0,Neutral
2008-04-17,0.0,,0.0,Neutral,0.0,Neutral
2008-04-16,0.0,,0.0,Neutral,0.0,Neutral
2008-04-15,0.0,,0.0,Neutral,0.0,Neutral
2008-04-06,0.0,,0.0,Neutral,0.0,Neutral
2008-04-03,0.0,,0.0,Neutral,0.0,Neutral
2008-04-02,0.0,,0.0,Neutral,0.0,Neutral
2008-04-01,0.0,,0.0,Neutral,0.0,Neutral
2008-03-31,0.0,,0.0,Neutral,0.0,Neutral
2008-03-30,0.0,,0.0,Neutral,0.0,Neutral
2008-03-27,0.0,,0.0,Neutral,0.0,Neutral
2008-03-26,0.0,,0.0,Neutral,0.0,Neutral
2008-03-25,0.0,,0.0,Neutral,0.0,Neutral
2008-03-24,0.0,,0.0,Neutral,0.0,Neutral
2008-03-23,0.0,,0.0,Neutral,0.0,Neutral
2008-03-20,0.0,,0.0,Neutral,0.0,Neutral
2008-03-19,0.0,,0.0,Neutral,0.0,Neutral
2008-03-18,0.0,,0.0,Neutral,0.0,Neutral
2008-03-17,0.0,,0.0,Neutral,0.0,Neutral
2008-03-16,0.0,,0.0,Neutral,0.0,Neutral
2008-03-13,0.0,,0.0,Neutral,0.0,Neutral
2008-03-12,0.0,,0.0,Neutral,0.0,Neutral
2008-03-11,0.0,,0.0,Neutral,0.0,Neutral
2008-03-10,0.0,,0.0,Neutral,0.0,Neutral
2008-03-09,0.0,,0.0,Neutral,0.0,Neutral
2008-03-05,0.0,,0.0,Neutral,0.0,Neutral
2008-03-04,0.0,,0.0,Neutral,0.0,Neutral
2008-03-03,0.0,,0.0,Neutral,0.0,Neutral
2008-03-02,0.0,,0.0,Neutral,0.0,Neutral
2008-02-28,0.0,,0.0,Neutral,0.0,Neutral
2008-02-26,0.0,,0.0,Neutral,0.0,Neutral
2008-02-26,0.0,,0.0,Neutral,0.0,Neutral
2008-02-25,0.0,,0.0,Neutral,0.0,Neutral
2008-02-24,0.0,,0.0,Neutral,0.0,Neutral
2008-02-21,0.0,,0.0,Neutral,0.0,Neutral
2008-02-20,0.0,,0.0,Neutral,0.0,Neutral
2008-02-18,0.0,,0.0,Neutral,0.0,Neutral
2008-02-17,0.0,,0.0,Neutral,0.0,Neutral
2008-02-14,0.0,,0.0,Neutral,0.0,Neutral
2008-02-13,0.0,,0.0,Neutral,0.0,Neutral
2008-02-12,0.0,,0.0,Neutral,0.0,Neutral
2008-02-11,0.0,,0.0,Neutral,0.0,Neutral
2008-02-10,0.0,,0.0,Neutral,0.0,Neutral
2008-02-05,0.0,,0.0,Neutral,0.0,Neutral
2008-02-04,0.0,,0.0,Neutral,0.0,Neutral
2008-02-03,0.0,,0.0,Neutral,0.0,Neutral
2008-01-31,0.0,,0.0,Neutral,0.0,Neutral
2008-01-29,0.0,,0.0,Neutral,0.0,Neutral
2008-01-28,0.0,,0.0,Neutral,0.0,Neutral
2008-01-27,0.0,,0.0,Neutral,0.0,Neutral
2008-01-24,0.0,,0.0,Neutral,0.0,Neutral
2008-01-23,0.0,,0.0,Neutral,0.0,Neutral
2008-01-21,0.0,,0.0,Neutral,0.0,Neutral
2008-01-21,0.0,,0.0,Neutral,0.0,Neutral
2008-01-20,0.0,,0.0,Neutral,0.0,Neutral
2008-01-17,0.0,,0.0,Neutral,0.0,Neutral
2008-01-16,0.0,,0.0,Neutral,0.0,Neutral
2008-01-13,0.0,,0.0,Neutral,0.0,Neutral
2007-12-27,0.0,,0.0,Neutral,0.0,Neutral
2007-12-27,0.0,,0.0,Neutral,0.0,Neutral
2007-12-24,0.0,,0.0,Neutral,0.0,Neutral
2007-12-23,0.0,,0.0,Neutral,0.0,Neutral
2007-12-20,0.0,,0.0,Neutral,0.0,Neutral
2007-12-19,0.0,,0.0,Neutral,0.0,Neutral
2007-12-18,0.0,,0.0,Neutral,0.0,Neutral
2007-12-17,0.0,,0.0,Neutral,0.0,Neutral
2007-12-16,0.0,,0.0,Neutral,0.0,Neutral
2007-12-13,0.0,,0.0,Neutral,0.0,Neutral
2007-12-11,0.0,,0.0,Neutral,0.0,Neutral
2007-12-10,0.0,,0.0,Neutral,0.0,Neutral
2007-12-09,0.0,,0.0,Neutral,0.0,Neutral
2007-12-06,0.0,,0.0,Neutral,0.0,Neutral
2007-12-05,0.0,,0.0,Neutral,0.0,Neutral
2007-12-04,0.0,,0.0,Neutral,0.0,Neutral
2007-12-03,0.0,,0.0,Neutral,0.0,Neutral
2007-12-01,0.0,,0.0,Neutral,0.0,Neutral
2007-11-29,0.0,,0.0,Neutral,0.0,Neutral
2007-11-28,0.0,,0.0,Neutral,0.0,Neutral
2007-11-27,0.0,,0.0,Neutral,0.0,Neutral
2007-11-26,0.0,,0.0,Neutral,0.0,Neutral
2007-11-25,0.0,,0.0,Neutral,0.0,Neutral
2007-11-20,0.0,,0.0,Neutral,0.0,Neutral
2007-11-19,0.0,,0.0,Neutral,0.0,Neutral
2007-11-18,0.0,,0.0,Neutral,0.0,Neutral
2007-11-15,0.0,,0.0,Neutral,0.0,Neutral
2007-11-14,0.0,,0.0,Neutral,0.0,Neutral
2007-11-13,0.0,,0.0,Neutral,0.0,Neutral
2007-11-12,0.0,,0.0,Neutral,0.0,Neutral
2007-11-08,0.0,,0.0,Neutral,0.0,Neutral
2007-11-07,0.0,,0.0,Neutral,0.0,Neutral
2007-11-06,0.0,,0.0,Neutral,0.0,Neutral
2007-11-05,0.0,,0.0,Neutral,0.0,Neutral
2007-11-04,0.0,,0.0,Neutral,0.0,Neutral
2007-11-01,0.0,,0.0,Neutral,0.0,Neutral
2007-10-31,0.0,,0.0,Neutral,0.0,Neutral
2007-10-30,0.0,,0.0,Neutral,0.0,Neutral
2007-10-15,0.0,,0.0,Neutral,0.0,Neutral
2007-10-14,0.0,,0.0,Neutral,0.0,Neutral
2007-10-11,0.0,,0.0,Neutral,0.0,Neutral
2007-10-10,0.0,,0.0,Neutral,0.0,Neutral
2007-10-09,0.0,,0.0,Neutral,0.0,Neutral
2007-10-08,0.0,,0.0,Neutral,0.0,Neutral
2007-10-07,0.0,,0.0,Neutral,0.0,Neutral
2007-10-04,0.0,,0.0,Neutral,0.0,Neutral
2007-10-03,0.0,,0.0,Neutral,0.0,Neutral
2007-10-02,0.0,,0.0,Neutral,0.0,Neutral
2007-10-01,0.0,,0.0,Neutral,0.0,Neutral
2007-09-30,0.0,,0.0,Neutral,0.0,Neutral
2007-09-27,0.0,,0.0,Neutral,0.0,Neutral
2007-09-26,0.0,,0.0,Neutral,0.0,Neutral
2007-09-24,0.0,,0.0,Neutral,0.0,Neutral
2007-09-23,0.0,,0.0,Neutral,0.0,Neutral
2007-09-20,0.0,,0.0,Neutral,0.0,Neutral
2007-09-19,0.0,,0.0,Neutral,0.0,Neutral
2007-09-18,0.0,,0.0,Neutral,0.0,Neutral
2007-09-17,0.0,,0.0,Neutral,0.0,Neutral
2007-09-16,0.0,,0.0,Neutral,0.0,Neutral
2007-09-13,0.0,,0.0,Neutral,0.0,Neutral
2007-09-12,0.0,,0.0,Neutral,0.0,Neutral
2007-09-11,0.0,,0.0,Neutral,0.0,Neutral
2007-09-10,0.0,,0.0,Neutral,0.0,Neutral
2007-09-06,0.0,,0.0,Neutral,0.0,Neutral
2007-09-05,0.0,,0.0,Neutral,0.0,Neutral
2007-09-03,0.0,,0.0,Neutral,0.0,Neutral
2007-09-02,0.0,,0.0,Neutral,0.0,Neutral
2007-08-30,0.0,,0.0,Neutral,0.0,Neutral
2007-08-27,0.0,,0.0,Neutral,0.0,Neutral
2007-08-26,0.0,,0.0,Neutral,0.0,Neutral
2007-08-23,0.0,,0.0,Neutral,0.0,Neutral
2007-08-22,0.0,,0.0,Neutral,0.0,Neutral
2007-08-21,0.0,,0.0,Neutral,0.0,Neutral
2007-08-20,0.0,,0.0,Neutral,0.0,Neutral
2007-08-19,0.0,,0.0,Neutral,0.0,Neutral
2007-08-16,0.0,,0.0,Neutral,0.0,Neutral
2007-08-15,0.0,,0.0,Neutral,0.0,Neutral
2007-08-14,0.0,,0.0,Neutral,0.0,Neutral
2007-08-13,0.0,,0.0,Neutral,0.0,Neutral
2007-08-09,0.0,,0.0,Neutral,0.0,Neutral
2007-08-08,0.0,,0.0,Neutral,0.0,Neutral
2007-08-07,0.0,,0.0,Neutral,0.0,Neutral
2007-08-06,0.0,,0.0,Neutral,0.0,Neutral
2007-08-05,0.0,,0.0,Neutral,0.0,Neutral
2007-08-02,0.0,,0.0,Neutral,0.0,Neutral
2007-08-01,990.0,,0.0,Neutral,0.0,Neutral
2007-07-31,990.0,,0.0,Neutral,0.0,Neutral
2007-07-30,0.0,,0.0,Neutral,0.0,Neutral
2007-07-29,0.0,,0.0,Neutral,0.0,Neutral
2007-07-26,0.0,,0.0,Neutral,0.0,Neutral
2007-07-26,885.0,,0.0,Neutral,0.0,Neutral
2007-07-25,0.0,,0.0,Neutral,0.0,Neutral
2007-07-24,0.0,,0.0,Neutral,0.0,Neutral
2007-07-23,0.0,,0.0,Neutral,0.0,Neutral
2007-07-22,0.0,,0.0,Neutral,0.0,Neutral
2007-07-19,0.0,,0.0,Neutral,0.0,Neutral
2007-07-18,0.0,,0.0,Neutral,0.0,Neutral
2007-07-17,986.0,,0.0,Neutral,0.0,Neutral
2007-07-16,940.0,,0.0,Neutral,0.0,Neutral
2007-07-15,940.0,,0.0,Neutral,0.0,Neutral
2007-07-12,915.0,,0.0,Neutral,0.0,Neutral
2007-07-11,920.0,,0.0,Neutral,0.0,Neutral
2007-07-10,915.0,,0.0,Neutral,0.0,Neutral
2007-07-09,900.0,,0.0,Neutral,0.0,Neutral
2007-07-05,885.0,,0.0,Neutral,0.0,Neutral
2007-07-04,900.0,,0.0,Neutral,0.0,Neutral
2007-07-03,870.0,,0.0,Neutral,0.0,Neutral
2007-07-02,865.0,,0.0,Neutral,0.0,Neutral
2007-07-01,870.0,,0.0,Neutral,0.0,Neutral
2007-06-27,885.0,,0.0,Neutral,0.0,Neutral
2007-06-25,890.0,,0.0,Neutral,0.0,Neutral
2007-06-24,890.0,,0.0,Neutral,0.0,Neutral
2007-06-21,865.0,,0.0,Neutral,0.0,Neutral
2007-06-20,875.0,,0.0,Neutral,0.0,Neutral
2007-06-19,851.0,,0.0,Neutral,0.0,Neutral
2007-06-18,835.0,,0.0,Neutral,0.0,Neutral
2007-06-17,810.0,,0.0,Neutral,0.0,Neutral
2007-06-14,820.0,,0.0,Neutral,0.0,Neutral
2007-06-13,860.0,,0.0,Neutral,0.0,Neutral
2007-06-12,830.0,,0.0,Neutral,0.0,Neutral
2007-06-11,830.0,,0.0,Neutral,0.0,Neutral
2007-06-10,810.0,,0.0,Neutral,0.0,Neutral
2007-06-07,795.0,,0.0,Neutral,0.0,Neutral
2007-06-06,800.0,,0.0,Neutral,0.0,Neutral
2007-06-05,798.0,,0.0,Neutral,0.0,Neutral
2007-06-04,800.0,,0.0,Neutral,0.0,Neutral
2007-06-03,790.0,,0.0,Neutral,0.0,Neutral
2007-05-31,790.0,,0.0,Neutral,0.0,Neutral
2007-05-30,782.0,,0.0,Neutral,0.0,Neutral
2007-05-29,780.0,,0.0,Neutral,0.0,Neutral
2007-05-24,775.0,,0.0,Neutral,0.0,Neutral
2007-05-23,760.0,,0.0,Neutral,0.0,Neutral
2007-05-22,755.0,,0.0,Neutral,0.0,Neutral
2007-05-21,765.0,,0.0,Neutral,0.0,Neutral
2007-05-20,775.0,,0.0,Neutral,0.0,Neutral
2007-05-17,785.0,,0.0,Neutral,0.0,Neutral
2007-05-15,790.0,,0.0,Neutral,0.0,Neutral
2007-05-14,790.0,,0.0,Neutral,0.0,Neutral
2007-05-13,790.0,,0.0,Neutral,0.0,Neutral
2007-05-10,785.0,,0.0,Neutral,0.0,Neutral
2007-05-09,775.0,,0.0,Neutral,0.0,Neutral
2007-05-08,760.0,,0.0,Neutral,0.0,Neutral
2007-05-07,741.0,,0.0,Neutral,0.0,Neutral
2007-05-06,736.0,,0.0,Neutral,0.0,Neutral
2007-05-03,735.0,,0.0,Neutral,0.0,Neutral
2007-04-30,732.0,,0.0,Neutral,0.0,Neutral
2007-04-29,735.0,,0.0,Neutral,0.0,Neutral
2007-04-26,720.0,,0.0,Neutral,0.0,Neutral
2007-04-25,710.0,,0.0,Neutral,0.0,Neutral
2007-04-23,720.0,,0.0,Neutral,0.0,Neutral
2007-04-22,720.0,,0.0,Neutral,0.0,Neutral
2007-04-19,725.0,,0.0,Neutral,0.0,Neutral
2007-04-18,725.0,,0.0,Neutral,0.0,Neutral
2007-04-17,725.0,,0.0,Neutral,0.0,Neutral
2007-04-16,725.0,,0.0,Neutral,0.0,Neutral
2007-04-15,730.0,,0.0,Neutral,0.0,Neutral
2007-04-12,725.0,,0.0,Neutral,0.0,Neutral
2007-04-11,710.0,,0.0,Neutral,0.0,Neutral
2007-04-10,710.0,,0.0,Neutral,0.0,Neutral
2007-04-09,710.0,,0.0,Neutral,0.0,Neutral
2007-04-05,715.0,,0.0,Neutral,0.0,Neutral
2007-04-03,725.0,,0.0,Neutral,0.0,Neutral
2007-04-02,730.0,,0.0,Neutral,0.0,Neutral
2007-04-01,740.0,,0.0,Neutral,0.0,Neutral
2007-03-29,700.0,,0.0,Neutral,0.0,Neutral
2007-03-28,710.0,,0.0,Neutral,0.0,Neutral
2007-03-25,721.0,,0.0,Neutral,0.0,Neutral
2007-03-22,730.0,,0.0,Neutral,0.0,Neutral
2007-03-21,741.0,,0.0,Neutral,0.0,Neutral
2007-03-15,750.0,,0.0,Neutral,0.0,Neutral
2007-03-14,760.0,,0.0,Neutral,0.0,Neutral
2007-03-12,760.0,,0.0,Neutral,0.0,Neutral
2007-03-11,750.0,,0.0,Neutral,0.0,Neutral
2007-03-08,730.0,,0.0,Neutral,0.0,Neutral
2007-03-07,710.0,,0.0,Neutral,0.0,Neutral
2007-03-06,715.0,,0.0,Neutral,0.0,Neutral
2007-03-05,720.0,,0.0,Neutral,0.0,Neutral
2007-03-04,730.0,,0.0,Neutral,0.0,Neutral
2007-02-28,745.0,,0.0,Neutral,0.0,Neutral
2007-02-27,745.0,,0.0,Neutral,0.0,Neutral
2007-02-26,750.0,,0.0,Neutral,0.0,Neutral
2007-02-25,755.0,,0.0,Neutral,0.0,Neutral
2007-02-21,750.0,,0.0,Neutral,0.0,Neutral
2007-02-20,760.0,,0.0,Neutral,0.0,Neutral
2007-02-18,775.0,,0.0,Neutral,0.0,Neutral
2007-02-15,785.0,,0.0,Neutral,0.0,Neutral
2007-02-14,790.0,,0.0,Neutral,0.0,Neutral
2007-02-13,805.0,,0.0,Neutral,0.0,Neutral
2007-02-12,805.0,,0.0,Neutral,0.0,Neutral
2007-02-11,805.0,,0.0,Neutral,0.0,Neutral
2007-02-08,805.0,,0.0,Neutral,0.0,Neutral
2007-02-07,798.0,,0.0,Neutral,0.0,Neutral
2007-02-06,790.0,,0.0,Neutral,0.0,Neutral
2007-02-05,800.0,,0.0,Neutral,0.0,Neutral
2007-02-04,780.0,,0.0,Neutral,0.0,Neutral
2007-02-01,751.0,,0.0,Neutral,0.0,Neutral
2007-01-31,746.0,,0.0,Neutral,0.0,Neutral
2007-01-29,745.0,,0.0,Neutral,0.0,Neutral
2007-01-28,756.0,,0.0,Neutral,0.0,Neutral
2007-01-25,788.0,,0.0,Neutral,0.0,Neutral
2007-01-21,790.0,,0.0,Neutral,0.0,Neutral
2007-01-18,790.0,,0.0,Neutral,0.0,Neutral
2007-01-17,780.0,,0.0,Neutral,0.0,Neutral
2007-01-10,775.0,,0.0,Neutral,0.0,Neutral
2007-01-09,816.0,,0.0,Neutral,0.0,Neutral
2007-01-08,817.0,,0.0,Neutral,0.0,Neutral
2007-01-07,790.0,,0.0,Neutral,0.0,Neutral
2007-01-04,745.0,,0.0,Neutral,0.0,Neutral
2007-01-03,735.0,,0.0,Neutral,0.0,Neutral
2007-01-02,750.0,,0.0,Neutral,0.0,Neutral
2007-01-01,775.0,,0.0,Neutral,0.0,Neutral
2006-12-31,790.0,,0.0,Neutral,0.0,Neutral
2006-12-27,800.0,,0.0,Neutral,0.0,Neutral
2006-12-26,815.0,,0.0,Neutral,0.0,Neutral
2006-12-25,820.0,,0.0,Neutral,0.0,Neutral
2006-12-24,825.0,,0.0,Neutral,0.0,Neutral
2006-12-21,825.0,,0.0,Neutral,0.0,Neutral
2006-12-20,815.0,,0.0,Neutral,0.0,Neutral
2006-12-19,830.0,,0.0,Neutral,0.0,Neutral
2006-12-18,844.0,,0.0,Neutral,0.0,Neutral
2006-12-17,850.0,,0.0,Neutral,0.0,Neutral
2006-12-14,820.0,,0.0,Neutral,0.0,Neutral
2006-12-13,795.0,,0.0,Neutral,0.0,Neutral
2006-12-12,755.0,,0.0,Neutral,0.0,Neutral
2006-12-11,706.0,,0.0,Neutral,0.0,Neutral
2006-12-10,725.0,,0.0,Neutral,0.0,Neutral
2006-12-07,702.0,,0.0,Neutral,0.0,Neutral
2006-12-06,700.0,,0.0,Neutral,0.0,Neutral
2006-12-05,700.0,,0.0,Neutral,0.0,Neutral
2006-12-04,699.0,,0.0,Neutral,0.0,Neutral
2006-12-03,700.0,,0.0,Neutral,0.0,Neutral
2006-11-30,725.0,,0.0,Neutral,0.0,Neutral
2006-11-29,735.0,,0.0,Neutral,0.0,Neutral
2006-11-28,700.0,,0.0,Neutral,0.0,Neutral
2006-11-27,670.0,,0.0,Neutral,0.0,Neutral
2006-11-26,660.0,,0.0,Neutral,0.0,Neutral
2006-11-23,610.0,,0.0,Neutral,0.0,Neutral
2006-11-21,602.0,,0.0,Neutral,0.0,Neutral
2006-11-20,620.0,,0.0,Neutral,0.0,Neutral
2006-11-19,635.0,,0.0,Neutral,0.0,Neutral
2006-11-16,650.0,,0.0,Neutral,0.0,Neutral
2006-11-15,660.0,,0.0,Neutral,0.0,Neutral
2006-11-13,560.0,,0.0,Neutral,0.0,Neutral
2006-11-12,530.0,,0.0,Neutral,0.0,Neutral
2006-11-09,525.0,,0.0,Neutral,0.0,Neutral
2006-11-08,510.0,,0.0,Neutral,0.0,Neutral
2006-11-07,515.0,,0.0,Neutral,0.0,Neutral
2006-11-06,495.0,,0.0,Neutral,0.0,Neutral
2006-11-05,476.0,,0.0,Neutral,0.0,Neutral
2006-11-02,471.0,,0.0,Neutral,0.0,Neutral
2006-11-01,466.0,,0.0,Neutral,0.0,Neutral
2006-10-31,444.0,,0.0,Neutral,0.0,Neutral
2006-10-30,430.0,,0.0,Neutral,0.0,Neutral
2006-10-29,425.0,,0.0,Neutral,0.0,Neutral
2006-10-26,421.0,,0.0,Neutral,0.0,Neutral
2006-10-19,420.0,,0.0,Neutral,0.0,Neutral
2006-10-18,415.0,,0.0,Neutral,0.0,Neutral
2006-10-17,415.0,,0.0,Neutral,0.0,Neutral
2006-10-16,411.0,,0.0,Neutral,0.0,Neutral
2006-10-12,406.0,,0.0,Neutral,0.0,Neutral
2006-10-11,400.0,,0.0,Neutral,0.0,Neutral
2006-10-10,402.0,,0.0,Neutral,0.0,Neutral
2006-10-09,390.0,,0.0,Neutral,0.0,Neutral
2006-09-28,380.0,,0.0,Neutral,0.0,Neutral
2006-09-26,375.0,,0.0,Neutral,0.0,Neutral
2006-09-25,380.0,,0.0,Neutral,0.0,Neutral
2006-09-24,375.0,,0.0,Neutral,0.0,Neutral
2006-09-21,380.0,,0.0,Neutral,0.0,Neutral
2006-09-20,386.0,,0.0,Neutral,0.0,Neutral
2006-09-18,390.0,,0.0,Neutral,0.0,Neutral
2006-09-14,616.0,,0.0,Neutral,0.0,Neutral
2006-09-14,380.0,,0.0,Neutral,0.0,Neutral
2006-09-13,388.0,,0.0,Neutral,0.0,Neutral
2006-09-12,396.0,,0.0,Neutral,0.0,Neutral
2006-09-11,385.0,,0.0,Neutral,0.0,Neutral
2006-09-10,381.0,,0.0,Neutral,0.0,Neutral
2006-09-09,0.0,,0.0,Neutral,0.0,Neutral
2006-09-07,374.0,,0.0,Neutral,0.0,Neutral
2006-09-05,371.0,,0.0,Neutral,0.0,Neutral
2006-09-04,369.0,,0.0,Neutral,0.0,Neutral
2006-09-03,369.0,,0.0,Neutral,0.0,Neutral
2006-08-30,365.0,,0.0,Neutral,0.0,Neutral
2006-08-29,361.0,,0.0,Neutral,0.0,Neutral
2006-08-28,365.0,,0.0,Neutral,0.0,Neutral
2006-08-27,368.0,,0.0,Neutral,0.0,Neutral
2006-08-24,374.0,,0.0,Neutral,0.0,Neutral
2006-08-22,385.0,,0.0,Neutral,0.0,Neutral
2006-08-21,389.0,,0.0,Neutral,0.0,Neutral
2006-08-20,389.0,,0.0,Neutral,0.0,Neutral
2006-08-17,390.0,,0.0,Neutral,0.0,Neutral
2006-08-15,391.0,,0.0,Neutral,0.0,Neutral
2006-08-14,400.0,,0.0,Neutral,0.0,Neutral
2006-08-08,400.0,,0.0,Neutral,0.0,Neutral
2006-08-07,400.0,,0.0,Neutral,0.0,Neutral
2006-08-06,380.0,,0.0,Neutral,0.0,Neutral
2006-08-03,380.0,,0.0,Neutral,0.0,Neutral
2006-08-02,375.0,,0.0,Neutral,0.0,Neutral
2006-08-01,371.0,,0.0,Neutral,0.0,Neutral
2006-07-31,367.0,,0.0,Neutral,0.0,Neutral
2006-07-30,361.0,,0.0,Neutral,0.0,Neutral
2006-07-27,364.0,,0.0,Neutral,0.0,Neutral
2006-07-26,375.0,,0.0,Neutral,0.0,Neutral
2006-07-25,383.0,,0.0,Neutral,0.0,Neutral
2006-07-24,390.0,,0.0,Neutral,0.0,Neutral
2006-07-20,390.0,,0.0,Neutral,0.0,Neutral
2006-07-19,390.0,,0.0,Neutral,0.0,Neutral
2006-07-18,395.0,,0.0,Neutral,0.0,Neutral
2006-07-17,395.0,,0.0,Neutral,0.0,Neutral
2006-07-16,400.0,,0.0,Neutral,0.0,Neutral
2006-07-13,401.0,,0.0,Neutral,0.0,Neutral
2006-07-12,400.0,,0.0,Neutral,0.0,Neutral
2006-07-10,401.0,,0.0,Neutral,0.0,Neutral
2006-07-09,400.0,,0.0,Neutral,0.0,Neutral
2006-07-06,396.0,,0.0,Neutral,0.0,Neutral
2006-07-05,398.0,,0.0,Neutral,0.0,Neutral
2006-07-04,391.0,,0.0,Neutral,0.0,Neutral
2006-07-03,377.0,,0.0,Neutral,0.0,Neutral
2006-07-02,375.0,,0.0,Neutral,0.0,Neutral
2006-06-29,368.0,,0.0,Neutral,0.0,Neutral
2006-06-28,362.0,,0.0,Neutral,0.0,Neutral
2006-06-27,381.0,,0.0,Neutral,0.0,Neutral
2006-06-26,406.0,,0.0,Neutral,0.0,Neutral
2006-06-25,420.0,,0.0,Neutral,0.0,Neutral
2006-06-22,414.0,,0.0,Neutral,0.0,Neutral
2006-06-21,412.0,,0.0,Neutral,0.0,Neutral
2006-06-20,387.0,,0.0,Neutral,0.0,Neutral
2006-06-18,369.0,,0.0,Neutral,0.0,Neutral
2006-06-15,352.0,,0.0,Neutral,0.0,Neutral
2006-06-14,336.0,,0.0,Neutral,0.0,Neutral
2006-06-13,281.0,,0.0,Neutral,0.0,Neutral
2026-03-03,0.0,,0.0,Neutral,0.0,Neutral
2026-03-01,0.0,,0.0,Neutral,0.0,Neutral
2026-02-26,0.0,,0.0,Neutral,0.0,Neutral
2026-02-25,0.0,2026-02-25,0.8774493336677551,Strongly Positive,0.8774493336677551,Strongly Positive
2026-02-24,0.0,,0.0,Neutral,0.43872466683387756,Positive
2026-02-23,0.0,,0.0,Neutral,0.21936233341693878,Positive
2026-02-22,0.0,,0.0,Neutral,0.0,Neutral
2026-02-17,0.0,,0.0,Neutral,0.0,Neutral
2026-02-16,0.0,,0.0,Neutral,0.0,Neutral
2026-02-12,0.0,2026-02-12,-0.2644221298396587,Negative,-0.2644221298396587,Negative
2026-02-11,0.0,2026-02-11,-0.4408624172210693,Negative,-0.5730734821408986,Negative
2026-02-10,0.0,2026-02-10,-0.5762443542480469,Negative,-0.8627810953184962,Strongly Negative
2026-02-09,0.0,,0.0,Neutral,-0.39833778142929077,Negative
2026-02-08,0.0,,0.0,Neutral,-0.14406108856201172,Slightly Negative
2026-02-05,0.0,,0.0,Neutral,0.0,Neutral
2026-02-04,0.0,,0.0,Neutral,0.0,Neutral
2026-02-03,0.0,,0.0,Neutral,0.0,Neutral
2026-02-02,0.0,,0.0,Neutral,0.0,Neutral
2026-02-01,0.0,,0.0,Neutral,0.0,Neutral
2026-01-29,0.0,,0.0,Neutral,0.0,Neutral
2026-01-28,0.0,2026-01-28,0.0113222198560833,Neutral,0.0113222198560833,Neutral
2026-01-27,0.0,,0.0,Neutral,0.00566110992804165,Neutral
2026-01-26,0.0,,0.0,Neutral,0.002830554964020825,Neutral
2026-01-25,0.0,,0.0,Neutral,0.0,Neutral
2026-01-22,0.0,,0.0,Neutral,0.0,Neutral
2026-01-21,0.0,,0.0,Neutral,0.0,Neutral
2026-01-20,0.0,,0.0,Neutral,0.0,Neutral
2026-01-18,0.0,,0.0,Neutral,0.0,Neutral
2026-01-14,0.0,2026-01-14,0.0140300989151,Neutral,0.0140300989151,Neutral
2026-01-13,0.0,,0.0,Neutral,0.00701504945755,Neutral
2026-01-12,0.0,,0.0,Neutral,0.003507524728775,Neutral
2026-01-08,0.0,,0.0,Neutral,0.0,Neutral
2026-01-07,0.0,,0.0,Neutral,0.0,Neutral
2026-01-06,0.0,,0.0,Neutral,0.0,Neutral
2026-01-05,0.0,2026-01-05,-0.8387445211410522,Strongly Negative,-0.8387445211410522,Strongly Negative
2026-01-04,0.0,,0.0,Neutral,-0.4193722605705261,Negative
2026-01-01,0.0,,0.0,Neutral,-0.20968613028526306,Negative
2025-12-31,0.0,,0.0,Neutral,0.0,Neutral
2025-12-29,0.0,,0.0,Neutral,0.0,Neutral
2025-12-28,0.0,,0.0,Neutral,0.0,Neutral
2025-12-24,0.0,,0.0,Neutral,0.0,Neutral
2025-12-23,0.0,,0.0,Neutral,0.0,Neutral
2025-12-22,0.0,,0.0,Neutral,0.0,Neutral
2025-12-21,0.0,,0.0,Neutral,0.0,Neutral
2025-12-18,0.0,,0.0,Neutral,0.0,Neutral
2025-12-17,0.0,,0.0,Neutral,0.0,Neutral
2025-12-16,0.0,,0.0,Neutral,0.0,Neutral
2025-12-15,0.0,2025-12-15,0.0156788323074579,Neutral,0.0156788323074579,Neutral
2025-12-14,0.0,,0.0,Neutral,0.00783941615372895,Neutral
2025-12-11,0.0,2025-12-11,0.4957837536931038,Positive,0.49970346176996827,Positive
2025-12-10,0.0,,0.0,Neutral,0.2478918768465519,Positive
2025-12-09,0.0,,0.0,Neutral,0.12394593842327595,Slightly Positive
2025-12-08,0.0,,0.0,Neutral,0.0,Neutral
2025-12-07,0.0,,0.0,Neutral,0.0,Neutral
2025-12-03,0.0,,0.0,Neutral,0.0,Neutral
2025-12-02,0.0,,0.0,Neutral,0.0,Neutral
2025-12-01,0.0,,0.0,Neutral,0.0,Neutral
2025-11-30,0.0,2025-11-30,-0.5521965622901917,Negative,-0.5521965622901917,Negative
2025-11-27,0.0,,0.0,Neutral,-0.2760982811450958,Negative
2025-11-26,0.0,,0.0,Neutral,-0.1380491405725479,Slightly Negative
2025-11-25,0.0,2025-11-25,0.6663917303085327,Strongly Positive,0.6663917303085327,Strongly Positive
2025-11-24,0.0,,0.0,Neutral,0.33319586515426636,Positive
2025-11-23,0.0,,0.0,Neutral,0.16659793257713318,Slightly Positive
2025-11-20,0.0,,0.0,Neutral,0.0,Neutral
2025-11-19,0.0,,0.0,Neutral,0.0,Neutral
2025-11-18,0.0,,0.0,Neutral,0.0,Neutral
2025-11-17,0.0,,0.0,Neutral,0.0,Neutral
2025-11-16,0.0,,0.0,Neutral,0.0,Neutral
2025-11-13,0.0,,0.0,Neutral,0.0,Neutral
2025-11-12,0.0,,0.0,Neutral,0.0,Neutral
2025-11-11,0.0,2025-11-11,-0.5206417441368103,Negative,-0.5206417441368103,Negative
2025-11-10,0.0,2025-11-10,0.1399208903312683,Slightly Positive,-0.12039998173713684,Slightly Negative
2025-11-09,0.0,,0.0,Neutral,-0.06019999086856842,Slightly Negative
2025-11-06,0.0,,0.0,Neutral,0.03498022258281708,Neutral
2025-11-05,0.0,2025-11-05,0.9275050759315492,Strongly Positive,0.9275050759315492,Strongly Positive
2025-11-04,0.0,,0.0,Neutral,0.4637525379657746,Positive
2025-11-03,0.0,,0.0,Neutral,0.2318762689828873,Positive
2025-11-02,0.0,2025-11-02,0.8304534256458282,Strongly Positive,0.8304534256458282,Strongly Positive
2025-10-30,0.0,,0.0,Neutral,0.4152267128229141,Positive
2025-10-29,0.0,,0.0,Neutral,0.20761335641145706,Positive
2025-10-28,0.0,,0.0,Neutral,0.0,Neutral
2025-10-26,0.0,,0.0,Neutral,0.0,Neutral
2025-10-19,0.0,2025-10-19,-0.7027487754821777,Strongly Negative,-0.7027487754821777,Strongly Negative
2025-10-16,0.0,,0.0,Neutral,-0.35137438774108887,Negative
2025-10-15,0.0,,0.0,Neutral,-0.17568719387054443,Slightly Negative
2025-10-14,0.0,,0.0,Neutral,0.0,Neutral
2025-10-13,0.0,,0.0,Neutral,0.0,Neutral
2025-10-12,0.0,,0.0,Neutral,0.0,Neutral
2025-10-09,0.0,,0.0,Neutral,0.0,Neutral
2025-10-08,0.0,,0.0,Neutral,0.0,Neutral
2025-10-07,0.0,,0.0,Neutral,0.0,Neutral
2025-09-28,0.0,,0.0,Neutral,0.0,Neutral
2025-09-25,0.0,,0.0,Neutral,0.0,Neutral
2025-09-24,0.0,,0.0,Neutral,0.0,Neutral
2025-09-23,0.0,,0.0,Neutral,0.0,Neutral
2025-09-21,0.0,,0.0,Neutral,0.0,Neutral
2025-09-18,0.0,2025-09-18,0.0988965034484863,Slightly Positive,0.0988965034484863,Slightly Positive
2025-09-08,0.0,,0.0,Neutral,0.04944825172424315,Neutral
2025-09-07,0.0,,0.0,Neutral,0.024724125862121575,Neutral
2025-09-04,0.0,,0.0,Neutral,0.0,Neutral
2025-09-03,0.0,,0.0,Neutral,0.0,Neutral
2025-09-02,0.0,,0.0,Neutral,0.0,Neutral
2025-09-01,0.0,,0.0,Neutral,0.0,Neutral
2025-08-31,0.0,2025-08-31,-0.8702601194381714,Strongly Negative,-0.8702601194381714,Strongly Negative
2025-08-28,0.0,2025-08-28,0.9314732551574708,Strongly Positive,0.4963431954383851,Positive
2025-08-27,0.0,2025-08-27,-0.8449028730392456,Strongly Negative,-0.5967312753200531,Negative
2025-08-26,0.0,,0.0,Neutral,-0.1895831227302551,Slightly Negative
2025-08-25,0.0,,0.0,Neutral,-0.2112257182598114,Negative
2025-08-24,0.0,,0.0,Neutral,0.0,Neutral
2025-08-21,0.0,,0.0,Neutral,0.0,Neutral
2025-08-20,0.0,,0.0,Neutral,0.0,Neutral
2025-08-19,0.0,,0.0,Neutral,0.0,Neutral
2025-08-18,0.0,,0.0,Neutral,0.0,Neutral
2025-08-17,0.0,2025-08-17,-0.0869648940861225,Slightly Negative,-0.0869648940861225,Slightly Negative
2025-08-14,0.0,,0.0,Neutral,-0.04348244704306125,Neutral
2025-08-13,0.0,,0.0,Neutral,-0.021741223521530625,Neutral
2025-08-12,0.0,,0.0,Neutral,0.0,Neutral
2025-08-11,0.0,,0.0,Neutral,0.0,Neutral
2025-08-07,0.0,,0.0,Neutral,0.0,Neutral
2025-08-06,0.0,,0.0,Neutral,0.0,Neutral
2025-08-05,0.0,,0.0,Neutral,0.0,Neutral
2025-08-04,0.0,,0.0,Neutral,0.0,Neutral
2025-08-03,0.0,,0.0,Neutral,0.0,Neutral
2025-07-31,0.0,,0.0,Neutral,0.0,Neutral
2025-07-30,0.0,,0.0,Neutral,0.0,Neutral
2025-07-29,0.0,,0.0,Neutral,0.0,Neutral
2025-07-28,0.0,,0.0,Neutral,0.0,Neutral
2025-07-27,0.0,,0.0,Neutral,0.0,Neutral
2025-07-24,0.0,,0.0,Neutral,0.0,Neutral
2025-07-23,0.0,,0.0,Neutral,0.0,Neutral
2025-07-22,0.0,,0.0,Neutral,0.0,Neutral
2025-07-21,0.0,,0.0,Neutral,0.0,Neutral
2025-07-20,0.0,,0.0,Neutral,0.0,Neutral
2025-07-17,0.0,2025-07-17,0.0606837570667266,Slightly Positive,0.0606837570667266,Slightly Positive
2025-07-16,0.0,,0.0,Neutral,0.0303418785333633,Neutral
2025-07-15,0.0,,0.0,Neutral,0.01517093926668165,Neutral
2025-07-14,0.0,2025-07-14,0.3165594339370727,Positive,0.3165594339370727,Positive
2025-07-13,0.0,,0.0,Neutral,0.15827971696853635,Slightly Positive
2025-07-10,0.0,,0.0,Neutral,0.07913985848426817,Slightly Positive
2025-07-09,0.0,2025-07-09,0.5959690809249878,Positive,0.5959690809249878,Positive
2025-07-08,0.0,,0.0,Neutral,0.2979845404624939,Positive
2025-07-07,0.0,,0.0,Neutral,0.14899227023124695,Slightly Positive
2025-07-06,0.0,,0.0,Neutral,0.0,Neutral
2025-07-03,0.0,,0.0,Neutral,0.0,Neutral
2025-07-02,0.0,,0.0,Neutral,0.0,Neutral
2025-07-01,0.0,,0.0,Neutral,0.0,Neutral
2025-06-30,0.0,,0.0,Neutral,0.0,Neutral
2025-06-29,0.0,2025-06-29,0.0124993920326232,Neutral,0.0124993920326232,Neutral
2025-06-26,0.0,,0.0,Neutral,0.0062496960163116,Neutral
2025-06-25,0.0,2025-06-25,-0.5497723817825317,Negative,-0.5466475337743759,Negative
2025-06-24,0.0,,0.0,Neutral,-0.27488619089126587,Negative
2025-06-23,0.0,,0.0,Neutral,-0.13744309544563293,Slightly Negative
2025-06-22,0.0,,0.0,Neutral,0.0,Neutral
2025-06-19,0.0,2025-06-19,0.9185822606086732,Strongly Positive,0.9185822606086732,Strongly Positive
2025-06-18,0.0,2025-06-18,0.134243756532669,Slightly Positive,0.5935348868370056,Positive
2025-06-17,0.0,,0.0,Neutral,0.2967674434185028,Positive
2025-06-16,0.0,,0.0,Neutral,0.03356093913316725,Neutral
2025-06-15,0.0,,0.0,Neutral,0.0,Neutral
2025-06-12,0.0,,0.0,Neutral,0.0,Neutral
2025-06-11,0.0,2025-06-11,-0.1211603879928588,Slightly Negative,-0.1211603879928588,Slightly Negative
2025-06-10,0.0,2025-06-10,-0.4339157342910766,Negative,-0.494495928287506,Negative
2025-06-09,0.0,2025-06-09,-0.3343536257743835,Negative,-0.5816015899181365,Negative
2025-06-08,0.0,,0.0,Neutral,-0.2756557464599609,Negative
2025-06-05,0.0,2025-06-05,-0.5912338495254517,Negative,-0.6748222559690475,Strongly Negative
2025-06-04,0.0,,0.0,Neutral,-0.29561692476272583,Negative
2025-06-03,0.0,2025-06-03,-0.2338424623012542,Negative,-0.3816509246826171,Negative
2025-06-02,0.0,2025-06-02,-0.5659517645835876,Negative,-0.6828729957342148,Strongly Negative
2025-05-28,0.0,,0.0,Neutral,-0.3414364978671074,Negative
2025-05-27,0.0,,0.0,Neutral,-0.1414879411458969,Slightly Negative
2025-05-26,0.0,2025-05-26,-0.7628889083862305,Strongly Negative,-0.7628889083862305,Strongly Negative
2025-05-25,0.0,,0.0,Neutral,-0.38144445419311523,Negative
2025-05-22,0.0,2025-05-22,-0.7128505706787109,Strongly Negative,-0.9035727977752686,Strongly Negative
2025-05-21,0.0,,0.0,Neutral,-0.35642528533935547,Negative
2025-05-20,0.0,2025-05-20,-0.6116074919700623,Strongly Negative,-0.78982013463974,Strongly Negative
2025-05-19,0.0,,0.0,Neutral,-0.30580374598503113,Negative
2025-05-18,0.0,,0.0,Neutral,-0.15290187299251556,Slightly Negative
2025-05-15,0.0,,0.0,Neutral,0.0,Neutral
2025-05-14,0.0,2025-05-14,-0.120438814163208,Slightly Negative,-0.120438814163208,Slightly Negative
2025-05-13,0.0,,0.0,Neutral,-0.060219407081604,Slightly Negative
2025-05-11,0.0,,0.0,Neutral,-0.030109703540802,Neutral
2025-05-08,0.0,,0.0,Neutral,0.0,Neutral
2025-05-07,0.0,,0.0,Neutral,0.0,Neutral
2025-05-06,0.0,,0.0,Neutral,0.0,Neutral
2025-05-05,0.0,,0.0,Neutral,0.0,Neutral
2025-05-04,0.0,,0.0,Neutral,0.0,Neutral
2025-04-30,0.0,,0.0,Neutral,0.0,Neutral
2025-04-29,0.0,,0.0,Neutral,0.0,Neutral
2025-04-28,0.0,,0.0,Neutral,0.0,Neutral
2025-04-27,0.0,,0.0,Neutral,0.0,Neutral
2025-04-24,0.0,,0.0,Neutral,0.0,Neutral
2025-04-23,0.0,,0.0,Neutral,0.0,Neutral
2025-04-22,0.0,2025-04-22,0.0065177381038665,Neutral,0.0065177381038665,Neutral
2025-04-21,0.0,2025-04-21,-0.1222520172595977,Slightly Negative,-0.11899314820766445,Slightly Negative
2025-04-20,0.0,2025-04-20,-0.9325382113456726,Strongly Negative,-0.9920347854495049,Strongly Negative
2025-04-17,0.0,,0.0,Neutral,-0.49683210998773575,Negative
2025-04-16,0.0,2025-04-16,-0.1533498167991638,Slightly Negative,-0.38648436963558197,Negative
2025-04-15,0.0,,0.0,Neutral,-0.0766749083995819,Slightly Negative
2025-04-13,0.0,2025-04-13,0.0838408172130584,Slightly Positive,0.045503363013267455,Neutral
2025-04-10,0.0,2025-04-10,0.1280533671379089,Slightly Positive,0.16997377574443812,Slightly Positive
2025-04-09,0.0,,0.0,Neutral,0.08498688787221906,Slightly Positive
2025-04-08,0.0,,0.0,Neutral,0.03201334178447723,Neutral
2025-04-07,0.0,,0.0,Neutral,0.0,Neutral
2025-04-03,0.0,,0.0,Neutral,0.0,Neutral
2025-04-02,0.0,,0.0,Neutral,0.0,Neutral
2025-04-01,0.0,,0.0,Neutral,0.0,Neutral
2025-03-30,0.0,2025-03-30,-0.4880945086479187,Negative,-0.4880945086479187,Negative
2025-03-27,0.0,,0.0,Neutral,-0.24404725432395935,Negative
2025-03-26,0.0,2025-03-26,-0.6513763070106506,Strongly Negative,-0.7733999341726303,Strongly Negative
2025-03-25,0.0,2025-03-25,0.2815593183040619,Positive,-0.04412883520126343,Neutral
2025-03-24,0.0,,0.0,Neutral,-0.022064417600631714,Neutral
2025-03-23,0.0,2025-03-23,-0.6444237232208252,Strongly Negative,-0.5740338936448097,Negative
2025-03-20,0.0,2025-03-20,-0.406167596578598,Negative,-0.7283794581890106,Strongly Negative
2025-03-19,0.0,,0.0,Neutral,-0.3641897290945053,Negative
2025-03-18,0.0,,0.0,Neutral,-0.1015418991446495,Slightly Negative
2025-03-17,0.0,2025-03-17,-0.0320629775524139,Neutral,-0.0320629775524139,Neutral
2025-03-16,0.0,,0.0,Neutral,-0.01603148877620695,Neutral
2025-03-12,0.0,,0.0,Neutral,-0.008015744388103475,Neutral
2025-03-11,0.0,,0.0,Neutral,0.0,Neutral
2025-03-10,0.0,2025-03-10,-0.7477757930755615,Strongly Negative,-0.7477757930755615,Strongly Negative
2025-03-09,0.0,,0.0,Neutral,-0.37388789653778076,Negative
2025-03-06,0.0,,0.0,Neutral,-0.18694394826889038,Slightly Negative
2025-03-05,0.0,,0.0,Neutral,0.0,Neutral
2025-03-04,0.0,,0.0,Neutral,0.0,Neutral
2025-03-03,0.0,,0.0,Neutral,0.0,Neutral
2025-03-02,0.0,,0.0,Neutral,0.0,Neutral
2025-02-27,0.0,,0.0,Neutral,0.0,Neutral
2025-02-25,0.0,,0.0,Neutral,0.0,Neutral
2025-02-24,0.0,2025-02-24,-0.3941380977630615,Negative,-0.3941380977630615,Negative
2025-02-23,0.0,,0.0,Neutral,-0.19706904888153076,Slightly Negative
2025-02-20,0.0,,0.0,Neutral,-0.09853452444076538,Slightly Negative
2025-02-18,0.0,,0.0,Neutral,0.0,Neutral
2025-02-17,0.0,,0.0,Neutral,0.0,Neutral
2025-02-16,0.0,,0.0,Neutral,0.0,Neutral
2025-02-13,0.0,2025-02-13,-0.6699524521827698,Strongly Negative,-0.6699524521827698,Strongly Negative
2025-02-12,0.0,2025-02-12,0.2080480456352233,Positive,-0.12692818045616158,Slightly Negative
2025-02-11,0.0,,0.0,Neutral,-0.06346409022808079,Slightly Negative
2025-02-10,0.0,,0.0,Neutral,0.052012011408805826,Slightly Positive
2025-02-09,0.0,,0.0,Neutral,0.0,Neutral
2025-02-06,0.0,,0.0,Neutral,0.0,Neutral
2025-02-05,0.0,,0.0,Neutral,0.0,Neutral
2025-02-04,0.0,,0.0,Neutral,0.0,Neutral
2025-02-03,0.0,,0.0,Neutral,0.0,Neutral
2025-02-02,0.0,,0.0,Neutral,0.0,Neutral
2025-01-28,0.0,,0.0,Neutral,0.0,Neutral
2025-01-27,0.0,,0.0,Neutral,0.0,Neutral
2025-01-26,0.0,,0.0,Neutral,0.0,Neutral
2025-01-23,0.0,2025-01-23,-0.2442322820425033,Negative,-0.2442322820425033,Negative
2025-01-22,0.0,,0.0,Neutral,-0.12211614102125165,Slightly Negative
2025-01-21,0.0,,0.0,Neutral,-0.061058070510625825,Slightly Negative
2025-01-20,0.0,2025-01-20,-0.0088043892756104,Neutral,-0.0088043892756104,Neutral
2025-01-19,0.0,,0.0,Neutral,-0.0044021946378052,Neutral
2025-01-16,0.0,,0.0,Neutral,-0.0022010973189026,Neutral
2025-01-15,0.0,,0.0,Neutral,0.0,Neutral
2025-01-13,0.0,,0.0,Neutral,0.0,Neutral
2025-01-12,0.0,,0.0,Neutral,0.0,Neutral
2025-01-09,0.0,,0.0,Neutral,0.0,Neutral
2025-01-08,0.0,,0.0,Neutral,0.0,Neutral
2025-01-07,0.0,,0.0,Neutral,0.0,Neutral
2025-01-06,0.0,,0.0,Neutral,0.0,Neutral
2025-01-05,0.0,,0.0,Neutral,0.0,Neutral
2025-01-02,0.0,2025-01-02,0.9056085348129272,Strongly Positive,0.9056085348129272,Strongly Positive
2025-01-01,0.0,,0.0,Neutral,0.4528042674064636,Positive
2024-12-31,0.0,,0.0,Neutral,0.2264021337032318,Positive
2024-12-29,0.0,,0.0,Neutral,0.0,Neutral
2024-12-26,0.0,,0.0,Neutral,0.0,Neutral
2024-12-24,0.0,,0.0,Neutral,0.0,Neutral
2024-12-23,0.0,,0.0,Neutral,0.0,Neutral
2024-12-22,0.0,,0.0,Neutral,0.0,Neutral
2024-12-19,0.0,,0.0,Neutral,0.0,Neutral
2024-12-18,0.0,,0.0,Neutral,0.0,Neutral
2024-12-17,0.0,,0.0,Neutral,0.0,Neutral
2024-12-16,0.0,2024-12-16,-0.1873531192541122,Slightly Negative,-0.1873531192541122,Slightly Negative
2024-12-12,0.0,2024-12-12,-0.7372568249702454,Strongly Negative,-0.8309333845973015,Strongly Negative
2024-12-11,0.0,,0.0,Neutral,-0.41546669229865074,Negative
2024-12-10,0.0,2024-12-10,0.0605501011013984,Slightly Positive,-0.12376410514116294,Slightly Negative
2024-12-09,0.0,2024-12-09,0.0543120503425598,Slightly Positive,0.08458710089325899,Slightly Positive
2024-12-08,0.0,,0.0,Neutral,0.042293550446629496,Neutral
2024-12-05,0.0,2024-12-05,-0.8622756004333496,Strongly Negative,-0.8486975878477097,Strongly Negative
2024-12-04,0.0,,0.0,Neutral,-0.4311378002166748,Negative
2024-12-03,0.0,,0.0,Neutral,-0.2155689001083374,Negative
2024-12-02,0.0,,0.0,Neutral,0.0,Neutral
2024-12-01,0.0,,0.0,Neutral,0.0,Neutral
2024-11-28,0.0,,0.0,Neutral,0.0,Neutral
2024-11-27,0.0,,0.0,Neutral,0.0,Neutral
2024-11-26,0.0,,0.0,Neutral,0.0,Neutral
2024-11-25,0.0,,0.0,Neutral,0.0,Neutral
2024-11-24,0.0,,0.0,Neutral,0.0,Neutral
2024-11-21,0.0,2024-11-21,0.3522944152355194,Positive,0.3522944152355194,Positive
2024-11-20,0.0,,0.0,Neutral,0.1761472076177597,Slightly Positive
2024-11-19,0.0,,0.0,Neutral,0.08807360380887985,Slightly Positive
2024-11-17,0.0,,0.0,Neutral,0.0,Neutral
2024-11-14,0.0,,0.0,Neutral,0.0,Neutral
2024-11-13,0.0,,0.0,Neutral,0.0,Neutral
2024-11-12,0.0,,0.0,Neutral,0.0,Neutral
2024-11-11,0.0,2024-11-11,0.9224844574928284,Strongly Positive,0.9224844574928284,Strongly Positive
2024-11-10,0.0,2024-11-10,0.0913766026496887,Slightly Positive,0.5526188313961029,Positive
2024-11-06,0.0,2024-11-06,0.6941941380500793,Strongly Positive,0.9705035537481308,Strongly Positive
2024-11-05,0.0,,0.0,Neutral,0.36994121968746185,Positive
2024-10-30,0.0,,0.0,Neutral,0.17354853451251984,Slightly Positive
2024-10-29,0.0,2024-10-29,-0.4482151567935943,Negative,-0.4482151567935943,Negative
2024-10-28,0.0,,0.0,Neutral,-0.22410757839679715,Negative
2024-10-27,0.0,,0.0,Neutral,-0.11205378919839858,Slightly Negative
2024-10-24,0.0,,0.0,Neutral,0.0,Neutral
2024-10-23,0.0,2024-10-23,-0.5182260870933533,Negative,-0.5182260870933533,Negative
2024-10-22,0.0,,0.0,Neutral,-0.25911304354667664,Negative
2024-10-21,0.0,,0.0,Neutral,-0.12955652177333832,Slightly Negative
2024-10-20,0.0,2024-10-20,-0.0460387840867042,Neutral,-0.0460387840867042,Neutral
2024-10-17,0.0,2024-10-17,-0.5775560140609741,Negative,-0.6005754061043262,Strongly Negative
2024-10-16,0.0,2024-10-16,0.3032940030097961,Positive,0.003006299957632977,Neutral
2024-10-15,0.0,,0.0,Neutral,0.007257997989654513,Neutral
2024-10-09,0.0,2024-10-09,0.9219281077384948,Strongly Positive,0.9977516084909438,Strongly Positive
2024-10-08,0.0,,0.0,Neutral,0.4609640538692474,Positive
2024-10-07,0.0,2024-10-07,0.9075050950050354,Strongly Positive,1.1379871219396591,Strongly Positive
2024-10-06,0.0,,0.0,Neutral,0.4537525475025177,Positive
2024-10-02,0.0,,0.0,Neutral,0.22687627375125885,Positive
2024-10-01,0.0,2024-10-01,0.9054638147354126,Strongly Positive,0.9054638147354126,Strongly Positive
2024-09-30,0.0,,0.0,Neutral,0.4527319073677063,Positive
2024-09-29,0.0,,0.0,Neutral,0.22636595368385315,Positive
2024-09-26,0.0,,0.0,Neutral,0.0,Neutral
2024-09-25,0.0,,0.0,Neutral,0.0,Neutral
2024-09-24,0.0,2024-09-24,0.9053268432617188,Strongly Positive,0.9053268432617188,Strongly Positive
2024-09-23,0.0,,0.0,Neutral,0.4526634216308594,Positive
2024-09-22,0.0,,0.0,Neutral,0.2263317108154297,Positive
2024-09-18,0.0,2024-09-18,0.0292224586009979,Neutral,0.0292224586009979,Neutral
2024-09-16,0.0,2024-09-16,0.0701217502355575,Slightly Positive,0.08473297953605645,Slightly Positive
2024-09-15,0.0,,0.0,Neutral,0.042366489768028225,Neutral
2024-09-12,0.0,2024-09-12,0.7334011197090149,Strongly Positive,0.7509315572679043,Strongly Positive
2024-09-11,0.0,,0.0,Neutral,0.36670055985450745,Positive
2024-09-10,0.0,,0.0,Neutral,0.18335027992725372,Slightly Positive
2024-09-09,0.0,,0.0,Neutral,0.0,Neutral
2024-09-08,0.0,2024-09-08,0.0105989575386047,Neutral,0.0105989575386047,Neutral
2024-09-05,0.0,,0.0,Neutral,0.00529947876930235,Neutral
2024-09-04,0.0,,0.0,Neutral,0.002649739384651175,Neutral
2024-09-03,0.0,2024-09-03,-0.2997061610221863,Negative,-0.2997061610221863,Negative
2024-09-02,0.0,,0.0,Neutral,-0.14985308051109314,Slightly Negative
2024-09-01,0.0,,0.0,Neutral,-0.07492654025554657,Slightly Negative
2024-08-29,0.0,,0.0,Neutral,0.0,Neutral
2024-08-28,0.0,,0.0,Neutral,0.0,Neutral
2024-08-27,0.0,,0.0,Neutral,0.0,Neutral
2024-08-25,0.0,,0.0,Neutral,0.0,Neutral
2024-08-22,0.0,,0.0,Neutral,0.0,Neutral
2024-08-21,0.0,,0.0,Neutral,0.0,Neutral
2024-08-18,0.0,,0.0,Neutral,0.0,Neutral
2024-08-15,0.0,,0.0,Neutral,0.0,Neutral
2024-08-14,0.0,,0.0,Neutral,0.0,Neutral
2024-08-13,0.0,,0.0,Neutral,0.0,Neutral
2024-08-12,0.0,,0.0,Neutral,0.0,Neutral
2024-08-11,0.0,2024-08-11,-0.6217007637023926,Strongly Negative,-0.6217007637023926,Strongly Negative
2024-08-08,0.0,,0.0,Neutral,-0.3108503818511963,Negative
2024-08-07,0.0,,0.0,Neutral,-0.15542519092559814,Slightly Negative
2024-08-06,0.0,2024-08-06,0.06113051623106,Slightly Positive,0.06113051623106,Slightly Positive
2024-08-05,0.0,2024-08-05,-0.0004892461001873,Neutral,0.0300760120153427,Neutral
2024-08-01,0.0,,0.0,Neutral,0.01503800600767135,Neutral
2024-07-31,0.0,,0.0,Neutral,-0.000122311525046825,Neutral
2024-07-30,0.0,,0.0,Neutral,0.0,Neutral
2024-07-29,0.0,,0.0,Neutral,0.0,Neutral
2024-07-28,0.0,,0.0,Neutral,0.0,Neutral
2024-07-25,0.0,,0.0,Neutral,0.0,Neutral
2024-07-24,0.0,,0.0,Neutral,0.0,Neutral
2024-07-23,0.0,,0.0,Neutral,0.0,Neutral
2024-07-22,0.0,,0.0,Neutral,0.0,Neutral
2024-07-21,0.0,2024-07-21,0.2961920797824859,Positive,0.2961920797824859,Positive
2024-07-18,0.0,,0.0,Neutral,0.14809603989124295,Slightly Positive
2024-07-17,0.0,,0.0,Neutral,0.07404801994562148,Slightly Positive
2024-07-16,0.0,,0.0,Neutral,0.0,Neutral
2024-07-15,0.0,2024-07-15,0.0531130880117416,Slightly Positive,0.0531130880117416,Slightly Positive
2024-07-14,0.0,2024-07-14,0.4453930258750915,Positive,0.4719495698809623,Positive
2024-07-11,0.0,,0.0,Neutral,0.23597478494048116,Positive
2024-07-10,0.0,2024-07-10,-0.0372032523155212,Neutral,0.07414500415325168,Slightly Positive
2024-07-09,0.0,,0.0,Neutral,-0.0186016261577606,Neutral
2024-07-08,0.0,,0.0,Neutral,-0.0093008130788803,Neutral
2024-07-07,0.0,2024-07-07,-0.6083687543869019,Strongly Negative,-0.6083687543869019,Strongly Negative
2024-07-04,0.0,2024-07-04,-0.7496742010116577,Strongly Negative,-1.0538585782051086,Strongly Negative
2024-07-03,0.0,,0.0,Neutral,-0.5269292891025543,Negative
2024-07-02,0.0,,0.0,Neutral,-0.18741855025291443,Slightly Negative
2024-07-01,0.0,,0.0,Neutral,0.0,Neutral
2024-06-30,0.0,2024-06-30,-0.5555654168128967,Negative,-0.5555654168128967,Negative
2024-06-27,0.0,,0.0,Neutral,-0.27778270840644836,Negative
2024-06-26,0.0,,0.0,Neutral,-0.13889135420322418,Slightly Negative
2024-06-25,0.0,,0.0,Neutral,0.0,Neutral
2024-06-24,0.0,,0.0,Neutral,0.0,Neutral
2024-06-23,0.0,,0.0,Neutral,0.0,Neutral
2024-06-20,0.0,2024-06-20,-0.7754740715026855,Strongly Negative,-0.7754740715026855,Strongly Negative
2024-06-19,0.0,2024-06-19,0.928455650806427,Strongly Positive,0.5407186150550842,Positive
2024-06-18,0.0,,0.0,Neutral,0.2703593075275421,Positive
2024-06-16,0.0,,0.0,Neutral,0.23211391270160675,Positive
2024-06-13,0.0,,0.0,Neutral,0.0,Neutral
2024-06-12,0.0,2024-06-12,-0.3344677183777093,Negative,-0.3344677183777093,Negative
2024-06-11,0.0,2024-06-11,-0.703773021697998,Strongly Negative,-0.8710068808868527,Strongly Negative
2024-06-10,0.0,2024-06-10,0.0591075792908668,Slightly Positive,-0.3763958611525595,Negative
2024-06-09,0.0,,0.0,Neutral,-0.1463894657790661,Slightly Negative
2024-06-06,0.0,,0.0,Neutral,0.0147768948227167,Neutral
2024-06-05,0.0,,0.0,Neutral,0.0,Neutral
2024-06-04,0.0,,0.0,Neutral,0.0,Neutral
2024-06-03,0.0,,0.0,Neutral,0.0,Neutral
2024-06-02,0.0,,0.0,Neutral,0.0,Neutral
2024-05-30,0.0,,0.0,Neutral,0.0,Neutral
2024-05-29,0.0,,0.0,Neutral,0.0,Neutral
2024-05-27,0.0,2024-05-27,-0.6427181959152222,Strongly Negative,-0.6427181959152222,Strongly Negative
2024-05-26,0.0,2024-05-26,-0.5461372137069702,Negative,-0.8674963116645813,Strongly Negative
2024-05-22,0.0,,0.0,Neutral,-0.43374815583229065,Negative
2024-05-21,0.0,2024-05-21,0.9287891387939452,Strongly Positive,0.7922548353672026,Strongly Positive
2024-05-20,0.0,2024-05-20,-0.7473208904266357,Strongly Negative,-0.28292632102966314,Negative
2024-05-19,0.0,,0.0,Neutral,-0.14146316051483157,Slightly Negative
2024-05-16,0.0,,0.0,Neutral,-0.18683022260665894,Slightly Negative
2024-05-15,0.0,,0.0,Neutral,0.0,Neutral
2024-05-14,0.0,,0.0,Neutral,0.0,Neutral
2024-05-13,0.0,2024-05-13,-0.0147014185786247,Neutral,-0.0147014185786247,Neutral
2024-05-12,0.0,,0.0,Neutral,-0.00735070928931235,Neutral
2024-05-09,0.0,,0.0,Neutral,-0.003675354644656175,Neutral
2024-05-08,0.0,,0.0,Neutral,0.0,Neutral
2024-05-07,0.0,,0.0,Neutral,0.0,Neutral
2024-05-06,0.0,,0.0,Neutral,0.0,Neutral
2024-05-05,0.0,,0.0,Neutral,0.0,Neutral
2024-05-02,0.0,,0.0,Neutral,0.0,Neutral
2024-04-30,0.0,,0.0,Neutral,0.0,Neutral
2024-04-29,0.0,2024-04-29,-0.2238787710666656,Negative,-0.2238787710666656,Negative
2024-04-28,0.0,,0.0,Neutral,-0.1119393855333328,Slightly Negative
2024-04-25,0.0,,0.0,Neutral,-0.0559696927666664,Slightly Negative
2024-04-24,0.0,,0.0,Neutral,0.0,Neutral
2024-04-22,0.0,2024-04-22,-0.397852748632431,Negative,-0.397852748632431,Negative
2024-04-21,0.0,2024-04-21,-0.6756387948989868,Strongly Negative,-0.8745651692152023,Strongly Negative
2024-04-18,0.0,,0.0,Neutral,-0.43728258460760117,Negative
2024-04-16,0.0,2024-04-16,0.4685211181640625,Positive,0.2996114194393158,Positive
2024-04-15,0.0,2024-04-15,-0.5954660177230835,Negative,-0.36120545864105225,Negative
2024-04-14,0.0,2024-04-14,-0.4558782577514648,Negative,-0.636480987071991,Strongly Negative
2024-04-10,0.0,2024-04-10,-0.0239664651453495,Neutral,-0.40077209845185274,Negative
2024-04-09,0.0,,0.0,Neutral,-0.12595279701054093,Slightly Negative
2024-04-07,0.0,2024-04-07,-0.6892299056053162,Strongly Negative,-0.6952215218916535,Strongly Negative
2024-04-04,0.0,2024-04-04,-0.323227971792221,Negative,-0.6678429245948792,Strongly Negative
2024-04-03,0.0,,0.0,Neutral,-0.3339214622974396,Negative
2024-04-02,0.0,2024-04-02,-0.4733312129974365,Negative,-0.5541382059454918,Negative
2024-04-01,0.0,,0.0,Neutral,-0.23666560649871826,Negative
2024-03-31,0.0,,0.0,Neutral,-0.11833280324935913,Slightly Negative
2024-03-28,0.0,,0.0,Neutral,0.0,Neutral
2024-03-27,0.0,,0.0,Neutral,0.0,Neutral
2024-03-26,0.0,2024-03-26,-0.2324217855930328,Negative,-0.2324217855930328,Negative
2024-03-25,0.0,,0.0,Neutral,-0.1162108927965164,Slightly Negative
2024-03-21,0.0,2024-03-21,-0.3527610003948211,Negative,-0.4108664467930793,Negative
2024-03-20,0.0,,0.0,Neutral,-0.17638050019741056,Slightly Negative
2024-03-19,0.0,,0.0,Neutral,-0.08819025009870528,Slightly Negative
2024-03-18,0.0,,0.0,Neutral,0.0,Neutral
2024-03-17,0.0,,0.0,Neutral,0.0,Neutral
2024-03-14,0.0,2024-03-14,-0.0184712968766689,Neutral,-0.0184712968766689,Neutral
2024-03-13,0.0,2024-03-13,-0.5365344434976578,Negative,-0.5457700919359922,Negative
2024-03-12,0.0,,0.0,Neutral,-0.2728850459679961,Negative
2024-03-10,0.0,,0.0,Neutral,-0.13413361087441444,Slightly Negative
2024-03-07,0.0,,0.0,Neutral,0.0,Neutral
2024-03-06,0.0,,0.0,Neutral,0.0,Neutral
2024-03-05,0.0,,0.0,Neutral,0.0,Neutral
2024-03-04,0.0,,0.0,Neutral,0.0,Neutral
2024-03-03,0.0,2024-03-03,0.659336507320404,Strongly Positive,0.659336507320404,Strongly Positive
2024-02-29,0.0,2024-02-29,0.5973718166351318,Positive,0.9270400702953339,Strongly Positive
2024-02-28,0.0,,0.0,Neutral,0.46352003514766693,Positive
2024-02-27,0.0,,0.0,Neutral,0.14934295415878296,Slightly Positive
2024-02-26,0.0,2024-02-26,-0.6391295790672302,Strongly Negative,-0.6391295790672302,Strongly Negative
2024-02-25,0.0,2024-02-25,-0.7076578140258789,Strongly Negative,-1.027222603559494,Strongly Negative
2024-02-22,0.0,,0.0,Neutral,-0.513611301779747,Negative
2024-02-21,0.0,,0.0,Neutral,-0.17691445350646973,Slightly Negative
2024-02-20,0.0,,0.0,Neutral,0.0,Neutral
2024-02-18,0.0,,0.0,Neutral,0.0,Neutral
2024-02-15,0.0,,0.0,Neutral,0.0,Neutral
2024-02-14,0.0,,0.0,Neutral,0.0,Neutral
2024-02-13,0.0,,0.0,Neutral,0.0,Neutral
2024-02-12,0.0,2024-02-12,0.0213358532637357,Neutral,0.0213358532637357,Neutral
2024-02-11,0.0,,0.0,Neutral,0.01066792663186785,Neutral
2024-02-08,0.0,,0.0,Neutral,0.005333963315933925,Neutral
2024-02-07,0.0,2024-02-07,0.9190106987953186,Strongly Positive,0.9190106987953186,Strongly Positive
2024-02-06,0.0,,0.0,Neutral,0.4595053493976593,Positive
2024-02-05,0.0,,0.0,Neutral,0.22975267469882965,Positive
2024-02-04,0.0,,0.0,Neutral,0.0,Neutral
2024-02-01,0.0,2024-02-01,0.9017196297645568,Strongly Positive,0.9017196297645568,Strongly Positive
2024-01-31,0.0,,0.0,Neutral,0.4508598148822784,Positive
2024-01-30,0.0,,0.0,Neutral,0.2254299074411392,Positive
2024-01-29,0.0,,0.0,Neutral,0.0,Neutral
2024-01-28,0.0,2024-01-28,-0.5602532029151917,Negative,-0.5602532029151917,Negative
2024-01-25,0.0,2024-01-25,0.9305034875869752,Strongly Positive,0.6503768861293794,Strongly Positive
2024-01-24,0.0,,0.0,Neutral,0.3251884430646897,Positive
2024-01-23,0.0,,0.0,Neutral,0.2326258718967438,Positive
2024-01-22,0.0,2024-01-22,0.0955185890197753,Slightly Positive,0.0955185890197753,Slightly Positive
2024-01-21,0.0,2024-01-21,-0.0024153357371688,Neutral,0.045343958772718844,Neutral
2024-01-18,0.0,2024-01-18,0.7747501134872437,Strongly Positive,0.7974220928736031,Strongly Positive
2024-01-17,0.0,,0.0,Neutral,0.38677122280932963,Positive
2024-01-16,0.0,2024-01-16,-0.0303513295948505,Neutral,0.16333619877696043,Slightly Positive
2024-01-14,0.0,2024-01-14,-0.0015759468078613,Neutral,-0.01675161160528655,Neutral
2024-01-11,0.0,,0.0,Neutral,-0.008375805802643275,Neutral
2024-01-10,0.0,,0.0,Neutral,-0.000393986701965325,Neutral
2024-01-09,0.0,,0.0,Neutral,0.0,Neutral
2024-01-08,0.0,2024-01-08,0.3354699239134788,Positive,0.3354699239134788,Positive
2024-01-07,0.0,,0.0,Neutral,0.1677349619567394,Slightly Positive
2024-01-04,0.0,,0.0,Neutral,0.0838674809783697,Slightly Positive
2024-01-03,0.0,,0.0,Neutral,0.0,Neutral
2024-01-02,0.0,,0.0,Neutral,0.0,Neutral
2024-01-01,0.0,,0.0,Neutral,0.0,Neutral
2023-12-28,0.0,,0.0,Neutral,0.0,Neutral
2023-12-27,0.0,,0.0,Neutral,0.0,Neutral
2023-12-24,0.0,,0.0,Neutral,0.0,Neutral
2023-12-21,0.0,,0.0,Neutral,0.0,Neutral
2023-12-20,0.0,,0.0,Neutral,0.0,Neutral
2023-12-19,0.0,2023-12-19,-0.0495426394045352,Neutral,-0.0495426394045352,Neutral
2023-12-18,0.0,,0.0,Neutral,-0.0247713197022676,Neutral
2023-12-17,0.0,2023-12-17,0.1858166120946406,Slightly Positive,0.1734309522435068,Slightly Positive
2023-12-14,0.0,2023-12-14,-0.3237503468990326,Negative,-0.23084204085171228,Negative
2023-12-13,0.0,,0.0,Neutral,-0.11542102042585614,Slightly Negative
2023-12-12,0.0,,0.0,Neutral,-0.08093758672475815,Slightly Negative
2023-12-11,0.0,2023-12-11,0.8129301071166992,Strongly Positive,0.8129301071166992,Strongly Positive
2023-12-10,0.0,2023-12-10,0.3414733707904815,Positive,0.7479384243488312,Strongly Positive
2023-12-07,0.0,2023-12-07,0.7270581126213074,Strongly Positive,1.101027324795723,Strongly Positive
2023-12-06,0.0,,0.0,Neutral,0.4488973990082741,Positive
2023-12-05,0.0,,0.0,Neutral,0.18176452815532684,Slightly Positive
2023-12-04,0.0,2023-12-04,0.9314891695976256,Strongly Positive,0.9314891695976256,Strongly Positive
2023-12-03,0.0,,0.0,Neutral,0.4657445847988128,Positive
2023-11-30,0.0,,0.0,Neutral,0.2328722923994064,Positive
2023-11-29,0.0,2023-11-29,0.5706247091293335,Positive,0.5706247091293335,Positive
2023-11-28,0.0,2023-11-28,0.2470296770334244,Positive,0.5323420315980911,Positive
2023-11-27,0.0,,0.0,Neutral,0.26617101579904556,Positive
2023-11-26,0.0,,0.0,Neutral,0.0617574192583561,Slightly Positive
2023-11-23,0.0,,0.0,Neutral,0.0,Neutral
2023-11-22,0.0,,0.0,Neutral,0.0,Neutral
2023-11-21,0.0,,0.0,Neutral,0.0,Neutral
2023-11-20,0.0,2023-11-20,-0.0071662440896034,Neutral,-0.0071662440896034,Neutral
2023-11-09,0.0,,0.0,Neutral,-0.0035831220448017,Neutral
2023-11-08,0.0,,0.0,Neutral,-0.00179156102240085,Neutral
2023-11-07,0.0,,0.0,Neutral,0.0,Neutral
2023-11-06,0.0,,0.0,Neutral,0.0,Neutral
2023-11-05,0.0,2023-11-05,0.7400195002555847,Strongly Positive,0.7400195002555847,Strongly Positive
2023-11-02,0.0,,0.0,Neutral,0.37000975012779236,Positive
2023-11-01,0.0,2023-11-01,0.0985844135284423,Slightly Positive,0.28358928859233845,Positive
2023-10-31,0.0,,0.0,Neutral,0.04929220676422115,Neutral
2023-10-30,0.0,,0.0,Neutral,0.024646103382110575,Neutral
2023-10-29,0.0,,0.0,Neutral,0.0,Neutral
2023-10-19,0.0,2023-10-19,0.8292142748832703,Strongly Positive,0.8292142748832703,Strongly Positive
2023-10-18,0.0,2023-10-18,0.2993601306031147,Positive,0.7139672680447499,Strongly Positive
2023-10-17,0.0,2023-10-17,0.3895330764353275,Positive,0.7465167104577024,Strongly Positive
2023-10-16,0.0,2023-10-16,0.8377037644386292,Strongly Positive,1.1073103353070717,Strongly Positive
2023-10-12,0.0,,0.0,Neutral,0.5162351513281465,Positive
2023-10-11,0.0,,0.0,Neutral,0.2094259411096573,Positive
2023-10-10,0.0,,0.0,Neutral,0.0,Neutral
2023-10-09,0.0,2023-10-09,0.9241541624069214,Strongly Positive,0.9241541624069214,Strongly Positive
2023-10-08,0.0,2023-10-08,0.9193177223205566,Strongly Positive,1.3813948035240173,Strongly Positive
2023-10-05,0.0,,0.0,Neutral,0.6906974017620087,Strongly Positive
2023-10-04,0.0,2023-10-04,0.141101211309433,Slightly Positive,0.37093064188957214,Positive
2023-10-03,0.0,,0.0,Neutral,0.0705506056547165,Slightly Positive
2023-10-02,0.0,2023-10-02,0.8697748184204102,Strongly Positive,0.9050501212477684,Strongly Positive
2023-10-01,0.0,2023-10-01,0.9149264097213744,Strongly Positive,1.3498138189315796,Strongly Positive
2023-09-27,0.0,,0.0,Neutral,0.6749069094657898,Strongly Positive
2023-09-26,0.0,2023-09-26,0.1121289655566215,Slightly Positive,0.34086056798696507,Positive
2023-09-25,0.0,2023-09-25,0.9218896627426147,Strongly Positive,0.9779541455209255,Strongly Positive
2023-09-24,0.0,2023-09-24,0.8438069820404053,Strongly Positive,1.332784054800868,Strongly Positive
2023-09-21,0.0,,0.0,Neutral,0.6523759067058563,Strongly Positive
2023-09-19,0.0,,0.0,Neutral,0.21095174551010132,Positive
2023-09-18,0.0,2023-09-18,0.8191651403903961,Strongly Positive,0.8191651403903961,Strongly Positive
2023-09-17,0.0,2023-09-17,0.2316693365573883,Positive,0.6412519067525864,Strongly Positive
2023-09-13,0.0,,0.0,Neutral,0.3206259533762932,Positive
2023-09-12,0.0,,0.0,Neutral,0.057917334139347076,Slightly Positive
2023-09-11,0.0,2023-09-11,-0.1270755678415298,Slightly Negative,-0.1270755678415298,Slightly Negative
2023-09-10,0.0,,0.0,Neutral,-0.0635377839207649,Slightly Negative
2023-09-07,0.0,,0.0,Neutral,-0.03176889196038245,Neutral
2023-09-05,0.0,,0.0,Neutral,0.0,Neutral
2023-09-04,0.0,,0.0,Neutral,0.0,Neutral
2023-09-03,0.0,,0.0,Neutral,0.0,Neutral
2023-08-30,0.0,,0.0,Neutral,0.0,Neutral
2023-08-29,0.0,,0.0,Neutral,0.0,Neutral
2023-08-28,0.0,,0.0,Neutral,0.0,Neutral
2023-08-27,0.0,,0.0,Neutral,0.0,Neutral
2023-08-24,0.0,,0.0,Neutral,0.0,Neutral
2023-08-23,0.0,,0.0,Neutral,0.0,Neutral
2023-08-22,0.0,,0.0,Neutral,0.0,Neutral
2023-08-21,0.0,,0.0,Neutral,0.0,Neutral
2023-08-20,0.0,2023-08-20,0.4706372022628784,Positive,0.4706372022628784,Positive
2023-08-17,0.0,,0.0,Neutral,0.2353186011314392,Positive
2023-08-16,0.0,,0.0,Neutral,0.1176593005657196,Slightly Positive
2023-08-15,0.0,2023-08-15,0.0367373526096344,Neutral,0.0367373526096344,Neutral
2023-08-14,0.0,,0.0,Neutral,0.0183686763048172,Neutral
2023-08-13,0.0,2023-08-13,0.3550106883049011,Positive,0.3641950264573097,Positive
2023-08-10,0.0,2023-08-10,0.6593401432037354,Strongly Positive,0.8368454873561859,Strongly Positive
2023-08-09,0.0,,0.0,Neutral,0.41842274367809296,Positive
2023-08-08,0.0,2023-08-08,0.0437265634536743,Neutral,0.20856159925460815,Positive
2023-08-07,0.0,2023-08-07,0.7810200452804565,Strongly Positive,0.8028833270072937,Strongly Positive
2023-08-06,0.0,2023-08-06,0.2109157014638185,Positive,0.6123573649674654,Strongly Positive
2023-08-03,0.0,,0.0,Neutral,0.3007128620520234,Positive
2023-08-02,0.0,2023-08-02,-0.4065877497196197,Negative,-0.35385882435366506,Negative
2023-08-01,0.0,,0.0,Neutral,-0.20329387485980985,Negative
2023-07-31,0.0,,0.0,Neutral,-0.10164693742990492,Slightly Negative
2023-07-30,0.0,,0.0,Neutral,0.0,Neutral
2023-07-27,0.0,,0.0,Neutral,0.0,Neutral
2023-07-26,0.0,,0.0,Neutral,0.0,Neutral
2023-07-25,0.0,,0.0,Neutral,0.0,Neutral
2023-07-24,0.0,2023-07-24,-0.4698981344699859,Negative,-0.4698981344699859,Negative
2023-07-23,0.0,,0.0,Neutral,-0.23494906723499295,Negative
2023-07-20,0.0,,0.0,Neutral,-0.11747453361749648,Slightly Negative
2023-07-19,0.0,,0.0,Neutral,0.0,Neutral
2023-07-18,0.0,,0.0,Neutral,0.0,Neutral
2023-07-17,0.0,,0.0,Neutral,0.0,Neutral
2023-07-16,0.0,2023-07-16,0.883343517780304,Strongly Positive,0.883343517780304,Strongly Positive
2023-07-13,0.0,,0.0,Neutral,0.441671758890152,Positive
2023-07-12,0.0,,0.0,Neutral,0.220835879445076,Positive
2023-07-11,0.0,2023-07-11,-0.3590094149112701,Negative,-0.3590094149112701,Negative
2023-07-10,0.0,,0.0,Neutral,-0.17950470745563504,Slightly Negative
2023-07-09,0.0,2023-07-09,0.5350947976112366,Positive,0.44534244388341904,Positive
2023-07-06,0.0,,0.0,Neutral,0.2675473988056183,Positive
2023-07-05,0.0,2023-07-05,0.4177348017692566,Positive,0.5515085011720657,Positive
2023-07-04,0.0,2023-07-04,-0.20897176861763,Negative,-0.00010436773300170898,Neutral
2023-07-03,0.0,2023-07-03,0.7068891525268555,Strongly Positive,0.7068369686603546,Strongly Positive
2023-07-02,0.0,,0.0,Neutral,0.30120163410902023,Positive
2023-06-28,0.0,,0.0,Neutral,0.17672228813171387,Slightly Positive
2023-06-27,0.0,,0.0,Neutral,0.0,Neutral
2023-06-26,0.0,,0.0,Neutral,0.0,Neutral
2023-06-25,0.0,,0.0,Neutral,0.0,Neutral
2023-06-22,0.0,2023-06-22,0.873332142829895,Strongly Positive,0.873332142829895,Strongly Positive
2023-06-21,0.0,,0.0,Neutral,0.4366660714149475,Positive
2023-06-20,0.0,,0.0,Neutral,0.21833303570747375,Positive
2023-06-19,0.0,,0.0,Neutral,0.0,Neutral
2023-06-18,0.0,,0.0,Neutral,0.0,Neutral
2023-06-15,0.0,2023-06-15,0.4683806300163269,Positive,0.4683806300163269,Positive
2023-06-14,0.0,2023-06-14,0.4930647611618042,Positive,0.7272550761699677,Strongly Positive
2023-06-13,0.0,2023-06-13,0.7564454078674316,Strongly Positive,1.1200729459524155,Strongly Positive
2023-06-12,0.0,2023-06-12,0.7213075160980225,Strongly Positive,1.2227964103221893,Strongly Positive
2023-06-11,0.0,,0.0,Neutral,0.5497651100158691,Positive
2023-06-08,0.0,2023-06-08,0.7539471387863159,Strongly Positive,0.9342740178108215,Strongly Positive
2023-06-07,0.0,2023-06-07,0.4957673549652099,Positive,0.8727409243583679,Strongly Positive
2023-06-06,0.0,2023-06-06,0.7798135876655579,Strongly Positive,1.2161840498447418,Strongly Positive
2023-06-05,0.0,,0.0,Neutral,0.5138486325740814,Positive
2023-06-04,0.0,,0.0,Neutral,0.19495339691638947,Slightly Positive
2023-06-01,0.0,2023-06-01,0.4650955200195312,Positive,0.4650955200195312,Positive
2023-05-31,0.0,2023-05-31,0.9306153655052184,Strongly Positive,1.163163125514984,Strongly Positive
2023-05-30,0.0,,0.0,Neutral,0.581581562757492,Positive
2023-05-28,0.0,,0.0,Neutral,0.2326538413763046,Positive
2023-05-24,0.0,2023-05-24,0.6379044055938721,Strongly Positive,0.6379044055938721,Strongly Positive
2023-05-23,0.0,,0.0,Neutral,0.31895220279693604,Positive
2023-05-22,0.0,,0.0,Neutral,0.15947610139846802,Slightly Positive
2023-05-21,0.0,2023-05-21,0.2752208411693573,Positive,0.2752208411693573,Positive
2023-05-18,0.0,2023-05-18,-0.428337037563324,Negative,-0.2907266169786453,Negative
2023-05-17,0.0,2023-05-17,-0.1411273777484893,Slightly Negative,-0.28649068623781193,Negative
2023-05-16,0.0,,0.0,Neutral,-0.17764794826507563,Slightly Negative
2023-05-15,0.0,,0.0,Neutral,-0.035281844437122324,Neutral
2023-05-14,0.0,,0.0,Neutral,0.0,Neutral
2023-05-11,0.0,,0.0,Neutral,0.0,Neutral
2023-05-10,0.0,2023-05-10,0.3141437768936157,Positive,0.3141437768936157,Positive
2023-05-09,0.0,2023-05-09,0.6824951767921448,Strongly Positive,0.8395670652389526,Strongly Positive
2023-05-08,0.0,,0.0,Neutral,0.4197835326194763,Positive
2023-05-07,0.0,2023-05-07,-0.1594992876052856,Slightly Negative,0.011124506592750605,Neutral
2023-05-04,0.0,,0.0,Neutral,-0.0797496438026428,Slightly Negative
2023-05-03,0.0,2023-05-03,-0.3371529579162597,Negative,-0.3770277798175811,Negative
2023-05-02,0.0,,0.0,Neutral,-0.16857647895812986,Slightly Negative
2023-04-30,0.0,2023-04-30,0.5406634211540222,Positive,0.4563751816749573,Positive
2023-04-27,0.0,2023-04-27,0.3818577229976654,Positive,0.6521894335746765,Strongly Positive
2023-04-26,0.0,,0.0,Neutral,0.32609471678733826,Positive
2023-04-25,0.0,,0.0,Neutral,0.09546443074941635,Slightly Positive
2023-04-24,0.0,,0.0,Neutral,0.0,Neutral
2023-04-23,0.0,,0.0,Neutral,0.0,Neutral
2023-04-20,0.0,2023-04-20,0.1440556347370147,Slightly Positive,0.1440556347370147,Slightly Positive
2023-04-19,0.0,,0.0,Neutral,0.07202781736850734,Slightly Positive
2023-04-18,0.0,,0.0,Neutral,0.03601390868425367,Neutral
2023-04-17,0.0,,0.0,Neutral,0.0,Neutral
2023-04-16,0.0,,0.0,Neutral,0.0,Neutral
2023-04-13,0.0,,0.0,Neutral,0.0,Neutral
2023-04-12,0.0,,0.0,Neutral,0.0,Neutral
2023-04-11,0.0,,0.0,Neutral,0.0,Neutral
2023-04-10,0.0,,0.0,Neutral,0.0,Neutral
2023-04-09,0.0,,0.0,Neutral,0.0,Neutral
2023-04-06,0.0,,0.0,Neutral,0.0,Neutral
2023-04-05,0.0,,0.0,Neutral,0.0,Neutral
2023-04-04,0.0,,0.0,Neutral,0.0,Neutral
2023-04-03,0.0,,0.0,Neutral,0.0,Neutral
2023-04-02,0.0,,0.0,Neutral,0.0,Neutral
2023-03-30,0.0,,0.0,Neutral,0.0,Neutral
2023-03-29,0.0,,0.0,Neutral,0.0,Neutral
2023-03-28,0.0,,0.0,Neutral,0.0,Neutral
2023-03-27,0.0,,0.0,Neutral,0.0,Neutral
2023-03-26,0.0,,0.0,Neutral,0.0,Neutral
2023-03-23,0.0,2023-03-23,0.052819263190031,Slightly Positive,0.052819263190031,Slightly Positive
2023-03-22,0.0,,0.0,Neutral,0.0264096315950155,Neutral
2023-03-20,0.0,,0.0,Neutral,0.01320481579750775,Neutral
2023-03-19,0.0,,0.0,Neutral,0.0,Neutral
2023-03-16,0.0,,0.0,Neutral,0.0,Neutral
2023-03-15,0.0,,0.0,Neutral,0.0,Neutral
2023-03-14,0.0,,0.0,Neutral,0.0,Neutral
2023-03-13,0.0,,0.0,Neutral,0.0,Neutral
2023-03-12,0.0,,0.0,Neutral,0.0,Neutral
2023-03-09,0.0,,0.0,Neutral,0.0,Neutral
2023-03-07,0.0,,0.0,Neutral,0.0,Neutral
2023-03-05,0.0,,0.0,Neutral,0.0,Neutral
2023-03-02,0.0,,0.0,Neutral,0.0,Neutral
2023-03-01,0.0,,0.0,Neutral,0.0,Neutral
2023-02-28,0.0,,0.0,Neutral,0.0,Neutral
2023-02-27,0.0,,0.0,Neutral,0.0,Neutral
2023-02-26,0.0,,0.0,Neutral,0.0,Neutral
2023-02-23,0.0,,0.0,Neutral,0.0,Neutral
2023-02-22,0.0,,0.0,Neutral,0.0,Neutral
2023-02-20,0.0,,0.0,Neutral,0.0,Neutral
2023-02-16,0.0,,0.0,Neutral,0.0,Neutral
2023-02-15,0.0,,0.0,Neutral,0.0,Neutral
2023-02-14,0.0,,0.0,Neutral,0.0,Neutral
2023-02-12,0.0,,0.0,Neutral,0.0,Neutral
2023-02-09,0.0,,0.0,Neutral,0.0,Neutral
2023-02-08,0.0,,0.0,Neutral,0.0,Neutral
2023-02-07,0.0,,0.0,Neutral,0.0,Neutral
2023-02-06,0.0,,0.0,Neutral,0.0,Neutral
2023-02-05,0.0,,0.0,Neutral,0.0,Neutral
2023-02-02,0.0,2023-02-02,-0.6716222763061523,Strongly Negative,-0.6716222763061523,Strongly Negative
2023-02-01,0.0,,0.0,Neutral,-0.33581113815307617,Negative
2023-01-31,0.0,,0.0,Neutral,-0.16790556907653809,Slightly Negative
2023-01-30,0.0,,0.0,Neutral,0.0,Neutral
2023-01-29,0.0,2023-01-29,-0.4091926515102386,Negative,-0.4091926515102386,Negative
2023-01-26,0.0,2023-01-26,0.9144240617752076,Strongly Positive,0.7098277360200883,Strongly Positive
2023-01-25,0.0,,0.0,Neutral,0.35491386801004415,Positive
2023-01-24,0.0,,0.0,Neutral,0.2286060154438019,Positive
2023-01-23,0.0,,0.0,Neutral,0.0,Neutral
2023-01-19,0.0,,0.0,Neutral,0.0,Neutral
2023-01-18,0.0,,0.0,Neutral,0.0,Neutral
2023-01-17,0.0,2023-01-17,-0.623460054397583,Strongly Negative,-0.623460054397583,Strongly Negative
2023-01-12,0.0,2023-01-12,0.5015150904655457,Positive,0.18978506326675415,Slightly Positive
2023-01-10,0.0,2023-01-10,-0.2437212616205215,Negative,-0.14882872998714441,Slightly Negative
2023-01-09,0.0,,0.0,Neutral,0.0035181418061256686,Neutral
2023-01-08,0.0,,0.0,Neutral,-0.06093031540513037,Slightly Negative
2023-01-05,0.0,,0.0,Neutral,0.0,Neutral
2023-01-04,0.0,,0.0,Neutral,0.0,Neutral
2023-01-03,0.0,,0.0,Neutral,0.0,Neutral
2023-01-02,0.0,2023-01-02,-0.3848305940628052,Negative,-0.3848305940628052,Negative
2023-01-01,0.0,,0.0,Neutral,-0.1924152970314026,Slightly Negative
2022-12-29,0.0,,0.0,Neutral,-0.0962076485157013,Slightly Negative
2022-12-28,0.0,,0.0,Neutral,0.0,Neutral
2022-12-27,0.0,,0.0,Neutral,0.0,Neutral
2022-12-26,0.0,,0.0,Neutral,0.0,Neutral
2022-12-22,0.0,,0.0,Neutral,0.0,Neutral
2022-12-21,0.0,2022-12-21,0.6173017024993896,Strongly Positive,0.6173017024993896,Strongly Positive
2022-12-20,0.0,,0.0,Neutral,0.3086508512496948,Positive
2022-12-19,0.0,,0.0,Neutral,0.1543254256248474,Slightly Positive
2022-12-18,0.0,,0.0,Neutral,0.0,Neutral
2022-12-15,0.0,,0.0,Neutral,0.0,Neutral
2022-12-14,0.0,,0.0,Neutral,0.0,Neutral
2022-12-13,0.0,2022-12-13,0.7148497700691223,Strongly Positive,0.7148497700691223,Strongly Positive
2022-12-12,0.0,,0.0,Neutral,0.35742488503456116,Positive
2022-12-11,0.0,,0.0,Neutral,0.17871244251728058,Slightly Positive
2022-12-07,0.0,,0.0,Neutral,0.0,Neutral
2022-12-06,0.0,,0.0,Neutral,0.0,Neutral
2022-12-05,0.0,,0.0,Neutral,0.0,Neutral
2022-12-04,0.0,,0.0,Neutral,0.0,Neutral
2022-12-01,0.0,,0.0,Neutral,0.0,Neutral
2022-11-30,0.0,,0.0,Neutral,0.0,Neutral
2022-11-29,0.0,,0.0,Neutral,0.0,Neutral
2022-11-28,0.0,2022-11-28,0.1627677381038665,Slightly Positive,0.1627677381038665,Slightly Positive
2022-11-27,0.0,,0.0,Neutral,0.08138386905193325,Slightly Positive
2022-11-24,0.0,,0.0,Neutral,0.040691934525966623,Neutral
2022-11-23,0.0,,0.0,Neutral,0.0,Neutral
2022-11-22,0.0,,0.0,Neutral,0.0,Neutral
2022-11-17,0.0,,0.0,Neutral,0.0,Neutral
2022-11-16,0.0,,0.0,Neutral,0.0,Neutral
2022-11-15,0.0,2022-11-15,0.7105873227119446,Strongly Positive,0.7105873227119446,Strongly Positive
2022-11-14,0.0,2022-11-14,-0.6556950807571411,Strongly Negative,-0.3004014194011688,Negative
2022-11-13,0.0,,0.0,Neutral,-0.1502007097005844,Slightly Negative
2022-11-10,0.0,2022-11-10,0.6085646748542786,Strongly Positive,0.4446409046649933,Positive
2022-11-09,0.0,,0.0,Neutral,0.3042823374271393,Positive
2022-11-08,0.0,,0.0,Neutral,0.15214116871356964,Slightly Positive
2022-11-07,0.0,,0.0,Neutral,0.0,Neutral
2022-11-06,0.0,,0.0,Neutral,0.0,Neutral
2022-11-03,0.0,,0.0,Neutral,0.0,Neutral
2022-11-02,0.0,,0.0,Neutral,0.0,Neutral
2022-11-01,0.0,,0.0,Neutral,0.0,Neutral
2022-10-31,0.0,2022-10-31,0.1629264950752258,Slightly Positive,0.1629264950752258,Slightly Positive
2022-10-23,0.0,2022-10-23,-0.0040155053138732,Neutral,0.07744774222373971,Slightly Positive
2022-10-20,0.0,,0.0,Neutral,0.038723871111869854,Neutral
2022-10-19,0.0,2022-10-19,0.903040885925293,Strongly Positive,0.9020370095968246,Strongly Positive
2022-10-17,0.0,2022-10-17,0.71620774269104,Strongly Positive,1.1677281856536865,Strongly Positive
2022-10-16,0.0,,0.0,Neutral,0.5838640928268433,Positive
2022-10-13,0.0,2022-10-13,0.5541855245828629,Positive,0.7332374602556229,Strongly Positive
2022-10-12,0.0,,0.0,Neutral,0.2770927622914314,Positive
2022-10-11,0.0,,0.0,Neutral,0.1385463811457157,Slightly Positive
2022-10-10,0.0,,0.0,Neutral,0.0,Neutral
2022-10-09,0.0,,0.0,Neutral,0.0,Neutral
2022-09-29,0.0,2022-09-29,0.9351661205291748,Strongly Positive,0.9351661205291748,Strongly Positive
2022-09-28,0.0,,0.0,Neutral,0.4675830602645874,Positive
2022-09-27,0.0,,0.0,Neutral,0.2337915301322937,Positive
2022-09-25,0.0,,0.0,Neutral,0.0,Neutral
2022-09-22,0.0,2022-09-22,0.9082857966423036,Strongly Positive,0.9082857966423036,Strongly Positive
2022-09-21,0.0,2022-09-21,0.534334659576416,Positive,0.9884775578975677,Strongly Positive
2022-09-20,0.0,,0.0,Neutral,0.4942387789487839,Positive
2022-09-18,0.0,,0.0,Neutral,0.133583664894104,Slightly Positive
2022-09-16,0.0,,0.0,Neutral,0.0,Neutral
2022-09-15,0.0,,0.0,Neutral,0.0,Neutral
2022-09-14,0.0,,0.0,Neutral,0.0,Neutral
2022-09-13,0.0,,0.0,Neutral,0.0,Neutral
2022-09-12,0.0,,0.0,Neutral,0.0,Neutral
2022-09-11,0.0,,0.0,Neutral,0.0,Neutral
2022-09-08,0.0,,0.0,Neutral,0.0,Neutral
2022-09-07,0.0,2022-09-07,0.006325364112854,Neutral,0.006325364112854,Neutral
2022-09-06,0.0,,0.0,Neutral,0.003162682056427,Neutral
2022-09-05,0.0,,0.0,Neutral,0.0015813410282135,Neutral
2022-09-04,0.0,,0.0,Neutral,0.0,Neutral
2022-09-02,0.0,,0.0,Neutral,0.0,Neutral
2022-09-01,0.0,2022-09-01,-0.2566113471984863,Negative,-0.2566113471984863,Negative
2022-08-31,0.0,,0.0,Neutral,-0.12830567359924314,Slightly Negative
2022-08-30,0.0,2022-08-30,0.0258980691432952,Neutral,-0.03825476765632636,Neutral
2022-08-29,0.0,,0.0,Neutral,0.0129490345716476,Neutral
2022-08-28,0.0,,0.0,Neutral,0.0064745172858238,Neutral
2022-08-26,0.0,,0.0,Neutral,0.0,Neutral
2022-08-25,0.0,,0.0,Neutral,0.0,Neutral
2022-08-24,0.0,2022-08-24,0.6355215311050415,Strongly Positive,0.6355215311050415,Strongly Positive
2022-08-23,0.0,2022-08-23,0.894823431968689,Strongly Positive,1.2125841975212097,Strongly Positive
2022-08-22,0.0,,0.0,Neutral,0.6062920987606049,Strongly Positive
2022-08-21,0.0,,0.0,Neutral,0.22370585799217224,Positive
2022-08-18,0.0,,0.0,Neutral,0.0,Neutral
2022-08-17,0.0,,0.0,Neutral,0.0,Neutral
2022-08-16,0.0,,0.0,Neutral,0.0,Neutral
2022-08-15,0.0,,0.0,Neutral,0.0,Neutral
2022-08-14,0.0,,0.0,Neutral,0.0,Neutral
2022-08-11,0.0,2022-08-11,-0.061613380908966,Slightly Negative,-0.061613380908966,Slightly Negative
2022-08-10,0.0,,0.0,Neutral,-0.030806690454483,Neutral
2022-08-09,0.0,,0.0,Neutral,-0.0154033452272415,Neutral
2022-08-08,0.0,,0.0,Neutral,0.0,Neutral
2022-08-07,0.0,2022-08-07,0.0195572879165411,Neutral,0.0195572879165411,Neutral
2022-08-05,0.0,2022-08-05,0.2184320390224456,Positive,0.22821068298071615,Positive
2022-08-04,0.0,,0.0,Neutral,0.11410534149035807,Slightly Positive
2022-08-03,0.0,2022-08-03,0.7975225448608398,Strongly Positive,0.8521305546164513,Strongly Positive
2022-08-02,0.0,,0.0,Neutral,0.3987612724304199,Positive
2022-08-01,0.0,2022-08-01,-0.2906584739685058,Negative,-0.09127783775329584,Slightly Negative
2022-07-31,0.0,2022-07-31,-0.3070221543312073,Negative,-0.4523513913154602,Negative
2022-07-29,0.0,2022-07-29,-0.1990431249141693,Slightly Negative,-0.4252188205718994,Negative
2022-07-28,0.0,,0.0,Neutral,-0.17627710103988647,Slightly Negative
2022-07-27,0.0,,0.0,Neutral,-0.04976078122854233,Neutral
2022-07-26,0.0,,0.0,Neutral,0.0,Neutral
2022-07-25,0.0,,0.0,Neutral,0.0,Neutral
2022-07-24,0.0,,0.0,Neutral,0.0,Neutral
2022-07-22,0.0,,0.0,Neutral,0.0,Neutral
2022-07-21,0.0,,0.0,Neutral,0.0,Neutral
2022-07-20,0.0,,0.0,Neutral,0.0,Neutral
2022-07-19,0.0,,0.0,Neutral,0.0,Neutral
2022-07-18,0.0,,0.0,Neutral,0.0,Neutral
2022-07-17,0.0,,0.0,Neutral,0.0,Neutral
2022-07-15,0.0,2022-07-15,-0.1234379112720489,Slightly Negative,-0.1234379112720489,Slightly Negative
2022-07-14,0.0,,0.0,Neutral,-0.06171895563602445,Slightly Negative
2022-07-13,0.0,2022-07-13,0.9082242250442504,Strongly Positive,0.8773647472262381,Strongly Positive
2022-07-12,0.0,,0.0,Neutral,0.4541121125221252,Positive
2022-07-11,0.0,,0.0,Neutral,0.2270560562610626,Positive
2022-07-08,0.0,,0.0,Neutral,0.0,Neutral
2022-07-07,0.0,,0.0,Neutral,0.0,Neutral
2022-07-06,0.0,,0.0,Neutral,0.0,Neutral
2022-07-05,0.0,,0.0,Neutral,0.0,Neutral
2022-07-04,0.0,2022-07-04,-0.2904195189476013,Negative,-0.2904195189476013,Negative
2022-07-03,0.0,,0.0,Neutral,-0.14520975947380066,Slightly Negative
2022-07-01,0.0,,0.0,Neutral,-0.07260487973690033,Slightly Negative
2022-06-30,0.0,2022-06-30,-0.2598440945148468,Negative,-0.2598440945148468,Negative
2022-06-29,0.0,,0.0,Neutral,-0.1299220472574234,Slightly Negative
2022-06-28,0.0,2022-06-28,0.4208382070064544,Positive,0.3558771833777427,Positive
2022-06-27,0.0,,0.0,Neutral,0.2104191035032272,Positive
2022-06-26,0.0,2022-06-26,-0.4419355690479278,Negative,-0.3367260172963142,Negative
2022-06-24,0.0,2022-06-24,0.5870148539543152,Positive,0.36604706943035126,Positive
2022-06-23,0.0,,0.0,Neutral,0.18302353471517563,Slightly Positive
2022-06-22,0.0,,0.0,Neutral,0.1467537134885788,Slightly Positive
2022-06-21,0.0,,0.0,Neutral,0.0,Neutral
2022-06-20,0.0,2022-06-20,0.5693178772926331,Positive,0.5693178772926331,Positive
2022-06-19,0.0,,0.0,Neutral,0.28465893864631653,Positive
2022-06-17,0.0,,0.0,Neutral,0.14232946932315826,Slightly Positive
2022-06-16,0.0,2022-06-16,0.8982492685317993,Strongly Positive,0.8982492685317993,Strongly Positive
2022-06-15,0.0,,0.0,Neutral,0.44912463426589966,Positive
2022-06-14,0.0,,0.0,Neutral,0.22456231713294983,Positive
2022-06-13,0.0,,0.0,Neutral,0.0,Neutral
2022-06-10,0.0,,0.0,Neutral,0.0,Neutral
2022-06-09,0.0,,0.0,Neutral,0.0,Neutral
2022-06-08,0.0,,0.0,Neutral,0.0,Neutral
2022-06-07,0.0,2022-06-07,0.2998286485671997,Positive,0.2998286485671997,Positive
2022-06-06,0.0,2022-06-06,0.0207726825028657,Neutral,0.17068700678646556,Slightly Positive
2022-06-03,0.0,,0.0,Neutral,0.08534350339323278,Slightly Positive
2022-06-02,0.0,2022-06-02,0.8461382985115051,Strongly Positive,0.8513314691372216,Strongly Positive
2022-06-01,0.0,2022-06-01,0.3814393877983093,Positive,0.8045085370540619,Strongly Positive
2022-05-31,0.0,,0.0,Neutral,0.40225426852703094,Positive
2022-05-30,0.0,,0.0,Neutral,0.09535984694957733,Slightly Positive
2022-05-27,0.0,,0.0,Neutral,0.0,Neutral
2022-05-26,0.0,,0.0,Neutral,0.0,Neutral
2022-05-25,0.0,,0.0,Neutral,0.0,Neutral
2022-05-24,0.0,2022-05-24,0.0325568914413452,Neutral,0.0325568914413452,Neutral
2022-05-23,0.0,,0.0,Neutral,0.0162784457206726,Neutral
2022-05-20,0.0,,0.0,Neutral,0.0081392228603363,Neutral
2022-05-19,0.0,,0.0,Neutral,0.0,Neutral
2022-05-18,0.0,2022-05-18,0.2235666513442993,Positive,0.2235666513442993,Positive
2022-05-17,0.0,,0.0,Neutral,0.11178332567214964,Slightly Positive
2022-05-12,0.0,,0.0,Neutral,0.05589166283607482,Slightly Positive
2022-05-11,0.0,,0.0,Neutral,0.0,Neutral
2022-05-10,0.0,,0.0,Neutral,0.0,Neutral
2022-05-09,0.0,,0.0,Neutral,0.0,Neutral
2022-05-08,0.0,,0.0,Neutral,0.0,Neutral
2022-05-05,0.0,,0.0,Neutral,0.0,Neutral
2022-05-04,0.0,,0.0,Neutral,0.0,Neutral
2022-05-02,0.0,,0.0,Neutral,0.0,Neutral
2022-04-28,0.0,,0.0,Neutral,0.0,Neutral
2022-04-27,0.0,,0.0,Neutral,0.0,Neutral
2022-04-26,0.0,2022-04-26,0.0814896821975708,Slightly Positive,0.0814896821975708,Slightly Positive
2022-04-25,0.0,,0.0,Neutral,0.0407448410987854,Neutral
2022-04-24,0.0,2022-04-24,0.4896917045116424,Positive,0.5100641250610352,Positive
2022-04-21,0.0,2022-04-21,0.435576420277357,Positive,0.6804222725331782,Strongly Positive
2022-04-20,0.0,2022-04-20,0.1363096833229065,Slightly Positive,0.4765208195894956,Positive
2022-04-19,0.0,2022-04-19,0.9145817756652832,Strongly Positive,1.0916307223960757,Strongly Positive
2022-04-18,0.0,2022-04-18,0.6108980178833008,Strongly Positive,1.102266326546669,Strongly Positive
2022-04-17,0.0,,0.0,Neutral,0.5340944528579712,Positive
2022-04-13,0.0,,0.0,Neutral,0.1527245044708252,Slightly Positive
2022-04-12,0.0,2022-04-12,0.5773056745529175,Positive,0.5773056745529175,Positive
2022-04-11,0.0,2022-04-11,0.8681013584136963,Strongly Positive,1.156754195690155,Strongly Positive
2022-04-07,0.0,,0.0,Neutral,0.5783770978450775,Positive
2022-04-06,0.0,2022-04-06,0.3428605794906616,Positive,0.5598859190940857,Positive
2022-04-05,0.0,2022-04-05,0.651929497718811,Strongly Positive,0.8233597874641418,Strongly Positive
2022-04-04,0.0,,0.0,Neutral,0.4116798937320709,Positive
2022-04-03,0.0,2022-04-03,-0.0272224247455596,Neutral,0.13575994968414315,Slightly Positive
2022-03-31,0.0,,0.0,Neutral,-0.0136112123727798,Neutral
2022-03-30,0.0,,0.0,Neutral,-0.0068056061863899,Neutral
2022-03-29,0.0,2022-03-29,0.8759951591491699,Strongly Positive,0.8759951591491699,Strongly Positive
2022-03-28,0.0,2022-03-28,0.6411234736442566,Strongly Positive,1.0791210532188416,Strongly Positive
2022-03-27,0.0,,0.0,Neutral,0.5395605266094208,Positive
2022-03-24,0.0,,0.0,Neutral,0.16028086841106415,Slightly Positive
2022-03-23,0.0,2022-03-23,-0.0178897380828857,Neutral,-0.0178897380828857,Neutral
2022-03-22,0.0,,0.0,Neutral,-0.00894486904144285,Neutral
2022-03-21,0.0,,0.0,Neutral,-0.004472434520721425,Neutral
2022-03-20,0.0,2022-03-20,0.8301899433135986,Strongly Positive,0.8301899433135986,Strongly Positive
2022-03-16,0.0,,0.0,Neutral,0.4150949716567993,Positive
2022-03-15,0.0,,0.0,Neutral,0.20754748582839966,Positive
2022-03-14,0.0,2022-03-14,0.5405178843066096,Positive,0.5405178843066096,Positive
2022-03-13,0.0,,0.0,Neutral,0.2702589421533048,Positive
2022-03-10,0.0,,0.0,Neutral,0.1351294710766524,Slightly Positive
2022-03-09,0.0,2022-03-09,-0.5977263450622559,Negative,-0.5977263450622559,Negative
2022-03-07,0.0,,0.0,Neutral,-0.29886317253112793,Negative
2022-03-06,0.0,,0.0,Neutral,-0.14943158626556396,Slightly Negative
2022-03-02,0.0,,0.0,Neutral,0.0,Neutral
2022-02-28,0.0,2022-02-28,0.4970417022705078,Positive,0.4970417022705078,Positive
2022-02-27,0.0,,0.0,Neutral,0.2485208511352539,Positive
2022-02-24,0.0,2022-02-24,0.5140209197998047,Positive,0.6382813453674316,Strongly Positive
2022-02-23,0.0,,0.0,Neutral,0.25701045989990234,Positive
2022-02-22,0.0,,0.0,Neutral,0.12850522994995117,Slightly Positive
2022-02-21,0.0,2022-02-21,0.5519900321960449,Positive,0.5519900321960449,Positive
2022-02-20,0.0,,0.0,Neutral,0.27599501609802246,Positive
2022-02-17,0.0,,0.0,Neutral,0.13799750804901123,Slightly Positive
2022-02-16,0.0,2022-02-16,0.5795700550079346,Positive,0.5795700550079346,Positive
2022-02-15,0.0,2022-02-15,-0.3125604093074798,Negative,-0.022775381803512518,Neutral
2022-02-14,0.0,2022-02-14,-0.5765681266784668,Negative,-0.5879558175802231,Negative
2022-02-13,0.0,2022-02-13,0.4978555937608083,Positive,0.13143142809470493,Slightly Positive
2022-02-10,0.0,,0.0,Neutral,0.10478576521078745,Slightly Positive
2022-02-09,0.0,,0.0,Neutral,0.12446389844020207,Slightly Positive
2022-02-08,0.0,2022-02-08,-0.0566993355751037,Slightly Negative,-0.0566993355751037,Slightly Negative
2022-02-07,0.0,2022-02-07,0.5250307619571686,Positive,0.49668109416961675,Positive
2022-02-06,0.0,,0.0,Neutral,0.24834054708480838,Positive
2022-02-03,0.0,2022-02-03,0.908535659313202,Strongly Positive,1.039793349802494,Strongly Positive
2022-02-01,0.0,,0.0,Neutral,0.454267829656601,Positive
2022-01-31,0.0,,0.0,Neutral,0.2271339148283005,Positive
2022-01-30,0.0,,0.0,Neutral,0.0,Neutral
2022-01-27,0.0,,0.0,Neutral,0.0,Neutral
2022-01-26,0.0,2022-01-26,0.4082410056143999,Positive,0.4082410056143999,Positive
2022-01-25,0.0,,0.0,Neutral,0.20412050280719995,Positive
2022-01-24,0.0,,0.0,Neutral,0.10206025140359998,Slightly Positive
2022-01-23,0.0,,0.0,Neutral,0.0,Neutral
2022-01-20,0.0,,0.0,Neutral,0.0,Neutral
2022-01-19,0.0,2022-01-19,0.3360106647014618,Positive,0.3360106647014618,Positive
2022-01-18,0.0,2022-01-18,0.3734949231147766,Positive,0.5415002554655075,Positive
2022-01-17,0.0,2022-01-17,0.4422468543052673,Positive,0.7129969820380211,Strongly Positive
2022-01-16,0.0,,0.0,Neutral,0.3144971579313278,Positive
2022-01-13,0.0,,0.0,Neutral,0.11056171357631682,Slightly Positive
2022-01-12,0.0,2022-01-12,-0.4808397889137268,Negative,-0.4808397889137268,Negative
2022-01-11,0.0,,0.0,Neutral,-0.2404198944568634,Negative
2022-01-10,0.0,2022-01-10,0.519367516040802,Positive,0.3991575688123703,Positive
2022-01-09,0.0,2022-01-09,0.7907711267471313,Strongly Positive,1.0504548847675323,Strongly Positive
2022-01-06,0.0,,0.0,Neutral,0.5252274423837662,Positive
2022-01-05,0.0,,0.0,Neutral,0.19769278168678284,Slightly Positive
2022-01-04,0.0,2022-01-04,0.65803462266922,Strongly Positive,0.65803462266922,Strongly Positive
2022-01-03,0.0,2022-01-03,0.0013054907321929,Neutral,0.33032280206680287,Positive
2022-01-02,0.0,,0.0,Neutral,0.16516140103340143,Slightly Positive
2021-12-29,0.0,,0.0,Neutral,0.000326372683048225,Neutral
2021-12-28,0.0,,0.0,Neutral,0.0,Neutral
2021-12-27,0.0,2021-12-27,0.1544867753982544,Slightly Positive,0.1544867753982544,Slightly Positive
2021-12-26,0.0,,0.0,Neutral,0.0772433876991272,Slightly Positive
2021-12-23,0.0,,0.0,Neutral,0.0386216938495636,Neutral
2021-12-22,0.0,,0.0,Neutral,0.0,Neutral
2021-12-21,0.0,2021-12-21,-0.6907034516334534,Strongly Negative,-0.6907034516334534,Strongly Negative
2021-12-20,0.0,,0.0,Neutral,-0.3453517258167267,Negative
2021-12-16,0.0,2021-12-16,0.7056154310703278,Strongly Positive,0.5329395681619644,Positive
2021-12-15,0.0,2021-12-15,-0.3610247150063515,Negative,-0.008216999471187647,Neutral
2021-12-14,0.0,2021-12-14,0.0240390766412019,Neutral,0.019930576905608066,Neutral
2021-12-13,0.0,,0.0,Neutral,-0.07823664043098694,Slightly Negative
2021-12-12,0.0,,0.0,Neutral,0.006009769160300475,Neutral
2021-12-09,0.0,2021-12-09,0.7948119044303894,Strongly Positive,0.7948119044303894,Strongly Positive
2021-12-08,0.0,,0.0,Neutral,0.3974059522151947,Positive
2021-12-07,0.0,,0.0,Neutral,0.19870297610759735,Slightly Positive
2021-12-06,0.0,2021-12-06,-0.0454929023981094,Neutral,-0.0454929023981094,Neutral
2021-12-05,0.0,2021-12-05,-0.3157088458538055,Negative,-0.3384552970528602,Negative
2021-12-02,0.0,,0.0,Neutral,-0.1692276485264301,Slightly Negative
2021-12-01,0.0,,0.0,Neutral,-0.07892721146345137,Slightly Negative
2021-11-30,0.0,2021-11-30,0.0353909358382225,Neutral,0.0353909358382225,Neutral
2021-11-29,0.0,,0.0,Neutral,0.01769546791911125,Neutral
2021-11-28,0.0,,0.0,Neutral,0.008847733959555624,Neutral
2021-11-25,0.0,2021-11-25,-0.1864838898181915,Slightly Negative,-0.1864838898181915,Slightly Negative
2021-11-24,0.0,2021-11-24,-0.2785083949565887,Negative,-0.37175033986568445,Negative
2021-11-23,0.0,2021-11-23,0.6356387138366699,Strongly Positive,0.44976354390382767,Positive
2021-11-22,0.0,2021-11-22,0.0131739825010299,Neutral,0.2613662406802177,Positive
2021-11-21,0.0,,0.0,Neutral,0.16549666970968244,Slightly Positive
2021-11-18,0.0,,0.0,Neutral,0.003293495625257475,Neutral
2021-11-17,0.0,2021-11-17,0.6861373782157898,Strongly Positive,0.6861373782157898,Strongly Positive
2021-11-16,0.0,2021-11-16,0.8141272664070129,Strongly Positive,1.1571959555149078,Strongly Positive
2021-11-15,0.0,2021-11-15,0.4076647162437439,Positive,0.9862626940011978,Strongly Positive
2021-11-14,0.0,2021-11-14,0.0491418664654096,Neutral,0.45650604118903476,Positive
2021-11-11,0.0,2021-11-11,0.2226513624191284,Positive,0.34913847471276915,Positive
2021-11-09,0.0,,0.0,Neutral,0.12361114782591659,Slightly Positive
2021-11-08,0.0,2021-11-08,0.4568291008472442,Positive,0.5124919414520263,Positive
2021-11-03,0.0,2021-11-03,0.2788993418216705,Positive,0.5073138922452926,Positive
2021-11-02,0.0,,0.0,Neutral,0.2536569461226463,Positive
2021-11-01,0.0,2021-11-01,0.1046939715743064,Slightly Positive,0.174418807029724,Slightly Positive
2021-10-31,0.0,,0.0,Neutral,0.0523469857871532,Slightly Positive
2021-10-28,0.0,,0.0,Neutral,0.0261734928935766,Neutral
2021-10-27,0.0,,0.0,Neutral,0.0,Neutral
2021-10-26,0.0,,0.0,Neutral,0.0,Neutral
2021-10-25,0.0,,0.0,Neutral,0.0,Neutral
2021-10-24,0.0,,0.0,Neutral,0.0,Neutral
2021-10-21,0.0,2021-10-21,0.8713273406028748,Strongly Positive,0.8713273406028748,Strongly Positive
2021-10-20,0.0,2021-10-20,0.6123760342597961,Strongly Positive,1.0480397045612335,Strongly Positive
2021-10-19,0.0,,0.0,Neutral,0.5240198522806168,Positive
2021-10-18,0.0,2021-10-18,0.8018708229064941,Strongly Positive,0.9549648314714432,Strongly Positive
2021-10-17,0.0,2021-10-17,0.9213525056838988,Strongly Positive,1.322287917137146,Strongly Positive
2021-10-11,0.0,2021-10-11,0.857159435749054,Strongly Positive,1.518303394317627,Strongly Positive
2021-10-10,0.0,,0.0,Neutral,0.6589178442955017,Strongly Positive
2021-10-06,0.0,2021-10-06,0.9232880473136902,Strongly Positive,1.1375779062509537,Strongly Positive
2021-10-05,0.0,2021-10-05,0.4259742498397827,Positive,0.8876182734966278,Strongly Positive
2021-10-04,0.0,2021-10-04,-0.1786015033721923,Slightly Negative,0.26520763337612163,Positive
2021-10-03,0.0,,0.0,Neutral,0.01719281077384953,Neutral
2021-09-30,0.0,,0.0,Neutral,-0.044650375843048075,Neutral
2021-09-29,0.0,2021-09-29,0.9257281422615052,Strongly Positive,0.9257281422615052,Strongly Positive
2021-09-28,0.0,2021-09-28,0.261738121509552,Positive,0.7246021926403046,Strongly Positive
2021-09-27,0.0,,0.0,Neutral,0.3623010963201523,Positive
2021-09-26,0.0,,0.0,Neutral,0.065434530377388,Slightly Positive
2021-09-23,0.0,2021-09-23,-0.5558741092681885,Negative,-0.5558741092681885,Negative
2021-09-22,0.0,,0.0,Neutral,-0.27793705463409424,Negative
2021-09-21,0.0,,0.0,Neutral,-0.13896852731704712,Slightly Negative
2021-09-20,0.0,,0.0,Neutral,0.0,Neutral
2021-09-16,0.0,2021-09-16,0.5890231132507324,Positive,0.5890231132507324,Positive
2021-09-15,0.0,,0.0,Neutral,0.2945115566253662,Positive
2021-09-14,0.0,,0.0,Neutral,0.1472557783126831,Slightly Positive
2021-09-13,0.0,,0.0,Neutral,0.0,Neutral
2021-09-12,0.0,2021-09-12,0.4431141316890716,Positive,0.4431141316890716,Positive
2021-09-09,0.0,,0.0,Neutral,0.2215570658445358,Positive
2021-09-08,0.0,,0.0,Neutral,0.1107785329222679,Slightly Positive
2021-09-07,0.0,,0.0,Neutral,0.0,Neutral
2021-09-06,0.0,,0.0,Neutral,0.0,Neutral
2021-09-05,0.0,,0.0,Neutral,0.0,Neutral
2021-09-02,0.0,,0.0,Neutral,0.0,Neutral
2021-09-01,0.0,,0.0,Neutral,0.0,Neutral
2021-08-31,0.0,,0.0,Neutral,0.0,Neutral
2021-08-29,0.0,,0.0,Neutral,0.0,Neutral
2021-08-26,0.0,,0.0,Neutral,0.0,Neutral
2021-08-25,0.0,,0.0,Neutral,0.0,Neutral
2021-08-24,0.0,,0.0,Neutral,0.0,Neutral
2021-08-19,0.0,2021-08-19,0.5259397625923157,Positive,0.5259397625923157,Positive
2021-08-18,0.0,,0.0,Neutral,0.26296988129615784,Positive
2021-08-17,0.0,,0.0,Neutral,0.13148494064807892,Slightly Positive
2021-08-16,0.0,2021-08-16,0.146904706954956,Slightly Positive,0.146904706954956,Slightly Positive
2021-08-15,0.0,,0.0,Neutral,0.073452353477478,Slightly Positive
2021-08-12,0.0,,0.0,Neutral,0.036726176738739,Neutral
2021-08-11,0.0,,0.0,Neutral,0.0,Neutral
2021-08-10,0.0,,0.0,Neutral,0.0,Neutral
2021-08-09,0.0,,0.0,Neutral,0.0,Neutral
2021-08-08,0.0,,0.0,Neutral,0.0,Neutral
2021-08-05,0.0,,0.0,Neutral,0.0,Neutral
2021-08-04,0.0,2021-08-04,-0.4183864593505859,Negative,-0.4183864593505859,Negative
2021-08-03,0.0,,0.0,Neutral,-0.20919322967529294,Negative
2021-08-02,0.0,,0.0,Neutral,-0.10459661483764647,Slightly Negative
2021-08-01,0.0,,0.0,Neutral,0.0,Neutral
2021-07-29,0.0,,0.0,Neutral,0.0,Neutral
2021-07-28,0.0,,0.0,Neutral,0.0,Neutral
2021-07-27,0.0,,0.0,Neutral,0.0,Neutral
2021-07-26,0.0,,0.0,Neutral,0.0,Neutral
2021-07-25,0.0,2021-07-25,-0.1586503386497497,Slightly Negative,-0.1586503386497497,Slightly Negative
2021-07-22,0.0,,0.0,Neutral,-0.07932516932487485,Slightly Negative
2021-07-20,0.0,,0.0,Neutral,-0.039662584662437425,Neutral
2021-07-19,0.0,,0.0,Neutral,0.0,Neutral
2021-07-18,0.0,,0.0,Neutral,0.0,Neutral
2021-07-15,0.0,2021-07-15,0.2684071958065033,Positive,0.2684071958065033,Positive
2021-07-14,0.0,,0.0,Neutral,0.13420359790325165,Slightly Positive
2021-07-13,0.0,,0.0,Neutral,0.06710179895162582,Slightly Positive
2021-07-12,0.0,,0.0,Neutral,0.0,Neutral
2021-07-11,0.0,2021-07-11,0.7197643518447876,Strongly Positive,0.7197643518447876,Strongly Positive
2021-07-08,0.0,,0.0,Neutral,0.3598821759223938,Positive
2021-07-07,0.0,2021-07-07,0.0943080335855484,Slightly Positive,0.2742491215467453,Positive
2021-07-06,0.0,,0.0,Neutral,0.0471540167927742,Neutral
2021-07-05,0.0,,0.0,Neutral,0.0235770083963871,Neutral
2021-07-04,0.0,,0.0,Neutral,0.0,Neutral
2021-07-01,0.0,,0.0,Neutral,0.0,Neutral
2021-06-30,0.0,2021-06-30,0.864063024520874,Strongly Positive,0.864063024520874,Strongly Positive
2021-06-29,0.0,,0.0,Neutral,0.432031512260437,Positive
2021-06-28,0.0,,0.0,Neutral,0.2160157561302185,Positive
2021-06-27,0.0,,0.0,Neutral,0.0,Neutral
2021-06-24,0.0,,0.0,Neutral,0.0,Neutral
2021-06-23,0.0,,0.0,Neutral,0.0,Neutral
2021-06-22,0.0,,0.0,Neutral,0.0,Neutral
2021-06-21,0.0,,0.0,Neutral,0.0,Neutral
2021-06-20,0.0,,0.0,Neutral,0.0,Neutral
2021-06-17,0.0,,0.0,Neutral,0.0,Neutral
2021-06-16,0.0,,0.0,Neutral,0.0,Neutral
2021-06-15,0.0,,0.0,Neutral,0.0,Neutral
2021-06-14,0.0,2021-06-14,0.6951586504777273,Strongly Positive,0.6951586504777273,Strongly Positive
2021-06-13,0.0,,0.0,Neutral,0.34757932523886365,Positive
2021-06-10,0.0,,0.0,Neutral,0.17378966261943182,Slightly Positive
2021-06-09,0.0,,0.0,Neutral,0.0,Neutral
2021-06-08,0.0,,0.0,Neutral,0.0,Neutral
2021-06-07,0.0,,0.0,Neutral,0.0,Neutral
2021-06-06,0.0,,0.0,Neutral,0.0,Neutral
2021-06-03,0.0,,0.0,Neutral,0.0,Neutral
2021-06-02,0.0,,0.0,Neutral,0.0,Neutral
2021-06-01,0.0,,0.0,Neutral,0.0,Neutral
2021-05-31,0.0,,0.0,Neutral,0.0,Neutral
2021-05-30,0.0,,0.0,Neutral,0.0,Neutral
2021-05-27,0.0,2021-05-27,0.2186865657567978,Positive,0.2186865657567978,Positive
2021-05-25,0.0,2021-05-25,0.655621349811554,Strongly Positive,0.7649646326899529,Strongly Positive
2021-05-24,0.0,,0.0,Neutral,0.3824823163449764,Positive
2021-05-23,0.0,,0.0,Neutral,0.1639053374528885,Slightly Positive
2021-05-20,0.0,,0.0,Neutral,0.0,Neutral
2021-05-19,0.0,,0.0,Neutral,0.0,Neutral
2021-05-18,0.0,,0.0,Neutral,0.0,Neutral
2021-05-17,0.0,,0.0,Neutral,0.0,Neutral
2021-05-16,0.0,2021-05-16,0.8713140487670898,Strongly Positive,0.8713140487670898,Strongly Positive
2021-05-13,0.0,,0.0,Neutral,0.4356570243835449,Positive
2021-05-12,0.0,,0.0,Neutral,0.21782851219177246,Positive
2021-05-11,0.0,,0.0,Neutral,0.0,Neutral
2021-05-10,0.0,,0.0,Neutral,0.0,Neutral
2021-05-09,0.0,,0.0,Neutral,0.0,Neutral
2021-05-06,0.0,,0.0,Neutral,0.0,Neutral
2021-05-05,0.0,,0.0,Neutral,0.0,Neutral
2021-05-04,0.0,,0.0,Neutral,0.0,Neutral
2021-05-03,0.0,,0.0,Neutral,0.0,Neutral
2021-05-02,0.0,2021-05-02,0.1060797721147537,Slightly Positive,0.1060797721147537,Slightly Positive
2021-04-29,0.0,2021-04-29,-0.3356136381626129,Negative,-0.28257375210523605,Negative
2021-04-28,0.0,2021-04-28,0.0036563519388437,Neutral,-0.13763052411377433,Slightly Negative
2021-04-27,0.0,,0.0,Neutral,-0.08207523357123138,Slightly Negative
2021-04-26,0.0,,0.0,Neutral,0.000914087984710925,Neutral
2021-04-25,0.0,,0.0,Neutral,0.0,Neutral
2021-04-22,0.0,,0.0,Neutral,0.0,Neutral
2021-04-21,0.0,2021-04-21,-0.5364495515823364,Negative,-0.5364495515823364,Negative
2021-04-20,0.0,2021-04-20,-0.8707112669944763,Strongly Negative,-1.1389360427856445,Strongly Negative
2021-04-19,0.0,,0.0,Neutral,-0.5694680213928223,Negative
2021-04-18,0.0,2021-04-18,-0.4178709387779236,Negative,-0.6355487555265427,Strongly Negative
2021-04-15,0.0,,0.0,Neutral,-0.2089354693889618,Negative
2021-04-13,0.0,2021-04-13,-0.5402607917785645,Negative,-0.6447285264730453,Strongly Negative
2021-04-12,0.0,,0.0,Neutral,-0.2701303958892822,Negative
2021-04-08,0.0,,0.0,Neutral,-0.1350651979446411,Slightly Negative
2021-04-07,0.0,,0.0,Neutral,0.0,Neutral
2021-04-06,0.0,,0.0,Neutral,0.0,Neutral
2021-04-05,0.0,2021-04-05,-0.4910283088684082,Negative,-0.4910283088684082,Negative
2021-04-04,0.0,,0.0,Neutral,-0.2455141544342041,Negative
2021-04-01,0.0,2021-04-01,0.1322474330663681,Slightly Positive,0.009490355849266052,Neutral
2021-03-31,0.0,,0.0,Neutral,0.06612371653318405,Slightly Positive
2021-03-30,0.0,,0.0,Neutral,0.033061858266592026,Neutral
2021-03-29,0.0,2021-03-29,0.849197268486023,Strongly Positive,0.849197268486023,Strongly Positive
2021-03-25,0.0,,0.0,Neutral,0.4245986342430115,Positive
2021-03-24,0.0,2021-03-24,-0.4105883538722992,Negative,-0.19828903675079346,Slightly Negative
2021-03-23,0.0,2021-03-23,0.8062120676040649,Strongly Positive,0.6009178906679153,Strongly Positive
2021-03-22,0.0,2021-03-22,-0.3435660600662231,Negative,-0.04310711473226542,Neutral
2021-03-21,0.0,,0.0,Neutral,0.02976998686790469,Neutral
2021-03-18,0.0,,0.0,Neutral,-0.08589151501655577,Slightly Negative
2021-03-17,0.0,,0.0,Neutral,0.0,Neutral
2021-03-16,0.0,,0.0,Neutral,0.0,Neutral
2021-03-15,0.0,,0.0,Neutral,0.0,Neutral
2021-03-14,0.0,2021-03-14,0.3672319650650024,Positive,0.3672319650650024,Positive
2021-03-10,0.0,,0.0,Neutral,0.1836159825325012,Slightly Positive
2021-03-09,0.0,,0.0,Neutral,0.0918079912662506,Slightly Positive
2021-03-07,0.0,2021-03-07,0.8898645639419556,Strongly Positive,0.8898645639419556,Strongly Positive
2021-03-04,0.0,,0.0,Neutral,0.4449322819709778,Positive
2021-03-03,0.0,,0.0,Neutral,0.2224661409854889,Positive
2021-03-02,0.0,2021-03-02,-0.438233733177185,Negative,-0.438233733177185,Negative
2021-03-01,0.0,,0.0,Neutral,-0.2191168665885925,Negative
2021-02-28,0.0,,0.0,Neutral,-0.10955843329429625,Slightly Negative
2021-02-25,0.0,,0.0,Neutral,0.0,Neutral
2021-02-24,0.0,2021-02-24,-0.4131810963153839,Negative,-0.4131810963153839,Negative
2021-02-23,0.0,,0.0,Neutral,-0.20659054815769196,Negative
2021-02-22,0.0,,0.0,Neutral,-0.10329527407884598,Slightly Negative
2021-02-21,0.0,2021-02-21,-0.5976194143295288,Negative,-0.5976194143295288,Negative
2021-02-18,0.0,,0.0,Neutral,-0.2988097071647644,Negative
2021-02-17,0.0,,0.0,Neutral,-0.1494048535823822,Slightly Negative
2021-02-16,0.0,,0.0,Neutral,0.0,Neutral
2021-02-15,0.0,,0.0,Neutral,0.0,Neutral
2021-02-14,0.0,,0.0,Neutral,0.0,Neutral
2021-02-11,0.0,,0.0,Neutral,0.0,Neutral
2021-02-10,0.0,2021-02-10,0.4726470112800598,Positive,0.4726470112800598,Positive
2021-02-09,0.0,2021-02-09,-0.5642222166061401,Negative,-0.32789871096611023,Negative
2021-02-08,0.0,2021-02-08,-0.4620852768421173,Negative,-0.6260346323251724,Strongly Negative
2021-02-07,0.0,,0.0,Neutral,-0.3720981925725937,Negative
2021-02-04,0.0,2021-02-04,-0.4566866755485534,Negative,-0.5722079947590828,Negative
2021-02-03,0.0,,0.0,Neutral,-0.2283433377742767,Negative
2021-02-02,0.0,,0.0,Neutral,-0.11417166888713835,Slightly Negative
2021-02-01,0.0,,0.0,Neutral,0.0,Neutral
2021-01-31,0.0,2021-01-31,0.0300732478499412,Neutral,0.0300732478499412,Neutral
2021-01-28,0.0,2021-01-28,0.7391324043273926,Strongly Positive,0.7541690282523632,Strongly Positive
2021-01-27,0.0,2021-01-27,0.9172951579093932,Strongly Positive,1.294379672035575,Strongly Positive
2021-01-26,0.0,2021-01-26,-0.5346378684043884,Negative,0.10879281163215632,Slightly Positive
2021-01-25,0.0,,0.0,Neutral,-0.037995144724845914,Neutral
2021-01-24,0.0,,0.0,Neutral,-0.1336594671010971,Slightly Negative
2021-01-21,0.0,2021-01-21,-0.8496271967887878,Strongly Negative,-0.8496271967887878,Strongly Negative
2021-01-20,0.0,,0.0,Neutral,-0.4248135983943939,Negative
2021-01-19,0.0,,0.0,Neutral,-0.21240679919719696,Negative
2021-01-18,0.0,,0.0,Neutral,0.0,Neutral
2021-01-17,0.0,2021-01-17,0.3041101396083832,Positive,0.3041101396083832,Positive
2021-01-13,0.0,2021-01-13,0.4864499568939209,Positive,0.6385050266981125,Strongly Positive
2021-01-12,0.0,,0.0,Neutral,0.31925251334905624,Positive
2021-01-11,0.0,2021-01-11,-0.3791023790836334,Negative,-0.2574898898601532,Negative
2021-01-10,0.0,2021-01-10,-0.4561843276023865,Negative,-0.6457355171442032,Strongly Negative
2021-01-07,0.0,2021-01-07,0.698971003293991,Strongly Positive,0.3761032447218894,Positive
2021-01-06,0.0,,0.0,Neutral,0.23543941974639887,Positive
2021-01-05,0.0,,0.0,Neutral,0.17474275082349774,Slightly Positive
2021-01-04,0.0,,0.0,Neutral,0.0,Neutral
2021-01-03,0.0,2021-01-03,-0.3271416127681732,Negative,-0.3271416127681732,Negative
2020-12-31,0.0,,0.0,Neutral,-0.1635708063840866,Slightly Negative
2020-12-30,0.0,2020-12-30,-0.4411584436893463,Negative,-0.5229438468813896,Negative
2020-12-29,0.0,,0.0,Neutral,-0.22057922184467316,Negative
2020-12-28,0.0,,0.0,Neutral,-0.11028961092233658,Slightly Negative
2020-12-27,0.0,,0.0,Neutral,0.0,Neutral
2020-12-24,0.0,2020-12-24,0.512558102607727,Positive,0.512558102607727,Positive
2020-12-23,0.0,,0.0,Neutral,0.2562790513038635,Positive
2020-12-22,0.0,,0.0,Neutral,0.12813952565193176,Slightly Positive
2020-12-21,0.0,2020-12-21,-0.5311627984046936,Negative,-0.5311627984046936,Negative
2020-12-20,0.0,,0.0,Neutral,-0.2655813992023468,Negative
2020-12-17,0.0,2020-12-17,0.6602139472961426,Strongly Positive,0.5274232476949692,Positive
2020-12-16,0.0,2020-12-16,0.6675947904586792,Strongly Positive,0.9977017641067505,Strongly Positive
2020-12-15,0.0,,0.0,Neutral,0.49885088205337524,Positive
2020-12-14,0.0,,0.0,Neutral,0.1668986976146698,Slightly Positive
2020-12-13,0.0,,0.0,Neutral,0.0,Neutral
2020-12-10,0.0,,0.0,Neutral,0.0,Neutral
2020-12-09,0.0,2020-12-09,0.1103778183460235,Slightly Positive,0.1103778183460235,Slightly Positive
2020-12-08,0.0,,0.0,Neutral,0.05518890917301175,Slightly Positive
2020-12-07,0.0,2020-12-07,0.6842315196990967,Strongly Positive,0.7118259742856026,Strongly Positive
2020-12-06,0.0,,0.0,Neutral,0.34211575984954834,Positive
2020-12-03,0.0,,0.0,Neutral,0.17105787992477417,Slightly Positive
2020-12-02,0.0,,0.0,Neutral,0.0,Neutral
2020-12-01,0.0,,0.0,Neutral,0.0,Neutral
2020-11-30,0.0,,0.0,Neutral,0.0,Neutral
2020-11-29,0.0,,0.0,Neutral,0.0,Neutral
2020-11-26,0.0,,0.0,Neutral,0.0,Neutral
2020-11-25,0.0,2020-11-25,0.8829460740089417,Strongly Positive,0.8829460740089417,Strongly Positive
2020-11-24,0.0,,0.0,Neutral,0.4414730370044708,Positive
2020-11-23,0.0,,0.0,Neutral,0.2207365185022354,Positive
2020-11-22,0.0,,0.0,Neutral,0.0,Neutral
2020-11-19,0.0,,0.0,Neutral,0.0,Neutral
2020-11-18,0.0,2020-11-18,0.1508250832557678,Slightly Positive,0.1508250832557678,Slightly Positive
2020-11-12,0.0,,0.0,Neutral,0.0754125416278839,Slightly Positive
2020-11-11,0.0,,0.0,Neutral,0.03770627081394195,Neutral
2020-11-10,0.0,2020-11-10,0.0448877215385437,Neutral,0.0448877215385437,Neutral
2020-11-09,0.0,,0.0,Neutral,0.02244386076927185,Neutral
2020-11-08,0.0,,0.0,Neutral,0.011221930384635925,Neutral
2020-11-05,0.0,2020-11-05,0.9027197360992432,Strongly Positive,0.9027197360992432,Strongly Positive
2020-11-04,0.0,,0.0,Neutral,0.4513598680496216,Positive
2020-11-03,0.0,,0.0,Neutral,0.2256799340248108,Positive
2020-11-02,0.0,,0.0,Neutral,0.0,Neutral
2020-11-01,0.0,,0.0,Neutral,0.0,Neutral
2020-10-29,0.0,,0.0,Neutral,0.0,Neutral
2020-10-28,0.0,,0.0,Neutral,0.0,Neutral
2020-10-22,0.0,,0.0,Neutral,0.0,Neutral
2020-10-21,0.0,2020-10-21,0.8985637426376343,Strongly Positive,0.8985637426376343,Strongly Positive
2020-10-20,0.0,,0.0,Neutral,0.44928187131881714,Positive
2020-10-19,0.0,2020-10-19,0.906398057937622,Strongly Positive,1.1310389935970306,Strongly Positive
2020-10-18,0.0,2020-10-18,0.8729951977729797,Strongly Positive,1.3261942267417908,Strongly Positive
2020-10-15,0.0,2020-10-15,0.6376285552978516,Strongly Positive,1.300725668668747,Strongly Positive
2020-10-14,0.0,,0.0,Neutral,0.5370630770921707,Positive
2020-10-13,0.0,,0.0,Neutral,0.1594071388244629,Slightly Positive
2020-10-12,0.0,,0.0,Neutral,0.0,Neutral
2020-10-11,0.0,,0.0,Neutral,0.0,Neutral
2020-10-08,0.0,,0.0,Neutral,0.0,Neutral
2020-10-07,0.0,,0.0,Neutral,0.0,Neutral
2020-10-06,0.0,,0.0,Neutral,0.0,Neutral
2020-10-05,0.0,,0.0,Neutral,0.0,Neutral
2020-10-04,0.0,,0.0,Neutral,0.0,Neutral
2020-10-01,0.0,,0.0,Neutral,0.0,Neutral
2020-09-30,0.0,,0.0,Neutral,0.0,Neutral
2020-09-29,0.0,,0.0,Neutral,0.0,Neutral
2020-09-28,0.0,,0.0,Neutral,0.0,Neutral
2020-09-27,0.0,,0.0,Neutral,0.0,Neutral
2020-09-24,0.0,,0.0,Neutral,0.0,Neutral
2020-09-23,0.0,,0.0,Neutral,0.0,Neutral
2020-09-22,0.0,,0.0,Neutral,0.0,Neutral
2020-09-21,0.0,,0.0,Neutral,0.0,Neutral
2020-09-20,0.0,,0.0,Neutral,0.0,Neutral
2020-09-17,0.0,,0.0,Neutral,0.0,Neutral
2020-09-16,0.0,2020-09-16,0.859821081161499,Strongly Positive,0.859821081161499,Strongly Positive
2020-09-15,0.0,2020-09-15,0.88677579164505,Strongly Positive,1.3166863322257996,Strongly Positive
2020-09-14,0.0,,0.0,Neutral,0.6583431661128998,Strongly Positive
2020-09-13,0.0,,0.0,Neutral,0.2216939479112625,Positive
2020-09-10,0.0,,0.0,Neutral,0.0,Neutral
2020-09-09,0.0,,0.0,Neutral,0.0,Neutral
2020-09-08,0.0,,0.0,Neutral,0.0,Neutral
2020-09-07,0.0,,0.0,Neutral,0.0,Neutral
2020-09-06,0.0,,0.0,Neutral,0.0,Neutral
2020-09-03,0.0,,0.0,Neutral,0.0,Neutral
2020-09-02,0.0,,0.0,Neutral,0.0,Neutral
2020-08-31,0.0,,0.0,Neutral,0.0,Neutral
2020-08-30,0.0,,0.0,Neutral,0.0,Neutral
2020-08-27,0.0,,0.0,Neutral,0.0,Neutral
2020-08-26,0.0,2020-08-26,0.4787486214190721,Positive,0.4787486214190721,Positive
2020-08-25,0.0,,0.0,Neutral,0.23937431070953605,Positive
2020-08-24,0.0,,0.0,Neutral,0.11968715535476802,Slightly Positive
2020-08-23,0.0,,0.0,Neutral,0.0,Neutral
2020-08-20,0.0,2020-08-20,0.3619968295097351,Positive,0.3619968295097351,Positive
2020-08-19,0.0,,0.0,Neutral,0.18099841475486755,Slightly Positive
2020-08-18,0.0,,0.0,Neutral,0.09049920737743378,Slightly Positive
2020-08-17,0.0,,0.0,Neutral,0.0,Neutral
2020-08-16,0.0,2020-08-16,0.0681280344724655,Slightly Positive,0.0681280344724655,Slightly Positive
2020-08-13,0.0,2020-08-13,-0.0032728966325521,Neutral,0.030791120603680652,Neutral
2020-08-12,0.0,,0.0,Neutral,0.015395560301840326,Neutral
2020-08-11,0.0,,0.0,Neutral,-0.000818224158138025,Neutral
2020-08-10,0.0,,0.0,Neutral,0.0,Neutral
2020-08-09,0.0,,0.0,Neutral,0.0,Neutral
2020-08-06,0.0,,0.0,Neutral,0.0,Neutral
2020-08-05,0.0,,0.0,Neutral,0.0,Neutral
2020-08-03,0.0,,0.0,Neutral,0.0,Neutral
2020-08-02,0.0,,0.0,Neutral,0.0,Neutral
2020-07-30,0.0,,0.0,Neutral,0.0,Neutral
2020-07-29,0.0,2020-07-29,0.8600679636001587,Strongly Positive,0.8600679636001587,Strongly Positive
2020-07-28,0.0,,0.0,Neutral,0.43003398180007935,Positive
2020-07-27,0.0,,0.0,Neutral,0.21501699090003967,Positive
2020-07-26,0.0,,0.0,Neutral,0.0,Neutral
2020-07-23,0.0,,0.0,Neutral,0.0,Neutral
2020-07-22,0.0,2020-07-22,0.5365362167358398,Positive,0.5365362167358398,Positive
2020-07-21,0.0,,0.0,Neutral,0.2682681083679199,Positive
2020-07-20,0.0,,0.0,Neutral,0.13413405418395996,Slightly Positive
2020-07-19,0.0,,0.0,Neutral,0.0,Neutral
2020-07-16,0.0,,0.0,Neutral,0.0,Neutral
2020-07-15,0.0,,0.0,Neutral,0.0,Neutral
2020-07-14,0.0,,0.0,Neutral,0.0,Neutral
2020-07-13,0.0,,0.0,Neutral,0.0,Neutral
2020-07-12,0.0,,0.0,Neutral,0.0,Neutral
2020-07-09,0.0,2020-07-09,0.8973246514797211,Strongly Positive,0.8973246514797211,Strongly Positive
2020-07-08,0.0,,0.0,Neutral,0.44866232573986053,Positive
2020-07-07,0.0,,0.0,Neutral,0.22433116286993027,Positive
2020-07-06,0.0,,0.0,Neutral,0.0,Neutral
2020-07-05,0.0,2020-07-05,0.2238288819789886,Positive,0.2238288819789886,Positive
2020-07-02,0.0,,0.0,Neutral,0.1119144409894943,Slightly Positive
2020-07-01,0.0,2020-07-01,-0.564888060092926,Negative,-0.5089308395981789,Negative
2020-06-30,0.0,2020-06-30,0.916642129421234,Strongly Positive,0.634198099374771,Strongly Positive
2020-06-29,0.0,,0.0,Neutral,0.3170990496873855,Positive
2020-05-13,0.0,,0.0,Neutral,0.2291605323553085,Positive
2020-05-12,0.0,,0.0,Neutral,0.0,Neutral
2020-03-22,0.0,2020-03-22,0.5310344099998474,Positive,0.5310344099998474,Positive
2020-03-19,0.0,,0.0,Neutral,0.2655172049999237,Positive
2020-03-18,0.0,,0.0,Neutral,0.13275860249996185,Slightly Positive
2020-03-17,0.0,2020-03-17,0.8020090460777283,Strongly Positive,0.8020090460777283,Strongly Positive
2020-03-16,0.0,2020-03-16,0.6043878793716431,Strongly Positive,1.0053924024105072,Strongly Positive
2020-03-15,0.0,2020-03-15,0.8521060943603516,Strongly Positive,1.3548022955656052,Strongly Positive
2020-03-12,0.0,,0.0,Neutral,0.5771500170230865,Positive
2020-03-11,0.0,2020-03-11,0.6391243934631348,Strongly Positive,0.8521509170532227,Strongly Positive
2020-03-10,0.0,2020-03-10,-0.6497147083282471,Strongly Negative,-0.3301525115966797,Negative
2020-03-05,0.0,2020-03-05,0.7326845228672028,Strongly Positive,0.5676082670688629,Positive
2020-03-04,0.0,2020-03-04,-0.0493215024471282,Neutral,0.15459208190441143,Slightly Positive
2020-03-03,0.0,2020-03-03,0.9211212992668152,Strongly Positive,1.0796316787600517,Strongly Positive
2020-03-02,0.0,2020-03-02,0.7860763669013977,Strongly Positive,1.2343066409230232,Strongly Positive
2020-03-01,0.0,,0.0,Neutral,0.6233185082674026,Strongly Positive
2020-02-27,0.0,2020-02-27,0.4762963950634002,Positive,0.6728154867887497,Strongly Positive
2020-02-26,0.0,2020-02-26,-0.5152184963226318,Negative,-0.2770702987909317,Negative
2020-02-25,0.0,2020-02-25,0.9188093543052672,Strongly Positive,0.7802742049098014,Strongly Positive
2020-02-24,0.0,2020-02-24,0.0043060332536697,Neutral,0.33490608632564534,Positive
2020-02-23,0.0,2020-02-23,0.0224795639514923,Neutral,0.25433491915464396,Positive
2020-02-20,0.0,2020-02-20,0.7416114807128906,Strongly Positive,0.7539277710020542,Strongly Positive
2020-02-19,0.0,2020-02-19,0.5676307678222656,Positive,0.944056399166584,Strongly Positive
2020-02-18,0.0,,0.0,Neutral,0.46921825408935547,Positive
2020-02-17,0.0,2020-02-17,0.7569572925567627,Strongly Positive,0.8988649845123291,Strongly Positive
2020-02-16,0.0,2020-02-16,0.3593215346336365,Positive,0.7378001809120178,Strongly Positive
2020-02-13,0.0,2020-02-13,-0.1728152632713318,Slightly Negative,0.19608482718467712,Slightly Positive
2020-02-12,0.0,,0.0,Neutral,0.003422752022743225,Neutral
2020-02-11,0.0,2020-02-11,-0.6466630697250366,Strongly Negative,-0.6898668855428696,Strongly Negative
2020-02-10,0.0,,0.0,Neutral,-0.3233315348625183,Negative
2020-02-09,0.0,,0.0,Neutral,-0.16166576743125916,Slightly Negative
2020-02-06,0.0,,0.0,Neutral,0.0,Neutral
2020-02-05,0.0,2020-02-05,0.879252552986145,Strongly Positive,0.879252552986145,Strongly Positive
2020-02-04,0.0,,0.0,Neutral,0.4396262764930725,Positive
2020-02-03,0.0,,0.0,Neutral,0.21981313824653625,Positive
2020-02-02,0.0,,0.0,Neutral,0.0,Neutral
2020-01-30,0.0,,0.0,Neutral,0.0,Neutral
2020-01-29,0.0,,0.0,Neutral,0.0,Neutral
2020-01-28,0.0,2020-01-28,0.283295214176178,Positive,0.283295214176178,Positive
2020-01-27,0.0,,0.0,Neutral,0.141647607088089,Slightly Positive
2020-01-26,0.0,2020-01-26,0.8893269896507263,Strongly Positive,0.9601507931947708,Strongly Positive
2020-01-23,0.0,,0.0,Neutral,0.44466349482536316,Positive
2020-01-22,0.0,,0.0,Neutral,0.22233174741268158,Positive
2020-01-21,0.0,,0.0,Neutral,0.0,Neutral
2020-01-20,0.0,2020-01-20,-0.2280759774148464,Negative,-0.2280759774148464,Negative
2020-01-19,0.0,,0.0,Neutral,-0.1140379887074232,Slightly Negative
2020-01-16,0.0,,0.0,Neutral,-0.0570189943537116,Slightly Negative
2020-01-15,0.0,,0.0,Neutral,0.0,Neutral
2020-01-14,0.0,2020-01-14,0.5020753741264343,Positive,0.5020753741264343,Positive
2020-01-13,0.0,,0.0,Neutral,0.25103768706321716,Positive
2020-01-12,0.0,,0.0,Neutral,0.12551884353160858,Slightly Positive
2020-01-09,0.0,,0.0,Neutral,0.0,Neutral
2020-01-08,0.0,,0.0,Neutral,0.0,Neutral
2020-01-07,0.0,,0.0,Neutral,0.0,Neutral
2020-01-06,0.0,,0.0,Neutral,0.0,Neutral
2020-01-05,0.0,2020-01-05,0.5616716295480728,Positive,0.5616716295480728,Positive
2020-01-02,0.0,,0.0,Neutral,0.2808358147740364,Positive
2020-01-01,0.0,,0.0,Neutral,0.1404179073870182,Slightly Positive
2019-12-31,0.0,,0.0,Neutral,0.0,Neutral
2019-12-30,0.0,2019-12-30,0.7870628833770752,Strongly Positive,0.7870628833770752,Strongly Positive
2019-12-29,0.0,,0.0,Neutral,0.3935314416885376,Positive
2019-12-26,0.0,2019-12-26,0.3885568231344224,Positive,0.5853225439786912,Positive
2019-12-25,0.0,,0.0,Neutral,0.1942784115672112,Slightly Positive
2019-12-24,0.0,,0.0,Neutral,0.0971392057836056,Slightly Positive
2019-12-23,0.0,,0.0,Neutral,0.0,Neutral
2019-12-22,0.0,,0.0,Neutral,0.0,Neutral
2019-12-19,0.0,,0.0,Neutral,0.0,Neutral
2019-12-18,0.0,,0.0,Neutral,0.0,Neutral
2019-12-17,0.0,,0.0,Neutral,0.0,Neutral
2019-12-16,0.0,,0.0,Neutral,0.0,Neutral
2019-12-15,0.0,,0.0,Neutral,0.0,Neutral
2019-12-12,0.0,,0.0,Neutral,0.0,Neutral
2019-12-11,0.0,,0.0,Neutral,0.0,Neutral
2019-12-10,0.0,,0.0,Neutral,0.0,Neutral
2019-12-09,0.0,,0.0,Neutral,0.0,Neutral
2019-12-08,0.0,,0.0,Neutral,0.0,Neutral
2019-12-05,0.0,,0.0,Neutral,0.0,Neutral
2019-12-04,0.0,,0.0,Neutral,0.0,Neutral
2019-12-03,0.0,2019-12-03,0.618488609790802,Strongly Positive,0.618488609790802,Strongly Positive
2019-12-02,0.0,2019-12-02,0.6570655703544617,Strongly Positive,0.9663098752498627,Strongly Positive
2019-12-01,0.0,,0.0,Neutral,0.48315493762493134,Positive
2019-11-28,0.0,,0.0,Neutral,0.16426639258861542,Slightly Positive
2019-11-27,0.0,,0.0,Neutral,0.0,Neutral
2019-11-26,0.0,,0.0,Neutral,0.0,Neutral
2019-11-25,0.0,,0.0,Neutral,0.0,Neutral
2019-11-24,0.0,2019-11-24,0.7399795055389404,Strongly Positive,0.7399795055389404,Strongly Positive
2019-11-21,0.0,,0.0,Neutral,0.3699897527694702,Positive
2019-11-20,0.0,,0.0,Neutral,0.1849948763847351,Slightly Positive
2019-11-19,0.0,2019-11-19,0.4210245609283447,Positive,0.4210245609283447,Positive
2019-11-18,0.0,,0.0,Neutral,0.21051228046417236,Positive
2019-11-17,0.0,,0.0,Neutral,0.10525614023208618,Slightly Positive
2019-11-14,0.0,,0.0,Neutral,0.0,Neutral
2019-11-13,0.0,,0.0,Neutral,0.0,Neutral
2019-11-12,0.0,,0.0,Neutral,0.0,Neutral
2019-11-11,0.0,,0.0,Neutral,0.0,Neutral
2019-11-10,0.0,2019-11-10,-0.0885843336582183,Slightly Negative,-0.0885843336582183,Slightly Negative
2019-11-07,0.0,,0.0,Neutral,-0.04429216682910915,Neutral
2019-11-06,0.0,,0.0,Neutral,-0.022146083414554575,Neutral
2019-11-05,0.0,,0.0,Neutral,0.0,Neutral
2019-11-04,0.0,2019-11-04,-0.9058239459991456,Strongly Negative,-0.9058239459991456,Strongly Negative
2019-11-03,0.0,,0.0,Neutral,-0.4529119729995728,Negative
2019-10-31,0.0,,0.0,Neutral,-0.2264559864997864,Negative
2019-10-24,0.0,,0.0,Neutral,0.0,Neutral
2019-10-23,0.0,,0.0,Neutral,0.0,Neutral
2019-10-22,0.0,,0.0,Neutral,0.0,Neutral
2019-10-21,0.0,2019-10-21,0.7867043614387512,Strongly Positive,0.7867043614387512,Strongly Positive
2019-10-20,0.0,,0.0,Neutral,0.3933521807193756,Positive
2019-10-17,0.0,,0.0,Neutral,0.1966760903596878,Slightly Positive
2019-10-16,0.0,,0.0,Neutral,0.0,Neutral
2019-10-15,0.0,,0.0,Neutral,0.0,Neutral
2019-10-14,0.0,,0.0,Neutral,0.0,Neutral
2019-10-10,0.0,,0.0,Neutral,0.0,Neutral
2019-10-03,0.0,2019-10-03,0.6210771203041077,Strongly Positive,0.6210771203041077,Strongly Positive
2019-10-02,0.0,,0.0,Neutral,0.31053856015205383,Positive
2019-10-01,0.0,2019-10-01,-0.3024523556232452,Negative,-0.14718307554721827,Slightly Negative
2019-09-30,0.0,,0.0,Neutral,-0.1512261778116226,Slightly Negative
2019-09-29,0.0,2019-09-29,0.8132269978523254,Strongly Positive,0.7376139089465141,Strongly Positive
2019-09-26,0.0,2019-09-26,0.5172597169876099,Positive,0.9238732159137726,Strongly Positive
2019-09-25,0.0,,0.0,Neutral,0.4619366079568863,Positive
2019-09-24,0.0,2019-09-24,-0.0042473077774047,Neutral,0.12506762146949776,Slightly Positive
2019-09-23,0.0,,0.0,Neutral,-0.00212365388870235,Neutral
2019-09-22,0.0,,0.0,Neutral,-0.001061826944351175,Neutral
2019-09-19,0.0,,0.0,Neutral,0.0,Neutral
2019-09-18,0.0,,0.0,Neutral,0.0,Neutral
2019-09-17,0.0,2019-09-17,0.4095453321933746,Positive,0.4095453321933746,Positive
2019-09-16,0.0,2019-09-16,0.4361126124858857,Positive,0.6408852785825729,Strongly Positive
2019-09-15,0.0,2019-09-15,0.6814584136009216,Strongly Positive,1.001901052892208,Strongly Positive
2019-09-12,0.0,,0.0,Neutral,0.4497573599219322,Positive
2019-09-11,0.0,2019-09-11,0.869890034198761,Strongly Positive,1.0402546375989914,Strongly Positive
2019-09-10,0.0,,0.0,Neutral,0.4349450170993805,Positive
2019-09-09,0.0,,0.0,Neutral,0.21747250854969025,Positive
2019-09-08,0.0,2019-09-08,0.7852203249931335,Strongly Positive,0.7852203249931335,Strongly Positive
2019-09-05,0.0,,0.0,Neutral,0.3926101624965668,Positive
2019-09-04,0.0,2019-09-04,0.4178094565868377,Positive,0.6141145378351212,Strongly Positive
2019-09-03,0.0,,0.0,Neutral,0.20890472829341886,Positive
2019-09-02,0.0,2019-09-02,0.521414041519165,Positive,0.6258664056658745,Strongly Positive
2019-09-01,0.0,,0.0,Neutral,0.2607070207595825,Positive
2019-08-29,0.0,,0.0,Neutral,0.13035351037979126,Slightly Positive
2019-08-28,0.0,,0.0,Neutral,0.0,Neutral
2019-08-27,0.0,2019-08-27,0.3579877018928528,Positive,0.3579877018928528,Positive
2019-08-26,0.0,2019-08-26,0.7882136106491089,Strongly Positive,0.9672074615955353,Strongly Positive
2019-08-25,0.0,,0.0,Neutral,0.48360373079776764,Positive
2019-08-22,0.0,,0.0,Neutral,0.19705340266227722,Slightly Positive
2019-08-21,0.0,,0.0,Neutral,0.0,Neutral
2019-08-20,0.0,,0.0,Neutral,0.0,Neutral
2019-08-19,0.0,2019-08-19,0.8192152976989746,Strongly Positive,0.8192152976989746,Strongly Positive
2019-08-18,0.0,,0.0,Neutral,0.4096076488494873,Positive
2019-08-15,0.0,,0.0,Neutral,0.20480382442474365,Positive
2019-08-14,0.0,2019-08-14,0.8356881737709045,Strongly Positive,0.8356881737709045,Strongly Positive
2019-08-13,0.0,2019-08-13,0.6991210579872131,Strongly Positive,1.1169651448726654,Strongly Positive
2019-08-12,0.0,,0.0,Neutral,0.5584825724363327,Positive
2019-08-11,0.0,,0.0,Neutral,0.17478026449680328,Slightly Positive
2019-08-08,0.0,,0.0,Neutral,0.0,Neutral
2019-08-07,0.0,2019-08-07,-0.4570404589176178,Negative,-0.4570404589176178,Negative
2019-08-06,0.0,,0.0,Neutral,-0.2285202294588089,Negative
2019-08-05,0.0,,0.0,Neutral,-0.11426011472940445,Slightly Negative
2019-08-04,0.0,,0.0,Neutral,0.0,Neutral
2019-08-01,0.0,,0.0,Neutral,0.0,Neutral
2019-07-31,0.0,2019-07-31,-0.4471966624259949,Negative,-0.4471966624259949,Negative
2019-07-30,0.0,,0.0,Neutral,-0.22359833121299744,Negative
2019-07-29,0.0,2019-07-29,0.5511285066604614,Positive,0.4393293410539627,Positive
2019-07-28,0.0,,0.0,Neutral,0.2755642533302307,Positive
2019-07-25,0.0,,0.0,Neutral,0.13778212666511536,Slightly Positive
2019-07-24,0.0,2019-07-24,0.8770189881324768,Strongly Positive,0.8770189881324768,Strongly Positive
2019-07-23,0.0,,0.0,Neutral,0.4385094940662384,Positive
2019-07-22,0.0,,0.0,Neutral,0.2192547470331192,Positive
2019-07-21,0.0,2019-07-21,0.1339715123176574,Slightly Positive,0.1339715123176574,Slightly Positive
2019-07-18,0.0,,0.0,Neutral,0.0669857561588287,Slightly Positive
2019-07-17,0.0,2019-07-17,0.8922961354255676,Strongly Positive,0.925789013504982,Strongly Positive
2019-07-16,0.0,,0.0,Neutral,0.4461480677127838,Positive
2019-07-15,0.0,,0.0,Neutral,0.2230740338563919,Positive
2019-07-14,0.0,,0.0,Neutral,0.0,Neutral
2019-07-11,0.0,,0.0,Neutral,0.0,Neutral
2019-07-10,0.0,2019-07-10,-0.4849487543106079,Negative,-0.4849487543106079,Negative
2019-07-09,0.0,,0.0,Neutral,-0.24247437715530396,Negative
2019-07-08,0.0,2019-07-08,0.8237234354019165,Strongly Positive,0.7024862468242645,Strongly Positive
2019-07-07,0.0,2019-07-07,0.8937943577766418,Strongly Positive,1.3056560754776,Strongly Positive
2019-07-04,0.0,2019-07-04,0.6093844771385193,Strongly Positive,1.2622125148773193,Strongly Positive
2019-07-03,0.0,,0.0,Neutral,0.5281408280134201,Positive
2019-07-02,0.0,2019-07-02,-0.2368516623973846,Negative,-0.08450554311275477,Slightly Negative
2019-07-01,0.0,2019-07-01,-0.4330974519252777,Negative,-0.55152328312397,Negative
2019-06-30,0.0,,0.0,Neutral,-0.275761641561985,Negative
2019-06-27,0.0,,0.0,Neutral,-0.10827436298131943,Slightly Negative
2019-06-26,0.0,,0.0,Neutral,0.0,Neutral
2019-06-25,0.0,,0.0,Neutral,0.0,Neutral
2019-06-24,0.0,,0.0,Neutral,0.0,Neutral
2019-06-23,0.0,,0.0,Neutral,0.0,Neutral
2019-06-20,0.0,,0.0,Neutral,0.0,Neutral
2019-06-19,0.0,,0.0,Neutral,0.0,Neutral
2019-06-18,0.0,,0.0,Neutral,0.0,Neutral
2019-06-17,0.0,2019-06-17,-0.6195419430732727,Strongly Negative,-0.6195419430732727,Strongly Negative
2019-06-16,0.0,2019-06-16,0.0492241531610489,Neutral,-0.26054681837558746,Negative
2019-06-13,0.0,,0.0,Neutral,-0.13027340918779373,Slightly Negative
2019-06-12,0.0,,0.0,Neutral,0.012306038290262226,Neutral
2019-06-11,0.0,,0.0,Neutral,0.0,Neutral
2019-06-10,0.0,,0.0,Neutral,0.0,Neutral
2019-06-06,0.0,,0.0,Neutral,0.0,Neutral
2019-06-04,0.0,,0.0,Neutral,0.0,Neutral
2019-06-03,0.0,,0.0,Neutral,0.0,Neutral
2019-06-02,0.0,,0.0,Neutral,0.0,Neutral
2019-05-30,0.0,,0.0,Neutral,0.0,Neutral
2019-05-29,0.0,2019-05-29,0.3382772803306579,Positive,0.3382772803306579,Positive
2019-05-28,0.0,,0.0,Neutral,0.16913864016532895,Slightly Positive
2019-05-27,0.0,,0.0,Neutral,0.08456932008266448,Slightly Positive
2019-05-26,0.0,,0.0,Neutral,0.0,Neutral
2019-05-23,0.0,,0.0,Neutral,0.0,Neutral
2019-05-22,0.0,2019-05-22,0.9192432165145874,Strongly Positive,0.9192432165145874,Strongly Positive
2019-05-21,0.0,,0.0,Neutral,0.4596216082572937,Positive
2019-05-20,0.0,,0.0,Neutral,0.22981080412864685,Positive
2019-05-19,0.0,,0.0,Neutral,0.0,Neutral
2019-05-16,0.0,2019-05-16,0.6019901037216187,Strongly Positive,0.6019901037216187,Strongly Positive
2019-05-15,0.0,,0.0,Neutral,0.3009950518608093,Positive
2019-05-14,0.0,2019-05-14,-0.1161871999502182,Slightly Negative,0.03431032598018646,Neutral
2019-05-13,0.0,,0.0,Neutral,-0.0580935999751091,Slightly Negative
2019-05-12,0.0,,0.0,Neutral,-0.02904679998755455,Neutral
2019-05-09,0.0,,0.0,Neutral,0.0,Neutral
2019-05-08,0.0,,0.0,Neutral,0.0,Neutral
2019-05-07,0.0,,0.0,Neutral,0.0,Neutral
2019-05-06,0.0,,0.0,Neutral,0.0,Neutral
2019-05-05,0.0,,0.0,Neutral,0.0,Neutral
2019-05-02,0.0,,0.0,Neutral,0.0,Neutral
2019-04-30,0.0,,0.0,Neutral,0.0,Neutral
2019-04-29,0.0,2019-04-29,0.6715145111083984,Strongly Positive,0.6715145111083984,Strongly Positive
2019-04-28,0.0,,0.0,Neutral,0.3357572555541992,Positive
2019-04-25,0.0,,0.0,Neutral,0.1678786277770996,Slightly Positive
2019-04-24,0.0,2019-04-24,-0.2091304957866668,Negative,-0.2091304957866668,Negative
2019-04-23,0.0,,0.0,Neutral,-0.1045652478933334,Slightly Negative
2019-04-22,0.0,2019-04-22,0.7112140357494354,Strongly Positive,0.6589314118027687,Strongly Positive
2019-04-21,0.0,2019-04-21,0.2224275916814804,Positive,0.5780346095561981,Positive
2019-04-18,0.0,,0.0,Neutral,0.28901730477809906,Positive
2019-04-17,0.0,,0.0,Neutral,0.0556068979203701,Slightly Positive
2019-04-16,0.0,2019-04-16,0.7619708776473999,Strongly Positive,0.7619708776473999,Strongly Positive
2019-04-15,0.0,,0.0,Neutral,0.38098543882369995,Positive
2019-04-11,0.0,2019-04-11,0.5554110407829285,Positive,0.7459037601947784,Strongly Positive
2019-04-10,0.0,2019-04-10,0.8950625061988831,Strongly Positive,1.1727680265903473,Strongly Positive
2019-04-09,0.0,2019-04-09,0.8805367946624756,Strongly Positive,1.4669208079576492,Strongly Positive
2019-04-08,0.0,,0.0,Neutral,0.6640340238809586,Strongly Positive
2019-04-07,0.0,,0.0,Neutral,0.2201341986656189,Positive
2019-04-04,0.0,,0.0,Neutral,0.0,Neutral
2019-04-03,0.0,2019-04-03,0.8603233098983765,Strongly Positive,0.8603233098983765,Strongly Positive
2019-04-02,0.0,,0.0,Neutral,0.43016165494918823,Positive
2019-04-01,0.0,2019-04-01,0.6460291147232056,Strongly Positive,0.8611099421977997,Strongly Positive
2019-03-31,0.0,,0.0,Neutral,0.3230145573616028,Positive
2019-03-28,0.0,,0.0,Neutral,0.1615072786808014,Slightly Positive
2019-03-27,0.0,,0.0,Neutral,0.0,Neutral
2019-03-26,0.0,2019-03-26,0.5928543210029602,Positive,0.5928543210029602,Positive
2019-03-25,0.0,,0.0,Neutral,0.2964271605014801,Positive
2019-03-24,0.0,,0.0,Neutral,0.14821358025074005,Slightly Positive
2019-03-21,0.0,,0.0,Neutral,0.0,Neutral
2019-03-19,0.0,2019-03-19,0.4687463641166687,Positive,0.4687463641166687,Positive
2019-03-18,0.0,,0.0,Neutral,0.23437318205833435,Positive
2019-03-17,0.0,,0.0,Neutral,0.11718659102916718,Slightly Positive
2019-03-14,0.0,,0.0,Neutral,0.0,Neutral
2019-03-13,0.0,,0.0,Neutral,0.0,Neutral
2019-03-12,0.0,,0.0,Neutral,0.0,Neutral
2019-03-11,0.0,2019-03-11,-0.5805007219314575,Negative,-0.5805007219314575,Negative
2019-03-10,0.0,,0.0,Neutral,-0.29025036096572876,Negative
2019-03-07,0.0,2019-03-07,0.8529539108276367,Strongly Positive,0.7078287303447723,Strongly Positive
2019-03-06,0.0,,0.0,Neutral,0.42647695541381836,Positive
2019-03-05,0.0,2019-03-05,-0.6652853488922119,Strongly Negative,-0.45204687118530273,Negative
2019-03-03,0.0,,0.0,Neutral,-0.33264267444610596,Negative
2019-02-27,0.0,,0.0,Neutral,-0.16632133722305298,Slightly Negative
2019-02-26,0.0,,0.0,Neutral,0.0,Neutral
2019-02-25,0.0,,0.0,Neutral,0.0,Neutral
2019-02-24,0.0,,0.0,Neutral,0.0,Neutral
2019-02-21,0.0,,0.0,Neutral,0.0,Neutral
2019-02-20,0.0,2019-02-20,-0.000268280506134,Neutral,-0.000268280506134,Neutral
2019-02-19,0.0,,0.0,Neutral,-0.000134140253067,Neutral
2019-02-18,0.0,2019-02-18,0.5097264647483826,Positive,0.5096593946218491,Positive
2019-02-17,0.0,,0.0,Neutral,0.2548632323741913,Positive
2019-02-14,0.0,,0.0,Neutral,0.12743161618709564,Slightly Positive
2019-02-13,0.0,,0.0,Neutral,0.0,Neutral
2019-02-12,0.0,,0.0,Neutral,0.0,Neutral
2019-02-11,0.0,,0.0,Neutral,0.0,Neutral
2019-02-10,0.0,,0.0,Neutral,0.0,Neutral
2019-02-07,0.0,,0.0,Neutral,0.0,Neutral
2019-02-06,0.0,,0.0,Neutral,0.0,Neutral
2019-02-05,0.0,,0.0,Neutral,0.0,Neutral
2019-02-04,0.0,2019-02-04,-0.7323634028434753,Strongly Negative,-0.7323634028434753,Strongly Negative
2019-02-03,0.0,2019-02-03,0.4023022949695587,Positive,0.036120593547821045,Neutral
2019-01-31,0.0,,0.0,Neutral,0.018060296773910522,Neutral
2019-01-30,0.0,2019-01-30,0.127448558807373,Slightly Positive,0.22802413254976267,Positive
2019-01-29,0.0,,0.0,Neutral,0.0637242794036865,Slightly Positive
2019-01-28,0.0,,0.0,Neutral,0.03186213970184325,Neutral
2019-01-27,0.0,,0.0,Neutral,0.0,Neutral
2019-01-24,0.0,2019-01-24,0.6918145418167114,Strongly Positive,0.6918145418167114,Strongly Positive
2019-01-23,0.0,,0.0,Neutral,0.3459072709083557,Positive
2019-01-22,0.0,,0.0,Neutral,0.17295363545417786,Slightly Positive
2019-01-21,0.0,2019-01-21,0.4966762065887451,Positive,0.4966762065887451,Positive
2019-01-20,0.0,2019-01-20,0.7727754712104797,Strongly Positive,1.0211135745048523,Strongly Positive
2019-01-17,0.0,,0.0,Neutral,0.5105567872524261,Positive
2019-01-16,0.0,,0.0,Neutral,0.19319386780261993,Slightly Positive
2019-01-15,0.0,2019-01-15,0.519601047039032,Positive,0.519601047039032,Positive
2019-01-14,0.0,2019-01-14,0.9134968519210817,Strongly Positive,1.1732973754405975,Strongly Positive
2019-01-13,0.0,,0.0,Neutral,0.5866486877202988,Positive
2019-01-10,0.0,,0.0,Neutral,0.2283742129802704,Positive
2019-01-09,0.0,2019-01-09,0.7550469636917114,Strongly Positive,0.7550469636917114,Strongly Positive
2019-01-08,0.0,2019-01-08,0.7743663191795349,Strongly Positive,1.1518898010253906,Strongly Positive
2019-01-07,0.0,2019-01-07,0.7200121879577637,Strongly Positive,1.295957088470459,Strongly Positive
2019-01-06,0.0,2019-01-06,0.5872798562049866,Positive,1.1408775299787521,Strongly Positive
2019-01-03,0.0,,0.0,Neutral,0.4736429750919342,Positive
2019-01-02,0.0,2019-01-02,-0.4312562644481659,Negative,-0.28443630039691925,Negative
2019-01-01,0.0,2019-01-01,0.5289696455001831,Positive,0.31334151327610016,Positive
2018-12-31,0.0,2018-12-31,0.8081836700439453,Strongly Positive,0.9648544266819954,Strongly Positive
2018-12-30,0.0,2018-12-30,0.8666418790817261,Strongly Positive,1.4029761254787445,Strongly Positive
2018-12-27,0.0,2018-12-27,0.8413619995117188,Strongly Positive,1.4767288565635681,Strongly Positive
2018-12-26,0.0,2018-12-26,0.5205397605895996,Positive,1.1578812301158905,Strongly Positive
2018-12-25,0.0,,0.0,Neutral,0.4706103801727295,Positive
2018-12-24,0.0,2018-12-24,0.912123441696167,Strongly Positive,1.042258381843567,Strongly Positive
2018-12-23,0.0,,0.0,Neutral,0.4560617208480835,Positive
2018-12-20,0.0,2018-12-20,-0.2122925519943237,Negative,0.015738308429718045,Neutral
2018-12-19,0.0,2018-12-19,-0.3084029853343963,Negative,-0.41454926133155817,Negative
2018-12-18,0.0,,0.0,Neutral,-0.20727463066577909,Negative
2018-12-17,0.0,,0.0,Neutral,-0.07710074633359908,Slightly Negative
2018-12-16,0.0,2018-12-16,0.7137515544891357,Strongly Positive,0.7137515544891357,Strongly Positive
2018-12-13,0.0,2018-12-13,-0.1332300901412964,Slightly Negative,0.22364568710327148,Positive
2018-12-12,0.0,,0.0,Neutral,0.11182284355163574,Slightly Positive
2018-12-11,0.0,2018-12-11,0.8785602450370789,Strongly Positive,0.8452527225017548,Strongly Positive
2018-12-10,0.0,2018-12-10,0.7846078276634216,Strongly Positive,1.223887950181961,Strongly Positive
2018-12-09,0.0,,0.0,Neutral,0.6119439750909805,Strongly Positive
2018-12-06,0.0,,0.0,Neutral,0.1961519569158554,Slightly Positive
2018-12-05,0.0,,0.0,Neutral,0.0,Neutral
2018-12-04,0.0,2018-12-04,0.033573567867279,Neutral,0.033573567867279,Neutral
2018-12-03,0.0,,0.0,Neutral,0.0167867839336395,Neutral
2018-12-02,0.0,2018-12-02,0.0572157725691795,Slightly Positive,0.06560916453599924,Slightly Positive
2018-11-29,0.0,2018-11-29,0.8101602792739868,Strongly Positive,0.8387681655585766,Strongly Positive
2018-11-28,0.0,,0.0,Neutral,0.4193840827792883,Positive
2018-11-27,0.0,,0.0,Neutral,0.2025400698184967,Positive
2018-11-26,0.0,,0.0,Neutral,0.0,Neutral
2018-11-25,0.0,,0.0,Neutral,0.0,Neutral
2018-11-22,0.0,,0.0,Neutral,0.0,Neutral
2018-11-21,0.0,,0.0,Neutral,0.0,Neutral
2018-11-19,0.0,2018-11-19,0.5714744180440903,Positive,0.5714744180440903,Positive
2018-11-18,0.0,,0.0,Neutral,0.28573720902204514,Positive
2018-11-15,0.0,,0.0,Neutral,0.14286860451102257,Slightly Positive
2018-11-14,0.0,,0.0,Neutral,0.0,Neutral
2018-11-13,0.0,2018-11-13,-0.1938473582267761,Slightly Negative,-0.1938473582267761,Slightly Negative
2018-11-06,0.0,2018-11-06,-0.1830361932516098,Slightly Negative,-0.27995987236499786,Negative
2018-11-05,0.0,,0.0,Neutral,-0.13997993618249893,Slightly Negative
2018-11-04,0.0,,0.0,Neutral,-0.04575904831290245,Neutral
2018-11-01,0.0,,0.0,Neutral,0.0,Neutral
2018-10-31,0.0,,0.0,Neutral,0.0,Neutral
2018-10-30,0.0,,0.0,Neutral,0.0,Neutral
2018-10-28,0.0,,0.0,Neutral,0.0,Neutral
2018-10-25,0.0,,0.0,Neutral,0.0,Neutral
2018-10-24,0.0,,0.0,Neutral,0.0,Neutral
2018-10-23,0.0,,0.0,Neutral,0.0,Neutral
2018-10-22,0.0,,0.0,Neutral,0.0,Neutral
2018-10-21,0.0,,0.0,Neutral,0.0,Neutral
2018-10-14,0.0,,0.0,Neutral,0.0,Neutral
2018-10-11,0.0,,0.0,Neutral,0.0,Neutral
2018-10-10,0.0,2018-10-10,-0.1620651185512542,Slightly Negative,-0.1620651185512542,Slightly Negative
2018-10-09,0.0,,0.0,Neutral,-0.0810325592756271,Slightly Negative
2018-10-08,0.0,,0.0,Neutral,-0.04051627963781355,Neutral
2018-10-07,0.0,,0.0,Neutral,0.0,Neutral
2018-10-04,0.0,,0.0,Neutral,0.0,Neutral
2018-10-03,0.0,,0.0,Neutral,0.0,Neutral
2018-10-02,0.0,,0.0,Neutral,0.0,Neutral
2018-10-01,0.0,,0.0,Neutral,0.0,Neutral
2018-09-30,0.0,,0.0,Neutral,0.0,Neutral
2018-09-27,0.0,,0.0,Neutral,0.0,Neutral
2018-09-26,0.0,,0.0,Neutral,0.0,Neutral
2018-09-25,0.0,,0.0,Neutral,0.0,Neutral
2018-09-23,0.0,2018-09-23,0.8959836959838867,Strongly Positive,0.8959836959838867,Strongly Positive
2018-09-20,0.0,,0.0,Neutral,0.44799184799194336,Positive
2018-09-18,0.0,2018-09-18,0.4713515937328338,Positive,0.6953475177288055,Strongly Positive
2018-09-17,0.0,,0.0,Neutral,0.2356757968664169,Positive
2018-09-16,0.0,2018-09-16,0.4487057030200958,Positive,0.5665436014533043,Positive
2018-09-13,0.0,,0.0,Neutral,0.2243528515100479,Positive
2018-09-12,0.0,,0.0,Neutral,0.11217642575502396,Slightly Positive
2018-09-11,0.0,,0.0,Neutral,0.0,Neutral
2018-09-10,0.0,,0.0,Neutral,0.0,Neutral
2018-09-09,0.0,,0.0,Neutral,0.0,Neutral
2018-09-06,0.0,,0.0,Neutral,0.0,Neutral
2018-09-05,0.0,,0.0,Neutral,0.0,Neutral
2018-09-04,0.0,,0.0,Neutral,0.0,Neutral
2018-09-03,0.0,,0.0,Neutral,0.0,Neutral
2018-09-02,0.0,2018-09-02,0.9213955402374268,Strongly Positive,0.9213955402374268,Strongly Positive
2018-08-30,0.0,,0.0,Neutral,0.4606977701187134,Positive
2018-08-29,0.0,,0.0,Neutral,0.2303488850593567,Positive
2018-08-28,0.0,2018-08-28,0.8678902387619019,Strongly Positive,0.8678902387619019,Strongly Positive
2018-08-26,0.0,2018-08-26,0.908364236354828,Strongly Positive,1.3423093557357788,Strongly Positive
2018-08-23,0.0,2018-08-23,0.9118733406066896,Strongly Positive,1.583028018474579,Strongly Positive
2018-08-22,0.0,2018-08-22,0.9089189767837524,Strongly Positive,1.5919467061758041,Strongly Positive
2018-08-21,0.0,,0.0,Neutral,0.6824278235435486,Strongly Positive
2018-08-20,0.0,,0.0,Neutral,0.2272297441959381,Positive
2018-08-19,0.0,2018-08-19,0.6557104587554932,Strongly Positive,0.6557104587554932,Strongly Positive
2018-08-16,0.0,2018-08-16,0.8950644135475159,Strongly Positive,1.2229196429252625,Strongly Positive
2018-08-15,0.0,2018-08-15,-0.1866932809352874,Slightly Negative,0.42476654052734386,Positive
2018-08-14,0.0,,0.0,Neutral,0.13041946291923529,Slightly Positive
2018-08-13,0.0,2018-08-13,0.5976293087005615,Positive,0.5509559884667397,Positive
2018-08-12,0.0,,0.0,Neutral,0.29881465435028076,Positive
2018-08-09,0.0,2018-08-09,0.9233427047729492,Strongly Positive,1.0727500319480896,Strongly Positive
2018-08-08,0.0,,0.0,Neutral,0.4616713523864746,Positive
2018-08-07,0.0,,0.0,Neutral,0.2308356761932373,Positive
2018-08-06,0.0,,0.0,Neutral,0.0,Neutral
2018-08-05,0.0,,0.0,Neutral,0.0,Neutral
2018-08-02,0.0,2018-08-02,-0.2557297945022583,Negative,-0.2557297945022583,Negative
2018-08-01,0.0,2018-08-01,0.7616575956344604,Strongly Positive,0.6337926983833313,Strongly Positive
2018-07-31,0.0,2018-07-31,0.8481963723897934,Strongly Positive,1.165092721581459,Strongly Positive
2018-07-30,0.0,,0.0,Neutral,0.6145125851035118,Strongly Positive
2018-07-29,0.0,,0.0,Neutral,0.21204909309744835,Positive
2018-07-26,0.0,2018-07-26,0.8805007934570312,Strongly Positive,0.8805007934570312,Strongly Positive
2018-07-25,0.0,2018-07-25,0.5625090003013611,Positive,1.0027593970298767,Strongly Positive
2018-07-24,0.0,2018-07-24,0.8712472915649414,Strongly Positive,1.3726269900798798,Strongly Positive
2018-07-23,0.0,,0.0,Neutral,0.576250895857811,Positive
2018-07-22,0.0,2018-07-22,0.5804762393236159,Positive,0.7982880622148513,Strongly Positive
2018-07-19,0.0,,0.0,Neutral,0.29023811966180796,Positive
2018-07-18,0.0,2018-07-18,-0.6905643939971924,Strongly Negative,-0.5454453341662884,Negative
2018-07-17,0.0,2018-07-17,0.8452868461608887,Strongly Positive,0.5000046491622925,Positive
2018-07-16,0.0,,0.0,Neutral,0.25000232458114624,Positive
2018-07-15,0.0,2018-07-15,-0.0455491840839386,Neutral,0.16577252745628357,Slightly Positive
2018-07-12,0.0,2018-07-12,-0.1427455693483352,Slightly Negative,-0.1655201613903045,Slightly Negative
2018-07-11,0.0,2018-07-11,0.1307443678379058,Slightly Positive,0.047984287142753546,Neutral
2018-07-10,0.0,,0.0,Neutral,0.029685791581869098,Neutral
2018-07-09,0.0,,0.0,Neutral,0.03268609195947645,Neutral
2018-07-08,0.0,2018-07-08,0.7769768834114075,Strongly Positive,0.7769768834114075,Strongly Positive
2018-07-05,0.0,,0.0,Neutral,0.38848844170570374,Positive
2018-07-04,0.0,2018-07-04,0.3696541786193847,Positive,0.5638983994722366,Positive
2018-07-03,0.0,,0.0,Neutral,0.18482708930969236,Slightly Positive
2018-07-01,0.0,,0.0,Neutral,0.09241354465484618,Slightly Positive
2018-06-28,0.0,,0.0,Neutral,0.0,Neutral
2018-06-27,0.0,2018-06-27,0.6418185830116272,Strongly Positive,0.6418185830116272,Strongly Positive
2018-06-26,0.0,,0.0,Neutral,0.3209092915058136,Positive
2018-06-25,0.0,,0.0,Neutral,0.1604546457529068,Slightly Positive
2018-06-24,0.0,,0.0,Neutral,0.0,Neutral
2018-06-21,0.0,,0.0,Neutral,0.0,Neutral
2018-06-20,0.0,,0.0,Neutral,0.0,Neutral
2018-06-19,0.0,,0.0,Neutral,0.0,Neutral
2018-06-18,0.0,,0.0,Neutral,0.0,Neutral
2018-06-17,0.0,2018-06-17,0.508649468421936,Positive,0.508649468421936,Positive
2018-06-14,0.0,,0.0,Neutral,0.254324734210968,Positive
2018-06-13,0.0,2018-06-13,-0.3404492735862732,Negative,-0.21328690648078918,Negative
2018-06-12,0.0,,0.0,Neutral,-0.1702246367931366,Slightly Negative
2018-06-11,0.0,,0.0,Neutral,-0.0851123183965683,Slightly Negative
2018-06-10,0.0,,0.0,Neutral,0.0,Neutral
2018-06-07,0.0,2018-06-07,0.787387490272522,Strongly Positive,0.787387490272522,Strongly Positive
2018-06-06,0.0,,0.0,Neutral,0.393693745136261,Positive
2018-06-04,0.0,2018-06-04,0.8630961179733276,Strongly Positive,1.0599429905414581,Strongly Positive
2018-06-03,0.0,2018-06-03,0.3452410101890564,Positive,0.7767890691757202,Strongly Positive
2018-05-31,0.0,,0.0,Neutral,0.3883945345878601,Positive
2018-05-30,0.0,2018-05-30,0.7039557695388794,Strongly Positive,0.7902660220861435,Strongly Positive
2018-05-29,0.0,,0.0,Neutral,0.3519778847694397,Positive
2018-05-28,0.0,,0.0,Neutral,0.17598894238471985,Slightly Positive
2018-05-27,0.0,,0.0,Neutral,0.0,Neutral
2018-05-24,0.0,,0.0,Neutral,0.0,Neutral
2018-05-23,0.0,,0.0,Neutral,0.0,Neutral
2018-05-22,0.0,2018-05-22,0.7939203977584839,Strongly Positive,0.7939203977584839,Strongly Positive
2018-05-21,0.0,,0.0,Neutral,0.39696019887924194,Positive
2018-05-20,0.0,,0.0,Neutral,0.19848009943962097,Slightly Positive
2018-05-17,0.0,,0.0,Neutral,0.0,Neutral
2018-05-16,0.0,,0.0,Neutral,0.0,Neutral
2018-05-15,0.0,,0.0,Neutral,0.0,Neutral
2018-05-14,0.0,2018-05-14,0.7037050724029541,Strongly Positive,0.7037050724029541,Strongly Positive
2018-05-10,0.0,,0.0,Neutral,0.35185253620147705,Positive
2018-05-09,0.0,,0.0,Neutral,0.17592626810073853,Slightly Positive
2018-05-08,0.0,2018-05-08,0.7442371547222137,Strongly Positive,0.7442371547222137,Strongly Positive
2018-05-07,0.0,,0.0,Neutral,0.3721185773611069,Positive
2018-05-06,0.0,,0.0,Neutral,0.18605928868055344,Slightly Positive
2018-05-03,0.0,,0.0,Neutral,0.0,Neutral
2018-05-02,0.0,,0.0,Neutral,0.0,Neutral
2018-04-29,0.0,,0.0,Neutral,0.0,Neutral
2018-04-26,0.0,2018-04-26,-0.1422680616378784,Slightly Negative,-0.1422680616378784,Slightly Negative
2018-04-25,0.0,,0.0,Neutral,-0.0711340308189392,Slightly Negative
2018-04-24,0.0,,0.0,Neutral,-0.0355670154094696,Neutral
2018-04-23,0.0,,0.0,Neutral,0.0,Neutral
2018-04-22,0.0,,0.0,Neutral,0.0,Neutral
2018-04-19,0.0,,0.0,Neutral,0.0,Neutral
2018-04-18,0.0,2018-04-18,0.7243727445602417,Strongly Positive,0.7243727445602417,Strongly Positive
2018-04-17,0.0,2018-04-17,-0.4689792692661285,Negative,-0.10679289698600763,Slightly Negative
2018-04-16,0.0,,0.0,Neutral,-0.05339644849300382,Slightly Negative
2018-04-15,0.0,2018-04-15,0.9221633076667786,Strongly Positive,0.8049184903502464,Strongly Positive
2018-04-12,0.0,2018-04-12,-0.6430073976516724,Strongly Negative,-0.18192574381828308,Slightly Negative
2018-04-11,0.0,,0.0,Neutral,-0.09096287190914154,Slightly Negative
2018-04-10,0.0,,0.0,Neutral,-0.1607518494129181,Slightly Negative
2018-04-09,0.0,,0.0,Neutral,0.0,Neutral
2018-04-08,0.0,2018-04-08,0.4547261595726013,Positive,0.4547261595726013,Positive
2018-04-05,0.0,,0.0,Neutral,0.22736307978630066,Positive
2018-04-04,0.0,2018-04-04,0.8857042789459229,Strongly Positive,0.9993858188390732,Strongly Positive
2018-04-03,0.0,2018-04-03,0.8998837769031525,Strongly Positive,1.342735916376114,Strongly Positive
2018-04-02,0.0,2018-04-02,0.6707487106323242,Strongly Positive,1.3421166688203812,Strongly Positive
2018-04-01,0.0,,0.0,Neutral,0.5603452995419502,Positive
2018-03-29,0.0,,0.0,Neutral,0.16768717765808105,Slightly Positive
2018-03-28,0.0,2018-03-28,0.6803320646286011,Strongly Positive,0.6803320646286011,Strongly Positive
2018-03-27,0.0,2018-03-27,-0.2121085226535797,Negative,0.12805750966072083,Slightly Positive
2018-03-26,0.0,,0.0,Neutral,0.06402875483036041,Slightly Positive
2018-03-22,0.0,2018-03-22,0.6458000540733337,Strongly Positive,0.5927729234099388,Positive
2018-03-21,0.0,,0.0,Neutral,0.32290002703666687,Positive
2018-03-20,0.0,,0.0,Neutral,0.16145001351833344,Slightly Positive
2018-03-19,0.0,,0.0,Neutral,0.0,Neutral
2018-03-18,0.0,2018-03-18,-0.5104734301567078,Negative,-0.5104734301567078,Negative
2018-03-15,0.0,,0.0,Neutral,-0.2552367150783539,Negative
2018-03-14,0.0,,0.0,Neutral,-0.12761835753917694,Slightly Negative
2018-03-13,0.0,,0.0,Neutral,0.0,Neutral
2018-03-12,0.0,,0.0,Neutral,0.0,Neutral
2018-03-11,0.0,,0.0,Neutral,0.0,Neutral
2018-03-07,0.0,2018-03-07,-0.3192073702812195,Negative,-0.3192073702812195,Negative
2018-03-06,0.0,,0.0,Neutral,-0.15960368514060974,Slightly Negative
2018-03-05,0.0,,0.0,Neutral,-0.07980184257030487,Slightly Negative
2018-03-04,0.0,,0.0,Neutral,0.0,Neutral
2018-02-28,0.0,2018-02-28,-0.4559577703475952,Negative,-0.4559577703475952,Negative
2018-02-27,0.0,2018-02-27,-0.5017960667610168,Negative,-0.7297749519348145,Strongly Negative
2018-02-26,0.0,,0.0,Neutral,-0.3648874759674072,Negative
2018-02-25,0.0,,0.0,Neutral,-0.1254490166902542,Slightly Negative
2018-02-22,0.0,,0.0,Neutral,0.0,Neutral
2018-02-21,0.0,,0.0,Neutral,0.0,Neutral
2018-02-20,0.0,,0.0,Neutral,0.0,Neutral
2018-02-18,0.0,2018-02-18,-0.7218689322471619,Strongly Negative,-0.7218689322471619,Strongly Negative
2018-02-15,0.0,2018-02-15,0.89710932970047,Strongly Positive,0.536174863576889,Positive
2018-02-14,0.0,,0.0,Neutral,0.2680874317884445,Positive
2018-02-12,0.0,2018-02-12,0.1932896673679351,Slightly Positive,0.41756699979305256,Positive
2018-02-11,0.0,,0.0,Neutral,0.09664483368396755,Slightly Positive
2018-02-08,0.0,,0.0,Neutral,0.048322416841983774,Neutral
2018-02-07,0.0,,0.0,Neutral,0.0,Neutral
2018-02-06,0.0,,0.0,Neutral,0.0,Neutral
2018-02-05,0.0,2018-02-05,0.8875495791435242,Strongly Positive,0.8875495791435242,Strongly Positive
2018-02-04,0.0,,0.0,Neutral,0.4437747895717621,Positive
2018-02-01,0.0,,0.0,Neutral,0.22188739478588104,Positive
2018-01-31,0.0,,0.0,Neutral,0.0,Neutral
2018-01-29,0.0,,0.0,Neutral,0.0,Neutral
2018-01-28,0.0,2018-01-28,0.9140734672546388,Strongly Positive,0.9140734672546388,Strongly Positive
2018-01-25,0.0,,0.0,Neutral,0.4570367336273194,Positive
2018-01-24,0.0,,0.0,Neutral,0.2285183668136597,Positive
2018-01-23,0.0,,0.0,Neutral,0.0,Neutral
2018-01-22,0.0,,0.0,Neutral,0.0,Neutral
2018-01-21,0.0,2018-01-21,0.326934814453125,Positive,0.326934814453125,Positive
2018-01-17,0.0,,0.0,Neutral,0.1634674072265625,Slightly Positive
2018-01-16,0.0,2018-01-16,0.912229597568512,Strongly Positive,0.9939633011817932,Strongly Positive
2018-01-14,0.0,,0.0,Neutral,0.456114798784256,Positive
2018-01-10,0.0,2018-01-10,-0.1146869361400604,Slightly Negative,0.1133704632520676,Slightly Positive
2018-01-09,0.0,,0.0,Neutral,-0.0573434680700302,Slightly Negative
2018-01-08,0.0,2018-01-08,0.5098813772201538,Positive,0.4812096431851387,Positive
2018-01-07,0.0,2018-01-07,0.9193395376205444,Strongly Positive,1.1742802262306213,Strongly Positive
2018-01-04,0.0,,0.0,Neutral,0.5871401131153107,Positive
2018-01-03,0.0,,0.0,Neutral,0.2298348844051361,Positive
2018-01-02,0.0,2018-01-02,0.907924234867096,Strongly Positive,0.907924234867096,Strongly Positive
2018-01-01,0.0,,0.0,Neutral,0.453962117433548,Positive
2017-12-31,0.0,,0.0,Neutral,0.226981058716774,Positive
2017-12-28,0.0,,0.0,Neutral,0.0,Neutral
2017-12-27,0.0,,0.0,Neutral,0.0,Neutral
2017-12-26,0.0,,0.0,Neutral,0.0,Neutral
2017-12-24,0.0,2017-12-24,0.5628668665885925,Positive,0.5628668665885925,Positive
2017-12-21,0.0,,0.0,Neutral,0.28143343329429626,Positive
2017-12-20,0.0,,0.0,Neutral,0.14071671664714813,Slightly Positive
2017-12-19,0.0,,0.0,Neutral,0.0,Neutral
2017-12-18,0.0,,0.0,Neutral,0.0,Neutral
2017-12-17,0.0,,0.0,Neutral,0.0,Neutral
2017-12-14,0.0,,0.0,Neutral,0.0,Neutral
2017-12-13,0.0,,0.0,Neutral,0.0,Neutral
2017-12-12,0.0,,0.0,Neutral,0.0,Neutral
2017-12-11,0.0,2017-12-11,0.5815926194190979,Positive,0.5815926194190979,Positive
2017-12-10,0.0,,0.0,Neutral,0.29079630970954895,Positive
2017-12-06,0.0,,0.0,Neutral,0.14539815485477448,Slightly Positive
2017-12-05,0.0,2017-12-05,0.1702946424484253,Slightly Positive,0.1702946424484253,Slightly Positive
2017-12-04,0.0,,0.0,Neutral,0.08514732122421265,Slightly Positive
2017-11-30,0.0,,0.0,Neutral,0.04257366061210632,Neutral
2017-11-29,0.0,,0.0,Neutral,0.0,Neutral
2017-11-28,0.0,2017-11-28,-0.5181993842124939,Negative,-0.5181993842124939,Negative
2017-11-27,0.0,,0.0,Neutral,-0.25909969210624695,Negative
2017-11-26,0.0,,0.0,Neutral,-0.12954984605312347,Slightly Negative
2017-11-23,0.0,2017-11-23,0.5980113744735718,Positive,0.5980113744735718,Positive
2017-11-22,0.0,,0.0,Neutral,0.2990056872367859,Positive
2017-11-21,0.0,,0.0,Neutral,0.14950284361839294,Slightly Positive
2017-11-20,0.0,,0.0,Neutral,0.0,Neutral
2017-11-19,0.0,,0.0,Neutral,0.0,Neutral
2017-11-16,0.0,,0.0,Neutral,0.0,Neutral
2017-11-15,0.0,,0.0,Neutral,0.0,Neutral
2017-11-14,0.0,2017-11-14,-0.7073986530303955,Strongly Negative,-0.7073986530303955,Strongly Negative
2017-11-13,0.0,,0.0,Neutral,-0.35369932651519775,Negative
2017-11-12,0.0,2017-11-12,0.9169417023658752,Strongly Positive,0.7400920391082764,Strongly Positive
2017-11-09,0.0,,0.0,Neutral,0.4584708511829376,Positive
2017-11-08,0.0,,0.0,Neutral,0.2292354255914688,Positive
2017-11-07,0.0,2017-11-07,0.3921329081058502,Positive,0.3921329081058502,Positive
2017-11-06,0.0,2017-11-06,0.2062046229839325,Positive,0.4022710770368576,Positive
2017-11-05,0.0,,0.0,Neutral,0.2011355385184288,Positive
2017-11-02,0.0,,0.0,Neutral,0.051551155745983124,Slightly Positive
2017-11-01,0.0,,0.0,Neutral,0.0,Neutral
2017-10-31,0.0,,0.0,Neutral,0.0,Neutral
2017-10-30,0.0,,0.0,Neutral,0.0,Neutral
2017-10-29,0.0,2017-10-29,-0.1552224159240722,Slightly Negative,-0.1552224159240722,Slightly Negative
2017-10-25,0.0,,0.0,Neutral,-0.0776112079620361,Slightly Negative
2017-10-24,0.0,2017-10-24,0.3031669482588768,Positive,0.26436134427785873,Positive
2017-10-23,0.0,,0.0,Neutral,0.1515834741294384,Slightly Positive
2017-10-22,0.0,,0.0,Neutral,0.0757917370647192,Slightly Positive
2017-10-18,0.0,,0.0,Neutral,0.0,Neutral
2017-10-17,0.0,,0.0,Neutral,0.0,Neutral
2017-10-16,0.0,2017-10-16,0.7397989630699158,Strongly Positive,0.7397989630699158,Strongly Positive
2017-10-15,0.0,,0.0,Neutral,0.3698994815349579,Positive
2017-10-12,0.0,,0.0,Neutral,0.18494974076747894,Slightly Positive
2017-10-11,0.0,,0.0,Neutral,0.0,Neutral
2017-10-10,0.0,,0.0,Neutral,0.0,Neutral
2017-10-09,0.0,,0.0,Neutral,0.0,Neutral
2017-10-08,0.0,,0.0,Neutral,0.0,Neutral
2017-10-04,0.0,,0.0,Neutral,0.0,Neutral
2017-10-03,0.0,,0.0,Neutral,0.0,Neutral
2017-09-26,0.0,,0.0,Neutral,0.0,Neutral
2017-09-25,0.0,2017-09-25,0.6380407959222794,Strongly Positive,0.6380407959222794,Strongly Positive
2017-09-24,0.0,,0.0,Neutral,0.3190203979611397,Positive
2017-09-20,0.0,,0.0,Neutral,0.15951019898056984,Slightly Positive
2017-09-18,0.0,,0.0,Neutral,0.0,Neutral
2017-09-17,0.0,,0.0,Neutral,0.0,Neutral
2017-09-14,0.0,,0.0,Neutral,0.0,Neutral
2017-09-13,0.0,,0.0,Neutral,0.0,Neutral
2017-09-12,0.0,2017-09-12,0.1277060508728027,Slightly Positive,0.1277060508728027,Slightly Positive
2017-09-11,0.0,,0.0,Neutral,0.06385302543640135,Slightly Positive
2017-09-10,0.0,,0.0,Neutral,0.03192651271820068,Neutral
2017-09-07,0.0,,0.0,Neutral,0.0,Neutral
2017-09-06,0.0,2017-09-06,0.8836968541145325,Strongly Positive,0.8836968541145325,Strongly Positive
2017-09-04,0.0,2017-09-04,0.0743787288665771,Slightly Positive,0.5162271559238434,Positive
2017-08-31,0.0,,0.0,Neutral,0.2581135779619217,Positive
2017-08-30,0.0,,0.0,Neutral,0.018594682216644277,Neutral
2017-08-28,0.0,,0.0,Neutral,0.0,Neutral
2017-08-27,0.0,2017-08-27,0.9203059077262878,Strongly Positive,0.9203059077262878,Strongly Positive
2017-08-24,0.0,,0.0,Neutral,0.4601529538631439,Positive
2017-08-23,0.0,,0.0,Neutral,0.23007647693157196,Positive
2017-08-22,0.0,,0.0,Neutral,0.0,Neutral
2017-08-21,0.0,2017-08-21,0.9056445956230164,Strongly Positive,0.9056445956230164,Strongly Positive
2017-08-20,0.0,,0.0,Neutral,0.4528222978115082,Positive
2017-08-17,0.0,2017-08-17,0.7896273136138916,Strongly Positive,1.0160384625196457,Strongly Positive
2017-08-16,0.0,,0.0,Neutral,0.3948136568069458,Positive
2017-08-15,0.0,,0.0,Neutral,0.1974068284034729,Slightly Positive
2017-08-13,0.0,,0.0,Neutral,0.0,Neutral
2017-08-10,0.0,2017-08-10,0.8426941633224487,Strongly Positive,0.8426941633224487,Strongly Positive
2017-08-09,0.0,,0.0,Neutral,0.42134708166122437,Positive
2017-08-07,0.0,,0.0,Neutral,0.21067354083061218,Positive
2017-08-06,0.0,,0.0,Neutral,0.0,Neutral
2017-08-03,0.0,,0.0,Neutral,0.0,Neutral
2017-08-02,0.0,,0.0,Neutral,0.0,Neutral
2017-08-01,0.0,,0.0,Neutral,0.0,Neutral
2017-07-31,0.0,2017-07-31,0.5858557224273682,Positive,0.5858557224273682,Positive
2017-07-30,0.0,,0.0,Neutral,0.2929278612136841,Positive
2017-07-27,0.0,,0.0,Neutral,0.14646393060684204,Slightly Positive
2017-07-26,0.0,,0.0,Neutral,0.0,Neutral
2017-07-25,0.0,,0.0,Neutral,0.0,Neutral
2017-07-24,0.0,,0.0,Neutral,0.0,Neutral
2017-07-23,0.0,,0.0,Neutral,0.0,Neutral
2017-07-20,0.0,2017-07-20,-0.3135278224945068,Negative,-0.3135278224945068,Negative
2017-07-19,0.0,,0.0,Neutral,-0.1567639112472534,Slightly Negative
2017-07-18,0.0,,0.0,Neutral,-0.0783819556236267,Slightly Negative
2017-07-17,0.0,2017-07-17,0.9291043877601624,Strongly Positive,0.9291043877601624,Strongly Positive
2017-07-16,0.0,,0.0,Neutral,0.4645521938800812,Positive
2017-07-13,0.0,,0.0,Neutral,0.2322760969400406,Positive
2017-07-12,0.0,,0.0,Neutral,0.0,Neutral
2017-07-11,0.0,,0.0,Neutral,0.0,Neutral
2017-07-10,0.0,,0.0,Neutral,0.0,Neutral
2017-07-09,0.0,,0.0,Neutral,0.0,Neutral
2017-07-06,0.0,2017-07-06,0.9184584617614746,Strongly Positive,0.9184584617614746,Strongly Positive
2017-07-05,0.0,2017-07-05,0.925973892211914,Strongly Positive,1.3852031230926514,Strongly Positive
2017-07-04,0.0,,0.0,Neutral,0.6926015615463257,Strongly Positive
2017-07-03,0.0,,0.0,Neutral,0.2314934730529785,Positive
2017-07-02,0.0,2017-07-02,0.8309491276741028,Strongly Positive,0.8309491276741028,Strongly Positive
2017-06-28,0.0,,0.0,Neutral,0.4154745638370514,Positive
2017-06-27,0.0,,0.0,Neutral,0.2077372819185257,Positive
2017-06-25,0.0,,0.0,Neutral,0.0,Neutral
2017-06-22,0.0,,0.0,Neutral,0.0,Neutral
2017-06-21,0.0,,0.0,Neutral,0.0,Neutral
2017-06-20,0.0,,0.0,Neutral,0.0,Neutral
2017-06-19,0.0,2017-06-19,0.2736774682998657,Positive,0.2736774682998657,Positive
2017-06-18,0.0,,0.0,Neutral,0.13683873414993286,Slightly Positive
2017-06-15,0.0,,0.0,Neutral,0.06841936707496643,Slightly Positive
2017-06-14,0.0,2017-06-14,0.7516312599182129,Strongly Positive,0.7516312599182129,Strongly Positive
2017-06-13,0.0,,0.0,Neutral,0.37581562995910645,Positive
2017-06-12,0.0,,0.0,Neutral,0.18790781497955322,Slightly Positive
2017-06-11,0.0,,0.0,Neutral,0.0,Neutral
2017-06-08,0.0,,0.0,Neutral,0.0,Neutral
2017-06-07,0.0,,0.0,Neutral,0.0,Neutral
2017-06-06,0.0,,0.0,Neutral,0.0,Neutral
2017-06-05,0.0,,0.0,Neutral,0.0,Neutral
2017-06-04,0.0,,0.0,Neutral,0.0,Neutral
2017-06-01,0.0,,0.0,Neutral,0.0,Neutral
2017-05-31,0.0,,0.0,Neutral,0.0,Neutral
2017-05-30,0.0,,0.0,Neutral,0.0,Neutral
2017-05-28,0.0,,0.0,Neutral,0.0,Neutral
2017-05-24,0.0,,0.0,Neutral,0.0,Neutral
2017-05-23,0.0,,0.0,Neutral,0.0,Neutral
2017-05-22,0.0,,0.0,Neutral,0.0,Neutral
2017-05-21,0.0,2017-05-21,0.543536901473999,Positive,0.543536901473999,Positive
2017-05-18,0.0,,0.0,Neutral,0.2717684507369995,Positive
2017-05-17,0.0,2017-05-17,0.9115880727767944,Strongly Positive,1.0474722981452942,Strongly Positive
2017-05-16,0.0,,0.0,Neutral,0.4557940363883972,Positive
2017-05-15,0.0,,0.0,Neutral,0.2278970181941986,Positive
2017-05-11,0.0,2017-05-11,0.6874037981033325,Strongly Positive,0.6874037981033325,Strongly Positive
2017-05-09,0.0,,0.0,Neutral,0.34370189905166626,Positive
2017-05-08,0.0,,0.0,Neutral,0.17185094952583313,Slightly Positive
2017-05-07,0.0,,0.0,Neutral,0.0,Neutral
2017-05-04,0.0,,0.0,Neutral,0.0,Neutral
2017-05-03,0.0,,0.0,Neutral,0.0,Neutral
2017-05-02,0.0,,0.0,Neutral,0.0,Neutral
2017-04-30,0.0,,0.0,Neutral,0.0,Neutral
2017-04-27,0.0,,0.0,Neutral,0.0,Neutral
2017-04-26,0.0,,0.0,Neutral,0.0,Neutral
2017-04-25,0.0,2017-04-25,0.7321624755859375,Strongly Positive,0.7321624755859375,Strongly Positive
2017-04-24,0.0,,0.0,Neutral,0.36608123779296875,Positive
2017-04-23,0.0,,0.0,Neutral,0.18304061889648438,Slightly Positive
2017-04-20,0.0,2017-04-20,-0.3623961433768272,Negative,-0.3623961433768272,Negative
2017-04-19,0.0,,0.0,Neutral,-0.1811980716884136,Slightly Negative
2017-04-18,0.0,,0.0,Neutral,-0.0905990358442068,Slightly Negative
2017-04-16,0.0,,0.0,Neutral,0.0,Neutral
2017-04-13,0.0,,0.0,Neutral,0.0,Neutral
2017-04-12,0.0,,0.0,Neutral,0.0,Neutral
2017-04-11,0.0,,0.0,Neutral,0.0,Neutral
2017-04-10,0.0,,0.0,Neutral,0.0,Neutral
2017-04-09,0.0,,0.0,Neutral,0.0,Neutral
2017-04-06,0.0,2017-04-06,0.5967186689376831,Positive,0.5967186689376831,Positive
2017-04-04,0.0,,0.0,Neutral,0.29835933446884155,Positive
2017-04-03,0.0,,0.0,Neutral,0.14917966723442078,Slightly Positive
2017-04-02,0.0,2017-04-02,0.903369665145874,Strongly Positive,0.903369665145874,Strongly Positive
2017-03-30,0.0,2017-03-30,-0.1716672480106353,Slightly Negative,0.28001758456230175,Positive
2017-03-29,0.0,,0.0,Neutral,0.14000879228115087,Slightly Positive
2017-03-28,0.0,,0.0,Neutral,-0.04291681200265882,Neutral
2017-03-26,0.0,,0.0,Neutral,0.0,Neutral
2017-03-23,0.0,,0.0,Neutral,0.0,Neutral
2017-03-22,0.0,2017-03-22,0.6236251592636108,Strongly Positive,0.6236251592636108,Strongly Positive
2017-03-21,0.0,,0.0,Neutral,0.3118125796318054,Positive
2017-03-20,0.0,,0.0,Neutral,0.1559062898159027,Slightly Positive
2017-03-19,0.0,,0.0,Neutral,0.0,Neutral
2017-03-16,0.0,,0.0,Neutral,0.0,Neutral
2017-03-15,0.0,,0.0,Neutral,0.0,Neutral
2017-03-14,0.0,,0.0,Neutral,0.0,Neutral
2017-03-13,0.0,,0.0,Neutral,0.0,Neutral
2017-03-09,0.0,,0.0,Neutral,0.0,Neutral
2017-03-07,0.0,2017-03-07,0.2491500675678253,Positive,0.2491500675678253,Positive
2017-03-06,0.0,,0.0,Neutral,0.12457503378391264,Slightly Positive
2017-03-05,0.0,,0.0,Neutral,0.06228751689195632,Slightly Positive
2017-03-02,0.0,2017-03-02,0.8856234550476074,Strongly Positive,0.8856234550476074,Strongly Positive
2017-03-01,0.0,2017-03-01,0.7320932149887085,Strongly Positive,1.1749049425125122,Strongly Positive
2017-02-28,0.0,,0.0,Neutral,0.5874524712562561,Positive
2017-02-26,0.0,,0.0,Neutral,0.18302330374717712,Slightly Positive
2017-02-23,0.0,2017-02-23,-0.5603695511817932,Negative,-0.5603695511817932,Negative
2017-02-22,0.0,,0.0,Neutral,-0.2801847755908966,Negative
2017-02-21,0.0,,0.0,Neutral,-0.1400923877954483,Slightly Negative
2017-02-20,0.0,,0.0,Neutral,0.0,Neutral
2017-02-19,0.0,,0.0,Neutral,0.0,Neutral
2017-02-16,0.0,,0.0,Neutral,0.0,Neutral
2017-02-15,0.0,2017-02-15,-0.5029162764549255,Negative,-0.5029162764549255,Negative
2017-02-14,0.0,,0.0,Neutral,-0.25145813822746277,Negative
2017-02-13,0.0,,0.0,Neutral,-0.12572906911373138,Slightly Negative
2017-02-12,0.0,,0.0,Neutral,0.0,Neutral
2017-02-09,0.0,,0.0,Neutral,0.0,Neutral
2017-02-08,0.0,,0.0,Neutral,0.0,Neutral
2017-02-07,0.0,2017-02-07,0.7273648977279663,Strongly Positive,0.7273648977279663,Strongly Positive
2017-02-06,0.0,,0.0,Neutral,0.36368244886398315,Positive
2017-02-05,0.0,,0.0,Neutral,0.18184122443199158,Slightly Positive
2017-02-02,0.0,,0.0,Neutral,0.0,Neutral
2017-02-01,0.0,,0.0,Neutral,0.0,Neutral
2017-01-31,0.0,,0.0,Neutral,0.0,Neutral
2017-01-30,0.0,,0.0,Neutral,0.0,Neutral
2017-01-26,0.0,,0.0,Neutral,0.0,Neutral
2017-01-25,0.0,,0.0,Neutral,0.0,Neutral
2017-01-24,0.0,,0.0,Neutral,0.0,Neutral
2017-01-23,0.0,,0.0,Neutral,0.0,Neutral
2017-01-22,0.0,,0.0,Neutral,0.0,Neutral
2017-01-19,0.0,2017-01-19,0.8906235098838806,Strongly Positive,0.8906235098838806,Strongly Positive
2017-01-18,0.0,2017-01-18,-0.7480860352516174,Strongly Negative,-0.3027742803096771,Negative
2017-01-17,0.0,,0.0,Neutral,-0.15138714015483856,Slightly Negative
2017-01-16,0.0,,0.0,Neutral,-0.18702150881290436,Slightly Negative
2017-01-15,0.0,2017-01-15,0.8086245059967041,Strongly Positive,0.8086245059967041,Strongly Positive
2017-01-12,0.0,,0.0,Neutral,0.40431225299835205,Positive
2017-01-11,0.0,,0.0,Neutral,0.20215612649917603,Positive
2017-01-10,0.0,,0.0,Neutral,0.0,Neutral
2017-01-09,0.0,,0.0,Neutral,0.0,Neutral
2017-01-08,0.0,,0.0,Neutral,0.0,Neutral
2017-01-05,0.0,,0.0,Neutral,0.0,Neutral
2017-01-04,0.0,,0.0,Neutral,0.0,Neutral
2017-01-03,0.0,,0.0,Neutral,0.0,Neutral
2017-01-02,0.0,,0.0,Neutral,0.0,Neutral
2017-01-01,0.0,2017-01-01,0.1828947961330413,Slightly Positive,0.1828947961330413,Slightly Positive
2016-12-29,0.0,,0.0,Neutral,0.09144739806652065,Slightly Positive
2016-12-28,0.0,2016-12-28,0.881725013256073,Strongly Positive,0.9274487122893333,Strongly Positive
2016-12-27,0.0,,0.0,Neutral,0.4408625066280365,Positive
2016-12-26,0.0,,0.0,Neutral,0.22043125331401825,Positive
2016-12-22,0.0,,0.0,Neutral,0.0,Neutral
2016-12-21,0.0,,0.0,Neutral,0.0,Neutral
2016-12-20,0.0,,0.0,Neutral,0.0,Neutral
2016-12-19,0.0,,0.0,Neutral,0.0,Neutral
2016-12-18,0.0,,0.0,Neutral,0.0,Neutral
2016-12-15,0.0,,0.0,Neutral,0.0,Neutral
2016-12-14,0.0,,0.0,Neutral,0.0,Neutral
2016-12-12,0.0,,0.0,Neutral,0.0,Neutral
2016-12-11,0.0,,0.0,Neutral,0.0,Neutral
2016-12-08,0.0,,0.0,Neutral,0.0,Neutral
2016-12-07,0.0,,0.0,Neutral,0.0,Neutral
2016-12-06,0.0,,0.0,Neutral,0.0,Neutral
2016-12-05,0.0,2016-12-05,0.7129253149032593,Strongly Positive,0.7129253149032593,Strongly Positive
2016-12-04,0.0,,0.0,Neutral,0.35646265745162964,Positive
2016-12-01,0.0,,0.0,Neutral,0.17823132872581482,Slightly Positive
2016-11-30,0.0,,0.0,Neutral,0.0,Neutral
2016-11-29,0.0,,0.0,Neutral,0.0,Neutral
2016-11-28,0.0,,0.0,Neutral,0.0,Neutral
2016-11-27,0.0,,0.0,Neutral,0.0,Neutral
2016-11-24,0.0,,0.0,Neutral,0.0,Neutral
2016-11-23,0.0,,0.0,Neutral,0.0,Neutral
2016-11-22,0.0,,0.0,Neutral,0.0,Neutral
2016-11-21,0.0,2016-11-21,0.8399505615234375,Strongly Positive,0.8399505615234375,Strongly Positive
2016-11-20,0.0,,0.0,Neutral,0.41997528076171875,Positive
2016-11-17,0.0,,0.0,Neutral,0.20998764038085938,Positive
2016-11-16,0.0,,0.0,Neutral,0.0,Neutral
2016-11-15,0.0,,0.0,Neutral,0.0,Neutral
2016-11-14,0.0,,0.0,Neutral,0.0,Neutral
2016-11-13,0.0,,0.0,Neutral,0.0,Neutral
2016-11-10,0.0,,0.0,Neutral,0.0,Neutral
2016-11-09,0.0,2016-11-09,-0.9314858317375184,Strongly Negative,-0.9314858317375184,Strongly Negative
2016-11-08,0.0,,0.0,Neutral,-0.4657429158687592,Negative
2016-11-07,0.0,,0.0,Neutral,-0.2328714579343796,Negative
2016-11-03,0.0,,0.0,Neutral,0.0,Neutral
2016-10-27,0.0,2016-10-27,0.7380070686340332,Strongly Positive,0.7380070686340332,Strongly Positive
2016-10-26,0.0,,0.0,Neutral,0.3690035343170166,Positive
2016-10-25,0.0,,0.0,Neutral,0.1845017671585083,Slightly Positive
2016-10-24,0.0,,0.0,Neutral,0.0,Neutral
2016-10-23,0.0,2016-10-23,-0.9054261445999146,Strongly Negative,-0.9054261445999146,Strongly Negative
2016-10-20,0.0,,0.0,Neutral,-0.4527130722999573,Negative
2016-10-19,0.0,,0.0,Neutral,-0.22635653614997864,Negative
2016-10-18,0.0,,0.0,Neutral,0.0,Neutral
2016-10-17,0.0,,0.0,Neutral,0.0,Neutral
2016-10-16,0.0,,0.0,Neutral,0.0,Neutral
2016-10-06,0.0,,0.0,Neutral,0.0,Neutral
2016-10-05,0.0,,0.0,Neutral,0.0,Neutral
2016-10-04,0.0,,0.0,Neutral,0.0,Neutral
2016-10-03,0.0,2016-10-03,0.1059269905090332,Slightly Positive,0.1059269905090332,Slightly Positive
2016-10-02,0.0,2016-10-02,0.8898768424987793,Strongly Positive,0.9428403377532959,Strongly Positive
2016-09-29,0.0,2016-09-29,0.9111406207084656,Strongly Positive,1.3825607895851135,Strongly Positive
2016-09-28,0.0,,0.0,Neutral,0.6780395209789276,Strongly Positive
2016-09-27,0.0,,0.0,Neutral,0.2277851551771164,Positive
2016-09-26,0.0,,0.0,Neutral,0.0,Neutral
2016-09-25,0.0,,0.0,Neutral,0.0,Neutral
2016-09-22,0.0,2016-09-22,0.0431180894374847,Neutral,0.0431180894374847,Neutral
2016-09-21,0.0,2016-09-21,0.8862911760807037,Strongly Positive,0.9078502207994461,Strongly Positive
2016-09-20,0.0,2016-09-20,0.9242508411407472,Strongly Positive,1.3781759515404701,Strongly Positive
2016-09-18,0.0,2016-09-18,0.8751511573791504,Strongly Positive,1.5588493719696999,Strongly Positive
2016-09-14,0.0,,0.0,Neutral,0.668638288974762,Strongly Positive
2016-09-12,0.0,2016-09-12,0.902121365070343,Strongly Positive,1.1209091544151306,Strongly Positive
2016-09-11,0.0,2016-09-11,0.8642315864562988,Strongly Positive,1.3152922689914703,Strongly Positive
2016-09-08,0.0,,0.0,Neutral,0.6576461344957352,Strongly Positive
2016-09-07,0.0,,0.0,Neutral,0.2160578966140747,Positive
2016-09-06,0.0,,0.0,Neutral,0.0,Neutral
2016-09-05,0.0,,0.0,Neutral,0.0,Neutral
2016-09-04,0.0,,0.0,Neutral,0.0,Neutral
2016-09-03,0.0,,0.0,Neutral,0.0,Neutral
2016-09-01,0.0,2016-09-01,0.7710901498794556,Strongly Positive,0.7710901498794556,Strongly Positive
2016-08-31,0.0,,0.0,Neutral,0.3855450749397278,Positive
2016-08-30,0.0,2016-08-30,-0.0680882036685943,Slightly Negative,0.12468433380126959,Slightly Positive
2016-08-29,0.0,,0.0,Neutral,-0.03404410183429715,Neutral
2016-08-28,0.0,,0.0,Neutral,-0.017022050917148576,Neutral
2016-08-24,0.0,,0.0,Neutral,0.0,Neutral
2016-08-23,0.0,,0.0,Neutral,0.0,Neutral
2016-08-22,0.0,,0.0,Neutral,0.0,Neutral
2016-08-21,0.0,,0.0,Neutral,0.0,Neutral
2016-08-17,0.0,,0.0,Neutral,0.0,Neutral
2016-08-16,0.0,2016-08-16,0.0269997715950012,Neutral,0.0269997715950012,Neutral
2016-08-15,0.0,,0.0,Neutral,0.0134998857975006,Neutral
2016-08-14,0.0,,0.0,Neutral,0.0067499428987503,Neutral
2016-08-11,0.0,,0.0,Neutral,0.0,Neutral
2016-08-10,0.0,,0.0,Neutral,0.0,Neutral
2016-08-09,0.0,,0.0,Neutral,0.0,Neutral
2016-08-08,0.0,,0.0,Neutral,0.0,Neutral
2016-08-07,0.0,,0.0,Neutral,0.0,Neutral
2016-08-04,0.0,,0.0,Neutral,0.0,Neutral
2016-08-03,0.0,,0.0,Neutral,0.0,Neutral
2016-08-02,0.0,,0.0,Neutral,0.0,Neutral
2016-08-01,0.0,,0.0,Neutral,0.0,Neutral
2016-07-31,0.0,,0.0,Neutral,0.0,Neutral
2016-07-28,0.0,,0.0,Neutral,0.0,Neutral
2016-07-27,0.0,,0.0,Neutral,0.0,Neutral
2016-07-26,0.0,,0.0,Neutral,0.0,Neutral
2016-07-25,0.0,,0.0,Neutral,0.0,Neutral
2016-07-21,0.0,2016-07-21,-0.5415614247322083,Negative,-0.5415614247322083,Negative
2016-07-20,0.0,,0.0,Neutral,-0.2707807123661041,Negative
2016-07-19,0.0,2016-07-19,-0.5339106917381287,Negative,-0.6693010479211807,Strongly Negative
2016-07-18,0.0,,0.0,Neutral,-0.26695534586906433,Negative
2016-07-17,0.0,2016-07-17,0.8322827219963074,Strongly Positive,0.6988050490617752,Strongly Positive
2016-07-14,0.0,,0.0,Neutral,0.4161413609981537,Positive
2016-07-13,0.0,,0.0,Neutral,0.20807068049907684,Positive
2016-07-12,0.0,,0.0,Neutral,0.0,Neutral
2016-07-11,0.0,,0.0,Neutral,0.0,Neutral
2016-07-10,0.0,2016-07-10,0.8081753253936768,Strongly Positive,0.8081753253936768,Strongly Positive
2016-07-06,0.0,,0.0,Neutral,0.4040876626968384,Positive
2016-07-05,0.0,,0.0,Neutral,0.2020438313484192,Positive
2016-07-04,0.0,,0.0,Neutral,0.0,Neutral
2016-07-03,0.0,,0.0,Neutral,0.0,Neutral
2016-06-30,0.0,,0.0,Neutral,0.0,Neutral
2016-06-29,0.0,,0.0,Neutral,0.0,Neutral
2016-06-28,0.0,,0.0,Neutral,0.0,Neutral
2016-06-27,0.0,,0.0,Neutral,0.0,Neutral
2016-06-26,0.0,,0.0,Neutral,0.0,Neutral
2016-06-23,0.0,2016-06-23,0.581391453742981,Positive,0.581391453742981,Positive
2016-06-22,0.0,,0.0,Neutral,0.2906957268714905,Positive
2016-06-21,0.0,,0.0,Neutral,0.14534786343574524,Slightly Positive
2016-06-20,0.0,,0.0,Neutral,0.0,Neutral
2016-06-19,0.0,2016-06-19,0.8847450613975525,Strongly Positive,0.8847450613975525,Strongly Positive
2016-06-16,0.0,,0.0,Neutral,0.44237253069877625,Positive
2016-06-15,0.0,2016-06-15,0.6763022541999817,Strongly Positive,0.8974885195493698,Strongly Positive
2016-06-14,0.0,,0.0,Neutral,0.33815112709999084,Positive
2016-06-13,0.0,,0.0,Neutral,0.16907556354999542,Slightly Positive
2016-06-12,0.0,,0.0,Neutral,0.0,Neutral
2016-06-09,0.0,,0.0,Neutral,0.0,Neutral
2016-06-08,0.0,,0.0,Neutral,0.0,Neutral
2016-06-07,0.0,,0.0,Neutral,0.0,Neutral
2016-06-06,0.0,,0.0,Neutral,0.0,Neutral
2016-06-05,0.0,2016-06-05,0.9090322256088256,Strongly Positive,0.9090322256088256,Strongly Positive
2016-06-02,0.0,2016-06-02,0.8896958827972412,Strongly Positive,1.344211995601654,Strongly Positive
2016-06-01,0.0,,0.0,Neutral,0.672105997800827,Strongly Positive
2016-05-31,0.0,,0.0,Neutral,0.2224239706993103,Positive
2016-05-30,0.0,2016-05-30,0.9280319213867188,Strongly Positive,0.9280319213867188,Strongly Positive
2016-05-29,0.0,,0.0,Neutral,0.4640159606933594,Positive
2016-05-26,0.0,,0.0,Neutral,0.2320079803466797,Positive
2016-05-25,0.0,,0.0,Neutral,0.0,Neutral
2016-05-24,0.0,,0.0,Neutral,0.0,Neutral
2016-05-23,0.0,,0.0,Neutral,0.0,Neutral
2016-05-22,0.0,,0.0,Neutral,0.0,Neutral
2016-05-19,0.0,,0.0,Neutral,0.0,Neutral
2016-05-18,0.0,,0.0,Neutral,0.0,Neutral
2016-05-17,0.0,2016-05-17,0.9240453839302064,Strongly Positive,0.9240453839302064,Strongly Positive
2016-05-16,0.0,,0.0,Neutral,0.4620226919651032,Positive
2016-05-15,0.0,,0.0,Neutral,0.2310113459825516,Positive
2016-05-12,0.0,,0.0,Neutral,0.0,Neutral
2016-05-11,0.0,,0.0,Neutral,0.0,Neutral
2016-05-10,0.0,2016-05-10,0.8823189735412598,Strongly Positive,0.8823189735412598,Strongly Positive
2016-05-09,0.0,,0.0,Neutral,0.4411594867706299,Positive
2016-05-08,0.0,,0.0,Neutral,0.22057974338531494,Positive
2016-05-05,0.0,,0.0,Neutral,0.0,Neutral
2016-05-04,0.0,,0.0,Neutral,0.0,Neutral
2016-05-03,0.0,,0.0,Neutral,0.0,Neutral
2016-05-02,0.0,,0.0,Neutral,0.0,Neutral
2016-04-28,0.0,2016-04-28,-0.6809363961219788,Strongly Negative,-0.6809363961219788,Strongly Negative
2016-04-27,0.0,2016-04-27,0.1160554587841034,Slightly Positive,-0.224412739276886,Negative
2016-04-26,0.0,,0.0,Neutral,-0.112206369638443,Slightly Negative
2016-04-25,0.0,,0.0,Neutral,0.02901386469602585,Neutral
2016-04-24,0.0,,0.0,Neutral,0.0,Neutral
2016-04-21,0.0,,0.0,Neutral,0.0,Neutral
2016-04-20,0.0,2016-04-20,0.7522884607315063,Strongly Positive,0.7522884607315063,Strongly Positive
2016-04-19,0.0,2016-04-19,-0.926275670528412,Strongly Negative,-0.5501314401626588,Negative
2016-04-18,0.0,2016-04-18,0.0300204027444124,Neutral,-0.24504531733691698,Negative
2016-04-17,0.0,2016-04-17,0.9084632992744446,Strongly Positive,0.6919045830145478,Strongly Positive
2016-04-14,0.0,,0.0,Neutral,0.4617367503233254,Positive
2016-04-12,0.0,,0.0,Neutral,0.22711582481861115,Positive
2016-04-11,0.0,,0.0,Neutral,0.0,Neutral
2016-04-10,0.0,,0.0,Neutral,0.0,Neutral
2016-04-06,0.0,,0.0,Neutral,0.0,Neutral
2016-04-05,0.0,,0.0,Neutral,0.0,Neutral
2016-04-04,0.0,,0.0,Neutral,0.0,Neutral
2016-04-03,0.0,,0.0,Neutral,0.0,Neutral
2016-03-31,0.0,,0.0,Neutral,0.0,Neutral
2016-03-30,0.0,,0.0,Neutral,0.0,Neutral
2016-03-29,0.0,,0.0,Neutral,0.0,Neutral
2016-03-28,0.0,2016-03-28,0.5935075283050537,Positive,0.5935075283050537,Positive
2016-03-27,0.0,,0.0,Neutral,0.29675376415252686,Positive
2016-03-24,0.0,2016-03-24,0.9060111045837402,Strongly Positive,1.0543879866600037,Strongly Positive
2016-03-23,0.0,,0.0,Neutral,0.4530055522918701,Positive
2016-03-21,0.0,,0.0,Neutral,0.22650277614593506,Positive
2016-03-20,0.0,,0.0,Neutral,0.0,Neutral
2016-03-17,0.0,2016-03-17,0.7216230034828186,Strongly Positive,0.7216230034828186,Strongly Positive
2016-03-16,0.0,2016-03-16,-0.7536658644676208,Strongly Negative,-0.39285436272621155,Negative
2016-03-15,0.0,2016-03-15,0.789482593536377,Strongly Positive,0.5930554121732712,Positive
2016-03-14,0.0,,0.0,Neutral,0.20632483065128326,Positive
2016-03-10,0.0,,0.0,Neutral,0.19737064838409424,Slightly Positive
2016-03-06,0.0,,0.0,Neutral,0.0,Neutral
2016-03-03,0.0,2016-03-03,0.7107265591621399,Strongly Positive,0.7107265591621399,Strongly Positive
2016-03-02,0.0,,0.0,Neutral,0.35536327958106995,Positive
2016-03-01,0.0,,0.0,Neutral,0.17768163979053497,Slightly Positive
2016-02-29,0.0,2016-02-29,0.6740023493766785,Strongly Positive,0.6740023493766785,Strongly Positive
2016-02-28,0.0,,0.0,Neutral,0.33700117468833923,Positive
2016-02-25,0.0,2016-02-25,0.8789723515510559,Strongly Positive,1.0474729388952255,Strongly Positive
2016-02-24,0.0,,0.0,Neutral,0.43948617577552795,Positive
2016-02-23,0.0,,0.0,Neutral,0.21974308788776398,Positive
2016-02-22,0.0,,0.0,Neutral,0.0,Neutral
2016-02-21,0.0,,0.0,Neutral,0.0,Neutral
2016-02-17,0.0,,0.0,Neutral,0.0,Neutral
2016-02-16,0.0,,0.0,Neutral,0.0,Neutral
2016-02-15,0.0,,0.0,Neutral,0.0,Neutral
2016-02-14,0.0,2016-02-14,0.8966696262359619,Strongly Positive,0.8966696262359619,Strongly Positive
2016-02-11,0.0,,0.0,Neutral,0.44833481311798096,Positive
2016-02-08,0.0,,0.0,Neutral,0.22416740655899048,Positive
2016-02-07,0.0,,0.0,Neutral,0.0,Neutral
2016-02-04,0.0,,0.0,Neutral,0.0,Neutral
2016-02-03,0.0,,0.0,Neutral,0.0,Neutral
2016-02-02,0.0,2016-02-02,0.6775474548339844,Strongly Positive,0.6775474548339844,Strongly Positive
2016-02-01,0.0,,0.0,Neutral,0.3387737274169922,Positive
2016-01-31,0.0,,0.0,Neutral,0.1693868637084961,Slightly Positive
2016-01-28,0.0,,0.0,Neutral,0.0,Neutral
2016-01-27,0.0,,0.0,Neutral,0.0,Neutral
2016-01-26,0.0,,0.0,Neutral,0.0,Neutral
2016-01-25,0.0,,0.0,Neutral,0.0,Neutral
2016-01-24,0.0,,0.0,Neutral,0.0,Neutral
2016-01-21,0.0,2016-01-21,-0.93006694316864,Strongly Negative,-0.93006694316864,Strongly Negative
2016-01-20,0.0,,0.0,Neutral,-0.46503347158432,Negative
2016-01-19,0.0,,0.0,Neutral,-0.23251673579216,Negative
2016-01-18,0.0,,0.0,Neutral,0.0,Neutral
2016-01-17,0.0,,0.0,Neutral,0.0,Neutral
2016-01-14,0.0,,0.0,Neutral,0.0,Neutral
2016-01-13,0.0,,0.0,Neutral,0.0,Neutral
2016-01-12,0.0,,0.0,Neutral,0.0,Neutral
2016-01-11,0.0,2016-01-11,0.6818904876708984,Strongly Positive,0.6818904876708984,Strongly Positive
2016-01-10,0.0,,0.0,Neutral,0.3409452438354492,Positive
2016-01-07,0.0,,0.0,Neutral,0.1704726219177246,Slightly Positive
2016-01-06,0.0,,0.0,Neutral,0.0,Neutral
2016-01-05,0.0,,0.0,Neutral,0.0,Neutral
2016-01-04,0.0,,0.0,Neutral,0.0,Neutral
2016-01-03,0.0,,0.0,Neutral,0.0,Neutral
2015-12-31,0.0,,0.0,Neutral,0.0,Neutral
2015-12-29,0.0,,0.0,Neutral,0.0,Neutral
2015-12-28,0.0,,0.0,Neutral,0.0,Neutral
2015-12-27,0.0,,0.0,Neutral,0.0,Neutral
2015-12-24,0.0,,0.0,Neutral,0.0,Neutral
2015-12-23,0.0,,0.0,Neutral,0.0,Neutral
2015-12-22,0.0,,0.0,Neutral,0.0,Neutral
2015-12-21,0.0,,0.0,Neutral,0.0,Neutral
2015-12-20,0.0,,0.0,Neutral,0.0,Neutral
2015-12-17,0.0,,0.0,Neutral,0.0,Neutral
2015-12-16,0.0,,0.0,Neutral,0.0,Neutral
2015-12-15,0.0,,0.0,Neutral,0.0,Neutral
2015-12-14,0.0,,0.0,Neutral,0.0,Neutral
2015-12-13,0.0,,0.0,Neutral,0.0,Neutral
2015-12-10,0.0,,0.0,Neutral,0.0,Neutral
2015-12-09,0.0,,0.0,Neutral,0.0,Neutral
2015-12-08,0.0,,0.0,Neutral,0.0,Neutral
2015-12-07,0.0,2015-12-07,0.9273107945919036,Strongly Positive,0.9273107945919036,Strongly Positive
2015-12-06,0.0,,0.0,Neutral,0.4636553972959518,Positive
2015-12-03,0.0,2015-12-03,0.9220194220542908,Strongly Positive,1.1538471207022667,Strongly Positive
2015-12-02,0.0,,0.0,Neutral,0.4610097110271454,Positive
2015-03-10,0.0,,0.0,Neutral,0.2305048555135727,Positive
2015-03-09,0.0,,0.0,Neutral,0.0,Neutral
2015-03-04,0.0,,0.0,Neutral,0.0,Neutral
2015-03-03,0.0,,0.0,Neutral,0.0,Neutral
2015-03-02,0.0,,0.0,Neutral,0.0,Neutral
2015-03-01,0.0,,0.0,Neutral,0.0,Neutral
2015-02-26,0.0,,0.0,Neutral,0.0,Neutral
2015-02-25,0.0,,0.0,Neutral,0.0,Neutral
2015-02-24,0.0,,0.0,Neutral,0.0,Neutral
2015-02-23,0.0,,0.0,Neutral,0.0,Neutral
2015-02-22,0.0,,0.0,Neutral,0.0,Neutral
2015-02-18,0.0,,0.0,Neutral,0.0,Neutral
2015-02-16,0.0,,0.0,Neutral,0.0,Neutral
2015-02-15,0.0,,0.0,Neutral,0.0,Neutral
2015-02-12,0.0,,0.0,Neutral,0.0,Neutral
2015-02-11,0.0,,0.0,Neutral,0.0,Neutral
2015-02-10,0.0,,0.0,Neutral,0.0,Neutral
2015-02-09,0.0,,0.0,Neutral,0.0,Neutral
2015-02-08,0.0,,0.0,Neutral,0.0,Neutral
2015-02-05,0.0,,0.0,Neutral,0.0,Neutral
2015-02-04,0.0,,0.0,Neutral,0.0,Neutral
2015-02-03,0.0,,0.0,Neutral,0.0,Neutral
2015-02-02,0.0,,0.0,Neutral,0.0,Neutral
2015-02-01,0.0,,0.0,Neutral,0.0,Neutral
2015-01-29,0.0,,0.0,Neutral,0.0,Neutral
2015-01-28,0.0,,0.0,Neutral,0.0,Neutral
2015-01-27,0.0,,0.0,Neutral,0.0,Neutral
2015-01-26,0.0,,0.0,Neutral,0.0,Neutral
2015-01-25,0.0,,0.0,Neutral,0.0,Neutral
2015-01-22,0.0,,0.0,Neutral,0.0,Neutral
2015-01-20,0.0,,0.0,Neutral,0.0,Neutral
2015-01-19,0.0,2015-01-19,-0.893301248550415,Strongly Negative,-0.893301248550415,Strongly Negative
2015-01-18,0.0,,0.0,Neutral,-0.4466506242752075,Negative
2015-01-14,0.0,,0.0,Neutral,-0.22332531213760376,Negative
2015-01-13,0.0,,0.0,Neutral,0.0,Neutral
2015-01-12,0.0,,0.0,Neutral,0.0,Neutral
2015-01-11,0.0,,0.0,Neutral,0.0,Neutral
2015-01-08,0.0,,0.0,Neutral,0.0,Neutral
2015-01-07,0.0,,0.0,Neutral,0.0,Neutral
2015-01-06,0.0,,0.0,Neutral,0.0,Neutral
2015-01-05,0.0,,0.0,Neutral,0.0,Neutral
2015-01-04,0.0,2015-01-04,0.9143463969230652,Strongly Positive,0.9143463969230652,Strongly Positive
2015-01-01,0.0,,0.0,Neutral,0.4571731984615326,Positive
2014-12-31,0.0,,0.0,Neutral,0.2285865992307663,Positive
2014-12-29,0.0,,0.0,Neutral,0.0,Neutral
2014-12-28,0.0,,0.0,Neutral,0.0,Neutral
2014-12-24,0.0,,0.0,Neutral,0.0,Neutral
2014-12-23,0.0,,0.0,Neutral,0.0,Neutral
2014-12-22,0.0,,0.0,Neutral,0.0,Neutral
2014-12-21,0.0,,0.0,Neutral,0.0,Neutral
2014-12-18,0.0,,0.0,Neutral,0.0,Neutral
2014-12-17,0.0,,0.0,Neutral,0.0,Neutral
2014-12-16,0.0,,0.0,Neutral,0.0,Neutral
2014-12-15,0.0,,0.0,Neutral,0.0,Neutral
2014-12-14,0.0,,0.0,Neutral,0.0,Neutral
2014-12-11,0.0,,0.0,Neutral,0.0,Neutral
2014-12-10,0.0,,0.0,Neutral,0.0,Neutral
2014-12-09,0.0,,0.0,Neutral,0.0,Neutral
2014-12-08,0.0,,0.0,Neutral,0.0,Neutral
2014-12-07,0.0,,0.0,Neutral,0.0,Neutral
2014-12-04,0.0,,0.0,Neutral,0.0,Neutral
2014-12-03,0.0,,0.0,Neutral,0.0,Neutral
2014-12-02,0.0,,0.0,Neutral,0.0,Neutral
2014-12-01,0.0,,0.0,Neutral,0.0,Neutral
2014-11-30,0.0,,0.0,Neutral,0.0,Neutral
2014-11-25,0.0,,0.0,Neutral,0.0,Neutral
2014-11-24,0.0,,0.0,Neutral,0.0,Neutral
2014-11-23,0.0,,0.0,Neutral,0.0,Neutral
2014-11-20,0.0,,0.0,Neutral,0.0,Neutral
2014-11-19,0.0,,0.0,Neutral,0.0,Neutral
2014-11-18,0.0,,0.0,Neutral,0.0,Neutral
2014-11-17,0.0,2014-11-17,0.198180817067623,Slightly Positive,0.198180817067623,Slightly Positive
2014-11-16,0.0,,0.0,Neutral,0.0990904085338115,Slightly Positive
2014-11-13,0.0,,0.0,Neutral,0.04954520426690575,Neutral
2014-11-12,0.0,,0.0,Neutral,0.0,Neutral
2014-11-11,0.0,,0.0,Neutral,0.0,Neutral
2014-11-10,0.0,,0.0,Neutral,0.0,Neutral
2014-11-09,0.0,,0.0,Neutral,0.0,Neutral
2014-11-06,0.0,,0.0,Neutral,0.0,Neutral
2014-11-05,0.0,,0.0,Neutral,0.0,Neutral
2014-11-04,0.0,,0.0,Neutral,0.0,Neutral
2014-11-03,0.0,,0.0,Neutral,0.0,Neutral
2014-11-02,0.0,,0.0,Neutral,0.0,Neutral
2014-10-30,0.0,,0.0,Neutral,0.0,Neutral
2014-10-28,0.0,,0.0,Neutral,0.0,Neutral
2014-10-27,0.0,2014-10-27,-0.8635430335998535,Strongly Negative,-0.8635430335998535,Strongly Negative
2014-10-26,0.0,,0.0,Neutral,-0.43177151679992676,Negative
2014-10-22,0.0,,0.0,Neutral,-0.21588575839996338,Negative
2014-10-21,0.0,,0.0,Neutral,0.0,Neutral
2014-10-20,0.0,,0.0,Neutral,0.0,Neutral
2014-10-19,0.0,,0.0,Neutral,0.0,Neutral
2014-10-16,0.0,,0.0,Neutral,0.0,Neutral
2014-10-15,0.0,,0.0,Neutral,0.0,Neutral
2014-10-14,0.0,,0.0,Neutral,0.0,Neutral
2014-10-13,0.0,,0.0,Neutral,0.0,Neutral
2014-10-12,0.0,,0.0,Neutral,0.0,Neutral
2014-10-09,0.0,,0.0,Neutral,0.0,Neutral
2014-10-08,0.0,,0.0,Neutral,0.0,Neutral
2014-09-30,0.0,,0.0,Neutral,0.0,Neutral
2014-09-29,0.0,,0.0,Neutral,0.0,Neutral
2014-09-28,0.0,,0.0,Neutral,0.0,Neutral
2014-09-24,0.0,,0.0,Neutral,0.0,Neutral
2014-09-23,0.0,,0.0,Neutral,0.0,Neutral
2014-09-22,0.0,,0.0,Neutral,0.0,Neutral
2014-09-21,0.0,,0.0,Neutral,0.0,Neutral
2014-09-18,0.0,,0.0,Neutral,0.0,Neutral
2014-09-17,0.0,,0.0,Neutral,0.0,Neutral
2014-09-16,0.0,,0.0,Neutral,0.0,Neutral
2014-09-15,0.0,,0.0,Neutral,0.0,Neutral
2014-09-14,0.0,,0.0,Neutral,0.0,Neutral
2014-09-11,0.0,2014-09-11,-0.7906786203384399,Strongly Negative,-0.7906786203384399,Strongly Negative
2014-09-10,0.0,,0.0,Neutral,-0.39533931016921997,Negative
2014-09-09,0.0,,0.0,Neutral,-0.19766965508460999,Slightly Negative
2014-09-07,0.0,,0.0,Neutral,0.0,Neutral
2014-09-04,0.0,,0.0,Neutral,0.0,Neutral
2014-09-03,0.0,,0.0,Neutral,0.0,Neutral
2014-09-01,0.0,,0.0,Neutral,0.0,Neutral
2014-08-31,0.0,,0.0,Neutral,0.0,Neutral
2014-08-28,0.0,,0.0,Neutral,0.0,Neutral
2014-08-27,0.0,,0.0,Neutral,0.0,Neutral
2014-08-26,0.0,,0.0,Neutral,0.0,Neutral
2014-08-25,0.0,,0.0,Neutral,0.0,Neutral
2014-08-24,0.0,,0.0,Neutral,0.0,Neutral
2014-08-21,0.0,,0.0,Neutral,0.0,Neutral
2014-08-20,0.0,,0.0,Neutral,0.0,Neutral
2014-08-19,0.0,,0.0,Neutral,0.0,Neutral
2014-08-18,0.0,,0.0,Neutral,0.0,Neutral
2014-08-14,0.0,,0.0,Neutral,0.0,Neutral
2014-08-13,0.0,,0.0,Neutral,0.0,Neutral
2014-08-12,0.0,,0.0,Neutral,0.0,Neutral
2014-08-07,0.0,,0.0,Neutral,0.0,Neutral
2014-08-06,0.0,,0.0,Neutral,0.0,Neutral
2014-08-05,0.0,,0.0,Neutral,0.0,Neutral
2014-08-04,0.0,,0.0,Neutral,0.0,Neutral
2014-08-03,0.0,,0.0,Neutral,0.0,Neutral
2014-07-31,0.0,,0.0,Neutral,0.0,Neutral
2014-07-30,0.0,,0.0,Neutral,0.0,Neutral
2014-07-27,0.0,,0.0,Neutral,0.0,Neutral
2014-07-24,0.0,2014-07-24,-0.9164826273918152,Strongly Negative,-0.9164826273918152,Strongly Negative
2014-07-23,0.0,2014-07-23,-0.9311224818229676,Strongly Negative,-1.3893637955188751,Strongly Negative
2014-07-22,0.0,,0.0,Neutral,-0.6946818977594376,Strongly Negative
2014-07-21,0.0,,0.0,Neutral,-0.2327806204557419,Negative
2014-07-20,0.0,,0.0,Neutral,0.0,Neutral
2014-07-17,0.0,,0.0,Neutral,0.0,Neutral
2014-07-16,0.0,,0.0,Neutral,0.0,Neutral
2014-07-15,0.0,,0.0,Neutral,0.0,Neutral
2014-07-14,0.0,,0.0,Neutral,0.0,Neutral
2014-07-13,0.0,,0.0,Neutral,0.0,Neutral
2014-07-10,0.0,,0.0,Neutral,0.0,Neutral
2014-07-09,0.0,,0.0,Neutral,0.0,Neutral
2014-07-08,0.0,,0.0,Neutral,0.0,Neutral
2014-07-07,0.0,,0.0,Neutral,0.0,Neutral
2014-07-06,0.0,,0.0,Neutral,0.0,Neutral
2014-07-03,0.0,,0.0,Neutral,0.0,Neutral
2014-07-02,0.0,,0.0,Neutral,0.0,Neutral
2014-07-01,0.0,,0.0,Neutral,0.0,Neutral
2014-06-30,0.0,,0.0,Neutral,0.0,Neutral
2014-06-29,0.0,,0.0,Neutral,0.0,Neutral
2014-06-26,0.0,,0.0,Neutral,0.0,Neutral
2014-06-25,0.0,,0.0,Neutral,0.0,Neutral
2014-06-24,0.0,,0.0,Neutral,0.0,Neutral
2014-06-23,0.0,2014-06-23,0.8464714288711548,Strongly Positive,0.8464714288711548,Strongly Positive
2014-06-19,0.0,,0.0,Neutral,0.4232357144355774,Positive
2014-06-18,0.0,,0.0,Neutral,0.2116178572177887,Positive
2014-06-17,0.0,,0.0,Neutral,0.0,Neutral
2014-06-16,0.0,,0.0,Neutral,0.0,Neutral
2014-06-15,0.0,,0.0,Neutral,0.0,Neutral
2014-06-12,0.0,,0.0,Neutral,0.0,Neutral
2014-06-11,0.0,2014-06-11,0.2576161623001098,Positive,0.2576161623001098,Positive
2014-06-10,0.0,,0.0,Neutral,0.1288080811500549,Slightly Positive
2014-06-09,0.0,,0.0,Neutral,0.06440404057502745,Slightly Positive
2014-06-08,0.0,,0.0,Neutral,0.0,Neutral
2014-06-05,0.0,,0.0,Neutral,0.0,Neutral
2014-06-04,0.0,,0.0,Neutral,0.0,Neutral
2014-06-03,0.0,,0.0,Neutral,0.0,Neutral
2014-06-02,0.0,,0.0,Neutral,0.0,Neutral
2014-06-01,0.0,,0.0,Neutral,0.0,Neutral
2014-05-28,0.0,,0.0,Neutral,0.0,Neutral
2014-05-27,0.0,,0.0,Neutral,0.0,Neutral
2014-05-26,0.0,,0.0,Neutral,0.0,Neutral
2014-05-25,0.0,,0.0,Neutral,0.0,Neutral
2014-05-22,0.0,2014-05-22,0.4946221709251404,Positive,0.4946221709251404,Positive
2014-05-21,0.0,,0.0,Neutral,0.2473110854625702,Positive
2014-05-20,0.0,2014-05-20,0.872773289680481,Strongly Positive,0.996428832411766,Strongly Positive
2014-05-19,0.0,,0.0,Neutral,0.4363866448402405,Positive
2014-05-18,0.0,,0.0,Neutral,0.21819332242012024,Positive
2014-05-15,0.0,,0.0,Neutral,0.0,Neutral
2014-05-13,0.0,,0.0,Neutral,0.0,Neutral
2014-05-12,0.0,,0.0,Neutral,0.0,Neutral
2014-05-08,0.0,,0.0,Neutral,0.0,Neutral
2014-05-07,0.0,,0.0,Neutral,0.0,Neutral
2014-05-06,0.0,,0.0,Neutral,0.0,Neutral
2014-05-04,0.0,,0.0,Neutral,0.0,Neutral
2014-04-30,0.0,,0.0,Neutral,0.0,Neutral
2014-04-29,0.0,,0.0,Neutral,0.0,Neutral
2014-04-28,0.0,,0.0,Neutral,0.0,Neutral
2014-04-27,0.0,,0.0,Neutral,0.0,Neutral
2014-04-23,0.0,,0.0,Neutral,0.0,Neutral
2014-04-22,0.0,,0.0,Neutral,0.0,Neutral
2014-04-21,0.0,,0.0,Neutral,0.0,Neutral
2014-04-20,0.0,2014-04-20,-0.8709391951560974,Strongly Negative,-0.8709391951560974,Strongly Negative
2014-04-17,0.0,,0.0,Neutral,-0.4354695975780487,Negative
2014-04-16,0.0,,0.0,Neutral,-0.21773479878902435,Negative
2014-04-15,0.0,,0.0,Neutral,0.0,Neutral
2014-04-13,0.0,,0.0,Neutral,0.0,Neutral
2014-04-10,0.0,,0.0,Neutral,0.0,Neutral
2014-04-09,0.0,,0.0,Neutral,0.0,Neutral
2014-04-07,0.0,,0.0,Neutral,0.0,Neutral
2014-04-06,0.0,,0.0,Neutral,0.0,Neutral
2014-04-03,0.0,,0.0,Neutral,0.0,Neutral
2014-04-02,0.0,,0.0,Neutral,0.0,Neutral
2014-04-01,0.0,,0.0,Neutral,0.0,Neutral
2014-03-31,0.0,,0.0,Neutral,0.0,Neutral
2014-03-27,0.0,,0.0,Neutral,0.0,Neutral
2014-03-26,0.0,,0.0,Neutral,0.0,Neutral
2014-03-25,0.0,,0.0,Neutral,0.0,Neutral
2014-03-24,0.0,,0.0,Neutral,0.0,Neutral
2014-03-20,0.0,,0.0,Neutral,0.0,Neutral
2014-03-19,0.0,,0.0,Neutral,0.0,Neutral
2014-03-18,0.0,,0.0,Neutral,0.0,Neutral
2014-03-17,0.0,,0.0,Neutral,0.0,Neutral
2014-03-13,0.0,,0.0,Neutral,0.0,Neutral
2014-03-13,0.0,,0.0,Neutral,0.0,Neutral
2014-03-12,0.0,,0.0,Neutral,0.0,Neutral
2014-03-11,0.0,,0.0,Neutral,0.0,Neutral
2014-03-10,0.0,,0.0,Neutral,0.0,Neutral
2014-03-09,0.0,,0.0,Neutral,0.0,Neutral
2014-03-06,0.0,,0.0,Neutral,0.0,Neutral
2014-03-05,0.0,,0.0,Neutral,0.0,Neutral
2014-03-04,0.0,,0.0,Neutral,0.0,Neutral
2014-03-03,0.0,,0.0,Neutral,0.0,Neutral
2014-02-26,0.0,,0.0,Neutral,0.0,Neutral
2014-02-25,0.0,,0.0,Neutral,0.0,Neutral
2014-02-24,0.0,,0.0,Neutral,0.0,Neutral
2014-02-23,0.0,,0.0,Neutral,0.0,Neutral
2014-02-20,0.0,,0.0,Neutral,0.0,Neutral
2014-02-18,0.0,,0.0,Neutral,0.0,Neutral
2014-02-17,0.0,,0.0,Neutral,0.0,Neutral
2014-02-16,0.0,,0.0,Neutral,0.0,Neutral
2014-02-13,0.0,,0.0,Neutral,0.0,Neutral
2014-02-12,0.0,,0.0,Neutral,0.0,Neutral
2014-02-11,0.0,,0.0,Neutral,0.0,Neutral
2014-02-10,0.0,,0.0,Neutral,0.0,Neutral
2014-02-09,0.0,,0.0,Neutral,0.0,Neutral
2014-02-06,0.0,,0.0,Neutral,0.0,Neutral
2014-02-03,0.0,,0.0,Neutral,0.0,Neutral
2014-02-02,0.0,,0.0,Neutral,0.0,Neutral
2014-01-29,0.0,,0.0,Neutral,0.0,Neutral
2014-01-28,0.0,,0.0,Neutral,0.0,Neutral
2014-01-27,0.0,,0.0,Neutral,0.0,Neutral
2014-01-26,0.0,,0.0,Neutral,0.0,Neutral
2014-01-23,0.0,,0.0,Neutral,0.0,Neutral
2014-01-22,0.0,,0.0,Neutral,0.0,Neutral
2014-01-21,0.0,2014-01-21,-0.0663483887910842,Slightly Negative,-0.0663483887910842,Slightly Negative
2014-01-20,0.0,,0.0,Neutral,-0.0331741943955421,Neutral
2014-01-14,0.0,,0.0,Neutral,-0.01658709719777105,Neutral
2014-01-13,0.0,,0.0,Neutral,0.0,Neutral
2014-01-12,0.0,,0.0,Neutral,0.0,Neutral
2014-01-09,0.0,,0.0,Neutral,0.0,Neutral
2014-01-08,0.0,,0.0,Neutral,0.0,Neutral
2014-01-07,0.0,,0.0,Neutral,0.0,Neutral
2014-01-06,0.0,,0.0,Neutral,0.0,Neutral
2014-01-05,0.0,,0.0,Neutral,0.0,Neutral
2014-01-01,0.0,,0.0,Neutral,0.0,Neutral
2013-12-31,0.0,2013-12-31,0.9305623173713684,Strongly Positive,0.9305623173713684,Strongly Positive
2013-12-29,0.0,,0.0,Neutral,0.4652811586856842,Positive
2013-12-26,0.0,,0.0,Neutral,0.2326405793428421,Positive
2013-12-23,0.0,,0.0,Neutral,0.0,Neutral
2013-12-19,0.0,,0.0,Neutral,0.0,Neutral
2013-12-18,0.0,,0.0,Neutral,0.0,Neutral
2013-12-16,0.0,,0.0,Neutral,0.0,Neutral
2013-12-15,0.0,,0.0,Neutral,0.0,Neutral
2013-12-12,0.0,,0.0,Neutral,0.0,Neutral
2013-12-11,0.0,,0.0,Neutral,0.0,Neutral
2013-12-10,0.0,,0.0,Neutral,0.0,Neutral
2013-12-09,0.0,,0.0,Neutral,0.0,Neutral
2013-12-08,0.0,,0.0,Neutral,0.0,Neutral
2013-12-05,0.0,,0.0,Neutral,0.0,Neutral
2013-12-04,0.0,,0.0,Neutral,0.0,Neutral
2013-12-03,0.0,,0.0,Neutral,0.0,Neutral
2013-12-02,0.0,,0.0,Neutral,0.0,Neutral
2013-12-01,0.0,,0.0,Neutral,0.0,Neutral
2013-11-28,0.0,,0.0,Neutral,0.0,Neutral
2013-11-27,0.0,,0.0,Neutral,0.0,Neutral
2013-11-26,0.0,,0.0,Neutral,0.0,Neutral
2013-11-25,0.0,,0.0,Neutral,0.0,Neutral
2013-11-24,0.0,,0.0,Neutral,0.0,Neutral
2013-11-21,0.0,,0.0,Neutral,0.0,Neutral
2013-11-14,0.0,,0.0,Neutral,0.0,Neutral
2013-11-13,0.0,,0.0,Neutral,0.0,Neutral
2013-11-12,0.0,,0.0,Neutral,0.0,Neutral
2013-11-11,0.0,,0.0,Neutral,0.0,Neutral
2013-11-07,0.0,2013-11-07,0.8954075574874878,Strongly Positive,0.8954075574874878,Strongly Positive
2013-11-06,0.0,,0.0,Neutral,0.4477037787437439,Positive
2013-10-30,0.0,,0.0,Neutral,0.22385188937187195,Positive
2013-10-29,0.0,,0.0,Neutral,0.0,Neutral
2013-10-28,0.0,,0.0,Neutral,0.0,Neutral
2013-10-27,0.0,,0.0,Neutral,0.0,Neutral
2013-10-24,0.0,,0.0,Neutral,0.0,Neutral
2013-10-23,0.0,,0.0,Neutral,0.0,Neutral
2013-10-22,0.0,,0.0,Neutral,0.0,Neutral
2013-10-21,0.0,2013-10-21,0.8953396379947662,Strongly Positive,0.8953396379947662,Strongly Positive
2013-10-20,0.0,,0.0,Neutral,0.4476698189973831,Positive
2013-10-17,0.0,,0.0,Neutral,0.22383490949869156,Positive
2013-10-10,0.0,,0.0,Neutral,0.0,Neutral
2013-10-09,0.0,2013-10-09,0.9173533916473388,Strongly Positive,0.9173533916473388,Strongly Positive
2013-10-08,0.0,2013-10-08,-0.1359323263168335,Slightly Negative,0.3227443695068359,Positive
2013-10-07,0.0,,0.0,Neutral,0.16137218475341794,Slightly Positive
2013-10-06,0.0,,0.0,Neutral,-0.033983081579208374,Neutral
2013-10-03,0.0,,0.0,Neutral,0.0,Neutral
2013-10-02,0.0,,0.0,Neutral,0.0,Neutral
2013-09-30,0.0,,0.0,Neutral,0.0,Neutral
2013-09-29,0.0,,0.0,Neutral,0.0,Neutral
2013-09-26,0.0,,0.0,Neutral,0.0,Neutral
2013-09-25,0.0,,0.0,Neutral,0.0,Neutral
2013-09-24,0.0,,0.0,Neutral,0.0,Neutral
2013-09-23,0.0,,0.0,Neutral,0.0,Neutral
2013-09-22,0.0,,0.0,Neutral,0.0,Neutral
2013-09-19,0.0,2013-09-19,0.9179192781448364,Strongly Positive,0.9179192781448364,Strongly Positive
2013-09-17,0.0,,0.0,Neutral,0.4589596390724182,Positive
2013-09-16,0.0,,0.0,Neutral,0.2294798195362091,Positive
2013-09-15,0.0,,0.0,Neutral,0.0,Neutral
2013-09-12,0.0,,0.0,Neutral,0.0,Neutral
2013-09-10,0.0,,0.0,Neutral,0.0,Neutral
2013-09-09,0.0,,0.0,Neutral,0.0,Neutral
2013-09-08,0.0,,0.0,Neutral,0.0,Neutral
2013-09-05,0.0,,0.0,Neutral,0.0,Neutral
2013-09-04,0.0,,0.0,Neutral,0.0,Neutral
2013-09-03,0.0,2013-09-03,0.819646954536438,Strongly Positive,0.819646954536438,Strongly Positive
2013-09-02,0.0,,0.0,Neutral,0.409823477268219,Positive
2013-09-01,0.0,,0.0,Neutral,0.2049117386341095,Positive
2013-08-27,0.0,,0.0,Neutral,0.0,Neutral
2013-08-20,0.0,,0.0,Neutral,0.0,Neutral
2013-08-19,0.0,,0.0,Neutral,0.0,Neutral
2013-08-13,0.0,,0.0,Neutral,0.0,Neutral
2013-08-12,0.0,,0.0,Neutral,0.0,Neutral
2013-08-11,0.0,,0.0,Neutral,0.0,Neutral
2013-08-08,0.0,,0.0,Neutral,0.0,Neutral
2013-08-07,0.0,,0.0,Neutral,0.0,Neutral
2013-08-06,0.0,,0.0,Neutral,0.0,Neutral
2013-08-05,0.0,,0.0,Neutral,0.0,Neutral
2013-08-04,0.0,,0.0,Neutral,0.0,Neutral
2013-08-01,0.0,,0.0,Neutral,0.0,Neutral
2013-07-31,0.0,,0.0,Neutral,0.0,Neutral
2013-07-30,0.0,,0.0,Neutral,0.0,Neutral
2013-07-29,0.0,,0.0,Neutral,0.0,Neutral
2013-07-28,0.0,,0.0,Neutral,0.0,Neutral
2013-07-25,0.0,2013-07-25,0.3480015099048614,Positive,0.3480015099048614,Positive
2013-07-24,0.0,,0.0,Neutral,0.1740007549524307,Slightly Positive
2013-07-23,0.0,,0.0,Neutral,0.08700037747621535,Slightly Positive
2013-07-22,0.0,,0.0,Neutral,0.0,Neutral
2013-07-21,0.0,2013-07-21,-0.0085532963275909,Neutral,-0.0085532963275909,Neutral
2013-07-18,0.0,,0.0,Neutral,-0.00427664816379545,Neutral
2013-07-17,0.0,,0.0,Neutral,-0.002138324081897725,Neutral
2013-07-16,0.0,,0.0,Neutral,0.0,Neutral
2013-07-15,0.0,,0.0,Neutral,0.0,Neutral
2013-07-11,0.0,,0.0,Neutral,0.0,Neutral
2013-07-10,0.0,,0.0,Neutral,0.0,Neutral
2013-07-09,0.0,,0.0,Neutral,0.0,Neutral
2013-07-07,0.0,,0.0,Neutral,0.0,Neutral
2013-07-04,0.0,,0.0,Neutral,0.0,Neutral
2013-07-03,0.0,,0.0,Neutral,0.0,Neutral
2013-07-02,0.0,,0.0,Neutral,0.0,Neutral
2013-07-01,0.0,,0.0,Neutral,0.0,Neutral
2013-06-27,0.0,,0.0,Neutral,0.0,Neutral
2013-06-26,0.0,,0.0,Neutral,0.0,Neutral
2013-06-24,0.0,2013-06-24,0.81441730260849,Strongly Positive,0.81441730260849,Strongly Positive
2013-06-23,0.0,,0.0,Neutral,0.407208651304245,Positive
2013-06-20,0.0,,0.0,Neutral,0.2036043256521225,Positive
2013-06-19,0.0,,0.0,Neutral,0.0,Neutral
2013-06-18,0.0,,0.0,Neutral,0.0,Neutral
2013-06-17,0.0,,0.0,Neutral,0.0,Neutral
2013-06-13,0.0,,0.0,Neutral,0.0,Neutral
2013-06-12,0.0,,0.0,Neutral,0.0,Neutral
2013-06-11,0.0,,0.0,Neutral,0.0,Neutral
2013-06-10,0.0,,0.0,Neutral,0.0,Neutral
2013-06-09,0.0,,0.0,Neutral,0.0,Neutral
2013-06-06,0.0,,0.0,Neutral,0.0,Neutral
2013-06-05,0.0,,0.0,Neutral,0.0,Neutral
2013-06-04,0.0,,0.0,Neutral,0.0,Neutral
2013-06-03,0.0,,0.0,Neutral,0.0,Neutral
2013-06-02,0.0,,0.0,Neutral,0.0,Neutral
2013-05-30,0.0,,0.0,Neutral,0.0,Neutral
2013-05-28,0.0,,0.0,Neutral,0.0,Neutral
2013-05-27,0.0,,0.0,Neutral,0.0,Neutral
2013-05-26,0.0,,0.0,Neutral,0.0,Neutral
2013-05-23,0.0,,0.0,Neutral,0.0,Neutral
2013-05-22,0.0,,0.0,Neutral,0.0,Neutral
2013-05-21,0.0,,0.0,Neutral,0.0,Neutral
2013-05-20,0.0,,0.0,Neutral,0.0,Neutral
2013-05-19,0.0,,0.0,Neutral,0.0,Neutral
2013-05-16,0.0,,0.0,Neutral,0.0,Neutral
2013-05-15,0.0,,0.0,Neutral,0.0,Neutral
2013-05-14,0.0,,0.0,Neutral,0.0,Neutral
2013-05-13,0.0,,0.0,Neutral,0.0,Neutral
2013-05-12,0.0,,0.0,Neutral,0.0,Neutral
2013-05-09,0.0,,0.0,Neutral,0.0,Neutral
2013-05-08,0.0,,0.0,Neutral,0.0,Neutral
2013-05-06,0.0,,0.0,Neutral,0.0,Neutral
2013-05-05,0.0,,0.0,Neutral,0.0,Neutral
2013-05-02,0.0,,0.0,Neutral,0.0,Neutral
2013-04-30,0.0,,0.0,Neutral,0.0,Neutral
2013-04-29,0.0,,0.0,Neutral,0.0,Neutral
2013-04-28,0.0,,0.0,Neutral,0.0,Neutral
2013-04-22,0.0,2013-04-22,-0.2091480791568756,Negative,-0.2091480791568756,Negative
2013-04-18,0.0,,0.0,Neutral,-0.1045740395784378,Slightly Negative
2013-04-15,0.0,,0.0,Neutral,-0.0522870197892189,Slightly Negative
2013-04-11,0.0,,0.0,Neutral,0.0,Neutral
2013-04-09,0.0,,0.0,Neutral,0.0,Neutral
2013-04-08,0.0,,0.0,Neutral,0.0,Neutral
2013-04-07,0.0,,0.0,Neutral,0.0,Neutral
2013-04-04,0.0,,0.0,Neutral,0.0,Neutral
2013-04-03,0.0,,0.0,Neutral,0.0,Neutral
2013-04-02,0.0,,0.0,Neutral,0.0,Neutral
2013-04-01,0.0,,0.0,Neutral,0.0,Neutral
2013-03-31,0.0,,0.0,Neutral,0.0,Neutral
2013-03-28,0.0,,0.0,Neutral,0.0,Neutral
2013-03-27,0.0,,0.0,Neutral,0.0,Neutral
2013-03-25,0.0,,0.0,Neutral,0.0,Neutral
2013-03-24,0.0,,0.0,Neutral,0.0,Neutral
2013-03-21,0.0,,0.0,Neutral,0.0,Neutral
2013-03-20,0.0,,0.0,Neutral,0.0,Neutral
2013-03-18,0.0,,0.0,Neutral,0.0,Neutral
2013-03-17,0.0,,0.0,Neutral,0.0,Neutral
2013-03-14,0.0,,0.0,Neutral,0.0,Neutral
2013-03-13,0.0,2013-03-13,0.6635726094245911,Strongly Positive,0.6635726094245911,Strongly Positive
2013-03-11,0.0,,0.0,Neutral,0.33178630471229553,Positive
2013-03-07,0.0,,0.0,Neutral,0.16589315235614777,Slightly Positive
2013-03-06,0.0,,0.0,Neutral,0.0,Neutral
2013-03-04,0.0,,0.0,Neutral,0.0,Neutral
2013-02-28,0.0,,0.0,Neutral,0.0,Neutral
2013-02-27,0.0,,0.0,Neutral,0.0,Neutral
2013-02-25,0.0,,0.0,Neutral,0.0,Neutral
2013-02-24,0.0,,0.0,Neutral,0.0,Neutral
2013-02-20,0.0,,0.0,Neutral,0.0,Neutral
2013-02-19,0.0,,0.0,Neutral,0.0,Neutral
2013-02-17,0.0,,0.0,Neutral,0.0,Neutral
2013-02-14,0.0,,0.0,Neutral,0.0,Neutral
2013-02-13,0.0,,0.0,Neutral,0.0,Neutral
2013-02-12,0.0,,0.0,Neutral,0.0,Neutral
2013-02-10,0.0,,0.0,Neutral,0.0,Neutral
2013-02-06,0.0,,0.0,Neutral,0.0,Neutral
2013-02-05,0.0,,0.0,Neutral,0.0,Neutral
2013-02-04,0.0,,0.0,Neutral,0.0,Neutral
2013-02-03,0.0,,0.0,Neutral,0.0,Neutral
2013-01-31,0.0,,0.0,Neutral,0.0,Neutral
2013-01-30,0.0,,0.0,Neutral,0.0,Neutral
2013-01-28,0.0,2013-01-28,0.8766284584999084,Strongly Positive,0.8766284584999084,Strongly Positive
2013-01-27,0.0,,0.0,Neutral,0.4383142292499542,Positive
2013-01-24,0.0,,0.0,Neutral,0.2191571146249771,Positive
2013-01-23,0.0,,0.0,Neutral,0.0,Neutral
2013-01-22,0.0,,0.0,Neutral,0.0,Neutral
2013-01-21,0.0,2013-01-21,-0.8027498722076416,Strongly Negative,-0.8027498722076416,Strongly Negative
2013-01-17,0.0,,0.0,Neutral,-0.4013749361038208,Negative
2013-01-16,0.0,2013-01-16,0.4959243834018707,Positive,0.2952369153499603,Positive
2013-01-15,0.0,,0.0,Neutral,0.24796219170093536,Positive
2013-01-13,0.0,,0.0,Neutral,0.12398109585046768,Slightly Positive
2013-01-09,0.0,,0.0,Neutral,0.0,Neutral
2013-01-08,0.0,2013-01-08,0.4011178910732269,Positive,0.4011178910732269,Positive
2013-01-07,0.0,,0.0,Neutral,0.20055894553661344,Positive
2013-01-06,0.0,,0.0,Neutral,0.10027947276830672,Slightly Positive
2013-01-03,0.0,,0.0,Neutral,0.0,Neutral
2013-01-02,0.0,,0.0,Neutral,0.0,Neutral
2013-01-01,0.0,,0.0,Neutral,0.0,Neutral
2012-12-31,0.0,,0.0,Neutral,0.0,Neutral
2012-12-27,0.0,,0.0,Neutral,0.0,Neutral
2012-12-26,0.0,,0.0,Neutral,0.0,Neutral
2012-12-23,0.0,,0.0,Neutral,0.0,Neutral
2012-12-20,0.0,,0.0,Neutral,0.0,Neutral
2012-12-19,0.0,,0.0,Neutral,0.0,Neutral
2012-12-17,0.0,,0.0,Neutral,0.0,Neutral
2012-12-16,0.0,,0.0,Neutral,0.0,Neutral
2012-12-13,0.0,,0.0,Neutral,0.0,Neutral
2012-12-12,990.0,,0.0,Neutral,0.0,Neutral
2012-11-29,980.0,,0.0,Neutral,0.0,Neutral
2012-11-28,0.0,,0.0,Neutral,0.0,Neutral
2012-11-22,0.0,,0.0,Neutral,0.0,Neutral
2012-11-21,0.0,,0.0,Neutral,0.0,Neutral
2012-11-20,0.0,,0.0,Neutral,0.0,Neutral
2012-11-12,985.0,,0.0,Neutral,0.0,Neutral
2012-11-07,980.0,,0.0,Neutral,0.0,Neutral
2012-11-05,940.0,,0.0,Neutral,0.0,Neutral
2012-11-04,910.0,,0.0,Neutral,0.0,Neutral
2012-11-01,918.0,,0.0,Neutral,0.0,Neutral
2012-10-31,915.0,,0.0,Neutral,0.0,Neutral
2012-10-30,887.0,2012-10-30,0.8767701387405396,Strongly Positive,0.8767701387405396,Strongly Positive
2012-10-18,880.0,2012-10-18,0.8931323885917664,Strongly Positive,1.3315174579620361,Strongly Positive
2012-10-10,880.0,,0.0,Neutral,0.6657587289810181,Strongly Positive
2012-10-09,863.0,,0.0,Neutral,0.2232830971479416,Positive
2012-10-08,870.0,2012-10-08,0.9025632739067078,Strongly Positive,0.9025632739067078,Strongly Positive
2012-10-07,837.0,,0.0,Neutral,0.4512816369533539,Positive
2012-10-04,804.0,,0.0,Neutral,0.22564081847667694,Positive
2012-10-03,820.0,,0.0,Neutral,0.0,Neutral
2012-10-02,853.0,,0.0,Neutral,0.0,Neutral
2012-09-30,870.0,,0.0,Neutral,0.0,Neutral
2012-09-26,885.0,,0.0,Neutral,0.0,Neutral
2012-09-25,900.0,,0.0,Neutral,0.0,Neutral
2012-09-24,880.0,,0.0,Neutral,0.0,Neutral
2012-09-23,851.0,,0.0,Neutral,0.0,Neutral
2012-09-20,789.0,2012-09-20,0.8236021995544434,Strongly Positive,0.8236021995544434,Strongly Positive
2012-09-19,774.0,,0.0,Neutral,0.4118010997772217,Positive
2012-09-13,759.0,,0.0,Neutral,0.20590054988861084,Positive
2012-09-12,745.0,,0.0,Neutral,0.0,Neutral
2012-09-11,703.0,2012-09-11,0.9140388369560242,Strongly Positive,0.9140388369560242,Strongly Positive
2012-09-10,677.0,,0.0,Neutral,0.4570194184780121,Positive
2012-09-09,627.0,,0.0,Neutral,0.22850970923900604,Positive
2012-08-27,615.0,2012-08-27,0.879736602306366,Strongly Positive,0.879736602306366,Strongly Positive
2012-08-23,603.0,,0.0,Neutral,0.439868301153183,Positive
2012-07-30,592.0,,0.0,Neutral,0.2199341505765915,Positive
2012-07-25,581.0,,0.0,Neutral,0.0,Neutral
2012-07-18,570.0,,0.0,Neutral,0.0,Neutral
2012-07-12,566.0,,0.0,Neutral,0.0,Neutral
2012-07-11,566.0,,0.0,Neutral,0.0,Neutral
2012-07-09,555.0,,0.0,Neutral,0.0,Neutral
2012-07-08,587.0,,0.0,Neutral,0.0,Neutral
2012-07-05,576.0,,0.0,Neutral,0.0,Neutral
2012-07-04,560.0,,0.0,Neutral,0.0,Neutral
2012-06-20,756.0,,0.0,Neutral,0.0,Neutral
2012-06-19,691.0,,0.0,Neutral,0.0,Neutral
2012-06-18,691.0,,0.0,Neutral,0.0,Neutral
2012-06-17,678.0,,0.0,Neutral,0.0,Neutral
2012-06-13,640.0,,0.0,Neutral,0.0,Neutral
2012-06-12,630.0,,0.0,Neutral,0.0,Neutral
2012-06-11,620.0,,0.0,Neutral,0.0,Neutral
2012-06-06,618.0,,0.0,Neutral,0.0,Neutral
2012-06-05,630.0,,0.0,Neutral,0.0,Neutral
2012-06-04,623.0,,0.0,Neutral,0.0,Neutral
2012-05-30,630.0,,0.0,Neutral,0.0,Neutral
2012-05-24,639.0,,0.0,Neutral,0.0,Neutral
2012-05-22,627.0,,0.0,Neutral,0.0,Neutral
2012-05-21,627.0,,0.0,Neutral,0.0,Neutral
2012-05-10,615.0,,0.0,Neutral,0.0,Neutral
2012-05-09,603.0,,0.0,Neutral,0.0,Neutral
2012-05-08,592.0,,0.0,Neutral,0.0,Neutral
2012-05-02,590.0,,0.0,Neutral,0.0,Neutral
2012-04-12,600.0,,0.0,Neutral,0.0,Neutral
2012-04-09,593.0,,0.0,Neutral,0.0,Neutral
2012-04-05,604.0,,0.0,Neutral,0.0,Neutral
2012-04-02,616.0,,0.0,Neutral,0.0,Neutral
2012-04-01,628.0,,0.0,Neutral,0.0,Neutral
2012-03-29,640.0,,0.0,Neutral,0.0,Neutral
2012-03-25,670.0,,0.0,Neutral,0.0,Neutral
2012-03-21,675.0,,0.0,Neutral,0.0,Neutral
2012-03-20,677.0,,0.0,Neutral,0.0,Neutral
2012-03-15,682.0,,0.0,Neutral,0.0,Neutral
2012-03-11,675.0,,0.0,Neutral,0.0,Neutral
2012-03-06,675.0,,0.0,Neutral,0.0,Neutral
2012-03-04,670.0,,0.0,Neutral,0.0,Neutral
2012-02-28,669.0,,0.0,Neutral,0.0,Neutral
2012-02-26,644.0,,0.0,Neutral,0.0,Neutral
2012-02-23,620.0,,0.0,Neutral,0.0,Neutral
2012-02-21,610.0,,0.0,Neutral,0.0,Neutral
2012-02-15,596.0,,0.0,Neutral,0.0,Neutral
2012-02-12,563.0,,0.0,Neutral,0.0,Neutral
2012-02-01,574.0,,0.0,Neutral,0.0,Neutral
2012-01-31,574.0,,0.0,Neutral,0.0,Neutral
2012-01-29,563.0,,0.0,Neutral,0.0,Neutral
2012-01-26,563.0,,0.0,Neutral,0.0,Neutral
2012-01-23,552.0,,0.0,Neutral,0.0,Neutral
2012-01-10,532.0,,0.0,Neutral,0.0,Neutral
2012-01-09,517.0,,0.0,Neutral,0.0,Neutral
2012-01-08,507.0,,0.0,Neutral,0.0,Neutral
2012-01-01,489.0,,0.0,Neutral,0.0,Neutral
2011-12-27,498.0,,0.0,Neutral,0.0,Neutral
2011-12-14,489.0,,0.0,Neutral,0.0,Neutral
2011-12-13,480.0,,0.0,Neutral,0.0,Neutral
2011-11-16,450.0,,0.0,Neutral,0.0,Neutral
2011-11-15,455.0,,0.0,Neutral,0.0,Neutral
2011-10-31,453.0,2011-10-31,0.6547511518001556,Strongly Positive,0.6547511518001556,Strongly Positive
2011-10-23,445.0,2011-10-23,0.885678768157959,Strongly Positive,1.2130543440580368,Strongly Positive
2011-10-17,451.0,,0.0,Neutral,0.6065271720290184,Strongly Positive
2011-10-16,450.0,,0.0,Neutral,0.22141969203948975,Positive
2011-09-15,446.0,,0.0,Neutral,0.0,Neutral
2011-09-13,448.0,,0.0,Neutral,0.0,Neutral
2011-08-11,440.0,,0.0,Neutral,0.0,Neutral
2011-08-10,432.0,,0.0,Neutral,0.0,Neutral
2011-08-07,437.0,,0.0,Neutral,0.0,Neutral
2011-08-03,429.0,,0.0,Neutral,0.0,Neutral
2011-07-27,421.0,,0.0,Neutral,0.0,Neutral
2011-07-20,413.0,,0.0,Neutral,0.0,Neutral
2011-07-07,405.0,,0.0,Neutral,0.0,Neutral
2011-06-16,528.0,,0.0,Neutral,0.0,Neutral
2011-06-15,564.0,,0.0,Neutral,0.0,Neutral
2011-06-14,594.0,,0.0,Neutral,0.0,Neutral
2011-06-05,660.0,,0.0,Neutral,0.0,Neutral
2011-06-02,688.0,,0.0,Neutral,0.0,Neutral
2011-06-01,686.0,,0.0,Neutral,0.0,Neutral
2011-05-26,675.0,,0.0,Neutral,0.0,Neutral
2011-05-25,719.0,,0.0,Neutral,0.0,Neutral
2011-05-23,685.0,,0.0,Neutral,0.0,Neutral
2011-05-22,697.0,,0.0,Neutral,0.0,Neutral
2011-05-19,700.0,,0.0,Neutral,0.0,Neutral
2011-05-18,702.0,,0.0,Neutral,0.0,Neutral
2011-05-16,671.0,,0.0,Neutral,0.0,Neutral
2011-05-12,646.0,,0.0,Neutral,0.0,Neutral
2011-05-11,634.0,,0.0,Neutral,0.0,Neutral
2011-05-10,632.0,,0.0,Neutral,0.0,Neutral
2011-05-04,632.0,,0.0,Neutral,0.0,Neutral
2011-05-02,620.0,,0.0,Neutral,0.0,Neutral
2011-04-28,588.0,,0.0,Neutral,0.0,Neutral
2011-04-27,587.0,,0.0,Neutral,0.0,Neutral
2011-04-20,587.0,,0.0,Neutral,0.0,Neutral
2011-04-17,598.0,,0.0,Neutral,0.0,Neutral
2011-04-06,587.0,,0.0,Neutral,0.0,Neutral
2026-03-03,199.0,,0.0,Neutral,0.0,Neutral
2026-03-01,193.3,,0.0,Neutral,0.0,Neutral
2026-02-26,192.8,,0.0,Neutral,0.0,Neutral
2026-02-25,189.6,2026-02-25,0.8774493336677551,Strongly Positive,0.8774493336677551,Strongly Positive
2026-02-24,188.0,,0.0,Neutral,0.43872466683387756,Positive
2026-02-23,188.7,,0.0,Neutral,0.21936233341693878,Positive
2026-02-22,187.1,,0.0,Neutral,0.0,Neutral
2026-02-17,188.1,,0.0,Neutral,0.0,Neutral
2026-02-16,188.6,,0.0,Neutral,0.0,Neutral
2026-02-12,191.0,2026-02-12,-0.2644221298396587,Negative,-0.2644221298396587,Negative
2026-02-11,191.0,2026-02-11,-0.4408624172210693,Negative,-0.5730734821408986,Negative
2026-02-10,191.8,2026-02-10,-0.5762443542480469,Negative,-0.8627810953184962,Strongly Negative
2026-02-09,190.0,,0.0,Neutral,-0.39833778142929077,Negative
2026-02-08,192.9,,0.0,Neutral,-0.14406108856201172,Slightly Negative
2026-02-05,193.8,,0.0,Neutral,0.0,Neutral
2026-02-04,194.6,,0.0,Neutral,0.0,Neutral
2026-02-03,195.2,,0.0,Neutral,0.0,Neutral
2026-02-02,199.5,,0.0,Neutral,0.0,Neutral
2026-02-01,199.1,,0.0,Neutral,0.0,Neutral
2026-01-29,198.9,,0.0,Neutral,0.0,Neutral
2026-01-28,198.0,2026-01-28,0.0113222198560833,Neutral,0.0113222198560833,Neutral
2026-01-27,197.1,,0.0,Neutral,0.00566110992804165,Neutral
2026-01-26,200.0,,0.0,Neutral,0.002830554964020825,Neutral
2026-01-25,203.0,,0.0,Neutral,0.0,Neutral
2026-01-22,198.0,,0.0,Neutral,0.0,Neutral
2026-01-21,198.0,,0.0,Neutral,0.0,Neutral
2026-01-20,197.7,,0.0,Neutral,0.0,Neutral
2026-01-18,196.8,,0.0,Neutral,0.0,Neutral
2026-01-14,193.0,2026-01-14,0.0140300989151,Neutral,0.0140300989151,Neutral
2026-01-13,196.0,,0.0,Neutral,0.00701504945755,Neutral
2026-01-12,196.6,,0.0,Neutral,0.003507524728775,Neutral
2026-01-08,197.4,,0.0,Neutral,0.0,Neutral
2026-01-07,198.9,,0.0,Neutral,0.0,Neutral
2026-01-06,200.8,,0.0,Neutral,0.0,Neutral
2026-01-05,200.0,2026-01-05,-0.8387445211410522,Strongly Negative,-0.8387445211410522,Strongly Negative
2026-01-04,196.5,,0.0,Neutral,-0.4193722605705261,Negative
2026-01-01,198.8,,0.0,Neutral,-0.20968613028526306,Negative
2025-12-31,197.0,,0.0,Neutral,0.0,Neutral
2025-12-29,195.8,,0.0,Neutral,0.0,Neutral
2025-12-28,195.1,,0.0,Neutral,0.0,Neutral
2025-12-24,191.5,,0.0,Neutral,0.0,Neutral
2025-12-23,191.6,,0.0,Neutral,0.0,Neutral
2025-12-22,190.5,,0.0,Neutral,0.0,Neutral
2025-12-21,190.0,,0.0,Neutral,0.0,Neutral
2025-12-18,190.0,,0.0,Neutral,0.0,Neutral
2025-12-17,189.6,,0.0,Neutral,0.0,Neutral
2025-12-16,189.8,,0.0,Neutral,0.0,Neutral
2025-12-15,192.0,2025-12-15,0.0156788323074579,Neutral,0.0156788323074579,Neutral
2025-12-14,190.0,,0.0,Neutral,0.00783941615372895,Neutral
2025-12-11,191.6,2025-12-11,0.4957837536931038,Positive,0.49970346176996827,Positive
2025-12-10,191.4,,0.0,Neutral,0.2478918768465519,Positive
2025-12-09,191.9,,0.0,Neutral,0.12394593842327595,Slightly Positive
2025-12-08,192.9,,0.0,Neutral,0.0,Neutral
2025-12-07,194.9,,0.0,Neutral,0.0,Neutral
2025-12-03,196.0,,0.0,Neutral,0.0,Neutral
2025-12-02,193.1,,0.0,Neutral,0.0,Neutral
2025-12-01,196.0,,0.0,Neutral,0.0,Neutral
2025-11-30,199.6,2025-11-30,-0.5521965622901917,Negative,-0.5521965622901917,Negative
2025-11-27,200.0,,0.0,Neutral,-0.2760982811450958,Negative
2025-11-26,196.0,,0.0,Neutral,-0.1380491405725479,Slightly Negative
2025-11-25,194.9,2025-11-25,0.6663917303085327,Strongly Positive,0.6663917303085327,Strongly Positive
2025-11-24,191.5,,0.0,Neutral,0.33319586515426636,Positive
2025-11-23,186.8,,0.0,Neutral,0.16659793257713318,Slightly Positive
2025-11-20,186.0,,0.0,Neutral,0.0,Neutral
2025-11-19,189.0,,0.0,Neutral,0.0,Neutral
2025-11-18,190.0,,0.0,Neutral,0.0,Neutral
2025-11-17,187.1,,0.0,Neutral,0.0,Neutral
2025-11-16,189.0,,0.0,Neutral,0.0,Neutral
2025-11-13,192.0,,0.0,Neutral,0.0,Neutral
2025-11-12,188.5,,0.0,Neutral,0.0,Neutral
2025-11-11,189.5,2025-11-11,-0.5206417441368103,Negative,-0.5206417441368103,Negative
2025-11-10,192.0,2025-11-10,0.1399208903312683,Slightly Positive,-0.12039998173713684,Slightly Negative
2025-11-09,194.2,,0.0,Neutral,-0.06019999086856842,Slightly Negative
2025-11-06,200.0,,0.0,Neutral,0.03498022258281708,Neutral
2025-11-05,200.0,2025-11-05,0.9275050759315492,Strongly Positive,0.9275050759315492,Strongly Positive
2025-11-04,202.2,,0.0,Neutral,0.4637525379657746,Positive
2025-11-03,202.0,,0.0,Neutral,0.2318762689828873,Positive
2025-11-02,212.1,2025-11-02,0.8304534256458282,Strongly Positive,0.8304534256458282,Strongly Positive
2025-10-30,209.5,,0.0,Neutral,0.4152267128229141,Positive
2025-10-29,209.7,,0.0,Neutral,0.20761335641145706,Positive
2025-10-28,207.3,,0.0,Neutral,0.0,Neutral
2025-10-26,206.2,,0.0,Neutral,0.0,Neutral
2025-10-19,206.5,2025-10-19,-0.7027487754821777,Strongly Negative,-0.7027487754821777,Strongly Negative
2025-10-16,202.0,,0.0,Neutral,-0.35137438774108887,Negative
2025-10-15,200.1,,0.0,Neutral,-0.17568719387054443,Slightly Negative
2025-10-14,203.0,,0.0,Neutral,0.0,Neutral
2025-10-13,204.0,,0.0,Neutral,0.0,Neutral
2025-10-12,203.7,,0.0,Neutral,0.0,Neutral
2025-10-09,207.8,,0.0,Neutral,0.0,Neutral
2025-10-08,205.5,,0.0,Neutral,0.0,Neutral
2025-10-07,207.0,,0.0,Neutral,0.0,Neutral
2025-09-28,210.0,,0.0,Neutral,0.0,Neutral
2025-09-25,204.0,,0.0,Neutral,0.0,Neutral
2025-09-24,202.8,,0.0,Neutral,0.0,Neutral
2025-09-23,206.0,,0.0,Neutral,0.0,Neutral
2025-09-21,204.38,,0.0,Neutral,0.0,Neutral
2025-09-18,197.0,2025-09-18,0.0988965034484863,Slightly Positive,0.0988965034484863,Slightly Positive
2025-09-08,204.53,,0.0,Neutral,0.04944825172424315,Neutral
2025-09-07,205.98,,0.0,Neutral,0.024724125862121575,Neutral
2025-09-04,206.53,,0.0,Neutral,0.0,Neutral
2025-09-03,206.36,,0.0,Neutral,0.0,Neutral
2025-09-02,207.14,,0.0,Neutral,0.0,Neutral
2025-09-01,208.78,,0.0,Neutral,0.0,Neutral
2025-08-31,206.15,2025-08-31,-0.8702601194381714,Strongly Negative,-0.8702601194381714,Strongly Negative
2025-08-28,209.24,2025-08-28,0.9314732551574708,Strongly Positive,0.4963431954383851,Positive
2025-08-27,211.08,2025-08-27,-0.8449028730392456,Strongly Negative,-0.5967312753200531,Negative
2025-08-26,207.14,,0.0,Neutral,-0.1895831227302551,Slightly Negative
2025-08-25,209.55,,0.0,Neutral,-0.2112257182598114,Negative
2025-08-24,207.11,,0.0,Neutral,0.0,Neutral
2025-08-21,208.23,,0.0,Neutral,0.0,Neutral
2025-08-20,208.69,,0.0,Neutral,0.0,Neutral
2025-08-19,210.43,,0.0,Neutral,0.0,Neutral
2025-08-18,210.36,,0.0,Neutral,0.0,Neutral
2025-08-17,209.91,2025-08-17,-0.0869648940861225,Slightly Negative,-0.0869648940861225,Slightly Negative
2025-08-14,211.37,,0.0,Neutral,-0.04348244704306125,Neutral
2025-08-13,212.95,,0.0,Neutral,-0.021741223521530625,Neutral
2025-08-12,215.33,,0.0,Neutral,0.0,Neutral
2025-08-11,218.53,,0.0,Neutral,0.0,Neutral
2025-08-07,224.8,,0.0,Neutral,0.0,Neutral
2025-08-06,220.66,,0.0,Neutral,0.0,Neutral
2025-08-05,222.43,,0.0,Neutral,0.0,Neutral
2025-08-04,225.14,,0.0,Neutral,0.0,Neutral
2025-08-03,222.09,,0.0,Neutral,0.0,Neutral
2025-07-31,228.0,,0.0,Neutral,0.0,Neutral
2025-07-30,232.31,,0.0,Neutral,0.0,Neutral
2025-07-29,235.44,,0.0,Neutral,0.0,Neutral
2025-07-28,231.96,,0.0,Neutral,0.0,Neutral
2025-07-27,230.68,,0.0,Neutral,0.0,Neutral
2025-07-24,232.07,,0.0,Neutral,0.0,Neutral
2025-07-23,234.95,,0.0,Neutral,0.0,Neutral
2025-07-22,236.3,,0.0,Neutral,0.0,Neutral
2025-07-21,229.89,,0.0,Neutral,0.0,Neutral
2025-07-20,227.85,,0.0,Neutral,0.0,Neutral
2025-07-17,230.69,2025-07-17,0.0606837570667266,Slightly Positive,0.0606837570667266,Slightly Positive
2025-07-16,228.28,,0.0,Neutral,0.0303418785333633,Neutral
2025-07-15,223.98,,0.0,Neutral,0.01517093926668165,Neutral
2025-07-14,219.55,2025-07-14,0.3165594339370727,Positive,0.3165594339370727,Positive
2025-07-13,228.09,,0.0,Neutral,0.15827971696853635,Slightly Positive
2025-07-10,220.98,,0.0,Neutral,0.07913985848426817,Slightly Positive
2025-07-09,215.37,2025-07-09,0.5959690809249878,Positive,0.5959690809249878,Positive
2025-07-08,210.44,,0.0,Neutral,0.2979845404624939,Positive
2025-07-07,211.66,,0.0,Neutral,0.14899227023124695,Slightly Positive
2025-07-06,213.16,,0.0,Neutral,0.0,Neutral
2025-07-03,212.36,,0.0,Neutral,0.0,Neutral
2025-07-02,211.38,,0.0,Neutral,0.0,Neutral
2025-07-01,208.6,,0.0,Neutral,0.0,Neutral
2025-06-30,207.33,,0.0,Neutral,0.0,Neutral
2025-06-29,207.98,2025-06-29,0.0124993920326232,Neutral,0.0124993920326232,Neutral
2025-06-26,201.99,,0.0,Neutral,0.0062496960163116,Neutral
2025-06-25,203.55,2025-06-25,-0.5497723817825317,Negative,-0.5466475337743759,Negative
2025-06-24,203.59,,0.0,Neutral,-0.27488619089126587,Negative
2025-06-23,201.6,,0.0,Neutral,-0.13744309544563293,Slightly Negative
2025-06-22,200.35,,0.0,Neutral,0.0,Neutral
2025-06-19,202.24,2025-06-19,0.9185822606086732,Strongly Positive,0.9185822606086732,Strongly Positive
2025-06-18,203.14,2025-06-18,0.134243756532669,Slightly Positive,0.5935348868370056,Positive
2025-06-17,205.75,,0.0,Neutral,0.2967674434185028,Positive
2025-06-16,208.28,,0.0,Neutral,0.03356093913316725,Neutral
2025-06-15,205.39,,0.0,Neutral,0.0,Neutral
2025-06-12,206.91,,0.0,Neutral,0.0,Neutral
2025-06-11,207.32,2025-06-11,-0.1211603879928588,Slightly Negative,-0.1211603879928588,Slightly Negative
2025-06-10,210.31,2025-06-10,-0.4339157342910766,Negative,-0.494495928287506,Negative
2025-06-09,209.31,2025-06-09,-0.3343536257743835,Negative,-0.5816015899181365,Negative
2025-06-08,207.6,,0.0,Neutral,-0.2756557464599609,Negative
2025-06-05,209.78,2025-06-05,-0.5912338495254517,Negative,-0.6748222559690475,Strongly Negative
2025-06-04,210.8,,0.0,Neutral,-0.29561692476272583,Negative
2025-06-03,214.07,2025-06-03,-0.2338424623012542,Negative,-0.3816509246826171,Negative
2025-06-02,220.21,2025-06-02,-0.5659517645835876,Negative,-0.6828729957342148,Strongly Negative
2025-05-28,222.55,,0.0,Neutral,-0.3414364978671074,Negative
2025-05-27,216.09,,0.0,Neutral,-0.1414879411458969,Slightly Negative
2025-05-26,213.94,2025-05-26,-0.7628889083862305,Strongly Negative,-0.7628889083862305,Strongly Negative
2025-05-25,215.15,,0.0,Neutral,-0.38144445419311523,Negative
2025-05-22,216.18,2025-05-22,-0.7128505706787109,Strongly Negative,-0.9035727977752686,Strongly Negative
2025-05-21,205.11,,0.0,Neutral,-0.35642528533935547,Negative
2025-05-20,206.07,2025-05-20,-0.6116074919700623,Strongly Negative,-0.78982013463974,Strongly Negative
2025-05-19,201.08,,0.0,Neutral,-0.30580374598503113,Negative
2025-05-18,198.11,,0.0,Neutral,-0.15290187299251556,Slightly Negative
2025-05-15,197.86,,0.0,Neutral,0.0,Neutral
2025-05-14,197.81,2025-05-14,-0.120438814163208,Slightly Negative,-0.120438814163208,Slightly Negative
2025-05-13,199.47,,0.0,Neutral,-0.060219407081604,Slightly Negative
2025-05-11,202.02,,0.0,Neutral,-0.030109703540802,Neutral
2025-05-08,203.37,,0.0,Neutral,0.0,Neutral
2025-05-07,207.05,,0.0,Neutral,0.0,Neutral
2025-05-06,199.1,,0.0,Neutral,0.0,Neutral
2025-05-05,199.26,,0.0,Neutral,0.0,Neutral
2025-05-04,199.0,,0.0,Neutral,0.0,Neutral
2025-04-30,201.07,,0.0,Neutral,0.0,Neutral
2025-04-29,201.39,,0.0,Neutral,0.0,Neutral
2025-04-28,201.39,,0.0,Neutral,0.0,Neutral
2025-04-27,202.86,,0.0,Neutral,0.0,Neutral
2025-04-24,202.34,,0.0,Neutral,0.0,Neutral
2025-04-23,201.75,,0.0,Neutral,0.0,Neutral
2025-04-22,204.94,2025-04-22,0.0065177381038665,Neutral,0.0065177381038665,Neutral
2025-04-21,208.56,2025-04-21,-0.1222520172595977,Slightly Negative,-0.11899314820766445,Slightly Negative
2025-04-20,209.51,2025-04-20,-0.9325382113456726,Strongly Negative,-0.9920347854495049,Strongly Negative
2025-04-17,212.68,,0.0,Neutral,-0.49683210998773575,Negative
2025-04-16,209.73,2025-04-16,-0.1533498167991638,Slightly Negative,-0.38648436963558197,Negative
2025-04-15,213.68,,0.0,Neutral,-0.0766749083995819,Slightly Negative
2025-04-13,210.0,2025-04-13,0.0838408172130584,Slightly Positive,0.045503363013267455,Neutral
2025-04-10,210.26,2025-04-10,0.1280533671379089,Slightly Positive,0.16997377574443812,Slightly Positive
2025-04-09,211.24,,0.0,Neutral,0.08498688787221906,Slightly Positive
2025-04-08,211.88,,0.0,Neutral,0.03201334178447723,Neutral
2025-04-07,213.17,,0.0,Neutral,0.0,Neutral
2025-04-03,215.72,,0.0,Neutral,0.0,Neutral
2025-04-02,212.0,,0.0,Neutral,0.0,Neutral
2025-04-01,210.54,,0.0,Neutral,0.0,Neutral
2025-03-30,211.94,2025-03-30,-0.4880945086479187,Negative,-0.4880945086479187,Negative
2025-03-27,209.11,,0.0,Neutral,-0.24404725432395935,Negative
2025-03-26,208.33,2025-03-26,-0.6513763070106506,Strongly Negative,-0.7733999341726303,Strongly Negative
2025-03-25,207.15,2025-03-25,0.2815593183040619,Positive,-0.04412883520126343,Neutral
2025-03-24,209.12,,0.0,Neutral,-0.022064417600631714,Neutral
2025-03-23,206.18,2025-03-23,-0.6444237232208252,Strongly Negative,-0.5740338936448097,Negative
2025-03-20,208.39,2025-03-20,-0.406167596578598,Negative,-0.7283794581890106,Strongly Negative
2025-03-19,209.2,,0.0,Neutral,-0.3641897290945053,Negative
2025-03-18,211.0,,0.0,Neutral,-0.1015418991446495,Slightly Negative
2025-03-17,212.0,2025-03-17,-0.0320629775524139,Neutral,-0.0320629775524139,Neutral
2025-03-16,211.0,,0.0,Neutral,-0.01603148877620695,Neutral
2025-03-12,212.3,,0.0,Neutral,-0.008015744388103475,Neutral
2025-03-11,213.0,,0.0,Neutral,0.0,Neutral
2025-03-10,214.3,2025-03-10,-0.7477757930755615,Strongly Negative,-0.7477757930755615,Strongly Negative
2025-03-09,216.1,,0.0,Neutral,-0.37388789653778076,Negative
2025-03-06,220.0,,0.0,Neutral,-0.18694394826889038,Slightly Negative
2025-03-05,219.4,,0.0,Neutral,0.0,Neutral
2025-03-04,223.8,,0.0,Neutral,0.0,Neutral
2025-03-03,226.0,,0.0,Neutral,0.0,Neutral
2025-03-02,229.8,,0.0,Neutral,0.0,Neutral
2025-02-27,219.7,,0.0,Neutral,0.0,Neutral
2025-02-25,213.0,,0.0,Neutral,0.0,Neutral
2025-02-24,214.4,2025-02-24,-0.3941380977630615,Negative,-0.3941380977630615,Negative
2025-02-23,213.1,,0.0,Neutral,-0.19706904888153076,Slightly Negative
2025-02-20,214.4,,0.0,Neutral,-0.09853452444076538,Slightly Negative
2025-02-18,214.8,,0.0,Neutral,0.0,Neutral
2025-02-17,215.5,,0.0,Neutral,0.0,Neutral
2025-02-16,209.5,,0.0,Neutral,0.0,Neutral
2025-02-13,207.0,2025-02-13,-0.6699524521827698,Strongly Negative,-0.6699524521827698,Strongly Negative
2025-02-12,209.5,2025-02-12,0.2080480456352233,Positive,-0.12692818045616158,Slightly Negative
2025-02-11,209.5,,0.0,Neutral,-0.06346409022808079,Slightly Negative
2025-02-10,208.2,,0.0,Neutral,0.052012011408805826,Slightly Positive
2025-02-09,208.5,,0.0,Neutral,0.0,Neutral
2025-02-06,208.1,,0.0,Neutral,0.0,Neutral
2025-02-05,210.4,,0.0,Neutral,0.0,Neutral
2025-02-04,211.0,,0.0,Neutral,0.0,Neutral
2025-02-03,213.0,,0.0,Neutral,0.0,Neutral
2025-02-02,210.1,,0.0,Neutral,0.0,Neutral
2025-01-28,205.0,,0.0,Neutral,0.0,Neutral
2025-01-27,204.5,,0.0,Neutral,0.0,Neutral
2025-01-26,206.0,,0.0,Neutral,0.0,Neutral
2025-01-23,207.0,2025-01-23,-0.2442322820425033,Negative,-0.2442322820425033,Negative
2025-01-22,207.4,,0.0,Neutral,-0.12211614102125165,Slightly Negative
2025-01-21,203.5,,0.0,Neutral,-0.061058070510625825,Slightly Negative
2025-01-20,206.0,2025-01-20,-0.0088043892756104,Neutral,-0.0088043892756104,Neutral
2025-01-19,206.4,,0.0,Neutral,-0.0044021946378052,Neutral
2025-01-16,207.5,,0.0,Neutral,-0.0022010973189026,Neutral
2025-01-15,210.0,,0.0,Neutral,0.0,Neutral
2025-01-13,210.9,,0.0,Neutral,0.0,Neutral
2025-01-12,214.0,,0.0,Neutral,0.0,Neutral
2025-01-09,215.5,,0.0,Neutral,0.0,Neutral
2025-01-08,215.9,,0.0,Neutral,0.0,Neutral
2025-01-07,215.1,,0.0,Neutral,0.0,Neutral
2025-01-06,218.0,,0.0,Neutral,0.0,Neutral
2025-01-05,216.0,,0.0,Neutral,0.0,Neutral
2025-01-02,220.0,2025-01-02,0.9056085348129272,Strongly Positive,0.9056085348129272,Strongly Positive
2025-01-01,220.0,,0.0,Neutral,0.4528042674064636,Positive
2024-12-31,219.1,,0.0,Neutral,0.2264021337032318,Positive
2024-12-29,221.9,,0.0,Neutral,0.0,Neutral
2024-12-26,223.9,,0.0,Neutral,0.0,Neutral
2024-12-24,219.5,,0.0,Neutral,0.0,Neutral
2024-12-23,217.9,,0.0,Neutral,0.0,Neutral
2024-12-22,213.7,,0.0,Neutral,0.0,Neutral
2024-12-19,214.0,,0.0,Neutral,0.0,Neutral
2024-12-18,217.0,,0.0,Neutral,0.0,Neutral
2024-12-17,217.5,,0.0,Neutral,0.0,Neutral
2024-12-16,217.6,2024-12-16,-0.1873531192541122,Slightly Negative,-0.1873531192541122,Slightly Negative
2024-12-12,220.0,2024-12-12,-0.7372568249702454,Strongly Negative,-0.8309333845973015,Strongly Negative
2024-12-11,226.9,,0.0,Neutral,-0.41546669229865074,Negative
2024-12-10,217.7,2024-12-10,0.0605501011013984,Slightly Positive,-0.12376410514116294,Slightly Negative
2024-12-09,216.0,2024-12-09,0.0543120503425598,Slightly Positive,0.08458710089325899,Slightly Positive
2024-12-08,221.0,,0.0,Neutral,0.042293550446629496,Neutral
2024-12-05,223.7,2024-12-05,-0.8622756004333496,Strongly Negative,-0.8486975878477097,Strongly Negative
2024-12-04,224.0,,0.0,Neutral,-0.4311378002166748,Negative
2024-12-03,226.0,,0.0,Neutral,-0.2155689001083374,Negative
2024-12-02,223.7,,0.0,Neutral,0.0,Neutral
2024-12-01,227.0,,0.0,Neutral,0.0,Neutral
2024-11-28,232.0,,0.0,Neutral,0.0,Neutral
2024-11-27,237.0,,0.0,Neutral,0.0,Neutral
2024-11-26,233.7,,0.0,Neutral,0.0,Neutral
2024-11-25,227.0,,0.0,Neutral,0.0,Neutral
2024-11-24,225.5,,0.0,Neutral,0.0,Neutral
2024-11-21,230.0,2024-11-21,0.3522944152355194,Positive,0.3522944152355194,Positive
2024-11-20,232.0,,0.0,Neutral,0.1761472076177597,Slightly Positive
2024-11-19,232.0,,0.0,Neutral,0.08807360380887985,Slightly Positive
2024-11-17,235.0,,0.0,Neutral,0.0,Neutral
2024-11-14,236.0,,0.0,Neutral,0.0,Neutral
2024-11-13,236.0,,0.0,Neutral,0.0,Neutral
2024-11-12,241.1,,0.0,Neutral,0.0,Neutral
2024-11-11,242.0,2024-11-11,0.9224844574928284,Strongly Positive,0.9224844574928284,Strongly Positive
2024-11-10,238.0,2024-11-10,0.0913766026496887,Slightly Positive,0.5526188313961029,Positive
2024-11-06,232.0,2024-11-06,0.6941941380500793,Strongly Positive,0.9705035537481308,Strongly Positive
2024-11-05,232.0,,0.0,Neutral,0.36994121968746185,Positive
2024-10-30,236.5,,0.0,Neutral,0.17354853451251984,Slightly Positive
2024-10-29,242.0,2024-10-29,-0.4482151567935943,Negative,-0.4482151567935943,Negative
2024-10-28,234.4,,0.0,Neutral,-0.22410757839679715,Negative
2024-10-27,229.9,,0.0,Neutral,-0.11205378919839858,Slightly Negative
2024-10-24,234.6,,0.0,Neutral,0.0,Neutral
2024-10-23,242.0,2024-10-23,-0.5182260870933533,Negative,-0.5182260870933533,Negative
2024-10-22,252.0,,0.0,Neutral,-0.25911304354667664,Negative
2024-10-21,252.0,,0.0,Neutral,-0.12955652177333832,Slightly Negative
2024-10-20,259.0,2024-10-20,-0.0460387840867042,Neutral,-0.0460387840867042,Neutral
2024-10-17,260.0,2024-10-17,-0.5775560140609741,Negative,-0.6005754061043262,Strongly Negative
2024-10-16,258.0,2024-10-16,0.3032940030097961,Positive,0.003006299957632977,Neutral
2024-10-15,250.0,,0.0,Neutral,0.007257997989654513,Neutral
2024-10-09,253.0,2024-10-09,0.9219281077384948,Strongly Positive,0.9977516084909438,Strongly Positive
2024-10-08,250.9,,0.0,Neutral,0.4609640538692474,Positive
2024-10-07,251.0,2024-10-07,0.9075050950050354,Strongly Positive,1.1379871219396591,Strongly Positive
2024-10-06,244.6,,0.0,Neutral,0.4537525475025177,Positive
2024-10-02,239.0,,0.0,Neutral,0.22687627375125885,Positive
2024-10-01,240.0,2024-10-01,0.9054638147354126,Strongly Positive,0.9054638147354126,Strongly Positive
2024-09-30,230.6,,0.0,Neutral,0.4527319073677063,Positive
2024-09-29,225.0,,0.0,Neutral,0.22636595368385315,Positive
2024-09-26,227.1,,0.0,Neutral,0.0,Neutral
2024-09-25,233.0,,0.0,Neutral,0.0,Neutral
2024-09-24,229.0,2024-09-24,0.9053268432617188,Strongly Positive,0.9053268432617188,Strongly Positive
2024-09-23,230.1,,0.0,Neutral,0.4526634216308594,Positive
2024-09-22,233.0,,0.0,Neutral,0.2263317108154297,Positive
2024-09-18,235.0,2024-09-18,0.0292224586009979,Neutral,0.0292224586009979,Neutral
2024-09-16,230.0,2024-09-16,0.0701217502355575,Slightly Positive,0.08473297953605645,Slightly Positive
2024-09-15,237.0,,0.0,Neutral,0.042366489768028225,Neutral
2024-09-12,240.0,2024-09-12,0.7334011197090149,Strongly Positive,0.7509315572679043,Strongly Positive
2024-09-11,226.7,,0.0,Neutral,0.36670055985450745,Positive
2024-09-10,229.0,,0.0,Neutral,0.18335027992725372,Slightly Positive
2024-09-09,228.0,,0.0,Neutral,0.0,Neutral
2024-09-08,232.0,2024-09-08,0.0105989575386047,Neutral,0.0105989575386047,Neutral
2024-09-05,237.0,,0.0,Neutral,0.00529947876930235,Neutral
2024-09-04,240.0,,0.0,Neutral,0.002649739384651175,Neutral
2024-09-03,247.0,2024-09-03,-0.2997061610221863,Negative,-0.2997061610221863,Negative
2024-09-02,248.0,,0.0,Neutral,-0.14985308051109314,Slightly Negative
2024-09-01,236.7,,0.0,Neutral,-0.07492654025554657,Slightly Negative
2024-08-29,244.0,,0.0,Neutral,0.0,Neutral
2024-08-28,249.0,,0.0,Neutral,0.0,Neutral
2024-08-27,250.0,,0.0,Neutral,0.0,Neutral
2024-08-25,264.9,,0.0,Neutral,0.0,Neutral
2024-08-22,275.0,,0.0,Neutral,0.0,Neutral
2024-08-21,273.6,,0.0,Neutral,0.0,Neutral
2024-08-18,277.0,,0.0,Neutral,0.0,Neutral
2024-08-15,277.5,,0.0,Neutral,0.0,Neutral
2024-08-14,260.0,,0.0,Neutral,0.0,Neutral
2024-08-13,254.0,,0.0,Neutral,0.0,Neutral
2024-08-12,254.0,,0.0,Neutral,0.0,Neutral
2024-08-11,243.0,2024-08-11,-0.6217007637023926,Strongly Negative,-0.6217007637023926,Strongly Negative
2024-08-08,233.0,,0.0,Neutral,-0.3108503818511963,Negative
2024-08-07,239.5,,0.0,Neutral,-0.15542519092559814,Slightly Negative
2024-08-06,231.0,2024-08-06,0.06113051623106,Slightly Positive,0.06113051623106,Slightly Positive
2024-08-05,255.4,2024-08-05,-0.0004892461001873,Neutral,0.0300760120153427,Neutral
2024-08-01,265.9,,0.0,Neutral,0.01503800600767135,Neutral
2024-07-31,261.0,,0.0,Neutral,-0.000122311525046825,Neutral
2024-07-30,261.0,,0.0,Neutral,0.0,Neutral
2024-07-29,261.1,,0.0,Neutral,0.0,Neutral
2024-07-28,253.0,,0.0,Neutral,0.0,Neutral
2024-07-25,230.0,,0.0,Neutral,0.0,Neutral
2024-07-24,225.1,,0.0,Neutral,0.0,Neutral
2024-07-23,229.5,,0.0,Neutral,0.0,Neutral
2024-07-22,220.0,,0.0,Neutral,0.0,Neutral
2024-07-21,226.0,2024-07-21,0.2961920797824859,Positive,0.2961920797824859,Positive
2024-07-18,221.0,,0.0,Neutral,0.14809603989124295,Slightly Positive
2024-07-17,205.1,,0.0,Neutral,0.07404801994562148,Slightly Positive
2024-07-16,202.9,,0.0,Neutral,0.0,Neutral
2024-07-15,193.5,2024-07-15,0.0531130880117416,Slightly Positive,0.0531130880117416,Slightly Positive
2024-07-14,192.0,2024-07-14,0.4453930258750915,Positive,0.4719495698809623,Positive
2024-07-11,189.0,,0.0,Neutral,0.23597478494048116,Positive
2024-07-10,182.4,2024-07-10,-0.0372032523155212,Neutral,0.07414500415325168,Slightly Positive
2024-07-09,179.0,,0.0,Neutral,-0.0186016261577606,Neutral
2024-07-08,176.5,,0.0,Neutral,-0.0093008130788803,Neutral
2024-07-07,178.5,2024-07-07,-0.6083687543869019,Strongly Negative,-0.6083687543869019,Strongly Negative
2024-07-04,176.0,2024-07-04,-0.7496742010116577,Strongly Negative,-1.0538585782051086,Strongly Negative
2024-07-03,176.0,,0.0,Neutral,-0.5269292891025543,Negative
2024-07-02,169.4,,0.0,Neutral,-0.18741855025291443,Slightly Negative
2024-07-01,166.1,,0.0,Neutral,0.0,Neutral
2024-06-30,161.9,2024-06-30,-0.5555654168128967,Negative,-0.5555654168128967,Negative
2024-06-27,163.7,,0.0,Neutral,-0.27778270840644836,Negative
2024-06-26,163.0,,0.0,Neutral,-0.13889135420322418,Slightly Negative
2024-06-25,165.0,,0.0,Neutral,0.0,Neutral
2024-06-24,165.0,,0.0,Neutral,0.0,Neutral
2024-06-23,164.0,,0.0,Neutral,0.0,Neutral
2024-06-20,164.3,2024-06-20,-0.7754740715026855,Strongly Negative,-0.7754740715026855,Strongly Negative
2024-06-19,167.0,2024-06-19,0.928455650806427,Strongly Positive,0.5407186150550842,Positive
2024-06-18,164.5,,0.0,Neutral,0.2703593075275421,Positive
2024-06-16,168.0,,0.0,Neutral,0.23211391270160675,Positive
2024-06-13,170.0,,0.0,Neutral,0.0,Neutral
2024-06-12,170.2,2024-06-12,-0.3344677183777093,Negative,-0.3344677183777093,Negative
2024-06-11,171.0,2024-06-11,-0.703773021697998,Strongly Negative,-0.8710068808868527,Strongly Negative
2024-06-10,166.0,2024-06-10,0.0591075792908668,Slightly Positive,-0.3763958611525595,Negative
2024-06-09,166.0,,0.0,Neutral,-0.1463894657790661,Slightly Negative
2024-06-06,167.0,,0.0,Neutral,0.0147768948227167,Neutral
2024-06-05,168.0,,0.0,Neutral,0.0,Neutral
2024-06-04,170.0,,0.0,Neutral,0.0,Neutral
2024-06-03,167.6,,0.0,Neutral,0.0,Neutral
2024-06-02,172.0,,0.0,Neutral,0.0,Neutral
2024-05-30,170.2,,0.0,Neutral,0.0,Neutral
2024-05-29,175.0,,0.0,Neutral,0.0,Neutral
2024-05-27,179.0,2024-05-27,-0.6427181959152222,Strongly Negative,-0.6427181959152222,Strongly Negative
2024-05-26,176.9,2024-05-26,-0.5461372137069702,Negative,-0.8674963116645813,Strongly Negative
2024-05-22,179.0,,0.0,Neutral,-0.43374815583229065,Negative
2024-05-21,174.8,2024-05-21,0.9287891387939452,Strongly Positive,0.7922548353672026,Strongly Positive
2024-05-20,172.0,2024-05-20,-0.7473208904266357,Strongly Negative,-0.28292632102966314,Negative
2024-05-19,164.0,,0.0,Neutral,-0.14146316051483157,Slightly Negative
2024-05-16,158.0,,0.0,Neutral,-0.18683022260665894,Slightly Negative
2024-05-15,161.9,,0.0,Neutral,0.0,Neutral
2024-05-14,162.0,,0.0,Neutral,0.0,Neutral
2024-05-13,161.5,2024-05-13,-0.0147014185786247,Neutral,-0.0147014185786247,Neutral
2024-05-12,156.0,,0.0,Neutral,-0.00735070928931235,Neutral
2024-05-09,155.0,,0.0,Neutral,-0.003675354644656175,Neutral
2024-05-08,154.8,,0.0,Neutral,0.0,Neutral
2024-05-07,154.1,,0.0,Neutral,0.0,Neutral
2024-05-06,154.7,,0.0,Neutral,0.0,Neutral
2024-05-05,155.9,,0.0,Neutral,0.0,Neutral
2024-05-02,155.5,,0.0,Neutral,0.0,Neutral
2024-04-30,157.0,,0.0,Neutral,0.0,Neutral
2024-04-29,154.0,2024-04-29,-0.2238787710666656,Negative,-0.2238787710666656,Negative
2024-04-28,154.9,,0.0,Neutral,-0.1119393855333328,Slightly Negative
2024-04-25,155.9,,0.0,Neutral,-0.0559696927666664,Slightly Negative
2024-04-24,154.6,,0.0,Neutral,0.0,Neutral
2024-04-22,155.9,2024-04-22,-0.397852748632431,Negative,-0.397852748632431,Negative
2024-04-21,156.8,2024-04-21,-0.6756387948989868,Strongly Negative,-0.8745651692152023,Strongly Negative
2024-04-18,158.0,,0.0,Neutral,-0.43728258460760117,Negative
2024-04-16,157.0,2024-04-16,0.4685211181640625,Positive,0.2996114194393158,Positive
2024-04-15,156.8,2024-04-15,-0.5954660177230835,Negative,-0.36120545864105225,Negative
2024-04-14,159.0,2024-04-14,-0.4558782577514648,Negative,-0.636480987071991,Strongly Negative
2024-04-10,159.0,2024-04-10,-0.0239664651453495,Neutral,-0.40077209845185274,Negative
2024-04-09,158.6,,0.0,Neutral,-0.12595279701054093,Slightly Negative
2024-04-07,158.4,2024-04-07,-0.6892299056053162,Strongly Negative,-0.6952215218916535,Strongly Negative
2024-04-04,158.0,2024-04-04,-0.323227971792221,Negative,-0.6678429245948792,Strongly Negative
2024-04-03,158.0,,0.0,Neutral,-0.3339214622974396,Negative
2024-04-02,159.5,2024-04-02,-0.4733312129974365,Negative,-0.5541382059454918,Negative
2024-04-01,160.0,,0.0,Neutral,-0.23666560649871826,Negative
2024-03-31,160.0,,0.0,Neutral,-0.11833280324935913,Slightly Negative
2024-03-28,160.5,,0.0,Neutral,0.0,Neutral
2024-03-27,159.5,,0.0,Neutral,0.0,Neutral
2024-03-26,161.5,2024-03-26,-0.2324217855930328,Negative,-0.2324217855930328,Negative
2024-03-25,162.0,,0.0,Neutral,-0.1162108927965164,Slightly Negative
2024-03-21,163.8,2024-03-21,-0.3527610003948211,Negative,-0.4108664467930793,Negative
2024-03-20,164.7,,0.0,Neutral,-0.17638050019741056,Slightly Negative
2024-03-19,163.0,,0.0,Neutral,-0.08819025009870528,Slightly Negative
2024-03-18,165.9,,0.0,Neutral,0.0,Neutral
2024-03-17,165.0,,0.0,Neutral,0.0,Neutral
2024-03-14,165.4,2024-03-14,-0.0184712968766689,Neutral,-0.0184712968766689,Neutral
2024-03-13,167.1,2024-03-13,-0.5365344434976578,Negative,-0.5457700919359922,Negative
2024-03-12,169.2,,0.0,Neutral,-0.2728850459679961,Negative
2024-03-10,164.2,,0.0,Neutral,-0.13413361087441444,Slightly Negative
2024-03-07,164.0,,0.0,Neutral,0.0,Neutral
2024-03-06,164.0,,0.0,Neutral,0.0,Neutral
2024-03-05,166.0,,0.0,Neutral,0.0,Neutral
2024-03-04,169.9,,0.0,Neutral,0.0,Neutral
2024-03-03,161.0,2024-03-03,0.659336507320404,Strongly Positive,0.659336507320404,Strongly Positive
2024-02-29,161.0,2024-02-29,0.5973718166351318,Positive,0.9270400702953339,Strongly Positive
2024-02-28,164.0,,0.0,Neutral,0.46352003514766693,Positive
2024-02-27,163.9,,0.0,Neutral,0.14934295415878296,Slightly Positive
2024-02-26,163.8,2024-02-26,-0.6391295790672302,Strongly Negative,-0.6391295790672302,Strongly Negative
2024-02-25,162.4,2024-02-25,-0.7076578140258789,Strongly Negative,-1.027222603559494,Strongly Negative
2024-02-22,163.3,,0.0,Neutral,-0.513611301779747,Negative
2024-02-21,165.0,,0.0,Neutral,-0.17691445350646973,Slightly Negative
2024-02-20,164.5,,0.0,Neutral,0.0,Neutral
2024-02-18,165.0,,0.0,Neutral,0.0,Neutral
2024-02-15,165.2,,0.0,Neutral,0.0,Neutral
2024-02-14,166.0,,0.0,Neutral,0.0,Neutral
2024-02-13,167.0,,0.0,Neutral,0.0,Neutral
2024-02-12,167.3,2024-02-12,0.0213358532637357,Neutral,0.0213358532637357,Neutral
2024-02-11,168.0,,0.0,Neutral,0.01066792663186785,Neutral
2024-02-08,169.0,,0.0,Neutral,0.005333963315933925,Neutral
2024-02-07,168.4,2024-02-07,0.9190106987953186,Strongly Positive,0.9190106987953186,Strongly Positive
2024-02-06,167.5,,0.0,Neutral,0.4595053493976593,Positive
2024-02-05,165.9,,0.0,Neutral,0.22975267469882965,Positive
2024-02-04,166.5,,0.0,Neutral,0.0,Neutral
2024-02-01,167.0,2024-02-01,0.9017196297645568,Strongly Positive,0.9017196297645568,Strongly Positive
2024-01-31,169.0,,0.0,Neutral,0.4508598148822784,Positive
2024-01-30,170.0,,0.0,Neutral,0.2254299074411392,Positive
2024-01-29,170.0,,0.0,Neutral,0.0,Neutral
2024-01-28,170.0,2024-01-28,-0.5602532029151917,Negative,-0.5602532029151917,Negative
2024-01-25,170.0,2024-01-25,0.9305034875869752,Strongly Positive,0.6503768861293794,Strongly Positive
2024-01-24,172.9,,0.0,Neutral,0.3251884430646897,Positive
2024-01-23,173.9,,0.0,Neutral,0.2326258718967438,Positive
2024-01-22,174.0,2024-01-22,0.0955185890197753,Slightly Positive,0.0955185890197753,Slightly Positive
2024-01-21,178.0,2024-01-21,-0.0024153357371688,Neutral,0.045343958772718844,Neutral
2024-01-18,181.9,2024-01-18,0.7747501134872437,Strongly Positive,0.7974220928736031,Strongly Positive
2024-01-17,182.0,,0.0,Neutral,0.38677122280932963,Positive
2024-01-16,182.0,2024-01-16,-0.0303513295948505,Neutral,0.16333619877696043,Slightly Positive
2024-01-14,172.1,2024-01-14,-0.0015759468078613,Neutral,-0.01675161160528655,Neutral
2024-01-11,172.9,,0.0,Neutral,-0.008375805802643275,Neutral
2024-01-10,174.0,,0.0,Neutral,-0.000393986701965325,Neutral
2024-01-09,169.7,,0.0,Neutral,0.0,Neutral
2024-01-08,169.5,2024-01-08,0.3354699239134788,Positive,0.3354699239134788,Positive
2024-01-07,168.6,,0.0,Neutral,0.1677349619567394,Slightly Positive
2024-01-04,173.0,,0.0,Neutral,0.0838674809783697,Slightly Positive
2024-01-03,175.6,,0.0,Neutral,0.0,Neutral
2024-01-02,174.0,,0.0,Neutral,0.0,Neutral
2024-01-01,178.9,,0.0,Neutral,0.0,Neutral
2023-12-28,179.0,,0.0,Neutral,0.0,Neutral
2023-12-27,179.7,,0.0,Neutral,0.0,Neutral
2023-12-24,180.0,,0.0,Neutral,0.0,Neutral
2023-12-21,184.0,,0.0,Neutral,0.0,Neutral
2023-12-20,188.0,,0.0,Neutral,0.0,Neutral
2023-12-19,188.9,2023-12-19,-0.0495426394045352,Neutral,-0.0495426394045352,Neutral
2023-12-18,183.0,,0.0,Neutral,-0.0247713197022676,Neutral
2023-12-17,178.1,2023-12-17,0.1858166120946406,Slightly Positive,0.1734309522435068,Slightly Positive
2023-12-14,174.0,2023-12-14,-0.3237503468990326,Negative,-0.23084204085171228,Negative
2023-12-13,175.4,,0.0,Neutral,-0.11542102042585614,Slightly Negative
2023-12-12,173.9,,0.0,Neutral,-0.08093758672475815,Slightly Negative
2023-12-11,170.1,2023-12-11,0.8129301071166992,Strongly Positive,0.8129301071166992,Strongly Positive
2023-12-10,170.0,2023-12-10,0.3414733707904815,Positive,0.7479384243488312,Strongly Positive
2023-12-07,162.5,2023-12-07,0.7270581126213074,Strongly Positive,1.101027324795723,Strongly Positive
2023-12-06,160.8,,0.0,Neutral,0.4488973990082741,Positive
2023-12-05,160.9,,0.0,Neutral,0.18176452815532684,Slightly Positive
2023-12-04,161.0,2023-12-04,0.9314891695976256,Strongly Positive,0.9314891695976256,Strongly Positive
2023-12-03,162.0,,0.0,Neutral,0.4657445847988128,Positive
2023-11-30,164.0,,0.0,Neutral,0.2328722923994064,Positive
2023-11-29,165.0,2023-11-29,0.5706247091293335,Positive,0.5706247091293335,Positive
2023-11-28,163.0,2023-11-28,0.2470296770334244,Positive,0.5323420315980911,Positive
2023-11-27,165.3,,0.0,Neutral,0.26617101579904556,Positive
2023-11-26,168.5,,0.0,Neutral,0.0617574192583561,Slightly Positive
2023-11-23,166.0,,0.0,Neutral,0.0,Neutral
2023-11-22,163.0,,0.0,Neutral,0.0,Neutral
2023-11-21,160.3,,0.0,Neutral,0.0,Neutral
2023-11-20,161.8,2023-11-20,-0.0071662440896034,Neutral,-0.0071662440896034,Neutral
2023-11-09,163.3,,0.0,Neutral,-0.0035831220448017,Neutral
2023-11-08,162.6,,0.0,Neutral,-0.00179156102240085,Neutral
2023-11-07,163.0,,0.0,Neutral,0.0,Neutral
2023-11-06,163.2,,0.0,Neutral,0.0,Neutral
2023-11-05,164.7,2023-11-05,0.7400195002555847,Strongly Positive,0.7400195002555847,Strongly Positive
2023-11-02,167.8,,0.0,Neutral,0.37000975012779236,Positive
2023-11-01,168.8,2023-11-01,0.0985844135284423,Slightly Positive,0.28358928859233845,Positive
2023-10-31,170.0,,0.0,Neutral,0.04929220676422115,Neutral
2023-10-30,171.5,,0.0,Neutral,0.024646103382110575,Neutral
2023-10-29,172.9,,0.0,Neutral,0.0,Neutral
2023-10-19,175.0,2023-10-19,0.8292142748832703,Strongly Positive,0.8292142748832703,Strongly Positive
2023-10-18,178.4,2023-10-18,0.2993601306031147,Positive,0.7139672680447499,Strongly Positive
2023-10-17,177.0,2023-10-17,0.3895330764353275,Positive,0.7465167104577024,Strongly Positive
2023-10-16,172.0,2023-10-16,0.8377037644386292,Strongly Positive,1.1073103353070717,Strongly Positive
2023-10-12,169.5,,0.0,Neutral,0.5162351513281465,Positive
2023-10-11,169.5,,0.0,Neutral,0.2094259411096573,Positive
2023-10-10,168.4,,0.0,Neutral,0.0,Neutral
2023-10-09,170.0,2023-10-09,0.9241541624069214,Strongly Positive,0.9241541624069214,Strongly Positive
2023-10-08,172.9,2023-10-08,0.9193177223205566,Strongly Positive,1.3813948035240173,Strongly Positive
2023-10-05,175.0,,0.0,Neutral,0.6906974017620087,Strongly Positive
2023-10-04,175.0,2023-10-04,0.141101211309433,Slightly Positive,0.37093064188957214,Positive
2023-10-03,178.4,,0.0,Neutral,0.0705506056547165,Slightly Positive
2023-10-02,180.1,2023-10-02,0.8697748184204102,Strongly Positive,0.9050501212477684,Strongly Positive
2023-10-01,185.9,2023-10-01,0.9149264097213744,Strongly Positive,1.3498138189315796,Strongly Positive
2023-09-27,187.0,,0.0,Neutral,0.6749069094657898,Strongly Positive
2023-09-26,187.9,2023-09-26,0.1121289655566215,Slightly Positive,0.34086056798696507,Positive
2023-09-25,185.0,2023-09-25,0.9218896627426147,Strongly Positive,0.9779541455209255,Strongly Positive
2023-09-24,187.0,2023-09-24,0.8438069820404053,Strongly Positive,1.332784054800868,Strongly Positive
2023-09-21,185.0,,0.0,Neutral,0.6523759067058563,Strongly Positive
2023-09-19,185.0,,0.0,Neutral,0.21095174551010132,Positive
2023-09-18,182.0,2023-09-18,0.8191651403903961,Strongly Positive,0.8191651403903961,Strongly Positive
2023-09-17,180.9,2023-09-17,0.2316693365573883,Positive,0.6412519067525864,Strongly Positive
2023-09-13,191.4,,0.0,Neutral,0.3206259533762932,Positive
2023-09-12,187.5,,0.0,Neutral,0.057917334139347076,Slightly Positive
2023-09-11,188.0,2023-09-11,-0.1270755678415298,Slightly Negative,-0.1270755678415298,Slightly Negative
2023-09-10,184.0,,0.0,Neutral,-0.0635377839207649,Slightly Negative
2023-09-07,182.0,,0.0,Neutral,-0.03176889196038245,Neutral
2023-09-05,183.5,,0.0,Neutral,0.0,Neutral
2023-09-04,184.0,,0.0,Neutral,0.0,Neutral
2023-09-03,182.0,,0.0,Neutral,0.0,Neutral
2023-08-30,184.1,,0.0,Neutral,0.0,Neutral
2023-08-29,183.0,,0.0,Neutral,0.0,Neutral
2023-08-28,185.0,,0.0,Neutral,0.0,Neutral
2023-08-27,185.4,,0.0,Neutral,0.0,Neutral
2023-08-24,188.0,,0.0,Neutral,0.0,Neutral
2023-08-23,189.9,,0.0,Neutral,0.0,Neutral
2023-08-22,188.3,,0.0,Neutral,0.0,Neutral
2023-08-21,187.0,,0.0,Neutral,0.0,Neutral
2023-08-20,186.4,2023-08-20,0.4706372022628784,Positive,0.4706372022628784,Positive
2023-08-17,188.1,,0.0,Neutral,0.2353186011314392,Positive
2023-08-16,186.7,,0.0,Neutral,0.1176593005657196,Slightly Positive
2023-08-15,189.0,2023-08-15,0.0367373526096344,Neutral,0.0367373526096344,Neutral
2023-08-14,192.4,,0.0,Neutral,0.0183686763048172,Neutral
2023-08-13,190.0,2023-08-13,0.3550106883049011,Positive,0.3641950264573097,Positive
2023-08-10,186.0,2023-08-10,0.6593401432037354,Strongly Positive,0.8368454873561859,Strongly Positive
2023-08-09,183.0,,0.0,Neutral,0.41842274367809296,Positive
2023-08-08,182.9,2023-08-08,0.0437265634536743,Neutral,0.20856159925460815,Positive
2023-08-07,188.0,2023-08-07,0.7810200452804565,Strongly Positive,0.8028833270072937,Strongly Positive
2023-08-06,187.1,2023-08-06,0.2109157014638185,Positive,0.6123573649674654,Strongly Positive
2023-08-03,190.9,,0.0,Neutral,0.3007128620520234,Positive
2023-08-02,190.0,2023-08-02,-0.4065877497196197,Negative,-0.35385882435366506,Negative
2023-08-01,190.0,,0.0,Neutral,-0.20329387485980985,Negative
2023-07-31,192.0,,0.0,Neutral,-0.10164693742990492,Slightly Negative
2023-07-30,188.0,,0.0,Neutral,0.0,Neutral
2023-07-27,185.0,,0.0,Neutral,0.0,Neutral
2023-07-26,185.6,,0.0,Neutral,0.0,Neutral
2023-07-25,186.4,,0.0,Neutral,0.0,Neutral
2023-07-24,196.0,2023-07-24,-0.4698981344699859,Negative,-0.4698981344699859,Negative
2023-07-23,201.0,,0.0,Neutral,-0.23494906723499295,Negative
2023-07-20,189.0,,0.0,Neutral,-0.11747453361749648,Slightly Negative
2023-07-19,193.2,,0.0,Neutral,0.0,Neutral
2023-07-18,183.0,,0.0,Neutral,0.0,Neutral
2023-07-17,178.2,,0.0,Neutral,0.0,Neutral
2023-07-16,173.1,2023-07-16,0.883343517780304,Strongly Positive,0.883343517780304,Strongly Positive
2023-07-13,169.0,,0.0,Neutral,0.441671758890152,Positive
2023-07-12,170.9,,0.0,Neutral,0.220835879445076,Positive
2023-07-11,169.0,2023-07-11,-0.3590094149112701,Negative,-0.3590094149112701,Negative
2023-07-10,167.1,,0.0,Neutral,-0.17950470745563504,Slightly Negative
2023-07-09,168.0,2023-07-09,0.5350947976112366,Positive,0.44534244388341904,Positive
2023-07-06,165.9,,0.0,Neutral,0.2675473988056183,Positive
2023-07-05,166.0,2023-07-05,0.4177348017692566,Positive,0.5515085011720657,Positive
2023-07-04,168.0,2023-07-04,-0.20897176861763,Negative,-0.00010436773300170898,Neutral
2023-07-03,169.0,2023-07-03,0.7068891525268555,Strongly Positive,0.7068369686603546,Strongly Positive
2023-07-02,170.1,,0.0,Neutral,0.30120163410902023,Positive
2023-06-28,175.4,,0.0,Neutral,0.17672228813171387,Slightly Positive
2023-06-27,178.9,,0.0,Neutral,0.0,Neutral
2023-06-26,172.9,,0.0,Neutral,0.0,Neutral
2023-06-25,171.0,,0.0,Neutral,0.0,Neutral
2023-06-22,169.2,2023-06-22,0.873332142829895,Strongly Positive,0.873332142829895,Strongly Positive
2023-06-21,171.9,,0.0,Neutral,0.4366660714149475,Positive
2023-06-20,172.0,,0.0,Neutral,0.21833303570747375,Positive
2023-06-19,174.0,,0.0,Neutral,0.0,Neutral
2023-06-18,174.1,,0.0,Neutral,0.0,Neutral
2023-06-15,175.5,2023-06-15,0.4683806300163269,Positive,0.4683806300163269,Positive
2023-06-14,176.0,2023-06-14,0.4930647611618042,Positive,0.7272550761699677,Strongly Positive
2023-06-13,173.0,2023-06-13,0.7564454078674316,Strongly Positive,1.1200729459524155,Strongly Positive
2023-06-12,171.8,2023-06-12,0.7213075160980225,Strongly Positive,1.2227964103221893,Strongly Positive
2023-06-11,170.5,,0.0,Neutral,0.5497651100158691,Positive
2023-06-08,169.0,2023-06-08,0.7539471387863159,Strongly Positive,0.9342740178108215,Strongly Positive
2023-06-07,169.0,2023-06-07,0.4957673549652099,Positive,0.8727409243583679,Strongly Positive
2023-06-06,170.0,2023-06-06,0.7798135876655579,Strongly Positive,1.2161840498447418,Strongly Positive
2023-06-05,171.0,,0.0,Neutral,0.5138486325740814,Positive
2023-06-04,172.5,,0.0,Neutral,0.19495339691638947,Slightly Positive
2023-06-01,170.9,2023-06-01,0.4650955200195312,Positive,0.4650955200195312,Positive
2023-05-31,171.9,2023-05-31,0.9306153655052184,Strongly Positive,1.163163125514984,Strongly Positive
2023-05-30,174.7,,0.0,Neutral,0.581581562757492,Positive
2023-05-28,177.0,,0.0,Neutral,0.2326538413763046,Positive
2023-05-24,178.9,2023-05-24,0.6379044055938721,Strongly Positive,0.6379044055938721,Strongly Positive
2023-05-23,177.0,,0.0,Neutral,0.31895220279693604,Positive
2023-05-22,173.2,,0.0,Neutral,0.15947610139846802,Slightly Positive
2023-05-21,175.0,2023-05-21,0.2752208411693573,Positive,0.2752208411693573,Positive
2023-05-18,174.5,2023-05-18,-0.428337037563324,Negative,-0.2907266169786453,Negative
2023-05-17,171.5,2023-05-17,-0.1411273777484893,Slightly Negative,-0.28649068623781193,Negative
2023-05-16,169.9,,0.0,Neutral,-0.17764794826507563,Slightly Negative
2023-05-15,170.6,,0.0,Neutral,-0.035281844437122324,Neutral
2023-05-14,170.8,,0.0,Neutral,0.0,Neutral
2023-05-11,171.0,,0.0,Neutral,0.0,Neutral
2023-05-10,170.0,2023-05-10,0.3141437768936157,Positive,0.3141437768936157,Positive
2023-05-09,169.6,2023-05-09,0.6824951767921448,Strongly Positive,0.8395670652389526,Strongly Positive
2023-05-08,170.0,,0.0,Neutral,0.4197835326194763,Positive
2023-05-07,171.0,2023-05-07,-0.1594992876052856,Slightly Negative,0.011124506592750605,Neutral
2023-05-04,172.5,,0.0,Neutral,-0.0797496438026428,Slightly Negative
2023-05-03,171.4,2023-05-03,-0.3371529579162597,Negative,-0.3770277798175811,Negative
2023-05-02,171.0,,0.0,Neutral,-0.16857647895812986,Slightly Negative
2023-04-30,171.6,2023-04-30,0.5406634211540222,Positive,0.4563751816749573,Positive
2023-04-27,174.0,2023-04-27,0.3818577229976654,Positive,0.6521894335746765,Strongly Positive
2023-04-26,173.9,,0.0,Neutral,0.32609471678733826,Positive
2023-04-25,175.0,,0.0,Neutral,0.09546443074941635,Slightly Positive
2023-04-24,174.0,,0.0,Neutral,0.0,Neutral
2023-04-23,174.3,,0.0,Neutral,0.0,Neutral
2023-04-20,179.0,2023-04-20,0.1440556347370147,Slightly Positive,0.1440556347370147,Slightly Positive
2023-04-19,181.0,,0.0,Neutral,0.07202781736850734,Slightly Positive
2023-04-18,177.1,,0.0,Neutral,0.03601390868425367,Neutral
2023-04-17,177.1,,0.0,Neutral,0.0,Neutral
2023-04-16,180.8,,0.0,Neutral,0.0,Neutral
2023-04-13,182.0,,0.0,Neutral,0.0,Neutral
2023-04-12,184.0,,0.0,Neutral,0.0,Neutral
2023-04-11,174.0,,0.0,Neutral,0.0,Neutral
2023-04-10,170.8,,0.0,Neutral,0.0,Neutral
2023-04-09,170.4,,0.0,Neutral,0.0,Neutral
2023-04-06,173.0,,0.0,Neutral,0.0,Neutral
2023-04-05,172.9,,0.0,Neutral,0.0,Neutral
2023-04-04,172.8,,0.0,Neutral,0.0,Neutral
2023-04-03,173.0,,0.0,Neutral,0.0,Neutral
2023-04-02,174.5,,0.0,Neutral,0.0,Neutral
2023-03-30,178.9,,0.0,Neutral,0.0,Neutral
2023-03-29,179.0,,0.0,Neutral,0.0,Neutral
2023-03-28,180.0,,0.0,Neutral,0.0,Neutral
2023-03-27,177.0,,0.0,Neutral,0.0,Neutral
2023-03-26,178.0,,0.0,Neutral,0.0,Neutral
2023-03-23,180.0,2023-03-23,0.052819263190031,Slightly Positive,0.052819263190031,Slightly Positive
2023-03-22,180.0,,0.0,Neutral,0.0264096315950155,Neutral
2023-03-20,180.0,,0.0,Neutral,0.01320481579750775,Neutral
2023-03-19,179.0,,0.0,Neutral,0.0,Neutral
2023-03-16,180.0,,0.0,Neutral,0.0,Neutral
2023-03-15,179.5,,0.0,Neutral,0.0,Neutral
2023-03-14,182.0,,0.0,Neutral,0.0,Neutral
2023-03-13,178.0,,0.0,Neutral,0.0,Neutral
2023-03-12,184.0,,0.0,Neutral,0.0,Neutral
2023-03-09,189.0,,0.0,Neutral,0.0,Neutral
2023-03-07,182.0,,0.0,Neutral,0.0,Neutral
2023-03-05,182.5,,0.0,Neutral,0.0,Neutral
2023-03-02,182.7,,0.0,Neutral,0.0,Neutral
2023-03-01,184.1,,0.0,Neutral,0.0,Neutral
2023-02-28,187.0,,0.0,Neutral,0.0,Neutral
2023-02-27,187.0,,0.0,Neutral,0.0,Neutral
2023-02-26,186.0,,0.0,Neutral,0.0,Neutral
2023-02-23,188.0,,0.0,Neutral,0.0,Neutral
2023-02-22,187.1,,0.0,Neutral,0.0,Neutral
2023-02-20,186.0,,0.0,Neutral,0.0,Neutral
2023-02-16,186.0,,0.0,Neutral,0.0,Neutral
2023-02-15,187.1,,0.0,Neutral,0.0,Neutral
2023-02-14,188.9,,0.0,Neutral,0.0,Neutral
2023-02-12,190.7,,0.0,Neutral,0.0,Neutral
2023-02-09,195.3,,0.0,Neutral,0.0,Neutral
2023-02-08,196.0,,0.0,Neutral,0.0,Neutral
2023-02-07,195.1,,0.0,Neutral,0.0,Neutral
2023-02-06,190.0,,0.0,Neutral,0.0,Neutral
2023-02-05,191.7,,0.0,Neutral,0.0,Neutral
2023-02-02,188.8,2023-02-02,-0.6716222763061523,Strongly Negative,-0.6716222763061523,Strongly Negative
2023-02-01,190.5,,0.0,Neutral,-0.33581113815307617,Negative
2023-01-31,191.0,,0.0,Neutral,-0.16790556907653809,Slightly Negative
2023-01-30,193.0,,0.0,Neutral,0.0,Neutral
2023-01-29,194.4,2023-01-29,-0.4091926515102386,Negative,-0.4091926515102386,Negative
2023-01-26,197.0,2023-01-26,0.9144240617752076,Strongly Positive,0.7098277360200883,Strongly Positive
2023-01-25,199.0,,0.0,Neutral,0.35491386801004415,Positive
2023-01-24,201.2,,0.0,Neutral,0.2286060154438019,Positive
2023-01-23,201.0,,0.0,Neutral,0.0,Neutral
2023-01-19,205.4,,0.0,Neutral,0.0,Neutral
2023-01-18,204.0,,0.0,Neutral,0.0,Neutral
2023-01-17,206.0,2023-01-17,-0.623460054397583,Strongly Negative,-0.623460054397583,Strongly Negative
2023-01-12,206.0,2023-01-12,0.5015150904655457,Positive,0.18978506326675415,Slightly Positive
2023-01-10,211.0,2023-01-10,-0.2437212616205215,Negative,-0.14882872998714441,Slightly Negative
2023-01-09,204.5,,0.0,Neutral,0.0035181418061256686,Neutral
2023-01-08,198.0,,0.0,Neutral,-0.06093031540513037,Slightly Negative
2023-01-05,197.5,,0.0,Neutral,0.0,Neutral
2023-01-04,196.9,,0.0,Neutral,0.0,Neutral
2023-01-03,193.0,,0.0,Neutral,0.0,Neutral
2023-01-02,194.2,2023-01-02,-0.3848305940628052,Negative,-0.3848305940628052,Negative
2023-01-01,192.0,,0.0,Neutral,-0.1924152970314026,Slightly Negative
2022-12-29,191.0,,0.0,Neutral,-0.0962076485157013,Slightly Negative
2022-12-28,186.0,,0.0,Neutral,0.0,Neutral
2022-12-27,187.0,,0.0,Neutral,0.0,Neutral
2022-12-26,181.0,,0.0,Neutral,0.0,Neutral
2022-12-22,176.0,,0.0,Neutral,0.0,Neutral
2022-12-21,178.0,2022-12-21,0.6173017024993896,Strongly Positive,0.6173017024993896,Strongly Positive
2022-12-20,179.9,,0.0,Neutral,0.3086508512496948,Positive
2022-12-19,178.0,,0.0,Neutral,0.1543254256248474,Slightly Positive
2022-12-18,178.5,,0.0,Neutral,0.0,Neutral
2022-12-15,180.0,,0.0,Neutral,0.0,Neutral
2022-12-14,180.0,,0.0,Neutral,0.0,Neutral
2022-12-13,180.8,2022-12-13,0.7148497700691223,Strongly Positive,0.7148497700691223,Strongly Positive
2022-12-12,181.0,,0.0,Neutral,0.35742488503456116,Positive
2022-12-11,181.0,,0.0,Neutral,0.17871244251728058,Slightly Positive
2022-12-07,180.7,,0.0,Neutral,0.0,Neutral
2022-12-06,181.5,,0.0,Neutral,0.0,Neutral
2022-12-05,182.2,,0.0,Neutral,0.0,Neutral
2022-12-04,183.2,,0.0,Neutral,0.0,Neutral
2022-12-01,184.4,,0.0,Neutral,0.0,Neutral
2022-11-30,184.0,,0.0,Neutral,0.0,Neutral
2022-11-29,184.9,,0.0,Neutral,0.0,Neutral
2022-11-28,185.0,2022-11-28,0.1627677381038665,Slightly Positive,0.1627677381038665,Slightly Positive
2022-11-27,186.2,,0.0,Neutral,0.08138386905193325,Slightly Positive
2022-11-24,186.7,,0.0,Neutral,0.040691934525966623,Neutral
2022-11-23,184.2,,0.0,Neutral,0.0,Neutral
2022-11-22,187.0,,0.0,Neutral,0.0,Neutral
2022-11-17,186.8,,0.0,Neutral,0.0,Neutral
2022-11-16,184.0,,0.0,Neutral,0.0,Neutral
2022-11-15,183.0,2022-11-15,0.7105873227119446,Strongly Positive,0.7105873227119446,Strongly Positive
2022-11-14,183.0,2022-11-14,-0.6556950807571411,Strongly Negative,-0.3004014194011688,Negative
2022-11-13,183.5,,0.0,Neutral,-0.1502007097005844,Slightly Negative
2022-11-10,184.6,2022-11-10,0.6085646748542786,Strongly Positive,0.4446409046649933,Positive
2022-11-09,186.2,,0.0,Neutral,0.3042823374271393,Positive
2022-11-08,188.0,,0.0,Neutral,0.15214116871356964,Slightly Positive
2022-11-07,188.0,,0.0,Neutral,0.0,Neutral
2022-11-06,188.0,,0.0,Neutral,0.0,Neutral
2022-11-03,189.0,,0.0,Neutral,0.0,Neutral
2022-11-02,191.0,,0.0,Neutral,0.0,Neutral
2022-11-01,191.0,,0.0,Neutral,0.0,Neutral
2022-10-31,190.0,2022-10-31,0.1629264950752258,Slightly Positive,0.1629264950752258,Slightly Positive
2022-10-23,184.9,2022-10-23,-0.0040155053138732,Neutral,0.07744774222373971,Slightly Positive
2022-10-20,184.1,,0.0,Neutral,0.038723871111869854,Neutral
2022-10-19,184.0,2022-10-19,0.903040885925293,Strongly Positive,0.9020370095968246,Strongly Positive
2022-10-17,187.5,2022-10-17,0.71620774269104,Strongly Positive,1.1677281856536865,Strongly Positive
2022-10-16,190.5,,0.0,Neutral,0.5838640928268433,Positive
2022-10-13,204.9,2022-10-13,0.5541855245828629,Positive,0.7332374602556229,Strongly Positive
2022-10-12,201.1,,0.0,Neutral,0.2770927622914314,Positive
2022-10-11,197.2,,0.0,Neutral,0.1385463811457157,Slightly Positive
2022-10-10,195.2,,0.0,Neutral,0.0,Neutral
2022-10-09,199.0,,0.0,Neutral,0.0,Neutral
2022-09-29,195.4,2022-09-29,0.9351661205291748,Strongly Positive,0.9351661205291748,Strongly Positive
2022-09-28,186.5,,0.0,Neutral,0.4675830602645874,Positive
2022-09-27,185.0,,0.0,Neutral,0.2337915301322937,Positive
2022-09-25,182.0,,0.0,Neutral,0.0,Neutral
2022-09-22,188.1,2022-09-22,0.9082857966423036,Strongly Positive,0.9082857966423036,Strongly Positive
2022-09-21,188.1,2022-09-21,0.534334659576416,Positive,0.9884775578975677,Strongly Positive
2022-09-20,188.6,,0.0,Neutral,0.4942387789487839,Positive
2022-09-18,191.0,,0.0,Neutral,0.133583664894104,Slightly Positive
2022-09-16,192.3,,0.0,Neutral,0.0,Neutral
2022-09-15,193.8,,0.0,Neutral,0.0,Neutral
2022-09-14,198.5,,0.0,Neutral,0.0,Neutral
2022-09-13,194.5,,0.0,Neutral,0.0,Neutral
2022-09-12,193.0,,0.0,Neutral,0.0,Neutral
2022-09-11,193.4,,0.0,Neutral,0.0,Neutral
2022-09-08,194.0,,0.0,Neutral,0.0,Neutral
2022-09-07,194.9,2022-09-07,0.006325364112854,Neutral,0.006325364112854,Neutral
2022-09-06,195.1,,0.0,Neutral,0.003162682056427,Neutral
2022-09-05,196.6,,0.0,Neutral,0.0015813410282135,Neutral
2022-09-04,197.0,,0.0,Neutral,0.0,Neutral
2022-09-02,195.0,,0.0,Neutral,0.0,Neutral
2022-09-01,196.0,2022-09-01,-0.2566113471984863,Negative,-0.2566113471984863,Negative
2022-08-31,196.4,,0.0,Neutral,-0.12830567359924314,Slightly Negative
2022-08-30,198.1,2022-08-30,0.0258980691432952,Neutral,-0.03825476765632636,Neutral
2022-08-29,198.0,,0.0,Neutral,0.0129490345716476,Neutral
2022-08-28,198.0,,0.0,Neutral,0.0064745172858238,Neutral
2022-08-26,199.8,,0.0,Neutral,0.0,Neutral
2022-08-25,201.0,,0.0,Neutral,0.0,Neutral
2022-08-24,202.0,2022-08-24,0.6355215311050415,Strongly Positive,0.6355215311050415,Strongly Positive
2022-08-23,202.5,2022-08-23,0.894823431968689,Strongly Positive,1.2125841975212097,Strongly Positive
2022-08-22,201.9,,0.0,Neutral,0.6062920987606049,Strongly Positive
2022-08-21,201.2,,0.0,Neutral,0.22370585799217224,Positive
2022-08-18,202.5,,0.0,Neutral,0.0,Neutral
2022-08-17,201.5,,0.0,Neutral,0.0,Neutral
2022-08-16,200.7,,0.0,Neutral,0.0,Neutral
2022-08-15,203.0,,0.0,Neutral,0.0,Neutral
2022-08-14,199.7,,0.0,Neutral,0.0,Neutral
2022-08-11,201.0,2022-08-11,-0.061613380908966,Slightly Negative,-0.061613380908966,Slightly Negative
2022-08-10,200.1,,0.0,Neutral,-0.030806690454483,Neutral
2022-08-09,200.5,,0.0,Neutral,-0.0154033452272415,Neutral
2022-08-08,203.1,,0.0,Neutral,0.0,Neutral
2022-08-07,202.7,2022-08-07,0.0195572879165411,Neutral,0.0195572879165411,Neutral
2022-08-05,204.0,2022-08-05,0.2184320390224456,Positive,0.22821068298071615,Positive
2022-08-04,207.5,,0.0,Neutral,0.11410534149035807,Slightly Positive
2022-08-03,211.8,2022-08-03,0.7975225448608398,Strongly Positive,0.8521305546164513,Strongly Positive
2022-08-02,212.9,,0.0,Neutral,0.3987612724304199,Positive
2022-08-01,214.8,2022-08-01,-0.2906584739685058,Negative,-0.09127783775329584,Slightly Negative
2022-07-31,212.1,2022-07-31,-0.3070221543312073,Negative,-0.4523513913154602,Negative
2022-07-29,203.0,2022-07-29,-0.1990431249141693,Slightly Negative,-0.4252188205718994,Negative
2022-07-28,204.0,,0.0,Neutral,-0.17627710103988647,Slightly Negative
2022-07-27,204.2,,0.0,Neutral,-0.04976078122854233,Neutral
2022-07-26,206.0,,0.0,Neutral,0.0,Neutral
2022-07-25,210.4,,0.0,Neutral,0.0,Neutral
2022-07-24,207.0,,0.0,Neutral,0.0,Neutral
2022-07-22,202.0,,0.0,Neutral,0.0,Neutral
2022-07-21,205.3,,0.0,Neutral,0.0,Neutral
2022-07-20,205.0,,0.0,Neutral,0.0,Neutral
2022-07-19,207.0,,0.0,Neutral,0.0,Neutral
2022-07-18,206.0,,0.0,Neutral,0.0,Neutral
2022-07-17,205.0,,0.0,Neutral,0.0,Neutral
2022-07-15,202.5,2022-07-15,-0.1234379112720489,Slightly Negative,-0.1234379112720489,Slightly Negative
2022-07-14,199.9,,0.0,Neutral,-0.06171895563602445,Slightly Negative
2022-07-13,202.0,2022-07-13,0.9082242250442504,Strongly Positive,0.8773647472262381,Strongly Positive
2022-07-12,200.0,,0.0,Neutral,0.4541121125221252,Positive
2022-07-11,198.0,,0.0,Neutral,0.2270560562610626,Positive
2022-07-08,202.0,,0.0,Neutral,0.0,Neutral
2022-07-07,204.5,,0.0,Neutral,0.0,Neutral
2022-07-06,205.9,,0.0,Neutral,0.0,Neutral
2022-07-05,206.0,,0.0,Neutral,0.0,Neutral
2022-07-04,206.1,2022-07-04,-0.2904195189476013,Negative,-0.2904195189476013,Negative
2022-07-03,209.0,,0.0,Neutral,-0.14520975947380066,Slightly Negative
2022-07-01,208.0,,0.0,Neutral,-0.07260487973690033,Slightly Negative
2022-06-30,212.0,2022-06-30,-0.2598440945148468,Negative,-0.2598440945148468,Negative
2022-06-29,209.0,,0.0,Neutral,-0.1299220472574234,Slightly Negative
2022-06-28,209.0,2022-06-28,0.4208382070064544,Positive,0.3558771833777427,Positive
2022-06-27,208.1,,0.0,Neutral,0.2104191035032272,Positive
2022-06-26,216.5,2022-06-26,-0.4419355690479278,Negative,-0.3367260172963142,Negative
2022-06-24,208.0,2022-06-24,0.5870148539543152,Positive,0.36604706943035126,Positive
2022-06-23,205.5,,0.0,Neutral,0.18302353471517563,Slightly Positive
2022-06-22,211.0,,0.0,Neutral,0.1467537134885788,Slightly Positive
2022-06-21,213.5,,0.0,Neutral,0.0,Neutral
2022-06-20,208.8,2022-06-20,0.5693178772926331,Positive,0.5693178772926331,Positive
2022-06-19,211.0,,0.0,Neutral,0.28465893864631653,Positive
2022-06-17,214.5,,0.0,Neutral,0.14232946932315826,Slightly Positive
2022-06-16,217.7,2022-06-16,0.8982492685317993,Strongly Positive,0.8982492685317993,Strongly Positive
2022-06-15,216.8,,0.0,Neutral,0.44912463426589966,Positive
2022-06-14,218.0,,0.0,Neutral,0.22456231713294983,Positive
2022-06-13,222.0,,0.0,Neutral,0.0,Neutral
2022-06-10,223.1,,0.0,Neutral,0.0,Neutral
2022-06-09,223.0,,0.0,Neutral,0.0,Neutral
2022-06-08,226.0,,0.0,Neutral,0.0,Neutral
2022-06-07,217.0,2022-06-07,0.2998286485671997,Positive,0.2998286485671997,Positive
2022-06-06,221.0,2022-06-06,0.0207726825028657,Neutral,0.17068700678646556,Slightly Positive
2022-06-03,225.0,,0.0,Neutral,0.08534350339323278,Slightly Positive
2022-06-02,228.0,2022-06-02,0.8461382985115051,Strongly Positive,0.8513314691372216,Strongly Positive
2022-06-01,231.0,2022-06-01,0.3814393877983093,Positive,0.8045085370540619,Strongly Positive
2022-05-31,231.2,,0.0,Neutral,0.40225426852703094,Positive
2022-05-30,234.0,,0.0,Neutral,0.09535984694957733,Slightly Positive
2022-05-27,240.0,,0.0,Neutral,0.0,Neutral
2022-05-26,243.9,,0.0,Neutral,0.0,Neutral
2022-05-25,239.9,,0.0,Neutral,0.0,Neutral
2022-05-24,238.9,2022-05-24,0.0325568914413452,Neutral,0.0325568914413452,Neutral
2022-05-23,238.0,,0.0,Neutral,0.0162784457206726,Neutral
2022-05-20,242.0,,0.0,Neutral,0.0081392228603363,Neutral
2022-05-19,242.0,,0.0,Neutral,0.0,Neutral
2022-05-18,243.0,2022-05-18,0.2235666513442993,Positive,0.2235666513442993,Positive
2022-05-17,243.0,,0.0,Neutral,0.11178332567214964,Slightly Positive
2022-05-12,250.0,,0.0,Neutral,0.05589166283607482,Slightly Positive
2022-05-11,248.9,,0.0,Neutral,0.0,Neutral
2022-05-10,245.5,,0.0,Neutral,0.0,Neutral
2022-05-09,243.0,,0.0,Neutral,0.0,Neutral
2022-05-08,240.0,,0.0,Neutral,0.0,Neutral
2022-05-05,239.9,,0.0,Neutral,0.0,Neutral
2022-05-04,242.0,,0.0,Neutral,0.0,Neutral
2022-05-02,248.5,,0.0,Neutral,0.0,Neutral
2022-04-28,252.2,,0.0,Neutral,0.0,Neutral
2022-04-27,254.0,,0.0,Neutral,0.0,Neutral
2022-04-26,254.0,2022-04-26,0.0814896821975708,Slightly Positive,0.0814896821975708,Slightly Positive
2022-04-25,259.0,,0.0,Neutral,0.0407448410987854,Neutral
2022-04-24,260.0,2022-04-24,0.4896917045116424,Positive,0.5100641250610352,Positive
2022-04-21,251.0,2022-04-21,0.435576420277357,Positive,0.6804222725331782,Strongly Positive
2022-04-20,252.1,2022-04-20,0.1363096833229065,Slightly Positive,0.4765208195894956,Positive
2022-04-19,253.0,2022-04-19,0.9145817756652832,Strongly Positive,1.0916307223960757,Strongly Positive
2022-04-18,254.0,2022-04-18,0.6108980178833008,Strongly Positive,1.102266326546669,Strongly Positive
2022-04-17,257.3,,0.0,Neutral,0.5340944528579712,Positive
2022-04-13,258.2,,0.0,Neutral,0.1527245044708252,Slightly Positive
2022-04-12,255.8,2022-04-12,0.5773056745529175,Positive,0.5773056745529175,Positive
2022-04-11,258.0,2022-04-11,0.8681013584136963,Strongly Positive,1.156754195690155,Strongly Positive
2022-04-07,262.5,,0.0,Neutral,0.5783770978450775,Positive
2022-04-06,259.0,2022-04-06,0.3428605794906616,Positive,0.5598859190940857,Positive
2022-04-05,258.5,2022-04-05,0.651929497718811,Strongly Positive,0.8233597874641418,Strongly Positive
2022-04-04,264.5,,0.0,Neutral,0.4116798937320709,Positive
2022-04-03,262.8,2022-04-03,-0.0272224247455596,Neutral,0.13575994968414315,Slightly Positive
2022-03-31,264.1,,0.0,Neutral,-0.0136112123727798,Neutral
2022-03-30,264.1,,0.0,Neutral,-0.0068056061863899,Neutral
2022-03-29,268.9,2022-03-29,0.8759951591491699,Strongly Positive,0.8759951591491699,Strongly Positive
2022-03-28,269.0,2022-03-28,0.6411234736442566,Strongly Positive,1.0791210532188416,Strongly Positive
2022-03-27,269.0,,0.0,Neutral,0.5395605266094208,Positive
2022-03-24,269.0,,0.0,Neutral,0.16028086841106415,Slightly Positive
2022-03-23,272.6,2022-03-23,-0.0178897380828857,Neutral,-0.0178897380828857,Neutral
2022-03-22,274.6,,0.0,Neutral,-0.00894486904144285,Neutral
2022-03-21,273.9,,0.0,Neutral,-0.004472434520721425,Neutral
2022-03-20,273.1,2022-03-20,0.8301899433135986,Strongly Positive,0.8301899433135986,Strongly Positive
2022-03-16,273.0,,0.0,Neutral,0.4150949716567993,Positive
2022-03-15,277.0,,0.0,Neutral,0.20754748582839966,Positive
2022-03-14,277.0,2022-03-14,0.5405178843066096,Positive,0.5405178843066096,Positive
2022-03-13,278.0,,0.0,Neutral,0.2702589421533048,Positive
2022-03-10,267.0,,0.0,Neutral,0.1351294710766524,Slightly Positive
2022-03-09,262.0,2022-03-09,-0.5977263450622559,Negative,-0.5977263450622559,Negative
2022-03-07,264.0,,0.0,Neutral,-0.29886317253112793,Negative
2022-03-06,264.0,,0.0,Neutral,-0.14943158626556396,Slightly Negative
2022-03-02,264.5,,0.0,Neutral,0.0,Neutral
2022-02-28,267.0,2022-02-28,0.4970417022705078,Positive,0.4970417022705078,Positive
2022-02-27,271.0,,0.0,Neutral,0.2485208511352539,Positive
2022-02-24,272.1,2022-02-24,0.5140209197998047,Positive,0.6382813453674316,Strongly Positive
2022-02-23,279.0,,0.0,Neutral,0.25701045989990234,Positive
2022-02-22,281.0,,0.0,Neutral,0.12850522994995117,Slightly Positive
2022-02-21,279.0,2022-02-21,0.5519900321960449,Positive,0.5519900321960449,Positive
2022-02-20,276.0,,0.0,Neutral,0.27599501609802246,Positive
2022-02-17,283.9,,0.0,Neutral,0.13799750804901123,Slightly Positive
2022-02-16,284.0,2022-02-16,0.5795700550079346,Positive,0.5795700550079346,Positive
2022-02-15,287.0,2022-02-15,-0.3125604093074798,Negative,-0.022775381803512518,Neutral
2022-02-14,276.0,2022-02-14,-0.5765681266784668,Negative,-0.5879558175802231,Negative
2022-02-13,277.2,2022-02-13,0.4978555937608083,Positive,0.13143142809470493,Slightly Positive
2022-02-10,285.4,,0.0,Neutral,0.10478576521078745,Slightly Positive
2022-02-09,288.0,,0.0,Neutral,0.12446389844020207,Slightly Positive
2022-02-08,292.0,2022-02-08,-0.0566993355751037,Slightly Negative,-0.0566993355751037,Slightly Negative
2022-02-07,293.0,2022-02-07,0.5250307619571686,Positive,0.49668109416961675,Positive
2022-02-06,293.0,,0.0,Neutral,0.24834054708480838,Positive
2022-02-03,299.0,2022-02-03,0.908535659313202,Strongly Positive,1.039793349802494,Strongly Positive
2022-02-01,299.0,,0.0,Neutral,0.454267829656601,Positive
2022-01-31,295.0,,0.0,Neutral,0.2271339148283005,Positive
2022-01-30,297.4,,0.0,Neutral,0.0,Neutral
2022-01-27,288.0,,0.0,Neutral,0.0,Neutral
2022-01-26,290.0,2022-01-26,0.4082410056143999,Positive,0.4082410056143999,Positive
2022-01-25,294.2,,0.0,Neutral,0.20412050280719995,Positive
2022-01-24,297.0,,0.0,Neutral,0.10206025140359998,Slightly Positive
2022-01-23,308.0,,0.0,Neutral,0.0,Neutral
2022-01-20,311.0,,0.0,Neutral,0.0,Neutral
2022-01-19,311.0,2022-01-19,0.3360106647014618,Positive,0.3360106647014618,Positive
2022-01-18,317.0,2022-01-18,0.3734949231147766,Positive,0.5415002554655075,Positive
2022-01-17,310.0,2022-01-17,0.4422468543052673,Positive,0.7129969820380211,Strongly Positive
2022-01-16,308.0,,0.0,Neutral,0.3144971579313278,Positive
2022-01-13,302.5,,0.0,Neutral,0.11056171357631682,Slightly Positive
2022-01-12,300.2,2022-01-12,-0.4808397889137268,Negative,-0.4808397889137268,Negative
2022-01-11,305.0,,0.0,Neutral,-0.2404198944568634,Negative
2022-01-10,305.5,2022-01-10,0.519367516040802,Positive,0.3991575688123703,Positive
2022-01-09,310.0,2022-01-09,0.7907711267471313,Strongly Positive,1.0504548847675323,Strongly Positive
2022-01-06,302.0,,0.0,Neutral,0.5252274423837662,Positive
2022-01-05,293.1,,0.0,Neutral,0.19769278168678284,Slightly Positive
2022-01-04,302.0,2022-01-04,0.65803462266922,Strongly Positive,0.65803462266922,Strongly Positive
2022-01-03,279.0,2022-01-03,0.0013054907321929,Neutral,0.33032280206680287,Positive
2022-01-02,273.5,,0.0,Neutral,0.16516140103340143,Slightly Positive
2021-12-29,271.1,,0.0,Neutral,0.000326372683048225,Neutral
2021-12-28,272.0,,0.0,Neutral,0.0,Neutral
2021-12-27,273.0,2021-12-27,0.1544867753982544,Slightly Positive,0.1544867753982544,Slightly Positive
2021-12-26,279.9,,0.0,Neutral,0.0772433876991272,Slightly Positive
2021-12-23,277.5,,0.0,Neutral,0.0386216938495636,Neutral
2021-12-22,275.2,,0.0,Neutral,0.0,Neutral
2021-12-21,267.5,2021-12-21,-0.6907034516334534,Strongly Negative,-0.6907034516334534,Strongly Negative
2021-12-20,263.0,,0.0,Neutral,-0.3453517258167267,Negative
2021-12-16,266.0,2021-12-16,0.7056154310703278,Strongly Positive,0.5329395681619644,Positive
2021-12-15,266.0,2021-12-15,-0.3610247150063515,Negative,-0.008216999471187647,Neutral
2021-12-14,265.2,2021-12-14,0.0240390766412019,Neutral,0.019930576905608066,Neutral
2021-12-13,255.0,,0.0,Neutral,-0.07823664043098694,Slightly Negative
2021-12-12,260.5,,0.0,Neutral,0.006009769160300475,Neutral
2021-12-09,269.0,2021-12-09,0.7948119044303894,Strongly Positive,0.7948119044303894,Strongly Positive
2021-12-08,267.5,,0.0,Neutral,0.3974059522151947,Positive
2021-12-07,271.1,,0.0,Neutral,0.19870297610759735,Slightly Positive
2021-12-06,275.0,2021-12-06,-0.0454929023981094,Neutral,-0.0454929023981094,Neutral
2021-12-05,267.8,2021-12-05,-0.3157088458538055,Negative,-0.3384552970528602,Negative
2021-12-02,272.5,,0.0,Neutral,-0.1692276485264301,Slightly Negative
2021-12-01,276.0,,0.0,Neutral,-0.07892721146345137,Slightly Negative
2021-11-30,276.9,2021-11-30,0.0353909358382225,Neutral,0.0353909358382225,Neutral
2021-11-29,277.0,,0.0,Neutral,0.01769546791911125,Neutral
2021-11-28,279.0,,0.0,Neutral,0.008847733959555624,Neutral
2021-11-25,288.5,2021-11-25,-0.1864838898181915,Slightly Negative,-0.1864838898181915,Slightly Negative
2021-11-24,285.5,2021-11-24,-0.2785083949565887,Negative,-0.37175033986568445,Negative
2021-11-23,288.2,2021-11-23,0.6356387138366699,Strongly Positive,0.44976354390382767,Positive
2021-11-22,290.1,2021-11-22,0.0131739825010299,Neutral,0.2613662406802177,Positive
2021-11-21,292.0,,0.0,Neutral,0.16549666970968244,Slightly Positive
2021-11-18,295.0,,0.0,Neutral,0.003293495625257475,Neutral
2021-11-17,298.0,2021-11-17,0.6861373782157898,Strongly Positive,0.6861373782157898,Strongly Positive
2021-11-16,299.0,2021-11-16,0.8141272664070129,Strongly Positive,1.1571959555149078,Strongly Positive
2021-11-15,292.0,2021-11-15,0.4076647162437439,Positive,0.9862626940011978,Strongly Positive
2021-11-14,290.5,2021-11-14,0.0491418664654096,Neutral,0.45650604118903476,Positive
2021-11-11,291.0,2021-11-11,0.2226513624191284,Positive,0.34913847471276915,Positive
2021-11-09,297.0,,0.0,Neutral,0.12361114782591659,Slightly Positive
2021-11-08,304.5,2021-11-08,0.4568291008472442,Positive,0.5124919414520263,Positive
2021-11-03,301.0,2021-11-03,0.2788993418216705,Positive,0.5073138922452926,Positive
2021-11-02,305.7,,0.0,Neutral,0.2536569461226463,Positive
2021-11-01,299.1,2021-11-01,0.1046939715743064,Slightly Positive,0.174418807029724,Slightly Positive
2021-10-31,299.1,,0.0,Neutral,0.0523469857871532,Slightly Positive
2021-10-28,300.0,,0.0,Neutral,0.0261734928935766,Neutral
2021-10-27,301.1,,0.0,Neutral,0.0,Neutral
2021-10-26,307.5,,0.0,Neutral,0.0,Neutral
2021-10-25,301.9,,0.0,Neutral,0.0,Neutral
2021-10-24,288.0,,0.0,Neutral,0.0,Neutral
2021-10-21,290.0,2021-10-21,0.8713273406028748,Strongly Positive,0.8713273406028748,Strongly Positive
2021-10-20,299.0,2021-10-20,0.6123760342597961,Strongly Positive,1.0480397045612335,Strongly Positive
2021-10-19,295.0,,0.0,Neutral,0.5240198522806168,Positive
2021-10-18,308.0,2021-10-18,0.8018708229064941,Strongly Positive,0.9549648314714432,Strongly Positive
2021-10-17,318.0,2021-10-17,0.9213525056838988,Strongly Positive,1.322287917137146,Strongly Positive
2021-10-11,322.0,2021-10-11,0.857159435749054,Strongly Positive,1.518303394317627,Strongly Positive
2021-10-10,333.5,,0.0,Neutral,0.6589178442955017,Strongly Positive
2021-10-06,398.0,2021-10-06,0.9232880473136902,Strongly Positive,1.1375779062509537,Strongly Positive
2021-10-05,395.0,2021-10-05,0.4259742498397827,Positive,0.8876182734966278,Strongly Positive
2021-10-04,387.1,2021-10-04,-0.1786015033721923,Slightly Negative,0.26520763337612163,Positive
2021-10-03,390.5,,0.0,Neutral,0.01719281077384953,Neutral
2021-09-30,396.0,,0.0,Neutral,-0.044650375843048075,Neutral
2021-09-29,396.9,2021-09-29,0.9257281422615052,Strongly Positive,0.9257281422615052,Strongly Positive
2021-09-28,384.0,2021-09-28,0.261738121509552,Positive,0.7246021926403046,Strongly Positive
2021-09-27,390.0,,0.0,Neutral,0.3623010963201523,Positive
2021-09-26,400.0,,0.0,Neutral,0.065434530377388,Slightly Positive
2021-09-23,408.5,2021-09-23,-0.5558741092681885,Negative,-0.5558741092681885,Negative
2021-09-22,395.0,,0.0,Neutral,-0.27793705463409424,Negative
2021-09-21,379.0,,0.0,Neutral,-0.13896852731704712,Slightly Negative
2021-09-20,382.3,,0.0,Neutral,0.0,Neutral
2021-09-16,397.0,2021-09-16,0.5890231132507324,Positive,0.5890231132507324,Positive
2021-09-15,410.0,,0.0,Neutral,0.2945115566253662,Positive
2021-09-14,410.0,,0.0,Neutral,0.1472557783126831,Slightly Positive
2021-09-13,409.0,,0.0,Neutral,0.0,Neutral
2021-09-12,399.0,2021-09-12,0.4431141316890716,Positive,0.4431141316890716,Positive
2021-09-09,389.3,,0.0,Neutral,0.2215570658445358,Positive
2021-09-08,390.1,,0.0,Neutral,0.1107785329222679,Slightly Positive
2021-09-07,398.0,,0.0,Neutral,0.0,Neutral
2021-09-06,407.5,,0.0,Neutral,0.0,Neutral
2021-09-05,394.0,,0.0,Neutral,0.0,Neutral
2021-09-02,403.1,,0.0,Neutral,0.0,Neutral
2021-09-01,402.0,,0.0,Neutral,0.0,Neutral
2021-08-31,392.0,,0.0,Neutral,0.0,Neutral
2021-08-29,401.0,,0.0,Neutral,0.0,Neutral
2021-08-26,409.0,,0.0,Neutral,0.0,Neutral
2021-08-25,409.0,,0.0,Neutral,0.0,Neutral
2021-08-24,418.2,,0.0,Neutral,0.0,Neutral
2021-08-19,419.0,2021-08-19,0.5259397625923157,Positive,0.5259397625923157,Positive
2021-08-18,415.0,,0.0,Neutral,0.26296988129615784,Positive
2021-08-17,405.5,,0.0,Neutral,0.13148494064807892,Slightly Positive
2021-08-16,408.0,2021-08-16,0.146904706954956,Slightly Positive,0.146904706954956,Slightly Positive
2021-08-15,410.0,,0.0,Neutral,0.073452353477478,Slightly Positive
2021-08-12,416.0,,0.0,Neutral,0.036726176738739,Neutral
2021-08-11,417.1,,0.0,Neutral,0.0,Neutral
2021-08-10,422.0,,0.0,Neutral,0.0,Neutral
2021-08-09,406.5,,0.0,Neutral,0.0,Neutral
2021-08-08,410.0,,0.0,Neutral,0.0,Neutral
2021-08-05,413.0,,0.0,Neutral,0.0,Neutral
2021-08-04,415.0,2021-08-04,-0.4183864593505859,Negative,-0.4183864593505859,Negative
2021-08-03,413.2,,0.0,Neutral,-0.20919322967529294,Negative
2021-08-02,414.8,,0.0,Neutral,-0.10459661483764647,Slightly Negative
2021-08-01,415.0,,0.0,Neutral,0.0,Neutral
2021-07-29,420.0,,0.0,Neutral,0.0,Neutral
2021-07-28,419.0,,0.0,Neutral,0.0,Neutral
2021-07-27,426.0,,0.0,Neutral,0.0,Neutral
2021-07-26,427.1,,0.0,Neutral,0.0,Neutral
2021-07-25,442.0,2021-07-25,-0.1586503386497497,Slightly Negative,-0.1586503386497497,Slightly Negative
2021-07-22,421.1,,0.0,Neutral,-0.07932516932487485,Slightly Negative
2021-07-20,409.5,,0.0,Neutral,-0.039662584662437425,Neutral
2021-07-19,408.0,,0.0,Neutral,0.0,Neutral
2021-07-18,409.0,,0.0,Neutral,0.0,Neutral
2021-07-15,386.0,2021-07-15,0.2684071958065033,Positive,0.2684071958065033,Positive
2021-07-14,388.0,,0.0,Neutral,0.13420359790325165,Slightly Positive
2021-07-13,390.0,,0.0,Neutral,0.06710179895162582,Slightly Positive
2021-07-12,384.0,,0.0,Neutral,0.0,Neutral
2021-07-11,393.0,2021-07-11,0.7197643518447876,Strongly Positive,0.7197643518447876,Strongly Positive
2021-07-08,380.0,,0.0,Neutral,0.3598821759223938,Positive
2021-07-07,370.0,2021-07-07,0.0943080335855484,Slightly Positive,0.2742491215467453,Positive
2021-07-06,371.0,,0.0,Neutral,0.0471540167927742,Neutral
2021-07-05,372.0,,0.0,Neutral,0.0235770083963871,Neutral
2021-07-04,373.0,,0.0,Neutral,0.0,Neutral
2021-07-01,375.0,,0.0,Neutral,0.0,Neutral
2021-06-30,375.0,2021-06-30,0.864063024520874,Strongly Positive,0.864063024520874,Strongly Positive
2021-06-29,375.0,,0.0,Neutral,0.432031512260437,Positive
2021-06-28,383.0,,0.0,Neutral,0.2160157561302185,Positive
2021-06-27,383.0,,0.0,Neutral,0.0,Neutral
2021-06-24,370.0,,0.0,Neutral,0.0,Neutral
2021-06-23,372.0,,0.0,Neutral,0.0,Neutral
2021-06-22,383.0,,0.0,Neutral,0.0,Neutral
2021-06-21,373.0,,0.0,Neutral,0.0,Neutral
2021-06-20,383.0,,0.0,Neutral,0.0,Neutral
2021-06-17,395.0,,0.0,Neutral,0.0,Neutral
2021-06-16,400.0,,0.0,Neutral,0.0,Neutral
2021-06-15,399.0,,0.0,Neutral,0.0,Neutral
2021-06-14,405.0,2021-06-14,0.6951586504777273,Strongly Positive,0.6951586504777273,Strongly Positive
2021-06-13,392.0,,0.0,Neutral,0.34757932523886365,Positive
2021-06-10,386.0,,0.0,Neutral,0.17378966261943182,Slightly Positive
2021-06-09,388.0,,0.0,Neutral,0.0,Neutral
2021-06-08,393.0,,0.0,Neutral,0.0,Neutral
2021-06-07,384.0,,0.0,Neutral,0.0,Neutral
2021-06-06,394.0,,0.0,Neutral,0.0,Neutral
2021-06-03,372.0,,0.0,Neutral,0.0,Neutral
2021-06-02,345.0,,0.0,Neutral,0.0,Neutral
2021-06-01,340.0,,0.0,Neutral,0.0,Neutral
2021-05-31,342.0,,0.0,Neutral,0.0,Neutral
2021-05-30,346.0,,0.0,Neutral,0.0,Neutral
2021-05-27,333.0,2021-05-27,0.2186865657567978,Positive,0.2186865657567978,Positive
2021-05-25,333.0,2021-05-25,0.655621349811554,Strongly Positive,0.7649646326899529,Strongly Positive
2021-05-24,337.0,,0.0,Neutral,0.3824823163449764,Positive
2021-05-23,340.0,,0.0,Neutral,0.1639053374528885,Slightly Positive
2021-05-20,328.0,,0.0,Neutral,0.0,Neutral
2021-05-19,322.0,,0.0,Neutral,0.0,Neutral
2021-05-18,321.0,,0.0,Neutral,0.0,Neutral
2021-05-17,319.0,,0.0,Neutral,0.0,Neutral
2021-05-16,319.0,2021-05-16,0.8713140487670898,Strongly Positive,0.8713140487670898,Strongly Positive
2021-05-13,312.0,,0.0,Neutral,0.4356570243835449,Positive
2021-05-12,312.0,,0.0,Neutral,0.21782851219177246,Positive
2021-05-11,313.0,,0.0,Neutral,0.0,Neutral
2021-05-10,312.0,,0.0,Neutral,0.0,Neutral
2021-05-09,312.0,,0.0,Neutral,0.0,Neutral
2021-05-06,311.0,,0.0,Neutral,0.0,Neutral
2021-05-05,309.0,,0.0,Neutral,0.0,Neutral
2021-05-04,308.0,,0.0,Neutral,0.0,Neutral
2021-05-03,308.0,,0.0,Neutral,0.0,Neutral
2021-05-02,313.0,2021-05-02,0.1060797721147537,Slightly Positive,0.1060797721147537,Slightly Positive
2021-04-29,309.0,2021-04-29,-0.3356136381626129,Negative,-0.28257375210523605,Negative
2021-04-28,306.0,2021-04-28,0.0036563519388437,Neutral,-0.13763052411377433,Slightly Negative
2021-04-27,309.0,,0.0,Neutral,-0.08207523357123138,Slightly Negative
2021-04-26,302.0,,0.0,Neutral,0.000914087984710925,Neutral
2021-04-25,309.0,,0.0,Neutral,0.0,Neutral
2021-04-22,317.0,,0.0,Neutral,0.0,Neutral
2021-04-21,316.0,2021-04-21,-0.5364495515823364,Negative,-0.5364495515823364,Negative
2021-04-20,320.0,2021-04-20,-0.8707112669944763,Strongly Negative,-1.1389360427856445,Strongly Negative
2021-04-19,317.0,,0.0,Neutral,-0.5694680213928223,Negative
2021-04-18,324.0,2021-04-18,-0.4178709387779236,Negative,-0.6355487555265427,Strongly Negative
2021-04-15,333.0,,0.0,Neutral,-0.2089354693889618,Negative
2021-04-13,326.0,2021-04-13,-0.5402607917785645,Negative,-0.6447285264730453,Strongly Negative
2021-04-12,319.0,,0.0,Neutral,-0.2701303958892822,Negative
2021-04-08,311.0,,0.0,Neutral,-0.1350651979446411,Slightly Negative
2021-04-07,310.0,,0.0,Neutral,0.0,Neutral
2021-04-06,312.0,,0.0,Neutral,0.0,Neutral
2021-04-05,311.0,2021-04-05,-0.4910283088684082,Negative,-0.4910283088684082,Negative
2021-04-04,316.0,,0.0,Neutral,-0.2455141544342041,Negative
2021-04-01,310.0,2021-04-01,0.1322474330663681,Slightly Positive,0.009490355849266052,Neutral
2021-03-31,308.0,,0.0,Neutral,0.06612371653318405,Slightly Positive
2021-03-30,304.0,,0.0,Neutral,0.033061858266592026,Neutral
2021-03-29,305.0,2021-03-29,0.849197268486023,Strongly Positive,0.849197268486023,Strongly Positive
2021-03-25,303.0,,0.0,Neutral,0.4245986342430115,Positive
2021-03-24,307.0,2021-03-24,-0.4105883538722992,Negative,-0.19828903675079346,Slightly Negative
2021-03-23,298.0,2021-03-23,0.8062120676040649,Strongly Positive,0.6009178906679153,Strongly Positive
2021-03-22,300.0,2021-03-22,-0.3435660600662231,Negative,-0.04310711473226542,Neutral
2021-03-21,305.0,,0.0,Neutral,0.02976998686790469,Neutral
2021-03-18,301.0,,0.0,Neutral,-0.08589151501655577,Slightly Negative
2021-03-17,298.0,,0.0,Neutral,0.0,Neutral
2021-03-16,293.0,,0.0,Neutral,0.0,Neutral
2021-03-15,291.0,,0.0,Neutral,0.0,Neutral
2021-03-14,293.0,2021-03-14,0.3672319650650024,Positive,0.3672319650650024,Positive
2021-03-10,300.0,,0.0,Neutral,0.1836159825325012,Slightly Positive
2021-03-09,301.0,,0.0,Neutral,0.0918079912662506,Slightly Positive
2021-03-07,307.0,2021-03-07,0.8898645639419556,Strongly Positive,0.8898645639419556,Strongly Positive
2021-03-04,304.0,,0.0,Neutral,0.4449322819709778,Positive
2021-03-03,296.0,,0.0,Neutral,0.2224661409854889,Positive
2021-03-02,300.0,2021-03-02,-0.438233733177185,Negative,-0.438233733177185,Negative
2021-03-01,306.0,,0.0,Neutral,-0.2191168665885925,Negative
2021-02-28,298.0,,0.0,Neutral,-0.10955843329429625,Slightly Negative
2021-02-25,307.0,,0.0,Neutral,0.0,Neutral
2021-02-24,312.0,2021-02-24,-0.4131810963153839,Negative,-0.4131810963153839,Negative
2021-02-23,313.0,,0.0,Neutral,-0.20659054815769196,Negative
2021-02-22,316.0,,0.0,Neutral,-0.10329527407884598,Slightly Negative
2021-02-21,327.0,2021-02-21,-0.5976194143295288,Negative,-0.5976194143295288,Negative
2021-02-18,329.0,,0.0,Neutral,-0.2988097071647644,Negative
2021-02-17,322.0,,0.0,Neutral,-0.1494048535823822,Slightly Negative
2021-02-16,322.0,,0.0,Neutral,0.0,Neutral
2021-02-15,313.0,,0.0,Neutral,0.0,Neutral
2021-02-14,303.0,,0.0,Neutral,0.0,Neutral
2021-02-11,312.0,,0.0,Neutral,0.0,Neutral
2021-02-10,308.0,2021-02-10,0.4726470112800598,Positive,0.4726470112800598,Positive
2021-02-09,301.0,2021-02-09,-0.5642222166061401,Negative,-0.32789871096611023,Negative
2021-02-08,302.0,2021-02-08,-0.4620852768421173,Negative,-0.6260346323251724,Strongly Negative
2021-02-07,290.0,,0.0,Neutral,-0.3720981925725937,Negative
2021-02-04,292.0,2021-02-04,-0.4566866755485534,Negative,-0.5722079947590828,Negative
2021-02-03,291.0,,0.0,Neutral,-0.2283433377742767,Negative
2021-02-02,283.0,,0.0,Neutral,-0.11417166888713835,Slightly Negative
2021-02-01,279.0,,0.0,Neutral,0.0,Neutral
2021-01-31,275.0,2021-01-31,0.0300732478499412,Neutral,0.0300732478499412,Neutral
2021-01-28,284.0,2021-01-28,0.7391324043273926,Strongly Positive,0.7541690282523632,Strongly Positive
2021-01-27,293.0,2021-01-27,0.9172951579093932,Strongly Positive,1.294379672035575,Strongly Positive
2021-01-26,295.0,2021-01-26,-0.5346378684043884,Negative,0.10879281163215632,Slightly Positive
2021-01-25,297.0,,0.0,Neutral,-0.037995144724845914,Neutral
2021-01-24,296.0,,0.0,Neutral,-0.1336594671010971,Slightly Negative
2021-01-21,295.0,2021-01-21,-0.8496271967887878,Strongly Negative,-0.8496271967887878,Strongly Negative
2021-01-20,293.0,,0.0,Neutral,-0.4248135983943939,Negative
2021-01-19,290.0,,0.0,Neutral,-0.21240679919719696,Negative
2021-01-18,298.0,,0.0,Neutral,0.0,Neutral
2021-01-17,296.0,2021-01-17,0.3041101396083832,Positive,0.3041101396083832,Positive
2021-01-13,295.0,2021-01-13,0.4864499568939209,Positive,0.6385050266981125,Strongly Positive
2021-01-12,299.0,,0.0,Neutral,0.31925251334905624,Positive
2021-01-11,296.0,2021-01-11,-0.3791023790836334,Negative,-0.2574898898601532,Negative
2021-01-10,307.0,2021-01-10,-0.4561843276023865,Negative,-0.6457355171442032,Strongly Negative
2021-01-07,292.0,2021-01-07,0.698971003293991,Strongly Positive,0.3761032447218894,Positive
2021-01-06,287.0,,0.0,Neutral,0.23543941974639887,Positive
2021-01-05,281.0,,0.0,Neutral,0.17474275082349774,Slightly Positive
2021-01-04,270.0,,0.0,Neutral,0.0,Neutral
2021-01-03,272.0,2021-01-03,-0.3271416127681732,Negative,-0.3271416127681732,Negative
2020-12-31,254.0,,0.0,Neutral,-0.1635708063840866,Slightly Negative
2020-12-30,247.0,2020-12-30,-0.4411584436893463,Negative,-0.5229438468813896,Negative
2020-12-29,245.0,,0.0,Neutral,-0.22057922184467316,Negative
2020-12-28,241.0,,0.0,Neutral,-0.11028961092233658,Slightly Negative
2020-12-27,240.0,,0.0,Neutral,0.0,Neutral
2020-12-24,241.0,2020-12-24,0.512558102607727,Positive,0.512558102607727,Positive
2020-12-23,241.0,,0.0,Neutral,0.2562790513038635,Positive
2020-12-22,243.0,,0.0,Neutral,0.12813952565193176,Slightly Positive
2020-12-21,232.0,2020-12-21,-0.5311627984046936,Negative,-0.5311627984046936,Negative
2020-12-20,230.0,,0.0,Neutral,-0.2655813992023468,Negative
2020-12-17,238.0,2020-12-17,0.6602139472961426,Strongly Positive,0.5274232476949692,Positive
2020-12-16,237.0,2020-12-16,0.6675947904586792,Strongly Positive,0.9977017641067505,Strongly Positive
2020-12-15,239.0,,0.0,Neutral,0.49885088205337524,Positive
2020-12-14,242.0,,0.0,Neutral,0.1668986976146698,Slightly Positive
2020-12-13,239.0,,0.0,Neutral,0.0,Neutral
2020-12-10,231.0,,0.0,Neutral,0.0,Neutral
2020-12-09,231.0,2020-12-09,0.1103778183460235,Slightly Positive,0.1103778183460235,Slightly Positive
2020-12-08,234.0,,0.0,Neutral,0.05518890917301175,Slightly Positive
2020-12-07,236.0,2020-12-07,0.6842315196990967,Strongly Positive,0.7118259742856026,Strongly Positive
2020-12-06,231.0,,0.0,Neutral,0.34211575984954834,Positive
2020-12-03,244.0,,0.0,Neutral,0.17105787992477417,Slightly Positive
2020-12-02,249.0,,0.0,Neutral,0.0,Neutral
2020-12-01,249.0,,0.0,Neutral,0.0,Neutral
2020-11-30,257.0,,0.0,Neutral,0.0,Neutral
2020-11-29,261.0,,0.0,Neutral,0.0,Neutral
2020-11-26,238.0,,0.0,Neutral,0.0,Neutral
2020-11-25,251.0,2020-11-25,0.8829460740089417,Strongly Positive,0.8829460740089417,Strongly Positive
2020-11-24,246.0,,0.0,Neutral,0.4414730370044708,Positive
2020-11-23,246.0,,0.0,Neutral,0.2207365185022354,Positive
2020-11-22,247.0,,0.0,Neutral,0.0,Neutral
2020-11-19,238.0,,0.0,Neutral,0.0,Neutral
2020-11-18,240.0,2020-11-18,0.1508250832557678,Slightly Positive,0.1508250832557678,Slightly Positive
2020-11-12,238.0,,0.0,Neutral,0.0754125416278839,Slightly Positive
2020-11-11,234.0,,0.0,Neutral,0.03770627081394195,Neutral
2020-11-10,231.0,2020-11-10,0.0448877215385437,Neutral,0.0448877215385437,Neutral
2020-11-09,231.0,,0.0,Neutral,0.02244386076927185,Neutral
2020-11-08,233.0,,0.0,Neutral,0.011221930384635925,Neutral
2020-11-05,232.0,2020-11-05,0.9027197360992432,Strongly Positive,0.9027197360992432,Strongly Positive
2020-11-04,233.0,,0.0,Neutral,0.4513598680496216,Positive
2020-11-03,234.0,,0.0,Neutral,0.2256799340248108,Positive
2020-11-02,232.0,,0.0,Neutral,0.0,Neutral
2020-11-01,237.0,,0.0,Neutral,0.0,Neutral
2020-10-29,239.0,,0.0,Neutral,0.0,Neutral
2020-10-28,241.0,,0.0,Neutral,0.0,Neutral
2020-10-22,220.0,,0.0,Neutral,0.0,Neutral
2020-10-21,221.0,2020-10-21,0.8985637426376343,Strongly Positive,0.8985637426376343,Strongly Positive
2020-10-20,220.0,,0.0,Neutral,0.44928187131881714,Positive
2020-10-19,220.0,2020-10-19,0.906398057937622,Strongly Positive,1.1310389935970306,Strongly Positive
2020-10-18,213.0,2020-10-18,0.8729951977729797,Strongly Positive,1.3261942267417908,Strongly Positive
2020-10-15,215.0,2020-10-15,0.6376285552978516,Strongly Positive,1.300725668668747,Strongly Positive
2020-10-14,215.0,,0.0,Neutral,0.5370630770921707,Positive
2020-10-13,216.0,,0.0,Neutral,0.1594071388244629,Slightly Positive
2020-10-12,219.0,,0.0,Neutral,0.0,Neutral
2020-10-11,217.0,,0.0,Neutral,0.0,Neutral
2020-10-08,221.0,,0.0,Neutral,0.0,Neutral
2020-10-07,222.0,,0.0,Neutral,0.0,Neutral
2020-10-06,220.0,,0.0,Neutral,0.0,Neutral
2020-10-05,222.0,,0.0,Neutral,0.0,Neutral
2020-10-04,217.0,,0.0,Neutral,0.0,Neutral
2020-10-01,214.0,,0.0,Neutral,0.0,Neutral
2020-09-30,209.0,,0.0,Neutral,0.0,Neutral
2020-09-29,208.0,,0.0,Neutral,0.0,Neutral
2020-09-28,213.0,,0.0,Neutral,0.0,Neutral
2020-09-27,212.0,,0.0,Neutral,0.0,Neutral
2020-09-24,207.0,,0.0,Neutral,0.0,Neutral
2020-09-23,204.0,,0.0,Neutral,0.0,Neutral
2020-09-22,204.0,,0.0,Neutral,0.0,Neutral
2020-09-21,209.0,,0.0,Neutral,0.0,Neutral
2020-09-20,208.0,,0.0,Neutral,0.0,Neutral
2020-09-17,203.0,,0.0,Neutral,0.0,Neutral
2020-09-16,196.0,2020-09-16,0.859821081161499,Strongly Positive,0.859821081161499,Strongly Positive
2020-09-15,195.0,2020-09-15,0.88677579164505,Strongly Positive,1.3166863322257996,Strongly Positive
2020-09-14,196.0,,0.0,Neutral,0.6583431661128998,Strongly Positive
2020-09-13,196.0,,0.0,Neutral,0.2216939479112625,Positive
2020-09-10,194.0,,0.0,Neutral,0.0,Neutral
2020-09-09,194.0,,0.0,Neutral,0.0,Neutral
2020-09-08,194.0,,0.0,Neutral,0.0,Neutral
2020-09-07,194.0,,0.0,Neutral,0.0,Neutral
2020-09-06,195.0,,0.0,Neutral,0.0,Neutral
2020-09-03,194.0,,0.0,Neutral,0.0,Neutral
2020-09-02,197.0,,0.0,Neutral,0.0,Neutral
2020-08-31,193.0,,0.0,Neutral,0.0,Neutral
2020-08-30,194.0,,0.0,Neutral,0.0,Neutral
2020-08-27,194.0,,0.0,Neutral,0.0,Neutral
2020-08-26,197.0,2020-08-26,0.4787486214190721,Positive,0.4787486214190721,Positive
2020-08-25,193.0,,0.0,Neutral,0.23937431070953605,Positive
2020-08-24,194.0,,0.0,Neutral,0.11968715535476802,Slightly Positive
2020-08-23,193.0,,0.0,Neutral,0.0,Neutral
2020-08-20,193.0,2020-08-20,0.3619968295097351,Positive,0.3619968295097351,Positive
2020-08-19,191.0,,0.0,Neutral,0.18099841475486755,Slightly Positive
2020-08-18,193.0,,0.0,Neutral,0.09049920737743378,Slightly Positive
2020-08-17,195.0,,0.0,Neutral,0.0,Neutral
2020-08-16,194.0,2020-08-16,0.0681280344724655,Slightly Positive,0.0681280344724655,Slightly Positive
2020-08-13,198.0,2020-08-13,-0.0032728966325521,Neutral,0.030791120603680652,Neutral
2020-08-12,201.0,,0.0,Neutral,0.015395560301840326,Neutral
2020-08-11,201.0,,0.0,Neutral,-0.000818224158138025,Neutral
2020-08-10,201.0,,0.0,Neutral,0.0,Neutral
2020-08-09,197.0,,0.0,Neutral,0.0,Neutral
2020-08-06,196.0,,0.0,Neutral,0.0,Neutral
2020-08-05,194.0,,0.0,Neutral,0.0,Neutral
2020-08-03,197.0,,0.0,Neutral,0.0,Neutral
2020-08-02,195.0,,0.0,Neutral,0.0,Neutral
2020-07-30,196.0,,0.0,Neutral,0.0,Neutral
2020-07-29,196.0,2020-07-29,0.8600679636001587,Strongly Positive,0.8600679636001587,Strongly Positive
2020-07-28,200.0,,0.0,Neutral,0.43003398180007935,Positive
2020-07-27,200.0,,0.0,Neutral,0.21501699090003967,Positive
2020-07-26,203.0,,0.0,Neutral,0.0,Neutral
2020-07-23,201.0,,0.0,Neutral,0.0,Neutral
2020-07-22,202.0,2020-07-22,0.5365362167358398,Positive,0.5365362167358398,Positive
2020-07-21,205.0,,0.0,Neutral,0.2682681083679199,Positive
2020-07-20,208.0,,0.0,Neutral,0.13413405418395996,Slightly Positive
2020-07-19,204.0,,0.0,Neutral,0.0,Neutral
2020-07-16,194.0,,0.0,Neutral,0.0,Neutral
2020-07-15,188.0,,0.0,Neutral,0.0,Neutral
2020-07-14,186.0,,0.0,Neutral,0.0,Neutral
2020-07-13,185.0,,0.0,Neutral,0.0,Neutral
2020-07-12,186.0,,0.0,Neutral,0.0,Neutral
2020-07-09,185.0,2020-07-09,0.8973246514797211,Strongly Positive,0.8973246514797211,Strongly Positive
2020-07-08,186.0,,0.0,Neutral,0.44866232573986053,Positive
2020-07-07,191.0,,0.0,Neutral,0.22433116286993027,Positive
2020-07-06,187.0,,0.0,Neutral,0.0,Neutral
2020-07-05,184.0,2020-07-05,0.2238288819789886,Positive,0.2238288819789886,Positive
2020-07-02,185.0,,0.0,Neutral,0.1119144409894943,Slightly Positive
2020-07-01,198.0,2020-07-01,-0.564888060092926,Negative,-0.5089308395981789,Negative
2020-06-30,180.0,2020-06-30,0.916642129421234,Strongly Positive,0.634198099374771,Strongly Positive
2020-06-29,173.0,,0.0,Neutral,0.3170990496873855,Positive
2020-05-13,175.0,,0.0,Neutral,0.2291605323553085,Positive
2020-03-22,180.0,2020-03-22,0.5310344099998474,Positive,0.5310344099998474,Positive
2020-03-19,185.0,,0.0,Neutral,0.2655172049999237,Positive
2020-03-18,185.0,,0.0,Neutral,0.13275860249996185,Slightly Positive
2020-03-17,186.0,2020-03-17,0.8020090460777283,Strongly Positive,0.8020090460777283,Strongly Positive
2020-03-16,191.0,2020-03-16,0.6043878793716431,Strongly Positive,1.0053924024105072,Strongly Positive
2020-03-15,190.0,2020-03-15,0.8521060943603516,Strongly Positive,1.3548022955656052,Strongly Positive
2020-03-12,195.0,,0.0,Neutral,0.5771500170230865,Positive
2020-03-11,202.0,2020-03-11,0.6391243934631348,Strongly Positive,0.8521509170532227,Strongly Positive
2020-03-10,192.0,2020-03-10,-0.6497147083282471,Strongly Negative,-0.3301525115966797,Negative
2020-03-05,204.0,2020-03-05,0.7326845228672028,Strongly Positive,0.5676082670688629,Positive
2020-03-04,208.0,2020-03-04,-0.0493215024471282,Neutral,0.15459208190441143,Slightly Positive
2020-03-03,212.0,2020-03-03,0.9211212992668152,Strongly Positive,1.0796316787600517,Strongly Positive
2020-03-02,213.0,2020-03-02,0.7860763669013977,Strongly Positive,1.2343066409230232,Strongly Positive
2020-03-01,224.0,,0.0,Neutral,0.6233185082674026,Strongly Positive
2020-02-27,230.0,2020-02-27,0.4762963950634002,Positive,0.6728154867887497,Strongly Positive
2020-02-26,219.0,2020-02-26,-0.5152184963226318,Negative,-0.2770702987909317,Negative
2020-02-25,213.0,2020-02-25,0.9188093543052672,Strongly Positive,0.7802742049098014,Strongly Positive
2020-02-24,211.0,2020-02-24,0.0043060332536697,Neutral,0.33490608632564534,Positive
2020-02-23,211.0,2020-02-23,0.0224795639514923,Neutral,0.25433491915464396,Positive
2020-02-20,199.0,2020-02-20,0.7416114807128906,Strongly Positive,0.7539277710020542,Strongly Positive
2020-02-19,199.0,2020-02-19,0.5676307678222656,Positive,0.944056399166584,Strongly Positive
2020-02-18,198.0,,0.0,Neutral,0.46921825408935547,Positive
2020-02-17,198.0,2020-02-17,0.7569572925567627,Strongly Positive,0.8988649845123291,Strongly Positive
2020-02-16,194.0,2020-02-16,0.3593215346336365,Positive,0.7378001809120178,Strongly Positive
2020-02-13,194.0,2020-02-13,-0.1728152632713318,Slightly Negative,0.19608482718467712,Slightly Positive
2020-02-12,195.0,,0.0,Neutral,0.003422752022743225,Neutral
2020-02-11,198.0,2020-02-11,-0.6466630697250366,Strongly Negative,-0.6898668855428696,Strongly Negative
2020-02-10,194.0,,0.0,Neutral,-0.3233315348625183,Negative
2020-02-09,195.0,,0.0,Neutral,-0.16166576743125916,Slightly Negative
2020-02-06,198.0,,0.0,Neutral,0.0,Neutral
2020-02-05,198.0,2020-02-05,0.879252552986145,Strongly Positive,0.879252552986145,Strongly Positive
2020-02-04,199.0,,0.0,Neutral,0.4396262764930725,Positive
2020-02-03,203.0,,0.0,Neutral,0.21981313824653625,Positive
2020-02-02,200.0,,0.0,Neutral,0.0,Neutral
2020-01-30,195.0,,0.0,Neutral,0.0,Neutral
2020-01-29,192.0,,0.0,Neutral,0.0,Neutral
2020-01-28,190.0,2020-01-28,0.283295214176178,Positive,0.283295214176178,Positive
2020-01-27,192.0,,0.0,Neutral,0.141647607088089,Slightly Positive
2020-01-26,190.0,2020-01-26,0.8893269896507263,Strongly Positive,0.9601507931947708,Strongly Positive
2020-01-23,195.0,,0.0,Neutral,0.44466349482536316,Positive
2020-01-22,197.0,,0.0,Neutral,0.22233174741268158,Positive
2020-01-21,201.0,,0.0,Neutral,0.0,Neutral
2020-01-20,203.0,2020-01-20,-0.2280759774148464,Negative,-0.2280759774148464,Negative
2020-01-19,213.0,,0.0,Neutral,-0.1140379887074232,Slightly Negative
2020-01-16,209.0,,0.0,Neutral,-0.0570189943537116,Slightly Negative
2020-01-15,203.0,,0.0,Neutral,0.0,Neutral
2020-01-14,198.0,2020-01-14,0.5020753741264343,Positive,0.5020753741264343,Positive
2020-01-13,203.0,,0.0,Neutral,0.25103768706321716,Positive
2020-01-12,199.0,,0.0,Neutral,0.12551884353160858,Slightly Positive
2020-01-09,194.0,,0.0,Neutral,0.0,Neutral
2020-01-08,193.0,,0.0,Neutral,0.0,Neutral
2020-01-07,198.0,,0.0,Neutral,0.0,Neutral
2020-01-06,195.0,,0.0,Neutral,0.0,Neutral
2020-01-05,186.0,2020-01-05,0.5616716295480728,Positive,0.5616716295480728,Positive
2020-01-02,181.0,,0.0,Neutral,0.2808358147740364,Positive
2020-01-01,183.0,,0.0,Neutral,0.1404179073870182,Slightly Positive
2019-12-31,181.0,,0.0,Neutral,0.0,Neutral
2019-12-30,182.0,2019-12-30,0.7870628833770752,Strongly Positive,0.7870628833770752,Strongly Positive
2019-12-29,182.0,,0.0,Neutral,0.3935314416885376,Positive
2019-12-26,182.0,2019-12-26,0.3885568231344224,Positive,0.5853225439786912,Positive
2019-12-25,183.0,,0.0,Neutral,0.1942784115672112,Slightly Positive
2019-12-24,182.0,,0.0,Neutral,0.0971392057836056,Slightly Positive
2019-12-23,183.0,,0.0,Neutral,0.0,Neutral
2019-12-22,183.0,,0.0,Neutral,0.0,Neutral
2019-12-19,184.0,,0.0,Neutral,0.0,Neutral
2019-12-18,186.0,,0.0,Neutral,0.0,Neutral
2019-12-17,185.0,,0.0,Neutral,0.0,Neutral
2019-12-16,186.0,,0.0,Neutral,0.0,Neutral
2019-12-15,188.0,,0.0,Neutral,0.0,Neutral
2019-12-12,189.0,,0.0,Neutral,0.0,Neutral
2019-12-11,189.0,,0.0,Neutral,0.0,Neutral
2019-12-10,184.0,,0.0,Neutral,0.0,Neutral
2019-12-09,187.0,,0.0,Neutral,0.0,Neutral
2019-12-08,182.0,,0.0,Neutral,0.0,Neutral
2019-12-05,183.0,,0.0,Neutral,0.0,Neutral
2019-12-04,182.0,,0.0,Neutral,0.0,Neutral
2019-12-03,183.0,2019-12-03,0.618488609790802,Strongly Positive,0.618488609790802,Strongly Positive
2019-12-02,181.0,2019-12-02,0.6570655703544617,Strongly Positive,0.9663098752498627,Strongly Positive
2019-12-01,180.0,,0.0,Neutral,0.48315493762493134,Positive
2019-11-28,180.0,,0.0,Neutral,0.16426639258861542,Slightly Positive
2019-11-27,180.0,,0.0,Neutral,0.0,Neutral
2019-11-26,180.0,,0.0,Neutral,0.0,Neutral
2019-11-25,182.0,,0.0,Neutral,0.0,Neutral
2019-11-24,182.0,2019-11-24,0.7399795055389404,Strongly Positive,0.7399795055389404,Strongly Positive
2019-11-21,183.0,,0.0,Neutral,0.3699897527694702,Positive
2019-11-20,184.0,,0.0,Neutral,0.1849948763847351,Slightly Positive
2019-11-19,186.0,2019-11-19,0.4210245609283447,Positive,0.4210245609283447,Positive
2019-11-18,185.0,,0.0,Neutral,0.21051228046417236,Positive
2019-11-17,186.0,,0.0,Neutral,0.10525614023208618,Slightly Positive
2019-11-14,187.0,,0.0,Neutral,0.0,Neutral
2019-11-13,188.0,,0.0,Neutral,0.0,Neutral
2019-11-12,189.0,,0.0,Neutral,0.0,Neutral
2019-11-11,191.0,,0.0,Neutral,0.0,Neutral
2019-11-10,190.0,2019-11-10,-0.0885843336582183,Slightly Negative,-0.0885843336582183,Slightly Negative
2019-11-07,190.0,,0.0,Neutral,-0.04429216682910915,Neutral
2019-11-06,191.0,,0.0,Neutral,-0.022146083414554575,Neutral
2019-11-05,192.0,,0.0,Neutral,0.0,Neutral
2019-11-04,191.0,2019-11-04,-0.9058239459991456,Strongly Negative,-0.9058239459991456,Strongly Negative
2019-11-03,192.0,,0.0,Neutral,-0.4529119729995728,Negative
2019-10-31,192.0,,0.0,Neutral,-0.2264559864997864,Negative
2019-10-24,197.0,,0.0,Neutral,0.0,Neutral
2019-10-23,196.0,,0.0,Neutral,0.0,Neutral
2019-10-22,196.0,,0.0,Neutral,0.0,Neutral
2019-10-21,192.0,2019-10-21,0.7867043614387512,Strongly Positive,0.7867043614387512,Strongly Positive
2019-10-20,193.0,,0.0,Neutral,0.3933521807193756,Positive
2019-10-17,194.0,,0.0,Neutral,0.1966760903596878,Slightly Positive
2019-10-16,194.0,,0.0,Neutral,0.0,Neutral
2019-10-15,193.0,,0.0,Neutral,0.0,Neutral
2019-10-14,194.0,,0.0,Neutral,0.0,Neutral
2019-10-10,197.0,,0.0,Neutral,0.0,Neutral
2019-10-03,198.0,2019-10-03,0.6210771203041077,Strongly Positive,0.6210771203041077,Strongly Positive
2019-10-02,196.0,,0.0,Neutral,0.31053856015205383,Positive
2019-10-01,194.0,2019-10-01,-0.3024523556232452,Negative,-0.14718307554721827,Slightly Negative
2019-09-30,193.0,,0.0,Neutral,-0.1512261778116226,Slightly Negative
2019-09-29,193.0,2019-09-29,0.8132269978523254,Strongly Positive,0.7376139089465141,Strongly Positive
2019-09-26,193.0,2019-09-26,0.5172597169876099,Positive,0.9238732159137726,Strongly Positive
2019-09-25,192.0,,0.0,Neutral,0.4619366079568863,Positive
2019-09-24,193.0,2019-09-24,-0.0042473077774047,Neutral,0.12506762146949776,Slightly Positive
2019-09-23,196.0,,0.0,Neutral,-0.00212365388870235,Neutral
2019-09-22,194.0,,0.0,Neutral,-0.001061826944351175,Neutral
2019-09-19,201.0,,0.0,Neutral,0.0,Neutral
2019-09-18,202.0,,0.0,Neutral,0.0,Neutral
2019-09-17,200.0,2019-09-17,0.4095453321933746,Positive,0.4095453321933746,Positive
2019-09-16,217.0,2019-09-16,0.4361126124858857,Positive,0.6408852785825729,Strongly Positive
2019-09-15,218.0,2019-09-15,0.6814584136009216,Strongly Positive,1.001901052892208,Strongly Positive
2019-09-12,222.0,,0.0,Neutral,0.4497573599219322,Positive
2019-09-11,222.0,2019-09-11,0.869890034198761,Strongly Positive,1.0402546375989914,Strongly Positive
2019-09-10,222.0,,0.0,Neutral,0.4349450170993805,Positive
2019-09-09,222.0,,0.0,Neutral,0.21747250854969025,Positive
2019-09-08,220.0,2019-09-08,0.7852203249931335,Strongly Positive,0.7852203249931335,Strongly Positive
2019-09-05,219.0,,0.0,Neutral,0.3926101624965668,Positive
2019-09-04,219.0,2019-09-04,0.4178094565868377,Positive,0.6141145378351212,Strongly Positive
2019-09-03,220.0,,0.0,Neutral,0.20890472829341886,Positive
2019-09-02,215.0,2019-09-02,0.521414041519165,Positive,0.6258664056658745,Strongly Positive
2019-09-01,216.0,,0.0,Neutral,0.2607070207595825,Positive
2019-08-29,217.0,,0.0,Neutral,0.13035351037979126,Slightly Positive
2019-08-28,218.0,,0.0,Neutral,0.0,Neutral
2019-08-27,218.0,2019-08-27,0.3579877018928528,Positive,0.3579877018928528,Positive
2019-08-26,215.0,2019-08-26,0.7882136106491089,Strongly Positive,0.9672074615955353,Strongly Positive
2019-08-25,214.0,,0.0,Neutral,0.48360373079776764,Positive
2019-08-22,214.0,,0.0,Neutral,0.19705340266227722,Slightly Positive
2019-08-21,215.0,,0.0,Neutral,0.0,Neutral
2019-08-20,216.0,,0.0,Neutral,0.0,Neutral
2019-08-19,218.0,2019-08-19,0.8192152976989746,Strongly Positive,0.8192152976989746,Strongly Positive
2019-08-18,217.0,,0.0,Neutral,0.4096076488494873,Positive
2019-08-15,219.0,,0.0,Neutral,0.20480382442474365,Positive
2019-08-14,217.0,2019-08-14,0.8356881737709045,Strongly Positive,0.8356881737709045,Strongly Positive
2019-08-13,220.0,2019-08-13,0.6991210579872131,Strongly Positive,1.1169651448726654,Strongly Positive
2019-08-12,220.0,,0.0,Neutral,0.5584825724363327,Positive
2019-08-11,219.0,,0.0,Neutral,0.17478026449680328,Slightly Positive
2019-08-08,221.0,,0.0,Neutral,0.0,Neutral
2019-08-07,221.0,2019-08-07,-0.4570404589176178,Negative,-0.4570404589176178,Negative
2019-08-06,221.0,,0.0,Neutral,-0.2285202294588089,Negative
2019-08-05,223.0,,0.0,Neutral,-0.11426011472940445,Slightly Negative
2019-08-04,223.0,,0.0,Neutral,0.0,Neutral
2019-08-01,224.0,,0.0,Neutral,0.0,Neutral
2019-07-31,226.0,2019-07-31,-0.4471966624259949,Negative,-0.4471966624259949,Negative
2019-07-30,227.0,,0.0,Neutral,-0.22359833121299744,Negative
2019-07-29,224.0,2019-07-29,0.5511285066604614,Positive,0.4393293410539627,Positive
2019-07-28,226.0,,0.0,Neutral,0.2755642533302307,Positive
2019-07-25,228.0,,0.0,Neutral,0.13778212666511536,Slightly Positive
2019-07-24,232.0,2019-07-24,0.8770189881324768,Strongly Positive,0.8770189881324768,Strongly Positive
2019-07-23,231.0,,0.0,Neutral,0.4385094940662384,Positive
2019-07-22,228.0,,0.0,Neutral,0.2192547470331192,Positive
2019-07-21,227.0,2019-07-21,0.1339715123176574,Slightly Positive,0.1339715123176574,Slightly Positive
2019-07-18,227.0,,0.0,Neutral,0.0669857561588287,Slightly Positive
2019-07-17,229.0,2019-07-17,0.8922961354255676,Strongly Positive,0.925789013504982,Strongly Positive
2019-07-16,224.0,,0.0,Neutral,0.4461480677127838,Positive
2019-07-15,225.0,,0.0,Neutral,0.2230740338563919,Positive
2019-07-14,222.0,,0.0,Neutral,0.0,Neutral
2019-07-11,222.0,,0.0,Neutral,0.0,Neutral
2019-07-10,222.0,2019-07-10,-0.4849487543106079,Negative,-0.4849487543106079,Negative
2019-07-09,220.0,,0.0,Neutral,-0.24247437715530396,Negative
2019-07-08,220.0,2019-07-08,0.8237234354019165,Strongly Positive,0.7024862468242645,Strongly Positive
2019-07-07,223.0,2019-07-07,0.8937943577766418,Strongly Positive,1.3056560754776,Strongly Positive
2019-07-04,224.0,2019-07-04,0.6093844771385193,Strongly Positive,1.2622125148773193,Strongly Positive
2019-07-03,226.0,,0.0,Neutral,0.5281408280134201,Positive
2019-07-02,224.0,2019-07-02,-0.2368516623973846,Negative,-0.08450554311275477,Slightly Negative
2019-07-01,220.0,2019-07-01,-0.4330974519252777,Negative,-0.55152328312397,Negative
2019-06-30,220.0,,0.0,Neutral,-0.275761641561985,Negative
2019-06-27,221.0,,0.0,Neutral,-0.10827436298131943,Slightly Negative
2019-06-26,218.0,,0.0,Neutral,0.0,Neutral
2019-06-25,220.0,,0.0,Neutral,0.0,Neutral
2019-06-24,220.0,,0.0,Neutral,0.0,Neutral
2019-06-23,221.0,,0.0,Neutral,0.0,Neutral
2019-06-20,222.0,,0.0,Neutral,0.0,Neutral
2019-06-19,222.0,,0.0,Neutral,0.0,Neutral
2019-06-18,224.0,,0.0,Neutral,0.0,Neutral
2019-06-17,221.0,2019-06-17,-0.6195419430732727,Strongly Negative,-0.6195419430732727,Strongly Negative
2019-06-16,220.0,2019-06-16,0.0492241531610489,Neutral,-0.26054681837558746,Negative
2019-06-13,222.0,,0.0,Neutral,-0.13027340918779373,Slightly Negative
2019-06-12,223.0,,0.0,Neutral,0.012306038290262226,Neutral
2019-06-11,222.0,,0.0,Neutral,0.0,Neutral
2019-06-10,221.0,,0.0,Neutral,0.0,Neutral
2019-06-06,222.0,,0.0,Neutral,0.0,Neutral
2019-06-04,223.0,,0.0,Neutral,0.0,Neutral
2019-06-03,224.0,,0.0,Neutral,0.0,Neutral
2019-06-02,229.0,,0.0,Neutral,0.0,Neutral
2019-05-30,227.0,,0.0,Neutral,0.0,Neutral
2019-05-29,228.0,2019-05-29,0.3382772803306579,Positive,0.3382772803306579,Positive
2019-05-28,225.0,,0.0,Neutral,0.16913864016532895,Slightly Positive
2019-05-27,225.0,,0.0,Neutral,0.08456932008266448,Slightly Positive
2019-05-26,228.0,,0.0,Neutral,0.0,Neutral
2019-05-23,230.0,,0.0,Neutral,0.0,Neutral
2019-05-22,232.0,2019-05-22,0.9192432165145874,Strongly Positive,0.9192432165145874,Strongly Positive
2019-05-21,230.0,,0.0,Neutral,0.4596216082572937,Positive
2019-05-20,229.0,,0.0,Neutral,0.22981080412864685,Positive
2019-05-19,233.0,,0.0,Neutral,0.0,Neutral
2019-05-16,235.0,2019-05-16,0.6019901037216187,Strongly Positive,0.6019901037216187,Strongly Positive
2019-05-15,234.0,,0.0,Neutral,0.3009950518608093,Positive
2019-05-14,226.0,2019-05-14,-0.1161871999502182,Slightly Negative,0.03431032598018646,Neutral
2019-05-13,224.0,,0.0,Neutral,-0.0580935999751091,Slightly Negative
2019-05-12,225.0,,0.0,Neutral,-0.02904679998755455,Neutral
2019-05-09,224.0,,0.0,Neutral,0.0,Neutral
2019-05-08,225.0,,0.0,Neutral,0.0,Neutral
2019-05-07,226.0,,0.0,Neutral,0.0,Neutral
2019-05-06,229.0,,0.0,Neutral,0.0,Neutral
2019-05-05,221.0,,0.0,Neutral,0.0,Neutral
2019-05-02,225.0,,0.0,Neutral,0.0,Neutral
2019-04-30,228.0,,0.0,Neutral,0.0,Neutral
2019-04-29,229.0,2019-04-29,0.6715145111083984,Strongly Positive,0.6715145111083984,Strongly Positive
2019-04-28,230.0,,0.0,Neutral,0.3357572555541992,Positive
2019-04-25,235.0,,0.0,Neutral,0.1678786277770996,Slightly Positive
2019-04-24,235.0,2019-04-24,-0.2091304957866668,Negative,-0.2091304957866668,Negative
2019-04-23,230.0,,0.0,Neutral,-0.1045652478933334,Slightly Negative
2019-04-22,227.0,2019-04-22,0.7112140357494354,Strongly Positive,0.6589314118027687,Strongly Positive
2019-04-21,233.0,2019-04-21,0.2224275916814804,Positive,0.5780346095561981,Positive
2019-04-18,237.0,,0.0,Neutral,0.28901730477809906,Positive
2019-04-17,234.0,,0.0,Neutral,0.0556068979203701,Slightly Positive
2019-04-16,227.0,2019-04-16,0.7619708776473999,Strongly Positive,0.7619708776473999,Strongly Positive
2019-04-15,223.0,,0.0,Neutral,0.38098543882369995,Positive
2019-04-11,223.0,2019-04-11,0.5554110407829285,Positive,0.7459037601947784,Strongly Positive
2019-04-10,222.0,2019-04-10,0.8950625061988831,Strongly Positive,1.1727680265903473,Strongly Positive
2019-04-09,220.0,2019-04-09,0.8805367946624756,Strongly Positive,1.4669208079576492,Strongly Positive
2019-04-08,224.0,,0.0,Neutral,0.6640340238809586,Strongly Positive
2019-04-07,220.0,,0.0,Neutral,0.2201341986656189,Positive
2019-04-04,216.0,,0.0,Neutral,0.0,Neutral
2019-04-03,218.0,2019-04-03,0.8603233098983765,Strongly Positive,0.8603233098983765,Strongly Positive
2019-04-02,219.0,,0.0,Neutral,0.43016165494918823,Positive
2019-04-01,212.0,2019-04-01,0.6460291147232056,Strongly Positive,0.8611099421977997,Strongly Positive
2019-03-31,209.0,,0.0,Neutral,0.3230145573616028,Positive
2019-03-28,209.0,,0.0,Neutral,0.1615072786808014,Slightly Positive
2019-03-27,208.0,,0.0,Neutral,0.0,Neutral
2019-03-26,209.0,2019-03-26,0.5928543210029602,Positive,0.5928543210029602,Positive
2019-03-25,206.0,,0.0,Neutral,0.2964271605014801,Positive
2019-03-24,205.0,,0.0,Neutral,0.14821358025074005,Slightly Positive
2019-03-21,208.0,,0.0,Neutral,0.0,Neutral
2019-03-19,208.0,2019-03-19,0.4687463641166687,Positive,0.4687463641166687,Positive
2019-03-18,209.0,,0.0,Neutral,0.23437318205833435,Positive
2019-03-17,210.0,,0.0,Neutral,0.11718659102916718,Slightly Positive
2019-03-14,210.0,,0.0,Neutral,0.0,Neutral
2019-03-13,211.0,,0.0,Neutral,0.0,Neutral
2019-03-12,215.0,,0.0,Neutral,0.0,Neutral
2019-03-11,214.0,2019-03-11,-0.5805007219314575,Negative,-0.5805007219314575,Negative
2019-03-10,206.0,,0.0,Neutral,-0.29025036096572876,Negative
2019-03-07,208.0,2019-03-07,0.8529539108276367,Strongly Positive,0.7078287303447723,Strongly Positive
2019-03-06,204.0,,0.0,Neutral,0.42647695541381836,Positive
2019-03-05,201.0,2019-03-05,-0.6652853488922119,Strongly Negative,-0.45204687118530273,Negative
2019-03-03,201.0,,0.0,Neutral,-0.33264267444610596,Negative
2019-02-27,202.0,,0.0,Neutral,-0.16632133722305298,Slightly Negative
2019-02-26,201.0,,0.0,Neutral,0.0,Neutral
2019-02-25,202.0,,0.0,Neutral,0.0,Neutral
2019-02-24,200.0,,0.0,Neutral,0.0,Neutral
2019-02-21,203.0,,0.0,Neutral,0.0,Neutral
2019-02-20,201.0,2019-02-20,-0.000268280506134,Neutral,-0.000268280506134,Neutral
2019-02-19,203.0,,0.0,Neutral,-0.000134140253067,Neutral
2019-02-18,202.0,2019-02-18,0.5097264647483826,Positive,0.5096593946218491,Positive
2019-02-17,201.0,,0.0,Neutral,0.2548632323741913,Positive
2019-02-14,203.0,,0.0,Neutral,0.12743161618709564,Slightly Positive
2019-02-13,203.0,,0.0,Neutral,0.0,Neutral
2019-02-12,205.0,,0.0,Neutral,0.0,Neutral
2019-02-11,204.0,,0.0,Neutral,0.0,Neutral
2019-02-10,204.0,,0.0,Neutral,0.0,Neutral
2019-02-07,207.0,,0.0,Neutral,0.0,Neutral
2019-02-06,205.0,,0.0,Neutral,0.0,Neutral
2019-02-05,206.0,,0.0,Neutral,0.0,Neutral
2019-02-04,207.0,2019-02-04,-0.7323634028434753,Strongly Negative,-0.7323634028434753,Strongly Negative
2019-02-03,208.0,2019-02-03,0.4023022949695587,Positive,0.036120593547821045,Neutral
2019-01-31,209.0,,0.0,Neutral,0.018060296773910522,Neutral
2019-01-30,210.0,2019-01-30,0.127448558807373,Slightly Positive,0.22802413254976267,Positive
2019-01-29,210.0,,0.0,Neutral,0.0637242794036865,Slightly Positive
2019-01-28,210.0,,0.0,Neutral,0.03186213970184325,Neutral
2019-01-27,212.0,,0.0,Neutral,0.0,Neutral
2019-01-24,212.0,2019-01-24,0.6918145418167114,Strongly Positive,0.6918145418167114,Strongly Positive
2019-01-23,213.0,,0.0,Neutral,0.3459072709083557,Positive
2019-01-22,211.0,,0.0,Neutral,0.17295363545417786,Slightly Positive
2019-01-21,213.0,2019-01-21,0.4966762065887451,Positive,0.4966762065887451,Positive
2019-01-20,216.0,2019-01-20,0.7727754712104797,Strongly Positive,1.0211135745048523,Strongly Positive
2019-01-17,218.0,,0.0,Neutral,0.5105567872524261,Positive
2019-01-16,219.0,,0.0,Neutral,0.19319386780261993,Slightly Positive
2019-01-15,218.0,2019-01-15,0.519601047039032,Positive,0.519601047039032,Positive
2019-01-14,218.0,2019-01-14,0.9134968519210817,Strongly Positive,1.1732973754405975,Strongly Positive
2019-01-13,219.0,,0.0,Neutral,0.5866486877202988,Positive
2019-01-10,214.0,,0.0,Neutral,0.2283742129802704,Positive
2019-01-09,214.0,2019-01-09,0.7550469636917114,Strongly Positive,0.7550469636917114,Strongly Positive
2019-01-08,213.0,2019-01-08,0.7743663191795349,Strongly Positive,1.1518898010253906,Strongly Positive
2019-01-07,212.0,2019-01-07,0.7200121879577637,Strongly Positive,1.295957088470459,Strongly Positive
2019-01-06,210.0,2019-01-06,0.5872798562049866,Positive,1.1408775299787521,Strongly Positive
2019-01-03,212.0,,0.0,Neutral,0.4736429750919342,Positive
2019-01-02,213.0,2019-01-02,-0.4312562644481659,Negative,-0.28443630039691925,Negative
2019-01-01,212.0,2019-01-01,0.5289696455001831,Positive,0.31334151327610016,Positive
2018-12-31,219.0,2018-12-31,0.8081836700439453,Strongly Positive,0.9648544266819954,Strongly Positive
2018-12-30,221.0,2018-12-30,0.8666418790817261,Strongly Positive,1.4029761254787445,Strongly Positive
2018-12-27,221.0,2018-12-27,0.8413619995117188,Strongly Positive,1.4767288565635681,Strongly Positive
2018-12-26,225.0,2018-12-26,0.5205397605895996,Positive,1.1578812301158905,Strongly Positive
2018-12-25,220.0,,0.0,Neutral,0.4706103801727295,Positive
2018-12-24,218.0,2018-12-24,0.912123441696167,Strongly Positive,1.042258381843567,Strongly Positive
2018-12-23,220.0,,0.0,Neutral,0.4560617208480835,Positive
2018-12-20,214.0,2018-12-20,-0.2122925519943237,Negative,0.015738308429718045,Neutral
2018-12-19,214.0,2018-12-19,-0.3084029853343963,Negative,-0.41454926133155817,Negative
2018-12-18,215.0,,0.0,Neutral,-0.20727463066577909,Negative
2018-12-17,219.0,,0.0,Neutral,-0.07710074633359908,Slightly Negative
2018-12-16,218.0,2018-12-16,0.7137515544891357,Strongly Positive,0.7137515544891357,Strongly Positive
2018-12-13,217.0,2018-12-13,-0.1332300901412964,Slightly Negative,0.22364568710327148,Positive
2018-12-12,215.0,,0.0,Neutral,0.11182284355163574,Slightly Positive
2018-12-11,224.0,2018-12-11,0.8785602450370789,Strongly Positive,0.8452527225017548,Strongly Positive
2018-12-10,226.0,2018-12-10,0.7846078276634216,Strongly Positive,1.223887950181961,Strongly Positive
2018-12-09,226.0,,0.0,Neutral,0.6119439750909805,Strongly Positive
2018-12-06,222.0,,0.0,Neutral,0.1961519569158554,Slightly Positive
2018-12-05,223.0,,0.0,Neutral,0.0,Neutral
2018-12-04,228.0,2018-12-04,0.033573567867279,Neutral,0.033573567867279,Neutral
2018-12-03,229.0,,0.0,Neutral,0.0167867839336395,Neutral
2018-12-02,228.0,2018-12-02,0.0572157725691795,Slightly Positive,0.06560916453599924,Slightly Positive
2018-11-29,228.0,2018-11-29,0.8101602792739868,Strongly Positive,0.8387681655585766,Strongly Positive
2018-11-28,230.0,,0.0,Neutral,0.4193840827792883,Positive
2018-11-27,231.0,,0.0,Neutral,0.2025400698184967,Positive
2018-11-26,230.0,,0.0,Neutral,0.0,Neutral
2018-11-25,231.0,,0.0,Neutral,0.0,Neutral
2018-11-22,234.0,,0.0,Neutral,0.0,Neutral
2018-11-21,239.0,,0.0,Neutral,0.0,Neutral
2018-11-20,235.0,,0.0,Neutral,0.0,Neutral
2018-11-19,238.0,2018-11-19,0.5714744180440903,Positive,0.5714744180440903,Positive
2018-11-18,237.0,,0.0,Neutral,0.28573720902204514,Positive
2018-11-15,239.0,,0.0,Neutral,0.14286860451102257,Slightly Positive
2018-11-14,240.0,,0.0,Neutral,0.0,Neutral
2018-11-13,241.0,2018-11-13,-0.1938473582267761,Slightly Negative,-0.1938473582267761,Slightly Negative
2018-11-12,236.0,,0.0,Neutral,-0.09692367911338805,Slightly Negative
2018-11-11,239.0,,0.0,Neutral,-0.048461839556694024,Neutral
2018-11-06,244.0,2018-11-06,-0.1830361932516098,Slightly Negative,-0.1830361932516098,Slightly Negative
2018-11-05,240.0,,0.0,Neutral,-0.0915180966258049,Slightly Negative
2018-11-04,235.0,,0.0,Neutral,-0.04575904831290245,Neutral
2018-11-01,241.0,,0.0,Neutral,0.0,Neutral
2018-10-31,243.0,,0.0,Neutral,0.0,Neutral
2018-10-30,245.0,,0.0,Neutral,0.0,Neutral
2018-10-29,240.0,,0.0,Neutral,0.0,Neutral
2018-10-28,241.0,,0.0,Neutral,0.0,Neutral
2018-10-25,245.0,,0.0,Neutral,0.0,Neutral
2018-10-24,247.0,,0.0,Neutral,0.0,Neutral
2018-10-23,247.0,,0.0,Neutral,0.0,Neutral
2018-10-22,248.0,,0.0,Neutral,0.0,Neutral
2018-10-21,249.0,,0.0,Neutral,0.0,Neutral
2018-10-15,248.0,2018-10-15,-0.192320704460144,Slightly Negative,-0.192320704460144,Slightly Negative
2018-10-14,253.0,,0.0,Neutral,-0.096160352230072,Slightly Negative
2018-10-11,248.0,,0.0,Neutral,-0.048080176115036,Neutral
2018-10-10,241.0,2018-10-10,-0.1620651185512542,Slightly Negative,-0.1620651185512542,Slightly Negative
2018-10-09,241.0,,0.0,Neutral,-0.0810325592756271,Slightly Negative
2018-10-08,242.0,,0.0,Neutral,-0.04051627963781355,Neutral
2018-10-07,239.0,,0.0,Neutral,0.0,Neutral
2018-10-04,242.0,,0.0,Neutral,0.0,Neutral
2018-10-03,249.0,,0.0,Neutral,0.0,Neutral
2018-10-02,251.0,,0.0,Neutral,0.0,Neutral
2018-10-01,249.0,,0.0,Neutral,0.0,Neutral
2018-09-30,256.0,,0.0,Neutral,0.0,Neutral
2018-09-27,262.0,,0.0,Neutral,0.0,Neutral
2018-09-26,268.0,,0.0,Neutral,0.0,Neutral
2018-09-25,266.0,,0.0,Neutral,0.0,Neutral
2018-09-23,256.0,2018-09-23,0.8959836959838867,Strongly Positive,0.8959836959838867,Strongly Positive
2018-09-20,252.0,,0.0,Neutral,0.44799184799194336,Positive
2018-09-18,256.0,2018-09-18,0.4713515937328338,Positive,0.6953475177288055,Strongly Positive
2018-09-17,257.0,,0.0,Neutral,0.2356757968664169,Positive
2018-09-16,256.0,2018-09-16,0.4487057030200958,Positive,0.5665436014533043,Positive
2018-09-13,251.0,,0.0,Neutral,0.2243528515100479,Positive
2018-09-12,249.0,,0.0,Neutral,0.11217642575502396,Slightly Positive
2018-09-11,245.0,,0.0,Neutral,0.0,Neutral
2018-09-10,241.0,,0.0,Neutral,0.0,Neutral
2018-09-09,245.0,,0.0,Neutral,0.0,Neutral
2018-09-06,250.0,,0.0,Neutral,0.0,Neutral
2018-09-05,245.0,,0.0,Neutral,0.0,Neutral
2018-09-04,242.0,,0.0,Neutral,0.0,Neutral
2018-09-03,239.0,,0.0,Neutral,0.0,Neutral
2018-09-02,236.0,2018-09-02,0.9213955402374268,Strongly Positive,0.9213955402374268,Strongly Positive
2018-08-30,235.0,,0.0,Neutral,0.4606977701187134,Positive
2018-08-29,233.0,,0.0,Neutral,0.2303488850593567,Positive
2018-08-28,230.0,2018-08-28,0.8678902387619019,Strongly Positive,0.8678902387619019,Strongly Positive
2018-08-26,232.0,2018-08-26,0.908364236354828,Strongly Positive,1.3423093557357788,Strongly Positive
2018-08-23,235.0,2018-08-23,0.9118733406066896,Strongly Positive,1.583028018474579,Strongly Positive
2018-08-22,233.0,2018-08-22,0.9089189767837524,Strongly Positive,1.5919467061758041,Strongly Positive
2018-08-21,233.0,,0.0,Neutral,0.6824278235435486,Strongly Positive
2018-08-20,232.0,,0.0,Neutral,0.2272297441959381,Positive
2018-08-19,236.0,2018-08-19,0.6557104587554932,Strongly Positive,0.6557104587554932,Strongly Positive
2018-08-16,239.0,2018-08-16,0.8950644135475159,Strongly Positive,1.2229196429252625,Strongly Positive
2018-08-15,240.0,2018-08-15,-0.1866932809352874,Slightly Negative,0.42476654052734386,Positive
2018-08-14,233.0,,0.0,Neutral,0.13041946291923529,Slightly Positive
2018-08-13,232.0,2018-08-13,0.5976293087005615,Positive,0.5509559884667397,Positive
2018-08-12,229.0,,0.0,Neutral,0.29881465435028076,Positive
2018-08-09,231.0,2018-08-09,0.9233427047729492,Strongly Positive,1.0727500319480896,Strongly Positive
2018-08-08,233.0,,0.0,Neutral,0.4616713523864746,Positive
2018-08-07,232.0,,0.0,Neutral,0.2308356761932373,Positive
2018-08-06,232.0,,0.0,Neutral,0.0,Neutral
2018-08-05,231.0,,0.0,Neutral,0.0,Neutral
2018-08-02,233.0,2018-08-02,-0.2557297945022583,Negative,-0.2557297945022583,Negative
2018-08-01,230.0,2018-08-01,0.7616575956344604,Strongly Positive,0.6337926983833313,Strongly Positive
2018-07-31,228.0,2018-07-31,0.8481963723897934,Strongly Positive,1.165092721581459,Strongly Positive
2018-07-30,229.0,,0.0,Neutral,0.6145125851035118,Strongly Positive
2018-07-29,227.0,,0.0,Neutral,0.21204909309744835,Positive
2018-07-26,226.0,2018-07-26,0.8805007934570312,Strongly Positive,0.8805007934570312,Strongly Positive
2018-07-25,226.0,2018-07-25,0.5625090003013611,Positive,1.0027593970298767,Strongly Positive
2018-07-24,228.0,2018-07-24,0.8712472915649414,Strongly Positive,1.3726269900798798,Strongly Positive
2018-07-23,228.0,,0.0,Neutral,0.576250895857811,Positive
2018-07-22,224.0,2018-07-22,0.5804762393236159,Positive,0.7982880622148513,Strongly Positive
2018-07-19,224.0,,0.0,Neutral,0.29023811966180796,Positive
2018-07-18,227.0,2018-07-18,-0.6905643939971924,Strongly Negative,-0.5454453341662884,Negative
2018-07-17,233.0,2018-07-17,0.8452868461608887,Strongly Positive,0.5000046491622925,Positive
2018-07-16,236.0,,0.0,Neutral,0.25000232458114624,Positive
2018-07-15,231.0,2018-07-15,-0.0455491840839386,Neutral,0.16577252745628357,Slightly Positive
2018-07-12,232.0,2018-07-12,-0.1427455693483352,Slightly Negative,-0.1655201613903045,Slightly Negative
2018-07-11,238.0,2018-07-11,0.1307443678379058,Slightly Positive,0.047984287142753546,Neutral
2018-07-10,241.0,,0.0,Neutral,0.029685791581869098,Neutral
2018-07-09,241.0,,0.0,Neutral,0.03268609195947645,Neutral
2018-07-08,242.0,2018-07-08,0.7769768834114075,Strongly Positive,0.7769768834114075,Strongly Positive
2018-07-05,243.0,,0.0,Neutral,0.38848844170570374,Positive
2018-07-04,235.0,2018-07-04,0.3696541786193847,Positive,0.5638983994722366,Positive
2018-07-03,232.0,,0.0,Neutral,0.18482708930969236,Slightly Positive
2018-07-02,234.0,,0.0,Neutral,0.09241354465484618,Slightly Positive
2018-07-01,231.0,,0.0,Neutral,0.0,Neutral
2018-06-28,237.0,,0.0,Neutral,0.0,Neutral
2018-06-27,235.0,2018-06-27,0.6418185830116272,Strongly Positive,0.6418185830116272,Strongly Positive
2018-06-26,233.0,,0.0,Neutral,0.3209092915058136,Positive
2018-06-25,242.0,,0.0,Neutral,0.1604546457529068,Slightly Positive
2018-06-24,244.0,,0.0,Neutral,0.0,Neutral
2018-06-21,240.0,,0.0,Neutral,0.0,Neutral
2018-06-20,240.0,,0.0,Neutral,0.0,Neutral
2018-06-19,240.0,,0.0,Neutral,0.0,Neutral
2018-06-18,245.0,,0.0,Neutral,0.0,Neutral
2018-06-17,242.0,2018-06-17,0.508649468421936,Positive,0.508649468421936,Positive
2018-06-14,243.0,,0.0,Neutral,0.254324734210968,Positive
2018-06-13,244.0,2018-06-13,-0.3404492735862732,Negative,-0.21328690648078918,Negative
2018-06-12,245.0,,0.0,Neutral,-0.1702246367931366,Slightly Negative
2018-06-11,250.0,,0.0,Neutral,-0.0851123183965683,Slightly Negative
2018-06-10,250.0,,0.0,Neutral,0.0,Neutral
2018-06-07,250.0,2018-06-07,0.787387490272522,Strongly Positive,0.787387490272522,Strongly Positive
2018-06-06,256.0,,0.0,Neutral,0.393693745136261,Positive
2018-06-04,250.0,2018-06-04,0.8630961179733276,Strongly Positive,1.0599429905414581,Strongly Positive
2018-06-03,256.0,2018-06-03,0.3452410101890564,Positive,0.7767890691757202,Strongly Positive
2018-05-31,261.0,,0.0,Neutral,0.3883945345878601,Positive
2018-05-30,262.0,2018-05-30,0.7039557695388794,Strongly Positive,0.7902660220861435,Strongly Positive
2018-05-29,264.0,,0.0,Neutral,0.3519778847694397,Positive
2018-05-28,265.0,,0.0,Neutral,0.17598894238471985,Slightly Positive
2018-05-27,258.0,,0.0,Neutral,0.0,Neutral
2018-05-24,260.0,,0.0,Neutral,0.0,Neutral
2018-05-23,263.0,,0.0,Neutral,0.0,Neutral
2018-05-22,263.0,2018-05-22,0.7939203977584839,Strongly Positive,0.7939203977584839,Strongly Positive
2018-05-21,264.0,,0.0,Neutral,0.39696019887924194,Positive
2018-05-20,266.0,,0.0,Neutral,0.19848009943962097,Slightly Positive
2018-05-17,268.0,,0.0,Neutral,0.0,Neutral
2018-05-16,266.0,,0.0,Neutral,0.0,Neutral
2018-05-15,262.0,,0.0,Neutral,0.0,Neutral
2018-05-14,263.0,2018-05-14,0.7037050724029541,Strongly Positive,0.7037050724029541,Strongly Positive
2018-05-10,267.0,,0.0,Neutral,0.35185253620147705,Positive
2018-05-09,269.0,,0.0,Neutral,0.17592626810073853,Slightly Positive
2018-05-08,274.0,2018-05-08,0.7442371547222137,Strongly Positive,0.7442371547222137,Strongly Positive
2018-05-07,265.0,,0.0,Neutral,0.3721185773611069,Positive
2018-05-06,268.0,,0.0,Neutral,0.18605928868055344,Slightly Positive
2018-05-03,273.0,,0.0,Neutral,0.0,Neutral
2018-05-02,270.0,,0.0,Neutral,0.0,Neutral
2018-04-29,269.0,,0.0,Neutral,0.0,Neutral
2018-04-26,270.0,2018-04-26,-0.1422680616378784,Slightly Negative,-0.1422680616378784,Slightly Negative
2018-04-25,282.0,,0.0,Neutral,-0.0711340308189392,Slightly Negative
2018-04-24,281.0,,0.0,Neutral,-0.0355670154094696,Neutral
2018-04-23,285.0,,0.0,Neutral,0.0,Neutral
2018-04-22,294.0,,0.0,Neutral,0.0,Neutral
2018-04-19,275.0,,0.0,Neutral,0.0,Neutral
2018-04-18,265.0,2018-04-18,0.7243727445602417,Strongly Positive,0.7243727445602417,Strongly Positive
2018-04-17,261.0,2018-04-17,-0.4689792692661285,Negative,-0.10679289698600763,Slightly Negative
2018-04-16,262.0,,0.0,Neutral,-0.05339644849300382,Slightly Negative
2018-04-15,262.0,2018-04-15,0.9221633076667786,Strongly Positive,0.8049184903502464,Strongly Positive
2018-04-12,260.0,2018-04-12,-0.6430073976516724,Strongly Negative,-0.18192574381828308,Slightly Negative
2018-04-11,260.0,,0.0,Neutral,-0.09096287190914154,Slightly Negative
2018-04-10,259.0,,0.0,Neutral,-0.1607518494129181,Slightly Negative
2018-04-09,264.0,,0.0,Neutral,0.0,Neutral
2018-04-08,268.0,2018-04-08,0.4547261595726013,Positive,0.4547261595726013,Positive
2018-04-05,258.0,,0.0,Neutral,0.22736307978630066,Positive
2018-04-04,255.0,2018-04-04,0.8857042789459229,Strongly Positive,0.9993858188390732,Strongly Positive
2018-04-03,253.0,2018-04-03,0.8998837769031525,Strongly Positive,1.342735916376114,Strongly Positive
2018-04-02,255.0,2018-04-02,0.6707487106323242,Strongly Positive,1.3421166688203812,Strongly Positive
2018-04-01,250.0,,0.0,Neutral,0.5603452995419502,Positive
2018-03-29,256.0,,0.0,Neutral,0.16768717765808105,Slightly Positive
2018-03-28,251.0,2018-03-28,0.6803320646286011,Strongly Positive,0.6803320646286011,Strongly Positive
2018-03-27,250.0,2018-03-27,-0.2121085226535797,Negative,0.12805750966072083,Slightly Positive
2018-03-26,248.0,,0.0,Neutral,0.06402875483036041,Slightly Positive
2018-03-22,257.0,2018-03-22,0.6458000540733337,Strongly Positive,0.5927729234099388,Positive
2018-03-21,255.0,,0.0,Neutral,0.32290002703666687,Positive
2018-03-20,260.0,,0.0,Neutral,0.16145001351833344,Slightly Positive
2018-03-19,260.0,,0.0,Neutral,0.0,Neutral
2018-03-18,263.0,2018-03-18,-0.5104734301567078,Negative,-0.5104734301567078,Negative
2018-03-15,268.0,,0.0,Neutral,-0.2552367150783539,Negative
2018-03-14,270.0,,0.0,Neutral,-0.12761835753917694,Slightly Negative
2018-03-13,265.0,,0.0,Neutral,0.0,Neutral
2018-03-12,265.0,,0.0,Neutral,0.0,Neutral
2018-03-11,263.0,,0.0,Neutral,0.0,Neutral
2018-03-07,268.0,2018-03-07,-0.3192073702812195,Negative,-0.3192073702812195,Negative
2018-03-06,266.0,,0.0,Neutral,-0.15960368514060974,Slightly Negative
2018-03-05,263.0,,0.0,Neutral,-0.07980184257030487,Slightly Negative
2018-03-04,264.0,,0.0,Neutral,0.0,Neutral
2018-02-28,270.0,2018-02-28,-0.4559577703475952,Negative,-0.4559577703475952,Negative
2018-02-27,270.0,2018-02-27,-0.5017960667610168,Negative,-0.7297749519348145,Strongly Negative
2018-02-26,271.0,,0.0,Neutral,-0.3648874759674072,Negative
2018-02-25,275.0,,0.0,Neutral,-0.1254490166902542,Slightly Negative
2018-02-22,277.0,,0.0,Neutral,0.0,Neutral
2018-02-21,277.0,,0.0,Neutral,0.0,Neutral
2018-02-20,283.0,,0.0,Neutral,0.0,Neutral
2018-02-18,285.0,2018-02-18,-0.7218689322471619,Strongly Negative,-0.7218689322471619,Strongly Negative
2018-02-15,288.0,2018-02-15,0.89710932970047,Strongly Positive,0.536174863576889,Positive
2018-02-14,275.0,,0.0,Neutral,0.2680874317884445,Positive
2018-02-12,273.0,2018-02-12,0.1932896673679351,Slightly Positive,0.41756699979305256,Positive
2018-02-11,273.0,,0.0,Neutral,0.09664483368396755,Slightly Positive
2018-02-08,275.0,,0.0,Neutral,0.048322416841983774,Neutral
2018-02-07,270.0,,0.0,Neutral,0.0,Neutral
2018-02-06,273.0,,0.0,Neutral,0.0,Neutral
2018-02-05,272.0,2018-02-05,0.8875495791435242,Strongly Positive,0.8875495791435242,Strongly Positive
2018-02-04,273.0,,0.0,Neutral,0.4437747895717621,Positive
2018-02-01,273.0,,0.0,Neutral,0.22188739478588104,Positive
2018-01-31,275.0,,0.0,Neutral,0.0,Neutral
2018-01-29,274.0,,0.0,Neutral,0.0,Neutral
2018-01-28,280.0,2018-01-28,0.9140734672546388,Strongly Positive,0.9140734672546388,Strongly Positive
2018-01-25,275.0,,0.0,Neutral,0.4570367336273194,Positive
2018-01-24,270.0,,0.0,Neutral,0.2285183668136597,Positive
2018-01-23,272.0,,0.0,Neutral,0.0,Neutral
2018-01-22,279.0,,0.0,Neutral,0.0,Neutral
2018-01-21,280.0,2018-01-21,0.326934814453125,Positive,0.326934814453125,Positive
2018-01-17,280.0,,0.0,Neutral,0.1634674072265625,Slightly Positive
2018-01-16,283.0,2018-01-16,0.912229597568512,Strongly Positive,0.9939633011817932,Strongly Positive
2018-01-14,285.0,,0.0,Neutral,0.456114798784256,Positive
2018-01-10,290.0,2018-01-10,-0.1146869361400604,Slightly Negative,0.1133704632520676,Slightly Positive
2018-01-09,290.0,,0.0,Neutral,-0.0573434680700302,Slightly Negative
2018-01-08,290.0,2018-01-08,0.5098813772201538,Positive,0.4812096431851387,Positive
2018-01-07,288.0,2018-01-07,0.9193395376205444,Strongly Positive,1.1742802262306213,Strongly Positive
2018-01-04,285.0,,0.0,Neutral,0.5871401131153107,Positive
2018-01-03,286.0,,0.0,Neutral,0.2298348844051361,Positive
2018-01-02,290.0,2018-01-02,0.907924234867096,Strongly Positive,0.907924234867096,Strongly Positive
2018-01-01,287.0,,0.0,Neutral,0.453962117433548,Positive
2017-12-31,280.0,,0.0,Neutral,0.226981058716774,Positive
2017-12-28,282.0,,0.0,Neutral,0.0,Neutral
2017-12-27,286.0,,0.0,Neutral,0.0,Neutral
2017-12-26,288.0,,0.0,Neutral,0.0,Neutral
2017-12-24,291.0,2017-12-24,0.5628668665885925,Positive,0.5628668665885925,Positive
2017-12-21,291.0,,0.0,Neutral,0.28143343329429626,Positive
2017-12-20,291.0,,0.0,Neutral,0.14071671664714813,Slightly Positive
2017-12-19,293.0,,0.0,Neutral,0.0,Neutral
2017-12-18,294.0,,0.0,Neutral,0.0,Neutral
2017-12-17,295.0,,0.0,Neutral,0.0,Neutral
2017-12-14,298.0,,0.0,Neutral,0.0,Neutral
2017-12-13,298.0,,0.0,Neutral,0.0,Neutral
2017-12-12,294.0,,0.0,Neutral,0.0,Neutral
2017-12-11,300.0,2017-12-11,0.5815926194190979,Positive,0.5815926194190979,Positive
2017-12-10,298.0,,0.0,Neutral,0.29079630970954895,Positive
2017-12-06,305.0,,0.0,Neutral,0.14539815485477448,Slightly Positive
2017-12-05,298.0,2017-12-05,0.1702946424484253,Slightly Positive,0.1702946424484253,Slightly Positive
2017-12-04,299.0,,0.0,Neutral,0.08514732122421265,Slightly Positive
2017-11-30,302.0,,0.0,Neutral,0.04257366061210632,Neutral
2017-11-29,304.0,,0.0,Neutral,0.0,Neutral
2017-11-28,304.0,2017-11-28,-0.5181993842124939,Negative,-0.5181993842124939,Negative
2017-11-27,304.0,,0.0,Neutral,-0.25909969210624695,Negative
2017-11-26,302.0,,0.0,Neutral,-0.12954984605312347,Slightly Negative
2017-11-23,295.0,2017-11-23,0.5980113744735718,Positive,0.5980113744735718,Positive
2017-11-22,293.0,,0.0,Neutral,0.2990056872367859,Positive
2017-11-21,292.0,,0.0,Neutral,0.14950284361839294,Slightly Positive
2017-11-20,292.0,,0.0,Neutral,0.0,Neutral
2017-11-19,291.0,,0.0,Neutral,0.0,Neutral
2017-11-16,293.0,,0.0,Neutral,0.0,Neutral
2017-11-15,290.0,,0.0,Neutral,0.0,Neutral
2017-11-14,299.0,2017-11-14,-0.7073986530303955,Strongly Negative,-0.7073986530303955,Strongly Negative
2017-11-13,297.0,,0.0,Neutral,-0.35369932651519775,Negative
2017-11-12,294.0,2017-11-12,0.9169417023658752,Strongly Positive,0.7400920391082764,Strongly Positive
2017-11-09,290.0,,0.0,Neutral,0.4584708511829376,Positive
2017-11-08,290.0,,0.0,Neutral,0.2292354255914688,Positive
2017-11-07,293.0,2017-11-07,0.3921329081058502,Positive,0.3921329081058502,Positive
2017-11-06,295.0,2017-11-06,0.2062046229839325,Positive,0.4022710770368576,Positive
2017-11-05,295.0,,0.0,Neutral,0.2011355385184288,Positive
2017-11-02,295.0,,0.0,Neutral,0.051551155745983124,Slightly Positive
2017-11-01,296.0,,0.0,Neutral,0.0,Neutral
2017-10-31,298.0,,0.0,Neutral,0.0,Neutral
2017-10-30,300.0,,0.0,Neutral,0.0,Neutral
2017-10-29,300.0,2017-10-29,-0.1552224159240722,Slightly Negative,-0.1552224159240722,Slightly Negative
2017-10-25,305.0,,0.0,Neutral,-0.0776112079620361,Slightly Negative
2017-10-24,310.0,2017-10-24,0.3031669482588768,Positive,0.26436134427785873,Positive
2017-10-23,311.0,,0.0,Neutral,0.1515834741294384,Slightly Positive
2017-10-22,315.0,,0.0,Neutral,0.0757917370647192,Slightly Positive
2017-10-18,308.0,,0.0,Neutral,0.0,Neutral
2017-10-17,307.0,,0.0,Neutral,0.0,Neutral
2017-10-16,303.0,2017-10-16,0.7397989630699158,Strongly Positive,0.7397989630699158,Strongly Positive
2017-10-15,289.0,,0.0,Neutral,0.3698994815349579,Positive
2017-10-12,293.0,,0.0,Neutral,0.18494974076747894,Slightly Positive
2017-10-11,293.0,,0.0,Neutral,0.0,Neutral
2017-10-10,295.0,,0.0,Neutral,0.0,Neutral
2017-10-09,296.0,,0.0,Neutral,0.0,Neutral
2017-10-08,300.0,,0.0,Neutral,0.0,Neutral
2017-10-04,303.0,,0.0,Neutral,0.0,Neutral
2017-10-03,305.0,,0.0,Neutral,0.0,Neutral
2017-09-26,306.0,,0.0,Neutral,0.0,Neutral
2017-09-25,302.0,2017-09-25,0.6380407959222794,Strongly Positive,0.6380407959222794,Strongly Positive
2017-09-24,300.0,,0.0,Neutral,0.3190203979611397,Positive
2017-09-20,294.0,,0.0,Neutral,0.15951019898056984,Slightly Positive
2017-09-18,301.0,,0.0,Neutral,0.0,Neutral
2017-09-17,302.0,,0.0,Neutral,0.0,Neutral
2017-09-14,299.0,,0.0,Neutral,0.0,Neutral
2017-09-13,291.0,,0.0,Neutral,0.0,Neutral
2017-09-12,292.0,2017-09-12,0.1277060508728027,Slightly Positive,0.1277060508728027,Slightly Positive
2017-09-11,295.0,,0.0,Neutral,0.06385302543640135,Slightly Positive
2017-09-10,293.0,,0.0,Neutral,0.03192651271820068,Neutral
2017-09-07,297.0,,0.0,Neutral,0.0,Neutral
2017-09-06,295.0,2017-09-06,0.8836968541145325,Strongly Positive,0.8836968541145325,Strongly Positive
2017-09-04,294.0,2017-09-04,0.0743787288665771,Slightly Positive,0.5162271559238434,Positive
2017-08-31,300.0,,0.0,Neutral,0.2581135779619217,Positive
2017-08-30,302.0,,0.0,Neutral,0.018594682216644277,Neutral
2017-08-28,314.0,,0.0,Neutral,0.0,Neutral
2017-08-27,375.0,2017-08-27,0.9203059077262878,Strongly Positive,0.9203059077262878,Strongly Positive
2017-08-24,377.0,,0.0,Neutral,0.4601529538631439,Positive
2017-08-23,378.0,,0.0,Neutral,0.23007647693157196,Positive
2017-08-22,380.0,,0.0,Neutral,0.0,Neutral
2017-08-21,375.0,2017-08-21,0.9056445956230164,Strongly Positive,0.9056445956230164,Strongly Positive
2017-08-20,375.0,,0.0,Neutral,0.4528222978115082,Positive
2017-08-17,380.0,2017-08-17,0.7896273136138916,Strongly Positive,1.0160384625196457,Strongly Positive
2017-08-16,380.0,,0.0,Neutral,0.3948136568069458,Positive
2017-08-15,375.0,,0.0,Neutral,0.1974068284034729,Slightly Positive
2017-08-13,377.0,,0.0,Neutral,0.0,Neutral
2017-08-10,381.0,2017-08-10,0.8426941633224487,Strongly Positive,0.8426941633224487,Strongly Positive
2017-08-09,387.0,,0.0,Neutral,0.42134708166122437,Positive
2017-08-07,392.0,,0.0,Neutral,0.21067354083061218,Positive
2017-08-06,391.0,,0.0,Neutral,0.0,Neutral
2017-08-03,386.0,,0.0,Neutral,0.0,Neutral
2017-08-02,383.0,,0.0,Neutral,0.0,Neutral
2017-08-01,379.0,,0.0,Neutral,0.0,Neutral
2017-07-31,382.0,2017-07-31,0.5858557224273682,Positive,0.5858557224273682,Positive
2017-07-30,378.0,,0.0,Neutral,0.2929278612136841,Positive
2017-07-27,380.0,,0.0,Neutral,0.14646393060684204,Slightly Positive
2017-07-26,384.0,,0.0,Neutral,0.0,Neutral
2017-07-25,384.0,,0.0,Neutral,0.0,Neutral
2017-07-24,388.0,,0.0,Neutral,0.0,Neutral
2017-07-23,393.0,,0.0,Neutral,0.0,Neutral
2017-07-20,408.0,2017-07-20,-0.3135278224945068,Negative,-0.3135278224945068,Negative
2017-07-19,412.0,,0.0,Neutral,-0.1567639112472534,Slightly Negative
2017-07-18,409.0,,0.0,Neutral,-0.0783819556236267,Slightly Negative
2017-07-17,406.0,2017-07-17,0.9291043877601624,Strongly Positive,0.9291043877601624,Strongly Positive
2017-07-16,402.0,,0.0,Neutral,0.4645521938800812,Positive
2017-07-13,403.0,,0.0,Neutral,0.2322760969400406,Positive
2017-07-12,404.0,,0.0,Neutral,0.0,Neutral
2017-07-11,400.0,,0.0,Neutral,0.0,Neutral
2017-07-10,398.0,,0.0,Neutral,0.0,Neutral
2017-07-09,400.0,,0.0,Neutral,0.0,Neutral
2017-07-06,390.0,2017-07-06,0.9184584617614746,Strongly Positive,0.9184584617614746,Strongly Positive
2017-07-05,383.0,2017-07-05,0.925973892211914,Strongly Positive,1.3852031230926514,Strongly Positive
2017-07-04,374.0,,0.0,Neutral,0.6926015615463257,Strongly Positive
2017-07-03,372.0,,0.0,Neutral,0.2314934730529785,Positive
2017-07-02,373.0,2017-07-02,0.8309491276741028,Strongly Positive,0.8309491276741028,Strongly Positive
2017-06-28,380.0,,0.0,Neutral,0.4154745638370514,Positive
2017-06-27,382.0,,0.0,Neutral,0.2077372819185257,Positive
2017-06-25,381.0,,0.0,Neutral,0.0,Neutral
2017-06-22,380.0,,0.0,Neutral,0.0,Neutral
2017-06-21,375.0,,0.0,Neutral,0.0,Neutral
2017-06-20,375.0,,0.0,Neutral,0.0,Neutral
2017-06-19,373.0,2017-06-19,0.2736774682998657,Positive,0.2736774682998657,Positive
2017-06-18,380.0,,0.0,Neutral,0.13683873414993286,Slightly Positive
2017-06-15,390.0,,0.0,Neutral,0.06841936707496643,Slightly Positive
2017-06-14,383.0,2017-06-14,0.7516312599182129,Strongly Positive,0.7516312599182129,Strongly Positive
2017-06-13,388.0,,0.0,Neutral,0.37581562995910645,Positive
2017-06-12,387.0,,0.0,Neutral,0.18790781497955322,Slightly Positive
2017-06-11,388.0,,0.0,Neutral,0.0,Neutral
2017-06-08,398.0,,0.0,Neutral,0.0,Neutral
2017-06-07,398.0,,0.0,Neutral,0.0,Neutral
2017-06-06,400.0,,0.0,Neutral,0.0,Neutral
2017-06-05,395.0,,0.0,Neutral,0.0,Neutral
2017-06-04,390.0,,0.0,Neutral,0.0,Neutral
2017-06-01,392.0,,0.0,Neutral,0.0,Neutral
2017-05-31,392.0,,0.0,Neutral,0.0,Neutral
2017-05-30,386.0,,0.0,Neutral,0.0,Neutral
2017-05-28,390.0,,0.0,Neutral,0.0,Neutral
2017-05-24,396.0,,0.0,Neutral,0.0,Neutral
2017-05-23,399.0,,0.0,Neutral,0.0,Neutral
2017-05-22,390.0,,0.0,Neutral,0.0,Neutral
2017-05-21,397.0,2017-05-21,0.543536901473999,Positive,0.543536901473999,Positive
2017-05-18,400.0,,0.0,Neutral,0.2717684507369995,Positive
2017-05-17,400.0,2017-05-17,0.9115880727767944,Strongly Positive,1.0474722981452942,Strongly Positive
2017-05-16,402.0,,0.0,Neutral,0.4557940363883972,Positive
2017-05-15,403.0,,0.0,Neutral,0.2278970181941986,Positive
2017-05-11,403.0,2017-05-11,0.6874037981033325,Strongly Positive,0.6874037981033325,Strongly Positive
2017-05-09,402.0,,0.0,Neutral,0.34370189905166626,Positive
2017-05-08,402.0,,0.0,Neutral,0.17185094952583313,Slightly Positive
2017-05-07,400.0,,0.0,Neutral,0.0,Neutral
2017-05-04,402.0,,0.0,Neutral,0.0,Neutral
2017-05-03,408.0,,0.0,Neutral,0.0,Neutral
2017-05-02,405.0,,0.0,Neutral,0.0,Neutral
2017-04-30,405.0,,0.0,Neutral,0.0,Neutral
2017-04-27,412.0,,0.0,Neutral,0.0,Neutral
2017-04-26,415.0,,0.0,Neutral,0.0,Neutral
2017-04-25,420.0,2017-04-25,0.7321624755859375,Strongly Positive,0.7321624755859375,Strongly Positive
2017-04-24,424.0,,0.0,Neutral,0.36608123779296875,Positive
2017-04-23,435.0,,0.0,Neutral,0.18304061889648438,Slightly Positive
2017-04-20,427.0,2017-04-20,-0.3623961433768272,Negative,-0.3623961433768272,Negative
2017-04-19,433.0,,0.0,Neutral,-0.1811980716884136,Slightly Negative
2017-04-18,413.0,,0.0,Neutral,-0.0905990358442068,Slightly Negative
2017-04-16,426.0,,0.0,Neutral,0.0,Neutral
2017-04-13,440.0,,0.0,Neutral,0.0,Neutral
2017-04-12,440.0,,0.0,Neutral,0.0,Neutral
2017-04-11,438.0,,0.0,Neutral,0.0,Neutral
2017-04-10,427.0,,0.0,Neutral,0.0,Neutral
2017-04-09,427.0,,0.0,Neutral,0.0,Neutral
2017-04-06,431.0,2017-04-06,0.5967186689376831,Positive,0.5967186689376831,Positive
2017-04-04,437.0,,0.0,Neutral,0.29835933446884155,Positive
2017-04-03,435.0,,0.0,Neutral,0.14917966723442078,Slightly Positive
2017-04-02,450.0,2017-04-02,0.903369665145874,Strongly Positive,0.903369665145874,Strongly Positive
2017-03-30,427.0,2017-03-30,-0.1716672480106353,Slightly Negative,0.28001758456230175,Positive
2017-03-29,429.0,,0.0,Neutral,0.14000879228115087,Slightly Positive
2017-03-28,431.0,,0.0,Neutral,-0.04291681200265882,Neutral
2017-03-26,420.0,,0.0,Neutral,0.0,Neutral
2017-03-23,410.0,,0.0,Neutral,0.0,Neutral
2017-03-22,413.0,2017-03-22,0.6236251592636108,Strongly Positive,0.6236251592636108,Strongly Positive
2017-03-21,405.0,,0.0,Neutral,0.3118125796318054,Positive
2017-03-20,385.0,,0.0,Neutral,0.1559062898159027,Slightly Positive
2017-03-19,378.0,,0.0,Neutral,0.0,Neutral
2017-03-16,374.0,,0.0,Neutral,0.0,Neutral
2017-03-15,371.0,,0.0,Neutral,0.0,Neutral
2017-03-14,372.0,,0.0,Neutral,0.0,Neutral
2017-03-13,377.0,,0.0,Neutral,0.0,Neutral
2017-03-09,371.0,,0.0,Neutral,0.0,Neutral
2017-03-07,435.0,2017-03-07,0.2491500675678253,Positive,0.2491500675678253,Positive
2017-03-06,444.0,,0.0,Neutral,0.12457503378391264,Slightly Positive
2017-03-05,444.0,,0.0,Neutral,0.06228751689195632,Slightly Positive
2017-03-02,438.0,2017-03-02,0.8856234550476074,Strongly Positive,0.8856234550476074,Strongly Positive
2017-03-01,430.0,2017-03-01,0.7320932149887085,Strongly Positive,1.1749049425125122,Strongly Positive
2017-02-28,422.0,,0.0,Neutral,0.5874524712562561,Positive
2017-02-26,423.0,,0.0,Neutral,0.18302330374717712,Slightly Positive
2017-02-23,425.0,2017-02-23,-0.5603695511817932,Negative,-0.5603695511817932,Negative
2017-02-22,434.0,,0.0,Neutral,-0.2801847755908966,Negative
2017-02-21,439.0,,0.0,Neutral,-0.1400923877954483,Slightly Negative
2017-02-20,439.0,,0.0,Neutral,0.0,Neutral
2017-02-19,443.0,,0.0,Neutral,0.0,Neutral
2017-02-16,437.0,,0.0,Neutral,0.0,Neutral
2017-02-15,434.0,2017-02-15,-0.5029162764549255,Negative,-0.5029162764549255,Negative
2017-02-14,423.0,,0.0,Neutral,-0.25145813822746277,Negative
2017-02-13,425.0,,0.0,Neutral,-0.12572906911373138,Slightly Negative
2017-02-12,409.0,,0.0,Neutral,0.0,Neutral
2017-02-09,422.0,,0.0,Neutral,0.0,Neutral
2017-02-08,430.0,,0.0,Neutral,0.0,Neutral
2017-02-07,440.0,2017-02-07,0.7273648977279663,Strongly Positive,0.7273648977279663,Strongly Positive
2017-02-06,440.0,,0.0,Neutral,0.36368244886398315,Positive
2017-02-05,440.0,,0.0,Neutral,0.18184122443199158,Slightly Positive
2017-02-02,446.0,,0.0,Neutral,0.0,Neutral
2017-02-01,459.0,,0.0,Neutral,0.0,Neutral
2017-01-31,420.0,,0.0,Neutral,0.0,Neutral
2017-01-30,416.0,,0.0,Neutral,0.0,Neutral
2017-01-26,436.0,,0.0,Neutral,0.0,Neutral
2017-01-25,444.0,,0.0,Neutral,0.0,Neutral
2017-01-24,456.0,,0.0,Neutral,0.0,Neutral
2017-01-23,467.0,,0.0,Neutral,0.0,Neutral
2017-01-22,475.0,,0.0,Neutral,0.0,Neutral
2017-01-19,477.0,2017-01-19,0.8906235098838806,Strongly Positive,0.8906235098838806,Strongly Positive
2017-01-18,480.0,2017-01-18,-0.7480860352516174,Strongly Negative,-0.3027742803096771,Negative
2017-01-17,488.0,,0.0,Neutral,-0.15138714015483856,Slightly Negative
2017-01-16,478.0,,0.0,Neutral,-0.18702150881290436,Slightly Negative
2017-01-15,480.0,2017-01-15,0.8086245059967041,Strongly Positive,0.8086245059967041,Strongly Positive
2017-01-12,490.0,,0.0,Neutral,0.40431225299835205,Positive
2017-01-11,485.0,,0.0,Neutral,0.20215612649917603,Positive
2017-01-10,489.0,,0.0,Neutral,0.0,Neutral
2017-01-09,481.0,,0.0,Neutral,0.0,Neutral
2017-01-08,478.0,,0.0,Neutral,0.0,Neutral
2017-01-05,487.0,,0.0,Neutral,0.0,Neutral
2017-01-04,487.0,,0.0,Neutral,0.0,Neutral
2017-01-03,490.0,,0.0,Neutral,0.0,Neutral
2017-01-02,495.0,,0.0,Neutral,0.0,Neutral
2017-01-01,470.0,2017-01-01,0.1828947961330413,Slightly Positive,0.1828947961330413,Slightly Positive
2016-12-29,463.0,,0.0,Neutral,0.09144739806652065,Slightly Positive
2016-12-28,454.0,2016-12-28,0.881725013256073,Strongly Positive,0.9274487122893333,Strongly Positive
2016-12-27,455.0,,0.0,Neutral,0.4408625066280365,Positive
2016-12-26,467.0,,0.0,Neutral,0.22043125331401825,Positive
2016-12-22,481.0,,0.0,Neutral,0.0,Neutral
2016-12-21,483.0,,0.0,Neutral,0.0,Neutral
2016-12-20,489.0,,0.0,Neutral,0.0,Neutral
2016-12-19,492.0,,0.0,Neutral,0.0,Neutral
2016-12-18,498.0,,0.0,Neutral,0.0,Neutral
2016-12-15,497.0,,0.0,Neutral,0.0,Neutral
2016-12-14,496.0,,0.0,Neutral,0.0,Neutral
2016-12-12,491.0,,0.0,Neutral,0.0,Neutral
2016-12-11,492.0,,0.0,Neutral,0.0,Neutral
2016-12-08,498.0,,0.0,Neutral,0.0,Neutral
2016-12-07,502.0,,0.0,Neutral,0.0,Neutral
2016-12-06,500.0,,0.0,Neutral,0.0,Neutral
2016-12-05,490.0,2016-12-05,0.7129253149032593,Strongly Positive,0.7129253149032593,Strongly Positive
2016-12-04,498.0,,0.0,Neutral,0.35646265745162964,Positive
2016-12-01,507.0,,0.0,Neutral,0.17823132872581482,Slightly Positive
2016-11-30,510.0,,0.0,Neutral,0.0,Neutral
2016-11-29,500.0,,0.0,Neutral,0.0,Neutral
2016-11-28,487.0,,0.0,Neutral,0.0,Neutral
2016-11-27,469.0,,0.0,Neutral,0.0,Neutral
2016-11-24,490.0,,0.0,Neutral,0.0,Neutral
2016-11-23,490.0,,0.0,Neutral,0.0,Neutral
2016-11-22,491.0,,0.0,Neutral,0.0,Neutral
2016-11-21,497.0,2016-11-21,0.8399505615234375,Strongly Positive,0.8399505615234375,Strongly Positive
2016-11-20,495.0,,0.0,Neutral,0.41997528076171875,Positive
2016-11-17,507.0,,0.0,Neutral,0.20998764038085938,Positive
2016-11-16,520.0,,0.0,Neutral,0.0,Neutral
2016-11-15,525.0,,0.0,Neutral,0.0,Neutral
2016-11-14,528.0,,0.0,Neutral,0.0,Neutral
2016-11-13,524.0,,0.0,Neutral,0.0,Neutral
2016-11-10,525.0,,0.0,Neutral,0.0,Neutral
2016-11-09,521.0,2016-11-09,-0.9314858317375184,Strongly Negative,-0.9314858317375184,Strongly Negative
2016-11-08,530.0,,0.0,Neutral,-0.4657429158687592,Negative
2016-11-07,544.0,,0.0,Neutral,-0.2328714579343796,Negative
2016-11-03,554.0,,0.0,Neutral,0.0,Neutral
2016-10-27,559.0,2016-10-27,0.7380070686340332,Strongly Positive,0.7380070686340332,Strongly Positive
2016-10-26,556.0,,0.0,Neutral,0.3690035343170166,Positive
2016-10-25,557.0,,0.0,Neutral,0.1845017671585083,Slightly Positive
2016-10-24,560.0,,0.0,Neutral,0.0,Neutral
2016-10-23,563.0,2016-10-23,-0.9054261445999146,Strongly Negative,-0.9054261445999146,Strongly Negative
2016-10-20,567.0,,0.0,Neutral,-0.4527130722999573,Negative
2016-10-19,575.0,,0.0,Neutral,-0.22635653614997864,Negative
2016-10-18,568.0,,0.0,Neutral,0.0,Neutral
2016-10-17,581.0,,0.0,Neutral,0.0,Neutral
2016-10-16,580.0,,0.0,Neutral,0.0,Neutral
2016-10-06,599.0,,0.0,Neutral,0.0,Neutral
2016-10-05,595.0,,0.0,Neutral,0.0,Neutral
2016-10-04,594.0,,0.0,Neutral,0.0,Neutral
2016-10-03,598.0,2016-10-03,0.1059269905090332,Slightly Positive,0.1059269905090332,Slightly Positive
2016-10-02,581.0,2016-10-02,0.8898768424987793,Strongly Positive,0.9428403377532959,Strongly Positive
2016-09-29,590.0,2016-09-29,0.9111406207084656,Strongly Positive,1.3825607895851135,Strongly Positive
2016-09-28,585.0,,0.0,Neutral,0.6780395209789276,Strongly Positive
2016-09-27,590.0,,0.0,Neutral,0.2277851551771164,Positive
2016-09-26,592.0,,0.0,Neutral,0.0,Neutral
2016-09-25,575.0,,0.0,Neutral,0.0,Neutral
2016-09-22,595.0,2016-09-22,0.0431180894374847,Neutral,0.0431180894374847,Neutral
2016-09-21,711.0,2016-09-21,0.8862911760807037,Strongly Positive,0.9078502207994461,Strongly Positive
2016-09-20,718.0,2016-09-20,0.9242508411407472,Strongly Positive,1.3781759515404701,Strongly Positive
2016-09-18,729.0,2016-09-18,0.8751511573791504,Strongly Positive,1.5588493719696999,Strongly Positive
2016-09-14,754.0,,0.0,Neutral,0.668638288974762,Strongly Positive
2016-09-12,748.0,2016-09-12,0.902121365070343,Strongly Positive,1.1209091544151306,Strongly Positive
2016-09-11,718.0,2016-09-11,0.8642315864562988,Strongly Positive,1.3152922689914703,Strongly Positive
2016-09-08,725.0,,0.0,Neutral,0.6576461344957352,Strongly Positive
2016-09-07,730.0,,0.0,Neutral,0.2160578966140747,Positive
2016-09-06,740.0,,0.0,Neutral,0.0,Neutral
2016-09-05,737.0,,0.0,Neutral,0.0,Neutral
2016-09-04,754.0,,0.0,Neutral,0.0,Neutral
2016-09-03,754.0,,0.0,Neutral,0.0,Neutral
2016-09-01,763.0,2016-09-01,0.7710901498794556,Strongly Positive,0.7710901498794556,Strongly Positive
2016-08-31,766.0,,0.0,Neutral,0.3855450749397278,Positive
2016-08-30,769.0,2016-08-30,-0.0680882036685943,Slightly Negative,0.12468433380126959,Slightly Positive
2016-08-29,745.0,,0.0,Neutral,-0.03404410183429715,Neutral
2016-08-28,709.0,,0.0,Neutral,-0.017022050917148576,Neutral
2016-08-24,696.0,,0.0,Neutral,0.0,Neutral
2016-08-23,685.0,,0.0,Neutral,0.0,Neutral
2016-08-22,693.0,,0.0,Neutral,0.0,Neutral
2016-08-21,703.0,,0.0,Neutral,0.0,Neutral
2016-08-17,714.0,,0.0,Neutral,0.0,Neutral
2016-08-16,705.0,2016-08-16,0.0269997715950012,Neutral,0.0269997715950012,Neutral
2016-08-15,691.0,,0.0,Neutral,0.0134998857975006,Neutral
2016-08-14,708.0,,0.0,Neutral,0.0067499428987503,Neutral
2016-08-11,720.0,,0.0,Neutral,0.0,Neutral
2016-08-10,730.0,,0.0,Neutral,0.0,Neutral
2016-08-09,721.0,,0.0,Neutral,0.0,Neutral
2016-08-08,680.0,,0.0,Neutral,0.0,Neutral
2016-08-07,720.0,,0.0,Neutral,0.0,Neutral
2016-08-04,713.0,,0.0,Neutral,0.0,Neutral
2016-08-03,728.0,,0.0,Neutral,0.0,Neutral
2016-08-02,733.0,,0.0,Neutral,0.0,Neutral
2016-08-01,743.0,,0.0,Neutral,0.0,Neutral
2016-07-31,755.0,,0.0,Neutral,0.0,Neutral
2016-07-28,760.0,,0.0,Neutral,0.0,Neutral
2016-07-27,771.0,,0.0,Neutral,0.0,Neutral
2016-07-26,770.0,,0.0,Neutral,0.0,Neutral
2016-07-25,755.0,,0.0,Neutral,0.0,Neutral
2016-07-21,736.0,2016-07-21,-0.5415614247322083,Negative,-0.5415614247322083,Negative
2016-07-20,731.0,,0.0,Neutral,-0.2707807123661041,Negative
2016-07-19,749.0,2016-07-19,-0.5339106917381287,Negative,-0.6693010479211807,Strongly Negative
2016-07-18,745.0,,0.0,Neutral,-0.26695534586906433,Negative
2016-07-17,708.0,2016-07-17,0.8322827219963074,Strongly Positive,0.6988050490617752,Strongly Positive
2016-07-14,680.0,,0.0,Neutral,0.4161413609981537,Positive
2016-07-13,664.0,,0.0,Neutral,0.20807068049907684,Positive
2016-07-12,666.0,,0.0,Neutral,0.0,Neutral
2016-07-11,671.0,,0.0,Neutral,0.0,Neutral
2016-07-10,676.0,2016-07-10,0.8081753253936768,Strongly Positive,0.8081753253936768,Strongly Positive
2016-07-06,660.0,,0.0,Neutral,0.4040876626968384,Positive
2016-07-05,654.0,,0.0,Neutral,0.2020438313484192,Positive
2016-07-04,645.0,,0.0,Neutral,0.0,Neutral
2016-07-03,657.0,,0.0,Neutral,0.0,Neutral
2016-06-30,669.0,,0.0,Neutral,0.0,Neutral
2016-06-29,672.0,,0.0,Neutral,0.0,Neutral
2016-06-28,672.0,,0.0,Neutral,0.0,Neutral
2016-06-27,647.0,,0.0,Neutral,0.0,Neutral
2016-06-26,600.0,,0.0,Neutral,0.0,Neutral
2016-06-23,586.0,2016-06-23,0.581391453742981,Positive,0.581391453742981,Positive
2016-06-22,590.0,,0.0,Neutral,0.2906957268714905,Positive
2016-06-21,585.0,,0.0,Neutral,0.14534786343574524,Slightly Positive
2016-06-20,577.0,,0.0,Neutral,0.0,Neutral
2016-06-19,574.0,2016-06-19,0.8847450613975525,Strongly Positive,0.8847450613975525,Strongly Positive
2016-06-16,570.0,,0.0,Neutral,0.44237253069877625,Positive
2016-06-15,575.0,2016-06-15,0.6763022541999817,Strongly Positive,0.8974885195493698,Strongly Positive
2016-06-14,576.0,,0.0,Neutral,0.33815112709999084,Positive
2016-06-13,582.0,,0.0,Neutral,0.16907556354999542,Slightly Positive
2016-06-12,565.0,,0.0,Neutral,0.0,Neutral
2016-06-09,569.0,,0.0,Neutral,0.0,Neutral
2016-06-08,571.0,,0.0,Neutral,0.0,Neutral
2016-06-07,590.0,,0.0,Neutral,0.0,Neutral
2016-06-06,590.0,,0.0,Neutral,0.0,Neutral
2016-06-05,814.0,2016-06-05,0.9090322256088256,Strongly Positive,0.9090322256088256,Strongly Positive
2016-06-02,820.0,2016-06-02,0.8896958827972412,Strongly Positive,1.344211995601654,Strongly Positive
2016-06-01,819.0,,0.0,Neutral,0.672105997800827,Strongly Positive
2016-05-31,833.0,,0.0,Neutral,0.2224239706993103,Positive
2016-05-30,838.0,2016-05-30,0.9280319213867188,Strongly Positive,0.9280319213867188,Strongly Positive
2016-05-29,825.0,,0.0,Neutral,0.4640159606933594,Positive
2016-05-26,820.0,,0.0,Neutral,0.2320079803466797,Positive
2016-05-25,812.0,,0.0,Neutral,0.0,Neutral
2016-05-24,830.0,,0.0,Neutral,0.0,Neutral
2016-05-23,819.0,,0.0,Neutral,0.0,Neutral
2016-05-22,806.0,,0.0,Neutral,0.0,Neutral
2016-05-19,805.0,,0.0,Neutral,0.0,Neutral
2016-05-18,813.0,,0.0,Neutral,0.0,Neutral
2016-05-17,807.0,2016-05-17,0.9240453839302064,Strongly Positive,0.9240453839302064,Strongly Positive
2016-05-16,800.0,,0.0,Neutral,0.4620226919651032,Positive
2016-05-15,795.0,,0.0,Neutral,0.2310113459825516,Positive
2016-05-12,801.0,,0.0,Neutral,0.0,Neutral
2016-05-11,796.0,,0.0,Neutral,0.0,Neutral
2016-05-10,823.0,2016-05-10,0.8823189735412598,Strongly Positive,0.8823189735412598,Strongly Positive
2016-05-09,808.0,,0.0,Neutral,0.4411594867706299,Positive
2016-05-08,799.0,,0.0,Neutral,0.22057974338531494,Positive
2016-05-05,785.0,,0.0,Neutral,0.0,Neutral
2016-05-04,792.0,,0.0,Neutral,0.0,Neutral
2016-05-03,785.0,,0.0,Neutral,0.0,Neutral
2016-05-02,789.0,,0.0,Neutral,0.0,Neutral
2016-04-28,793.0,2016-04-28,-0.6809363961219788,Strongly Negative,-0.6809363961219788,Strongly Negative
2016-04-27,790.0,2016-04-27,0.1160554587841034,Slightly Positive,-0.224412739276886,Negative
2016-04-26,787.0,,0.0,Neutral,-0.112206369638443,Slightly Negative
2016-04-25,790.0,,0.0,Neutral,0.02901386469602585,Neutral
2016-04-24,790.0,,0.0,Neutral,0.0,Neutral
2016-04-21,790.0,,0.0,Neutral,0.0,Neutral
2016-04-20,798.0,2016-04-20,0.7522884607315063,Strongly Positive,0.7522884607315063,Strongly Positive
2016-04-19,775.0,2016-04-19,-0.926275670528412,Strongly Negative,-0.5501314401626588,Negative
2016-04-18,744.0,2016-04-18,0.0300204027444124,Neutral,-0.24504531733691698,Negative
2016-04-17,738.0,2016-04-17,0.9084632992744446,Strongly Positive,0.6919045830145478,Strongly Positive
2016-04-14,729.0,,0.0,Neutral,0.4617367503233254,Positive
2016-04-12,725.0,,0.0,Neutral,0.22711582481861115,Positive
2016-04-11,720.0,,0.0,Neutral,0.0,Neutral
2016-04-10,725.0,,0.0,Neutral,0.0,Neutral
2016-04-06,730.0,,0.0,Neutral,0.0,Neutral
2016-04-05,731.0,,0.0,Neutral,0.0,Neutral
2016-04-04,722.0,,0.0,Neutral,0.0,Neutral
2016-04-03,711.0,,0.0,Neutral,0.0,Neutral
2016-03-31,716.0,,0.0,Neutral,0.0,Neutral
2016-03-30,725.0,,0.0,Neutral,0.0,Neutral
2016-03-29,725.0,,0.0,Neutral,0.0,Neutral
2016-03-28,731.0,2016-03-28,0.5935075283050537,Positive,0.5935075283050537,Positive
2016-03-27,740.0,,0.0,Neutral,0.29675376415252686,Positive
2016-03-24,725.0,2016-03-24,0.9060111045837402,Strongly Positive,1.0543879866600037,Strongly Positive
2016-03-23,717.0,,0.0,Neutral,0.4530055522918701,Positive
2016-03-21,701.0,,0.0,Neutral,0.22650277614593506,Positive
2016-03-20,700.0,,0.0,Neutral,0.0,Neutral
2016-03-17,685.0,2016-03-17,0.7216230034828186,Strongly Positive,0.7216230034828186,Strongly Positive
2016-03-16,676.0,2016-03-16,-0.7536658644676208,Strongly Negative,-0.39285436272621155,Negative
2016-03-15,675.0,2016-03-15,0.789482593536377,Strongly Positive,0.5930554121732712,Positive
2016-03-14,678.0,,0.0,Neutral,0.20632483065128326,Positive
2016-03-13,683.0,,0.0,Neutral,0.19737064838409424,Slightly Positive
2016-03-10,684.0,,0.0,Neutral,0.0,Neutral
2016-03-06,685.0,,0.0,Neutral,0.0,Neutral
2016-03-03,668.0,2016-03-03,0.7107265591621399,Strongly Positive,0.7107265591621399,Strongly Positive
2016-03-02,648.0,,0.0,Neutral,0.35536327958106995,Positive
2016-03-01,642.0,,0.0,Neutral,0.17768163979053497,Slightly Positive
2016-02-29,632.0,2016-02-29,0.6740023493766785,Strongly Positive,0.6740023493766785,Strongly Positive
2016-02-28,638.0,,0.0,Neutral,0.33700117468833923,Positive
2016-02-25,631.0,2016-02-25,0.8789723515510559,Strongly Positive,1.0474729388952255,Strongly Positive
2016-02-24,630.0,,0.0,Neutral,0.43948617577552795,Positive
2016-02-23,628.0,,0.0,Neutral,0.21974308788776398,Positive
2016-02-22,636.0,,0.0,Neutral,0.0,Neutral
2016-02-21,631.0,,0.0,Neutral,0.0,Neutral
2016-02-18,628.0,,0.0,Neutral,0.0,Neutral
2016-02-17,623.0,,0.0,Neutral,0.0,Neutral
2016-02-16,620.0,,0.0,Neutral,0.0,Neutral
2016-02-15,619.0,,0.0,Neutral,0.0,Neutral
2016-02-14,620.0,2016-02-14,0.8966696262359619,Strongly Positive,0.8966696262359619,Strongly Positive
2016-02-11,631.0,,0.0,Neutral,0.44833481311798096,Positive
2016-02-08,634.0,,0.0,Neutral,0.22416740655899048,Positive
2016-02-07,633.0,,0.0,Neutral,0.0,Neutral
2016-02-04,635.0,,0.0,Neutral,0.0,Neutral
2016-02-03,634.0,,0.0,Neutral,0.0,Neutral
2016-02-02,638.0,2016-02-02,0.6775474548339844,Strongly Positive,0.6775474548339844,Strongly Positive
2016-02-01,635.0,,0.0,Neutral,0.3387737274169922,Positive
2016-01-31,624.0,,0.0,Neutral,0.1693868637084961,Slightly Positive
2016-01-28,615.0,,0.0,Neutral,0.0,Neutral
2016-01-27,620.0,,0.0,Neutral,0.0,Neutral
2016-01-26,617.0,,0.0,Neutral,0.0,Neutral
2016-01-25,620.0,,0.0,Neutral,0.0,Neutral
2016-01-24,612.0,,0.0,Neutral,0.0,Neutral
2016-01-21,611.0,2016-01-21,-0.93006694316864,Strongly Negative,-0.93006694316864,Strongly Negative
2016-01-20,614.0,,0.0,Neutral,-0.46503347158432,Negative
2016-01-19,605.0,,0.0,Neutral,-0.23251673579216,Negative
2016-01-18,613.0,,0.0,Neutral,0.0,Neutral
2016-01-17,605.0,,0.0,Neutral,0.0,Neutral
2016-01-14,597.0,,0.0,Neutral,0.0,Neutral
2016-01-13,588.0,,0.0,Neutral,0.0,Neutral
2016-01-12,590.0,,0.0,Neutral,0.0,Neutral
2016-01-11,591.0,2016-01-11,0.6818904876708984,Strongly Positive,0.6818904876708984,Strongly Positive
2016-01-10,593.0,,0.0,Neutral,0.3409452438354492,Positive
2016-01-07,595.0,,0.0,Neutral,0.1704726219177246,Slightly Positive
2016-01-06,586.0,,0.0,Neutral,0.0,Neutral
2016-01-05,577.0,,0.0,Neutral,0.0,Neutral
2016-01-04,563.0,,0.0,Neutral,0.0,Neutral
2016-01-03,568.0,,0.0,Neutral,0.0,Neutral
2015-12-31,568.0,,0.0,Neutral,0.0,Neutral
2015-12-29,570.0,,0.0,Neutral,0.0,Neutral
2015-12-28,563.0,,0.0,Neutral,0.0,Neutral
2015-12-27,570.0,,0.0,Neutral,0.0,Neutral
2015-12-24,570.0,,0.0,Neutral,0.0,Neutral
2015-12-23,577.0,,0.0,Neutral,0.0,Neutral
2015-12-22,580.0,,0.0,Neutral,0.0,Neutral
2015-12-21,575.0,,0.0,Neutral,0.0,Neutral
2015-12-20,568.0,,0.0,Neutral,0.0,Neutral
2015-12-17,560.0,,0.0,Neutral,0.0,Neutral
2015-12-16,560.0,,0.0,Neutral,0.0,Neutral
2015-12-15,577.0,,0.0,Neutral,0.0,Neutral
2015-12-14,580.0,,0.0,Neutral,0.0,Neutral
2015-12-13,580.0,,0.0,Neutral,0.0,Neutral
2015-12-10,585.0,,0.0,Neutral,0.0,Neutral
2015-12-09,588.0,,0.0,Neutral,0.0,Neutral
2015-12-08,579.0,,0.0,Neutral,0.0,Neutral
2015-12-07,576.0,2015-12-07,0.9273107945919036,Strongly Positive,0.9273107945919036,Strongly Positive
2015-12-06,567.0,,0.0,Neutral,0.4636553972959518,Positive
2015-12-03,540.0,2015-12-03,0.9220194220542908,Strongly Positive,1.1538471207022667,Strongly Positive
2015-12-02,533.0,,0.0,Neutral,0.4610097110271454,Positive
2015-12-01,542.0,2015-12-01,-0.5810050964355469,Negative,-0.3505002409219742,Negative
2015-11-30,524.0,,0.0,Neutral,-0.29050254821777344,Negative
2015-11-29,513.0,2015-11-29,0.923660397529602,Strongly Positive,0.7784091234207153,Strongly Positive
2015-11-26,525.0,,0.0,Neutral,0.461830198764801,Positive
2015-11-25,535.0,,0.0,Neutral,0.2309150993824005,Positive
2015-11-24,540.0,,0.0,Neutral,0.0,Neutral
2015-11-23,540.0,,0.0,Neutral,0.0,Neutral
2015-11-22,534.0,,0.0,Neutral,0.0,Neutral
2015-11-19,548.0,,0.0,Neutral,0.0,Neutral
2015-11-18,549.0,,0.0,Neutral,0.0,Neutral
2015-11-16,536.0,,0.0,Neutral,0.0,Neutral
2015-11-15,539.0,,0.0,Neutral,0.0,Neutral
2015-11-10,541.0,,0.0,Neutral,0.0,Neutral
2015-11-09,541.0,,0.0,Neutral,0.0,Neutral
2015-11-08,530.0,,0.0,Neutral,0.0,Neutral
2015-11-05,520.0,,0.0,Neutral,0.0,Neutral
2015-11-04,518.0,,0.0,Neutral,0.0,Neutral
2015-11-03,515.0,,0.0,Neutral,0.0,Neutral
2015-11-02,523.0,,0.0,Neutral,0.0,Neutral
2015-11-01,521.0,,0.0,Neutral,0.0,Neutral
2015-10-29,525.0,,0.0,Neutral,0.0,Neutral
2015-10-28,518.0,,0.0,Neutral,0.0,Neutral
2015-10-27,525.0,,0.0,Neutral,0.0,Neutral
2015-10-25,550.0,,0.0,Neutral,0.0,Neutral
2015-10-19,553.0,,0.0,Neutral,0.0,Neutral
2015-10-18,550.0,,0.0,Neutral,0.0,Neutral
2015-10-15,547.0,2015-10-15,0.906463861465454,Strongly Positive,0.906463861465454,Strongly Positive
2015-10-14,544.0,,0.0,Neutral,0.453231930732727,Positive
2015-10-11,530.0,,0.0,Neutral,0.2266159653663635,Positive
2015-10-08,542.0,,0.0,Neutral,0.0,Neutral
2015-10-07,545.0,,0.0,Neutral,0.0,Neutral
2015-10-06,550.0,,0.0,Neutral,0.0,Neutral
2015-10-05,556.0,,0.0,Neutral,0.0,Neutral
2015-10-04,558.0,,0.0,Neutral,0.0,Neutral
2015-10-01,560.0,2015-10-01,-0.1944545805454254,Slightly Negative,-0.1944545805454254,Slightly Negative
2015-09-30,554.0,,0.0,Neutral,-0.0972272902727127,Slightly Negative
2015-09-29,563.0,2015-09-29,0.6452875137329102,Strongly Positive,0.5966738685965538,Positive
2015-09-28,569.0,,0.0,Neutral,0.3226437568664551,Positive
2015-09-24,701.0,2015-09-24,0.9214875102043152,Strongly Positive,1.0828093886375427,Strongly Positive
2015-09-23,710.0,2015-09-23,0.8798791170120239,Strongly Positive,1.3406228721141815,Strongly Positive
2015-09-22,650.0,2015-09-22,0.9070401191711426,Strongly Positive,1.5773515552282333,Strongly Positive
2015-09-17,673.0,,0.0,Neutral,0.6734898388385773,Strongly Positive
2015-09-16,690.0,,0.0,Neutral,0.22676002979278564,Positive
2015-09-15,694.0,,0.0,Neutral,0.0,Neutral
2015-09-14,690.0,,0.0,Neutral,0.0,Neutral
2015-09-13,685.0,,0.0,Neutral,0.0,Neutral
2015-09-10,669.0,,0.0,Neutral,0.0,Neutral
2015-09-09,680.0,,0.0,Neutral,0.0,Neutral
2015-09-08,686.0,,0.0,Neutral,0.0,Neutral
2015-09-07,686.0,,0.0,Neutral,0.0,Neutral
2015-09-06,688.0,,0.0,Neutral,0.0,Neutral
2015-09-03,692.0,2015-09-03,0.8332056999206543,Strongly Positive,0.8332056999206543,Strongly Positive
2015-09-02,703.0,,0.0,Neutral,0.41660284996032715,Positive
2015-09-01,695.0,,0.0,Neutral,0.20830142498016357,Positive
2015-08-31,695.0,,0.0,Neutral,0.0,Neutral
2015-08-27,699.0,,0.0,Neutral,0.0,Neutral
2015-08-26,696.0,2015-08-26,0.0012254416942596,Neutral,0.0012254416942596,Neutral
2015-08-25,710.0,,0.0,Neutral,0.0006127208471298,Neutral
2015-08-24,697.0,,0.0,Neutral,0.0003063604235649,Neutral
2015-08-23,714.0,,0.0,Neutral,0.0,Neutral
2015-08-20,726.0,,0.0,Neutral,0.0,Neutral
2015-08-19,731.0,,0.0,Neutral,0.0,Neutral
2015-08-18,665.0,,0.0,Neutral,0.0,Neutral
2015-08-17,621.0,,0.0,Neutral,0.0,Neutral
2015-08-16,565.0,,0.0,Neutral,0.0,Neutral
2015-08-13,552.0,,0.0,Neutral,0.0,Neutral
2015-08-12,551.0,,0.0,Neutral,0.0,Neutral
2015-08-11,553.0,,0.0,Neutral,0.0,Neutral
2015-08-10,570.0,,0.0,Neutral,0.0,Neutral
2015-08-09,572.0,,0.0,Neutral,0.0,Neutral
2015-08-06,560.0,,0.0,Neutral,0.0,Neutral
2015-08-05,557.0,,0.0,Neutral,0.0,Neutral
2015-08-04,556.0,,0.0,Neutral,0.0,Neutral
2015-08-03,559.0,2015-08-03,0.8893616795539856,Strongly Positive,0.8893616795539856,Strongly Positive
2015-08-02,564.0,,0.0,Neutral,0.4446808397769928,Positive
2015-07-30,540.0,,0.0,Neutral,0.2223404198884964,Positive
2015-07-29,535.0,,0.0,Neutral,0.0,Neutral
2015-07-28,535.0,,0.0,Neutral,0.0,Neutral
2015-07-27,541.0,,0.0,Neutral,0.0,Neutral
2015-07-26,583.0,,0.0,Neutral,0.0,Neutral
2015-07-23,530.0,,0.0,Neutral,0.0,Neutral
2015-07-22,497.0,2015-07-22,-0.7776907086372375,Strongly Negative,-0.7776907086372375,Strongly Negative
2015-07-16,489.0,,0.0,Neutral,-0.3888453543186188,Negative
2015-07-15,465.0,,0.0,Neutral,-0.1944226771593094,Slightly Negative
2015-07-14,463.0,,0.0,Neutral,0.0,Neutral
2015-07-13,460.0,,0.0,Neutral,0.0,Neutral
2015-07-12,455.0,,0.0,Neutral,0.0,Neutral
2015-07-09,458.0,,0.0,Neutral,0.0,Neutral
2015-07-08,454.0,,0.0,Neutral,0.0,Neutral
2015-07-07,448.0,,0.0,Neutral,0.0,Neutral
2015-07-06,449.0,,0.0,Neutral,0.0,Neutral
2015-07-05,446.0,,0.0,Neutral,0.0,Neutral
2015-07-02,445.0,,0.0,Neutral,0.0,Neutral
2015-07-01,455.0,2015-07-01,0.9069263339042664,Strongly Positive,0.9069263339042664,Strongly Positive
2015-06-30,455.0,,0.0,Neutral,0.4534631669521332,Positive
2015-06-29,453.0,,0.0,Neutral,0.2267315834760666,Positive
2015-06-28,451.0,,0.0,Neutral,0.0,Neutral
2015-06-25,450.0,,0.0,Neutral,0.0,Neutral
2015-06-24,450.0,,0.0,Neutral,0.0,Neutral
2015-06-23,450.0,,0.0,Neutral,0.0,Neutral
2015-06-22,451.0,,0.0,Neutral,0.0,Neutral
2015-06-21,440.0,,0.0,Neutral,0.0,Neutral
2015-06-18,444.0,,0.0,Neutral,0.0,Neutral
2015-06-17,450.0,,0.0,Neutral,0.0,Neutral
2015-06-16,450.0,,0.0,Neutral,0.0,Neutral
2015-06-15,458.0,,0.0,Neutral,0.0,Neutral
2015-06-14,453.0,,0.0,Neutral,0.0,Neutral
2015-06-11,453.0,,0.0,Neutral,0.0,Neutral
2015-06-10,466.0,,0.0,Neutral,0.0,Neutral
2015-06-09,480.0,,0.0,Neutral,0.0,Neutral
2015-06-08,468.0,,0.0,Neutral,0.0,Neutral
2015-06-07,455.0,,0.0,Neutral,0.0,Neutral
2015-06-04,449.0,2015-06-04,0.895082950592041,Strongly Positive,0.895082950592041,Strongly Positive
2015-06-03,449.0,,0.0,Neutral,0.4475414752960205,Positive
2015-06-02,430.0,,0.0,Neutral,0.22377073764801025,Positive
2015-06-01,427.0,,0.0,Neutral,0.0,Neutral
2015-05-31,405.0,,0.0,Neutral,0.0,Neutral
2015-05-28,380.0,,0.0,Neutral,0.0,Neutral
2015-05-27,365.0,,0.0,Neutral,0.0,Neutral
2015-05-26,403.0,,0.0,Neutral,0.0,Neutral
2015-05-24,447.0,,0.0,Neutral,0.0,Neutral
2015-04-23,456.0,,0.0,Neutral,0.0,Neutral
2015-04-22,460.0,2015-04-22,0.3517574965953827,Positive,0.3517574965953827,Positive
2015-04-21,459.0,,0.0,Neutral,0.17587874829769135,Slightly Positive
2015-04-20,452.0,2015-04-20,-0.9280198216438292,Strongly Negative,-0.8400804474949836,Strongly Negative
2015-04-19,440.0,,0.0,Neutral,-0.4640099108219146,Negative
2015-04-16,452.0,,0.0,Neutral,-0.2320049554109573,Negative
2015-04-15,452.0,,0.0,Neutral,0.0,Neutral
2015-04-13,448.0,,0.0,Neutral,0.0,Neutral
2015-04-12,450.0,,0.0,Neutral,0.0,Neutral
2015-04-09,446.0,,0.0,Neutral,0.0,Neutral
2015-04-08,446.0,,0.0,Neutral,0.0,Neutral
2015-04-07,438.0,,0.0,Neutral,0.0,Neutral
2015-04-06,439.0,,0.0,Neutral,0.0,Neutral
2015-04-05,444.0,,0.0,Neutral,0.0,Neutral
2015-04-02,449.0,,0.0,Neutral,0.0,Neutral
2015-04-01,438.0,,0.0,Neutral,0.0,Neutral
2015-03-31,451.0,,0.0,Neutral,0.0,Neutral
2015-03-30,440.0,,0.0,Neutral,0.0,Neutral
2015-03-29,446.0,,0.0,Neutral,0.0,Neutral
2015-03-26,446.0,,0.0,Neutral,0.0,Neutral
2015-03-25,446.0,,0.0,Neutral,0.0,Neutral
2015-03-24,447.0,,0.0,Neutral,0.0,Neutral
2015-03-23,452.0,,0.0,Neutral,0.0,Neutral
2015-03-22,459.0,,0.0,Neutral,0.0,Neutral
2015-03-19,457.0,,0.0,Neutral,0.0,Neutral
2015-03-18,456.0,,0.0,Neutral,0.0,Neutral
2015-03-17,462.0,,0.0,Neutral,0.0,Neutral
2015-03-16,450.0,,0.0,Neutral,0.0,Neutral
2015-03-15,462.0,,0.0,Neutral,0.0,Neutral
2015-03-12,468.0,,0.0,Neutral,0.0,Neutral
2015-03-11,469.0,,0.0,Neutral,0.0,Neutral
2015-03-10,474.0,,0.0,Neutral,0.0,Neutral
2015-03-09,475.0,,0.0,Neutral,0.0,Neutral
2015-03-04,477.0,,0.0,Neutral,0.0,Neutral
2015-03-03,462.0,,0.0,Neutral,0.0,Neutral
2015-03-02,470.0,,0.0,Neutral,0.0,Neutral
2015-03-01,458.0,,0.0,Neutral,0.0,Neutral
2015-02-26,460.0,,0.0,Neutral,0.0,Neutral
2015-02-25,461.0,,0.0,Neutral,0.0,Neutral
2015-02-24,458.0,,0.0,Neutral,0.0,Neutral
2015-02-23,457.0,,0.0,Neutral,0.0,Neutral
2015-02-22,453.0,,0.0,Neutral,0.0,Neutral
2015-02-18,464.0,,0.0,Neutral,0.0,Neutral
2015-02-16,462.0,,0.0,Neutral,0.0,Neutral
2015-02-15,469.0,,0.0,Neutral,0.0,Neutral
2015-02-12,468.0,,0.0,Neutral,0.0,Neutral
2015-02-11,466.0,,0.0,Neutral,0.0,Neutral
2015-02-10,463.0,,0.0,Neutral,0.0,Neutral
2015-02-09,469.0,,0.0,Neutral,0.0,Neutral
2015-02-08,475.0,,0.0,Neutral,0.0,Neutral
2015-02-05,465.0,,0.0,Neutral,0.0,Neutral
2015-02-04,482.0,,0.0,Neutral,0.0,Neutral
2015-02-03,480.0,,0.0,Neutral,0.0,Neutral
2015-02-02,490.0,,0.0,Neutral,0.0,Neutral
2015-02-01,487.0,,0.0,Neutral,0.0,Neutral
2015-01-29,478.0,,0.0,Neutral,0.0,Neutral
2015-01-28,484.0,,0.0,Neutral,0.0,Neutral
2015-01-27,466.0,,0.0,Neutral,0.0,Neutral
2015-01-26,461.0,,0.0,Neutral,0.0,Neutral
2015-01-25,470.0,,0.0,Neutral,0.0,Neutral
2015-01-22,456.0,,0.0,Neutral,0.0,Neutral
2015-01-20,461.0,,0.0,Neutral,0.0,Neutral
2015-01-19,470.0,2015-01-19,-0.893301248550415,Strongly Negative,-0.893301248550415,Strongly Negative
2015-01-18,455.0,,0.0,Neutral,-0.4466506242752075,Negative
2015-01-14,431.0,,0.0,Neutral,-0.22332531213760376,Negative
2015-01-13,429.0,,0.0,Neutral,0.0,Neutral
2015-01-12,427.0,,0.0,Neutral,0.0,Neutral
2015-01-11,433.0,,0.0,Neutral,0.0,Neutral
2015-01-08,434.0,,0.0,Neutral,0.0,Neutral
2015-01-07,430.0,,0.0,Neutral,0.0,Neutral
2015-01-06,430.0,,0.0,Neutral,0.0,Neutral
2015-01-05,428.0,,0.0,Neutral,0.0,Neutral
2015-01-04,433.0,2015-01-04,0.9143463969230652,Strongly Positive,0.9143463969230652,Strongly Positive
2015-01-01,426.0,,0.0,Neutral,0.4571731984615326,Positive
2014-12-31,419.0,,0.0,Neutral,0.2285865992307663,Positive
2014-12-29,420.0,,0.0,Neutral,0.0,Neutral
2014-12-28,420.0,,0.0,Neutral,0.0,Neutral
2014-12-24,410.0,,0.0,Neutral,0.0,Neutral
2014-12-23,408.0,,0.0,Neutral,0.0,Neutral
2014-12-22,409.0,,0.0,Neutral,0.0,Neutral
2014-12-21,410.0,,0.0,Neutral,0.0,Neutral
2014-12-18,418.0,,0.0,Neutral,0.0,Neutral
2014-12-17,419.0,,0.0,Neutral,0.0,Neutral
2014-12-16,421.0,,0.0,Neutral,0.0,Neutral
2014-12-15,428.0,,0.0,Neutral,0.0,Neutral
2014-12-14,430.0,,0.0,Neutral,0.0,Neutral
2014-12-11,402.0,,0.0,Neutral,0.0,Neutral
2014-12-10,395.0,,0.0,Neutral,0.0,Neutral
2014-12-09,391.0,,0.0,Neutral,0.0,Neutral
2014-12-08,390.0,,0.0,Neutral,0.0,Neutral
2014-12-07,389.0,,0.0,Neutral,0.0,Neutral
2014-12-04,396.0,,0.0,Neutral,0.0,Neutral
2014-12-03,395.0,,0.0,Neutral,0.0,Neutral
2014-12-02,382.0,,0.0,Neutral,0.0,Neutral
2014-12-01,389.0,,0.0,Neutral,0.0,Neutral
2014-11-30,390.0,,0.0,Neutral,0.0,Neutral
2014-11-25,401.0,,0.0,Neutral,0.0,Neutral
2014-11-24,405.0,,0.0,Neutral,0.0,Neutral
2014-11-23,406.0,,0.0,Neutral,0.0,Neutral
2014-11-20,415.0,,0.0,Neutral,0.0,Neutral
2014-11-19,396.0,,0.0,Neutral,0.0,Neutral
2014-11-18,394.0,,0.0,Neutral,0.0,Neutral
2014-11-17,390.0,2014-11-17,0.198180817067623,Slightly Positive,0.198180817067623,Slightly Positive
2014-11-16,400.0,,0.0,Neutral,0.0990904085338115,Slightly Positive
2014-11-13,414.0,,0.0,Neutral,0.04954520426690575,Neutral
2014-11-12,415.0,,0.0,Neutral,0.0,Neutral
2014-11-11,427.0,,0.0,Neutral,0.0,Neutral
2014-11-10,411.0,,0.0,Neutral,0.0,Neutral
2014-11-09,420.0,,0.0,Neutral,0.0,Neutral
2014-11-06,434.0,,0.0,Neutral,0.0,Neutral
2014-11-05,432.0,,0.0,Neutral,0.0,Neutral
2014-11-04,427.0,,0.0,Neutral,0.0,Neutral
2014-11-03,426.0,,0.0,Neutral,0.0,Neutral
2014-11-02,430.0,,0.0,Neutral,0.0,Neutral
2014-10-30,432.0,,0.0,Neutral,0.0,Neutral
2014-10-28,440.0,,0.0,Neutral,0.0,Neutral
2014-10-27,440.0,2014-10-27,-0.8635430335998535,Strongly Negative,-0.8635430335998535,Strongly Negative
2014-10-26,452.0,,0.0,Neutral,-0.43177151679992676,Negative
2014-10-22,452.0,,0.0,Neutral,-0.21588575839996338,Negative
2014-10-21,453.0,,0.0,Neutral,0.0,Neutral
2014-10-20,451.0,,0.0,Neutral,0.0,Neutral
2014-10-19,455.0,,0.0,Neutral,0.0,Neutral
2014-10-16,453.0,,0.0,Neutral,0.0,Neutral
2014-10-15,454.0,,0.0,Neutral,0.0,Neutral
2014-10-14,448.0,,0.0,Neutral,0.0,Neutral
2014-10-13,447.0,,0.0,Neutral,0.0,Neutral
2014-10-12,450.0,,0.0,Neutral,0.0,Neutral
2014-10-09,450.0,,0.0,Neutral,0.0,Neutral
2014-10-08,450.0,,0.0,Neutral,0.0,Neutral
2014-09-30,455.0,,0.0,Neutral,0.0,Neutral
2014-09-29,462.0,,0.0,Neutral,0.0,Neutral
2014-09-28,450.0,,0.0,Neutral,0.0,Neutral
2014-09-24,440.0,,0.0,Neutral,0.0,Neutral
2014-09-23,446.0,,0.0,Neutral,0.0,Neutral
2014-09-22,426.0,,0.0,Neutral,0.0,Neutral
2014-09-21,433.0,,0.0,Neutral,0.0,Neutral
2014-09-18,447.0,,0.0,Neutral,0.0,Neutral
2014-09-17,450.0,,0.0,Neutral,0.0,Neutral
2014-09-16,454.0,,0.0,Neutral,0.0,Neutral
2014-09-15,445.0,,0.0,Neutral,0.0,Neutral
2014-09-14,452.0,,0.0,Neutral,0.0,Neutral
2014-09-11,506.0,2014-09-11,-0.7906786203384399,Strongly Negative,-0.7906786203384399,Strongly Negative
2014-09-10,500.0,,0.0,Neutral,-0.39533931016921997,Negative
2014-09-09,521.0,,0.0,Neutral,-0.19766965508460999,Slightly Negative
2014-09-07,474.0,,0.0,Neutral,0.0,Neutral
2014-09-04,513.0,,0.0,Neutral,0.0,Neutral
2014-09-03,521.0,,0.0,Neutral,0.0,Neutral
2014-09-01,530.0,,0.0,Neutral,0.0,Neutral
2014-08-31,530.0,,0.0,Neutral,0.0,Neutral
2014-08-28,551.0,,0.0,Neutral,0.0,Neutral
2014-08-27,555.0,,0.0,Neutral,0.0,Neutral
2014-08-26,527.0,,0.0,Neutral,0.0,Neutral
2014-08-25,543.0,,0.0,Neutral,0.0,Neutral
2014-08-24,560.0,,0.0,Neutral,0.0,Neutral
2014-08-21,569.0,,0.0,Neutral,0.0,Neutral
2014-08-20,568.0,,0.0,Neutral,0.0,Neutral
2014-08-19,575.0,,0.0,Neutral,0.0,Neutral
2014-08-18,570.0,,0.0,Neutral,0.0,Neutral
2014-08-14,576.0,,0.0,Neutral,0.0,Neutral
2014-08-13,575.0,,0.0,Neutral,0.0,Neutral
2014-08-12,570.0,,0.0,Neutral,0.0,Neutral
2014-08-07,590.0,,0.0,Neutral,0.0,Neutral
2014-08-06,585.0,,0.0,Neutral,0.0,Neutral
2014-08-05,592.0,,0.0,Neutral,0.0,Neutral
2014-08-04,585.0,,0.0,Neutral,0.0,Neutral
2014-08-03,591.0,,0.0,Neutral,0.0,Neutral
2014-07-31,605.0,,0.0,Neutral,0.0,Neutral
2014-07-30,596.0,,0.0,Neutral,0.0,Neutral
2014-07-28,607.0,,0.0,Neutral,0.0,Neutral
2014-07-27,608.0,,0.0,Neutral,0.0,Neutral
2014-07-24,615.0,2014-07-24,-0.9164826273918152,Strongly Negative,-0.9164826273918152,Strongly Negative
2014-07-23,604.0,2014-07-23,-0.9311224818229676,Strongly Negative,-1.3893637955188751,Strongly Negative
2014-07-22,590.0,,0.0,Neutral,-0.6946818977594376,Strongly Negative
2014-07-21,600.0,,0.0,Neutral,-0.2327806204557419,Negative
2014-07-20,600.0,,0.0,Neutral,0.0,Neutral
2014-07-17,555.0,,0.0,Neutral,0.0,Neutral
2014-07-16,539.0,,0.0,Neutral,0.0,Neutral
2014-07-15,530.0,,0.0,Neutral,0.0,Neutral
2014-07-14,540.0,,0.0,Neutral,0.0,Neutral
2014-07-13,552.0,,0.0,Neutral,0.0,Neutral
2014-07-10,540.0,,0.0,Neutral,0.0,Neutral
2014-07-09,530.0,,0.0,Neutral,0.0,Neutral
2014-07-08,527.0,,0.0,Neutral,0.0,Neutral
2014-07-07,515.0,,0.0,Neutral,0.0,Neutral
2014-07-06,485.0,,0.0,Neutral,0.0,Neutral
2014-07-03,484.0,,0.0,Neutral,0.0,Neutral
2014-07-02,485.0,,0.0,Neutral,0.0,Neutral
2014-07-01,480.0,,0.0,Neutral,0.0,Neutral
2014-06-30,485.0,,0.0,Neutral,0.0,Neutral
2014-06-29,481.0,,0.0,Neutral,0.0,Neutral
2014-06-26,482.0,,0.0,Neutral,0.0,Neutral
2014-06-25,476.0,,0.0,Neutral,0.0,Neutral
2014-06-24,465.0,,0.0,Neutral,0.0,Neutral
2014-06-23,458.0,2014-06-23,0.8464714288711548,Strongly Positive,0.8464714288711548,Strongly Positive
2014-06-19,463.0,,0.0,Neutral,0.4232357144355774,Positive
2014-06-18,470.0,,0.0,Neutral,0.2116178572177887,Positive
2014-06-17,480.0,,0.0,Neutral,0.0,Neutral
2014-06-16,470.0,,0.0,Neutral,0.0,Neutral
2014-06-15,470.0,,0.0,Neutral,0.0,Neutral
2014-06-12,453.0,,0.0,Neutral,0.0,Neutral
2014-06-11,452.0,2014-06-11,0.2576161623001098,Positive,0.2576161623001098,Positive
2014-06-10,459.0,,0.0,Neutral,0.1288080811500549,Slightly Positive
2014-06-09,446.0,,0.0,Neutral,0.06440404057502745,Slightly Positive
2014-06-08,450.0,,0.0,Neutral,0.0,Neutral
2014-06-05,443.0,,0.0,Neutral,0.0,Neutral
2014-06-04,443.0,,0.0,Neutral,0.0,Neutral
2014-06-03,440.0,,0.0,Neutral,0.0,Neutral
2014-06-02,432.0,,0.0,Neutral,0.0,Neutral
2014-06-01,431.0,,0.0,Neutral,0.0,Neutral
2014-05-28,427.0,,0.0,Neutral,0.0,Neutral
2014-05-27,429.0,,0.0,Neutral,0.0,Neutral
2014-05-26,430.0,,0.0,Neutral,0.0,Neutral
2014-05-25,435.0,,0.0,Neutral,0.0,Neutral
2014-05-22,429.0,2014-05-22,0.4946221709251404,Positive,0.4946221709251404,Positive
2014-05-21,428.0,,0.0,Neutral,0.2473110854625702,Positive
2014-05-20,430.0,2014-05-20,0.872773289680481,Strongly Positive,0.996428832411766,Strongly Positive
2014-05-19,434.0,,0.0,Neutral,0.4363866448402405,Positive
2014-05-18,430.0,,0.0,Neutral,0.21819332242012024,Positive
2014-05-15,434.0,,0.0,Neutral,0.0,Neutral
2014-05-13,437.0,,0.0,Neutral,0.0,Neutral
2014-05-12,438.0,,0.0,Neutral,0.0,Neutral
2014-05-11,435.0,,0.0,Neutral,0.0,Neutral
2014-05-08,445.0,,0.0,Neutral,0.0,Neutral
2014-05-07,450.0,,0.0,Neutral,0.0,Neutral
2014-05-06,455.0,,0.0,Neutral,0.0,Neutral
2014-05-05,451.0,,0.0,Neutral,0.0,Neutral
2014-05-04,419.0,,0.0,Neutral,0.0,Neutral
2014-04-30,420.0,,0.0,Neutral,0.0,Neutral
2014-04-29,407.0,,0.0,Neutral,0.0,Neutral
2014-04-28,416.0,,0.0,Neutral,0.0,Neutral
2014-04-27,417.0,,0.0,Neutral,0.0,Neutral
2014-04-23,418.0,,0.0,Neutral,0.0,Neutral
2014-04-22,420.0,,0.0,Neutral,0.0,Neutral
2014-04-21,420.0,,0.0,Neutral,0.0,Neutral
2014-04-20,418.0,2014-04-20,-0.8709391951560974,Strongly Negative,-0.8709391951560974,Strongly Negative
2014-04-17,427.0,,0.0,Neutral,-0.4354695975780487,Negative
2014-04-16,410.0,,0.0,Neutral,-0.21773479878902435,Negative
2014-04-15,425.0,,0.0,Neutral,0.0,Neutral
2014-04-13,434.0,,0.0,Neutral,0.0,Neutral
2014-04-10,429.0,,0.0,Neutral,0.0,Neutral
2014-04-09,430.0,,0.0,Neutral,0.0,Neutral
2014-04-07,425.0,,0.0,Neutral,0.0,Neutral
2014-04-06,417.0,,0.0,Neutral,0.0,Neutral
2014-04-03,431.0,,0.0,Neutral,0.0,Neutral
2014-04-02,449.0,,0.0,Neutral,0.0,Neutral
2014-04-01,445.0,,0.0,Neutral,0.0,Neutral
2014-03-31,434.0,,0.0,Neutral,0.0,Neutral
2014-03-27,428.0,,0.0,Neutral,0.0,Neutral
2014-03-26,436.0,,0.0,Neutral,0.0,Neutral
2014-03-25,430.0,,0.0,Neutral,0.0,Neutral
2014-03-24,434.0,,0.0,Neutral,0.0,Neutral
2014-03-23,430.0,,0.0,Neutral,0.0,Neutral
2014-03-20,443.0,,0.0,Neutral,0.0,Neutral
2014-03-19,423.0,,0.0,Neutral,0.0,Neutral
2014-03-18,422.0,,0.0,Neutral,0.0,Neutral
2014-03-17,413.0,,0.0,Neutral,0.0,Neutral
2014-03-13,438.0,,0.0,Neutral,0.0,Neutral
2014-03-13,438.0,,0.0,Neutral,0.0,Neutral
2014-03-12,437.0,,0.0,Neutral,0.0,Neutral
2014-03-11,440.0,,0.0,Neutral,0.0,Neutral
2014-03-10,445.0,,0.0,Neutral,0.0,Neutral
2014-03-09,447.0,,0.0,Neutral,0.0,Neutral
2014-03-06,457.0,,0.0,Neutral,0.0,Neutral
2014-03-05,462.0,,0.0,Neutral,0.0,Neutral
2014-03-04,463.0,,0.0,Neutral,0.0,Neutral
2014-03-03,460.0,,0.0,Neutral,0.0,Neutral
2014-02-26,473.0,,0.0,Neutral,0.0,Neutral
2014-02-25,481.0,,0.0,Neutral,0.0,Neutral
2014-02-24,481.0,,0.0,Neutral,0.0,Neutral
2014-02-23,481.0,,0.0,Neutral,0.0,Neutral
2014-02-20,476.0,,0.0,Neutral,0.0,Neutral
2014-02-18,476.0,,0.0,Neutral,0.0,Neutral
2014-02-17,469.0,,0.0,Neutral,0.0,Neutral
2014-02-16,470.0,,0.0,Neutral,0.0,Neutral
2014-02-13,480.0,,0.0,Neutral,0.0,Neutral
2014-02-12,469.0,,0.0,Neutral,0.0,Neutral
2014-02-11,477.0,,0.0,Neutral,0.0,Neutral
2014-02-10,484.0,,0.0,Neutral,0.0,Neutral
2014-02-09,462.0,,0.0,Neutral,0.0,Neutral
2014-02-06,468.0,,0.0,Neutral,0.0,Neutral
2014-02-04,460.0,,0.0,Neutral,0.0,Neutral
2014-02-03,459.0,,0.0,Neutral,0.0,Neutral
2014-02-02,466.0,,0.0,Neutral,0.0,Neutral
2014-01-29,475.0,,0.0,Neutral,0.0,Neutral
2014-01-28,473.0,,0.0,Neutral,0.0,Neutral
2014-01-27,479.0,,0.0,Neutral,0.0,Neutral
2014-01-26,475.0,,0.0,Neutral,0.0,Neutral
2014-01-23,476.0,,0.0,Neutral,0.0,Neutral
2014-01-22,480.0,,0.0,Neutral,0.0,Neutral
2014-01-21,483.0,2014-01-21,-0.0663483887910842,Slightly Negative,-0.0663483887910842,Slightly Negative
2014-01-20,489.0,,0.0,Neutral,-0.0331741943955421,Neutral
2014-01-19,480.0,,0.0,Neutral,-0.01658709719777105,Neutral
2014-01-16,456.0,,0.0,Neutral,0.0,Neutral
2014-01-14,453.0,,0.0,Neutral,0.0,Neutral
2014-01-13,456.0,,0.0,Neutral,0.0,Neutral
2014-01-12,450.0,,0.0,Neutral,0.0,Neutral
2014-01-09,448.0,,0.0,Neutral,0.0,Neutral
2014-01-08,454.0,,0.0,Neutral,0.0,Neutral
2014-01-07,447.0,,0.0,Neutral,0.0,Neutral
2014-01-06,437.0,,0.0,Neutral,0.0,Neutral
2014-01-05,435.0,,0.0,Neutral,0.0,Neutral
2014-01-02,435.0,,0.0,Neutral,0.0,Neutral
2014-01-01,419.0,,0.0,Neutral,0.0,Neutral
2013-12-31,437.0,2013-12-31,0.9305623173713684,Strongly Positive,0.9305623173713684,Strongly Positive
2013-12-29,445.0,,0.0,Neutral,0.4652811586856842,Positive
2013-12-26,450.0,,0.0,Neutral,0.2326405793428421,Positive
2013-12-24,442.0,,0.0,Neutral,0.0,Neutral
2013-12-23,436.0,,0.0,Neutral,0.0,Neutral
2013-12-22,468.0,,0.0,Neutral,0.0,Neutral
2013-12-19,481.0,,0.0,Neutral,0.0,Neutral
2013-12-18,490.0,,0.0,Neutral,0.0,Neutral
2013-12-16,476.0,,0.0,Neutral,0.0,Neutral
2013-12-15,433.0,,0.0,Neutral,0.0,Neutral
2013-12-12,400.0,,0.0,Neutral,0.0,Neutral
2013-12-11,391.0,,0.0,Neutral,0.0,Neutral
2013-12-10,372.0,,0.0,Neutral,0.0,Neutral
2013-12-09,385.0,,0.0,Neutral,0.0,Neutral
2013-12-08,381.0,,0.0,Neutral,0.0,Neutral
2013-12-05,375.0,,0.0,Neutral,0.0,Neutral
2013-12-04,389.0,,0.0,Neutral,0.0,Neutral
2013-12-03,362.0,,0.0,Neutral,0.0,Neutral
2013-12-02,343.0,,0.0,Neutral,0.0,Neutral
2013-12-01,328.0,,0.0,Neutral,0.0,Neutral
2013-11-28,322.0,,0.0,Neutral,0.0,Neutral
2013-11-27,322.0,,0.0,Neutral,0.0,Neutral
2013-11-26,330.0,,0.0,Neutral,0.0,Neutral
2013-11-25,326.0,,0.0,Neutral,0.0,Neutral
2013-11-24,331.0,,0.0,Neutral,0.0,Neutral
2013-11-21,301.0,,0.0,Neutral,0.0,Neutral
2013-11-14,286.0,,0.0,Neutral,0.0,Neutral
2013-11-13,293.0,,0.0,Neutral,0.0,Neutral
2013-11-12,291.0,,0.0,Neutral,0.0,Neutral
2013-11-11,270.0,,0.0,Neutral,0.0,Neutral
2013-11-07,254.0,2013-11-07,0.8954075574874878,Strongly Positive,0.8954075574874878,Strongly Positive
2013-11-06,258.0,,0.0,Neutral,0.4477037787437439,Positive
2013-10-31,253.0,,0.0,Neutral,0.22385188937187195,Positive
2013-10-30,255.0,,0.0,Neutral,0.0,Neutral
2013-10-29,250.0,,0.0,Neutral,0.0,Neutral
2013-10-28,257.0,,0.0,Neutral,0.0,Neutral
2013-10-27,260.0,,0.0,Neutral,0.0,Neutral
2013-10-24,263.0,,0.0,Neutral,0.0,Neutral
2013-10-23,258.0,,0.0,Neutral,0.0,Neutral
2013-10-22,260.0,,0.0,Neutral,0.0,Neutral
2013-10-21,264.0,2013-10-21,0.8953396379947662,Strongly Positive,0.8953396379947662,Strongly Positive
2013-10-20,268.0,,0.0,Neutral,0.4476698189973831,Positive
2013-10-17,250.0,,0.0,Neutral,0.22383490949869156,Positive
2013-10-10,251.0,,0.0,Neutral,0.0,Neutral
2013-10-09,247.0,2013-10-09,0.9173533916473388,Strongly Positive,0.9173533916473388,Strongly Positive
2013-10-08,246.0,2013-10-08,-0.1359323263168335,Slightly Negative,0.3227443695068359,Positive
2013-10-07,250.0,,0.0,Neutral,0.16137218475341794,Slightly Positive
2013-10-06,240.0,,0.0,Neutral,-0.033983081579208374,Neutral
2013-10-03,240.0,,0.0,Neutral,0.0,Neutral
2013-10-02,242.0,,0.0,Neutral,0.0,Neutral
2013-10-01,234.0,,0.0,Neutral,0.0,Neutral
2013-09-30,232.0,,0.0,Neutral,0.0,Neutral
2013-09-29,235.0,,0.0,Neutral,0.0,Neutral
2013-09-26,235.0,,0.0,Neutral,0.0,Neutral
2013-09-25,235.0,,0.0,Neutral,0.0,Neutral
2013-09-24,235.0,,0.0,Neutral,0.0,Neutral
2013-09-23,235.0,,0.0,Neutral,0.0,Neutral
2013-09-22,242.0,,0.0,Neutral,0.0,Neutral
2013-09-19,256.0,2013-09-19,0.9179192781448364,Strongly Positive,0.9179192781448364,Strongly Positive
2013-09-17,258.0,,0.0,Neutral,0.4589596390724182,Positive
2013-09-16,257.0,,0.0,Neutral,0.2294798195362091,Positive
2013-09-15,259.0,,0.0,Neutral,0.0,Neutral
2013-09-12,256.0,,0.0,Neutral,0.0,Neutral
2013-09-11,260.0,,0.0,Neutral,0.0,Neutral
2013-09-10,258.0,,0.0,Neutral,0.0,Neutral
2013-09-09,260.0,,0.0,Neutral,0.0,Neutral
2013-09-08,260.0,,0.0,Neutral,0.0,Neutral
2013-09-05,262.0,,0.0,Neutral,0.0,Neutral
2013-09-04,258.0,,0.0,Neutral,0.0,Neutral
2013-09-03,264.0,2013-09-03,0.819646954536438,Strongly Positive,0.819646954536438,Strongly Positive
2013-09-02,272.0,,0.0,Neutral,0.409823477268219,Positive
2013-09-01,272.0,,0.0,Neutral,0.2049117386341095,Positive
2013-08-29,269.0,,0.0,Neutral,0.0,Neutral
2013-08-27,274.0,,0.0,Neutral,0.0,Neutral
2013-08-26,270.0,,0.0,Neutral,0.0,Neutral
2013-08-25,268.0,,0.0,Neutral,0.0,Neutral
2013-08-20,273.0,,0.0,Neutral,0.0,Neutral
2013-08-19,272.0,,0.0,Neutral,0.0,Neutral
2013-08-18,264.0,,0.0,Neutral,0.0,Neutral
2013-08-15,259.0,,0.0,Neutral,0.0,Neutral
2013-08-14,260.0,,0.0,Neutral,0.0,Neutral
2013-08-13,260.0,,0.0,Neutral,0.0,Neutral
2013-08-12,259.0,,0.0,Neutral,0.0,Neutral
2013-08-11,261.0,,0.0,Neutral,0.0,Neutral
2013-08-08,261.0,,0.0,Neutral,0.0,Neutral
2013-08-07,265.0,,0.0,Neutral,0.0,Neutral
2013-08-06,267.0,,0.0,Neutral,0.0,Neutral
2013-08-05,264.0,,0.0,Neutral,0.0,Neutral
2013-08-04,269.0,,0.0,Neutral,0.0,Neutral
2013-08-01,270.0,,0.0,Neutral,0.0,Neutral
2013-07-31,272.0,,0.0,Neutral,0.0,Neutral
2013-07-30,278.0,,0.0,Neutral,0.0,Neutral
2013-07-29,273.0,,0.0,Neutral,0.0,Neutral
2013-07-28,276.0,,0.0,Neutral,0.0,Neutral
2013-07-25,272.0,2013-07-25,0.3480015099048614,Positive,0.3480015099048614,Positive
2013-07-24,273.0,,0.0,Neutral,0.1740007549524307,Slightly Positive
2013-07-23,280.0,,0.0,Neutral,0.08700037747621535,Slightly Positive
2013-07-22,280.0,,0.0,Neutral,0.0,Neutral
2013-07-21,281.0,2013-07-21,-0.0085532963275909,Neutral,-0.0085532963275909,Neutral
2013-07-18,270.0,,0.0,Neutral,-0.00427664816379545,Neutral
2013-07-17,264.0,,0.0,Neutral,-0.002138324081897725,Neutral
2013-07-16,260.0,,0.0,Neutral,0.0,Neutral
2013-07-15,267.0,,0.0,Neutral,0.0,Neutral
2013-07-14,263.0,,0.0,Neutral,0.0,Neutral
2013-07-11,260.0,,0.0,Neutral,0.0,Neutral
2013-07-10,268.0,,0.0,Neutral,0.0,Neutral
2013-07-09,260.0,,0.0,Neutral,0.0,Neutral
2013-07-08,260.0,,0.0,Neutral,0.0,Neutral
2013-07-07,257.0,,0.0,Neutral,0.0,Neutral
2013-07-04,262.0,,0.0,Neutral,0.0,Neutral
2013-07-03,255.0,,0.0,Neutral,0.0,Neutral
2013-07-02,249.0,,0.0,Neutral,0.0,Neutral
2013-07-01,248.0,,0.0,Neutral,0.0,Neutral
2013-06-30,249.0,,0.0,Neutral,0.0,Neutral
2013-06-27,254.0,,0.0,Neutral,0.0,Neutral
2013-06-26,255.0,,0.0,Neutral,0.0,Neutral
2013-06-25,255.0,,0.0,Neutral,0.0,Neutral
2013-06-24,251.0,2013-06-24,0.81441730260849,Strongly Positive,0.81441730260849,Strongly Positive
2013-06-23,245.0,,0.0,Neutral,0.407208651304245,Positive
2013-06-20,246.0,,0.0,Neutral,0.2036043256521225,Positive
2013-06-19,244.0,,0.0,Neutral,0.0,Neutral
2013-06-18,246.0,,0.0,Neutral,0.0,Neutral
2013-06-17,250.0,,0.0,Neutral,0.0,Neutral
2013-06-16,252.0,,0.0,Neutral,0.0,Neutral
2013-06-13,254.0,,0.0,Neutral,0.0,Neutral
2013-06-12,252.0,,0.0,Neutral,0.0,Neutral
2013-06-11,254.0,,0.0,Neutral,0.0,Neutral
2013-06-10,252.0,,0.0,Neutral,0.0,Neutral
2013-06-09,255.0,,0.0,Neutral,0.0,Neutral
2013-06-06,255.0,,0.0,Neutral,0.0,Neutral
2013-06-05,254.0,,0.0,Neutral,0.0,Neutral
2013-06-04,252.0,,0.0,Neutral,0.0,Neutral
2013-06-03,251.0,,0.0,Neutral,0.0,Neutral
2013-06-02,252.0,,0.0,Neutral,0.0,Neutral
2013-05-30,253.0,,0.0,Neutral,0.0,Neutral
2013-05-28,256.0,,0.0,Neutral,0.0,Neutral
2013-05-27,255.0,,0.0,Neutral,0.0,Neutral
2013-05-26,252.0,,0.0,Neutral,0.0,Neutral
2013-05-23,253.0,,0.0,Neutral,0.0,Neutral
2013-05-22,257.0,,0.0,Neutral,0.0,Neutral
2013-05-21,253.0,,0.0,Neutral,0.0,Neutral
2013-05-20,255.0,,0.0,Neutral,0.0,Neutral
2013-05-19,257.0,,0.0,Neutral,0.0,Neutral
2013-05-16,261.0,,0.0,Neutral,0.0,Neutral
2013-05-15,260.0,,0.0,Neutral,0.0,Neutral
2013-05-14,258.0,,0.0,Neutral,0.0,Neutral
2013-05-13,259.0,,0.0,Neutral,0.0,Neutral
2013-05-12,247.0,,0.0,Neutral,0.0,Neutral
2013-05-09,249.0,,0.0,Neutral,0.0,Neutral
2013-05-08,255.0,,0.0,Neutral,0.0,Neutral
2013-05-07,259.0,,0.0,Neutral,0.0,Neutral
2013-05-06,247.0,,0.0,Neutral,0.0,Neutral
2013-05-05,246.0,,0.0,Neutral,0.0,Neutral
2013-05-02,255.0,,0.0,Neutral,0.0,Neutral
2013-04-30,260.0,,0.0,Neutral,0.0,Neutral
2013-04-29,259.0,,0.0,Neutral,0.0,Neutral
2013-04-28,265.0,,0.0,Neutral,0.0,Neutral
2013-04-25,265.0,,0.0,Neutral,0.0,Neutral
2013-04-23,268.0,,0.0,Neutral,0.0,Neutral
2013-04-22,266.0,2013-04-22,-0.2091480791568756,Negative,-0.2091480791568756,Negative
2013-04-21,263.0,2013-04-21,0.8760323524475098,Strongly Positive,0.771458312869072,Strongly Positive
2013-04-18,268.0,,0.0,Neutral,0.385729156434536,Positive
2013-04-17,270.0,,0.0,Neutral,0.21900808811187744,Positive
2013-04-16,272.0,,0.0,Neutral,0.0,Neutral
2013-04-15,272.0,,0.0,Neutral,0.0,Neutral
2013-04-11,274.0,,0.0,Neutral,0.0,Neutral
2013-04-09,276.0,,0.0,Neutral,0.0,Neutral
2013-04-08,272.0,,0.0,Neutral,0.0,Neutral
2013-04-07,270.0,,0.0,Neutral,0.0,Neutral
2013-04-04,271.0,,0.0,Neutral,0.0,Neutral
2013-04-03,271.0,,0.0,Neutral,0.0,Neutral
2013-04-02,272.0,,0.0,Neutral,0.0,Neutral
2013-04-01,266.0,,0.0,Neutral,0.0,Neutral
2013-03-31,264.0,,0.0,Neutral,0.0,Neutral
2013-03-28,272.0,,0.0,Neutral,0.0,Neutral
2013-03-27,274.0,,0.0,Neutral,0.0,Neutral
2013-03-25,275.0,,0.0,Neutral,0.0,Neutral
2013-03-24,268.0,,0.0,Neutral,0.0,Neutral
2013-03-21,274.0,,0.0,Neutral,0.0,Neutral
2013-03-20,274.0,,0.0,Neutral,0.0,Neutral
2013-03-19,279.0,,0.0,Neutral,0.0,Neutral
2013-03-18,277.0,,0.0,Neutral,0.0,Neutral
2013-03-17,282.0,,0.0,Neutral,0.0,Neutral
2013-03-14,290.0,,0.0,Neutral,0.0,Neutral
2013-03-13,291.0,2013-03-13,0.6635726094245911,Strongly Positive,0.6635726094245911,Strongly Positive
2013-03-11,282.0,,0.0,Neutral,0.33178630471229553,Positive
2013-03-07,281.0,,0.0,Neutral,0.16589315235614777,Slightly Positive
2013-03-06,285.0,,0.0,Neutral,0.0,Neutral
2013-03-05,285.0,,0.0,Neutral,0.0,Neutral
2013-03-04,286.0,,0.0,Neutral,0.0,Neutral
2013-03-03,287.0,,0.0,Neutral,0.0,Neutral
2013-02-28,290.0,,0.0,Neutral,0.0,Neutral
2013-02-27,285.0,,0.0,Neutral,0.0,Neutral
2013-02-26,289.0,,0.0,Neutral,0.0,Neutral
2013-02-25,288.0,,0.0,Neutral,0.0,Neutral
2013-02-24,286.0,,0.0,Neutral,0.0,Neutral
2013-02-21,291.0,,0.0,Neutral,0.0,Neutral
2013-02-20,287.0,,0.0,Neutral,0.0,Neutral
2013-02-19,300.0,,0.0,Neutral,0.0,Neutral
2013-02-17,309.0,,0.0,Neutral,0.0,Neutral
2013-02-14,282.0,,0.0,Neutral,0.0,Neutral
2013-02-13,275.0,,0.0,Neutral,0.0,Neutral
2013-02-12,284.0,,0.0,Neutral,0.0,Neutral
2013-02-10,265.0,,0.0,Neutral,0.0,Neutral
2013-02-07,261.0,,0.0,Neutral,0.0,Neutral
2013-02-06,264.0,,0.0,Neutral,0.0,Neutral
2013-02-05,260.0,,0.0,Neutral,0.0,Neutral
2013-02-04,267.0,,0.0,Neutral,0.0,Neutral
2013-02-03,264.0,,0.0,Neutral,0.0,Neutral
2013-01-31,256.0,,0.0,Neutral,0.0,Neutral
2013-01-30,259.0,,0.0,Neutral,0.0,Neutral
2013-01-28,261.0,2013-01-28,0.8766284584999084,Strongly Positive,0.8766284584999084,Strongly Positive
2013-01-27,261.0,,0.0,Neutral,0.4383142292499542,Positive
2013-01-24,268.0,,0.0,Neutral,0.2191571146249771,Positive
2013-01-23,268.0,,0.0,Neutral,0.0,Neutral
2013-01-22,272.0,,0.0,Neutral,0.0,Neutral
2013-01-21,265.0,2013-01-21,-0.8027498722076416,Strongly Negative,-0.8027498722076416,Strongly Negative
2013-01-20,250.0,,0.0,Neutral,-0.4013749361038208,Negative
2013-01-17,266.0,,0.0,Neutral,-0.2006874680519104,Negative
2013-01-16,273.0,2013-01-16,0.4959243834018707,Positive,0.4959243834018707,Positive
2013-01-15,279.0,,0.0,Neutral,0.24796219170093536,Positive
2013-01-13,276.0,,0.0,Neutral,0.12398109585046768,Slightly Positive
2013-01-10,285.0,,0.0,Neutral,0.0,Neutral
2013-01-09,277.0,,0.0,Neutral,0.0,Neutral
2013-01-08,276.0,2013-01-08,0.4011178910732269,Positive,0.4011178910732269,Positive
2013-01-07,278.0,,0.0,Neutral,0.20055894553661344,Positive
2013-01-06,285.0,,0.0,Neutral,0.10027947276830672,Slightly Positive
2013-01-03,289.0,,0.0,Neutral,0.0,Neutral
2013-01-02,292.0,,0.0,Neutral,0.0,Neutral
2013-01-01,285.0,,0.0,Neutral,0.0,Neutral
2012-12-31,292.0,,0.0,Neutral,0.0,Neutral
2012-12-27,295.0,,0.0,Neutral,0.0,Neutral
2012-12-26,302.0,,0.0,Neutral,0.0,Neutral
2012-12-24,290.0,,0.0,Neutral,0.0,Neutral
2012-12-23,287.0,,0.0,Neutral,0.0,Neutral
2012-12-20,283.0,,0.0,Neutral,0.0,Neutral
2012-12-19,275.0,,0.0,Neutral,0.0,Neutral
2012-12-18,266.0,,0.0,Neutral,0.0,Neutral
2012-12-17,277.0,,0.0,Neutral,0.0,Neutral
2012-12-16,270.0,,0.0,Neutral,0.0,Neutral
2012-12-13,256.0,,0.0,Neutral,0.0,Neutral
2012-12-12,256.0,,0.0,Neutral,0.0,Neutral
2012-12-11,251.0,,0.0,Neutral,0.0,Neutral
2012-12-10,251.0,,0.0,Neutral,0.0,Neutral
2012-12-09,245.0,,0.0,Neutral,0.0,Neutral
2012-12-06,256.0,,0.0,Neutral,0.0,Neutral
2012-12-05,256.0,,0.0,Neutral,0.0,Neutral
2012-12-04,242.0,,0.0,Neutral,0.0,Neutral
2012-12-03,235.0,,0.0,Neutral,0.0,Neutral
2012-12-02,241.0,,0.0,Neutral,0.0,Neutral
2012-11-29,241.0,,0.0,Neutral,0.0,Neutral
2012-11-28,244.0,,0.0,Neutral,0.0,Neutral
2012-11-27,243.0,,0.0,Neutral,0.0,Neutral
2012-11-26,249.0,,0.0,Neutral,0.0,Neutral
2012-11-25,242.0,,0.0,Neutral,0.0,Neutral
2012-11-22,243.0,,0.0,Neutral,0.0,Neutral
2012-11-21,252.0,,0.0,Neutral,0.0,Neutral
2012-11-20,252.0,,0.0,Neutral,0.0,Neutral
2012-11-18,242.0,,0.0,Neutral,0.0,Neutral
2012-11-12,234.0,,0.0,Neutral,0.0,Neutral
2012-11-11,233.0,,0.0,Neutral,0.0,Neutral
2012-11-08,239.0,,0.0,Neutral,0.0,Neutral
2012-11-07,238.0,,0.0,Neutral,0.0,Neutral
2012-11-06,237.0,,0.0,Neutral,0.0,Neutral
2012-11-05,238.0,,0.0,Neutral,0.0,Neutral
2012-11-04,228.0,,0.0,Neutral,0.0,Neutral
2012-11-01,227.0,,0.0,Neutral,0.0,Neutral
2012-10-31,225.0,,0.0,Neutral,0.0,Neutral
2012-10-30,218.0,2012-10-30,0.8767701387405396,Strongly Positive,0.8767701387405396,Strongly Positive
2012-10-18,209.0,2012-10-18,0.8931323885917664,Strongly Positive,1.3315174579620361,Strongly Positive
2012-10-17,209.0,,0.0,Neutral,0.6657587289810181,Strongly Positive
2012-10-15,199.0,,0.0,Neutral,0.2232830971479416,Positive
2012-10-14,200.0,,0.0,Neutral,0.0,Neutral
2012-10-11,195.0,,0.0,Neutral,0.0,Neutral
2012-10-10,195.0,,0.0,Neutral,0.0,Neutral
2012-10-09,195.0,,0.0,Neutral,0.0,Neutral
2012-10-08,197.0,2012-10-08,0.9025632739067078,Strongly Positive,0.9025632739067078,Strongly Positive
2012-10-07,197.0,,0.0,Neutral,0.4512816369533539,Positive
2012-10-04,192.0,,0.0,Neutral,0.22564081847667694,Positive
2012-10-03,188.0,,0.0,Neutral,0.0,Neutral
2012-10-02,188.0,,0.0,Neutral,0.0,Neutral
2012-10-01,186.0,,0.0,Neutral,0.0,Neutral
2012-10-01,186.0,,0.0,Neutral,0.0,Neutral
2012-09-30,192.0,,0.0,Neutral,0.0,Neutral
2012-09-26,191.0,,0.0,Neutral,0.0,Neutral
2012-09-25,190.0,,0.0,Neutral,0.0,Neutral
2012-09-24,191.0,,0.0,Neutral,0.0,Neutral
2012-09-23,196.0,,0.0,Neutral,0.0,Neutral
2012-09-20,202.0,2012-09-20,0.8236021995544434,Strongly Positive,0.8236021995544434,Strongly Positive
2012-09-19,208.0,,0.0,Neutral,0.4118010997772217,Positive
2012-09-18,212.0,,0.0,Neutral,0.20590054988861084,Positive
2012-09-17,212.0,,0.0,Neutral,0.0,Neutral
2012-09-16,210.0,,0.0,Neutral,0.0,Neutral
2012-09-13,208.0,,0.0,Neutral,0.0,Neutral
2012-09-12,204.0,,0.0,Neutral,0.0,Neutral
2012-09-11,209.0,2012-09-11,0.9140388369560242,Strongly Positive,0.9140388369560242,Strongly Positive
2012-09-10,205.0,,0.0,Neutral,0.4570194184780121,Positive
2012-09-09,205.0,,0.0,Neutral,0.22850970923900604,Positive
2012-09-06,206.0,,0.0,Neutral,0.0,Neutral
2012-09-05,204.0,,0.0,Neutral,0.0,Neutral
2012-09-04,209.0,,0.0,Neutral,0.0,Neutral
2012-09-03,210.0,,0.0,Neutral,0.0,Neutral
2012-09-02,210.0,,0.0,Neutral,0.0,Neutral
2012-08-30,201.0,,0.0,Neutral,0.0,Neutral
2012-08-29,203.0,,0.0,Neutral,0.0,Neutral
2012-08-28,200.0,,0.0,Neutral,0.0,Neutral
2012-08-27,194.0,2012-08-27,0.879736602306366,Strongly Positive,0.879736602306366,Strongly Positive
2012-08-26,194.0,,0.0,Neutral,0.439868301153183,Positive
2012-08-23,202.0,,0.0,Neutral,0.2199341505765915,Positive
2012-08-22,202.0,,0.0,Neutral,0.0,Neutral
2012-08-21,203.0,,0.0,Neutral,0.0,Neutral
2012-08-19,209.0,,0.0,Neutral,0.0,Neutral
2012-08-16,210.0,,0.0,Neutral,0.0,Neutral
2012-08-15,197.0,,0.0,Neutral,0.0,Neutral
2012-08-14,201.0,,0.0,Neutral,0.0,Neutral
2012-08-13,210.0,,0.0,Neutral,0.0,Neutral
2012-08-12,212.0,,0.0,Neutral,0.0,Neutral
2012-08-08,216.0,2012-08-08,0.8763875365257263,Strongly Positive,0.8763875365257263,Strongly Positive
2012-08-07,220.0,,0.0,Neutral,0.43819376826286316,Positive
2012-08-06,221.0,,0.0,Neutral,0.21909688413143158,Positive
2012-08-05,225.0,,0.0,Neutral,0.0,Neutral
2012-08-01,225.0,,0.0,Neutral,0.0,Neutral
2012-07-31,225.0,,0.0,Neutral,0.0,Neutral
2012-07-30,223.0,,0.0,Neutral,0.0,Neutral
2012-07-29,223.0,,0.0,Neutral,0.0,Neutral
2012-07-26,229.0,,0.0,Neutral,0.0,Neutral
2012-07-25,229.0,,0.0,Neutral,0.0,Neutral
2012-07-24,231.0,,0.0,Neutral,0.0,Neutral
2012-07-23,240.0,,0.0,Neutral,0.0,Neutral
2012-07-22,231.0,,0.0,Neutral,0.0,Neutral
2012-07-19,235.0,,0.0,Neutral,0.0,Neutral
2012-07-18,225.0,,0.0,Neutral,0.0,Neutral
2012-07-17,222.0,,0.0,Neutral,0.0,Neutral
2012-07-16,225.0,,0.0,Neutral,0.0,Neutral
2012-07-12,230.0,,0.0,Neutral,0.0,Neutral
2012-07-11,229.0,,0.0,Neutral,0.0,Neutral
2012-07-10,228.0,,0.0,Neutral,0.0,Neutral
2012-07-09,225.0,,0.0,Neutral,0.0,Neutral
2012-07-08,226.0,,0.0,Neutral,0.0,Neutral
2012-07-05,228.0,,0.0,Neutral,0.0,Neutral
2012-07-04,225.0,,0.0,Neutral,0.0,Neutral
2012-07-03,228.0,,0.0,Neutral,0.0,Neutral
2012-07-02,223.0,,0.0,Neutral,0.0,Neutral
2012-07-01,224.0,,0.0,Neutral,0.0,Neutral
2012-06-28,229.0,,0.0,Neutral,0.0,Neutral
2012-06-27,230.0,,0.0,Neutral,0.0,Neutral
2012-06-26,227.0,,0.0,Neutral,0.0,Neutral
2012-06-25,232.0,,0.0,Neutral,0.0,Neutral
2012-06-21,224.0,,0.0,Neutral,0.0,Neutral
2012-06-20,214.0,,0.0,Neutral,0.0,Neutral
2012-06-19,211.0,,0.0,Neutral,0.0,Neutral
2012-06-18,219.0,,0.0,Neutral,0.0,Neutral
2012-06-17,217.0,,0.0,Neutral,0.0,Neutral
2012-06-14,215.0,,0.0,Neutral,0.0,Neutral
2012-06-13,219.0,,0.0,Neutral,0.0,Neutral
2012-06-12,220.0,,0.0,Neutral,0.0,Neutral
2012-06-11,216.0,,0.0,Neutral,0.0,Neutral
2012-06-10,218.0,,0.0,Neutral,0.0,Neutral
2012-06-07,223.0,,0.0,Neutral,0.0,Neutral
2012-06-06,218.0,,0.0,Neutral,0.0,Neutral
2012-06-05,229.0,,0.0,Neutral,0.0,Neutral
2012-06-04,242.0,,0.0,Neutral,0.0,Neutral
2012-06-03,255.0,,0.0,Neutral,0.0,Neutral
2012-05-27,271.0,,0.0,Neutral,0.0,Neutral
2012-05-24,259.0,,0.0,Neutral,0.0,Neutral
2012-05-22,260.0,,0.0,Neutral,0.0,Neutral
2012-05-21,270.0,,0.0,Neutral,0.0,Neutral
2012-05-20,266.0,,0.0,Neutral,0.0,Neutral
2012-05-17,270.0,,0.0,Neutral,0.0,Neutral
2012-05-16,250.0,,0.0,Neutral,0.0,Neutral
2012-05-15,246.0,,0.0,Neutral,0.0,Neutral
2012-05-14,224.0,,0.0,Neutral,0.0,Neutral
2012-05-13,237.0,,0.0,Neutral,0.0,Neutral
2012-05-10,268.0,,0.0,Neutral,0.0,Neutral
2012-05-09,279.0,,0.0,Neutral,0.0,Neutral
2012-05-08,286.0,,0.0,Neutral,0.0,Neutral
2012-05-07,308.0,,0.0,Neutral,0.0,Neutral
2012-05-03,283.0,,0.0,Neutral,0.0,Neutral
2012-05-02,258.0,,0.0,Neutral,0.0,Neutral
2012-04-30,263.0,,0.0,Neutral,0.0,Neutral
2012-04-29,286.0,,0.0,Neutral,0.0,Neutral
2012-04-26,295.0,2012-04-26,0.8792151808738708,Strongly Positive,0.8792151808738708,Strongly Positive
2012-04-25,287.0,,0.0,Neutral,0.4396075904369354,Positive
2012-04-24,261.0,,0.0,Neutral,0.2198037952184677,Positive
2012-04-22,238.0,,0.0,Neutral,0.0,Neutral
2012-04-19,217.0,,0.0,Neutral,0.0,Neutral
2012-04-18,211.0,,0.0,Neutral,0.0,Neutral
2012-04-17,202.0,,0.0,Neutral,0.0,Neutral
2012-04-16,214.0,,0.0,Neutral,0.0,Neutral
2012-04-15,210.0,,0.0,Neutral,0.0,Neutral
2012-04-12,191.0,,0.0,Neutral,0.0,Neutral
2012-04-11,175.0,,0.0,Neutral,0.0,Neutral
2012-04-10,172.0,,0.0,Neutral,0.0,Neutral
2012-04-09,168.0,,0.0,Neutral,0.0,Neutral
2012-04-08,170.0,,0.0,Neutral,0.0,Neutral
2012-04-05,169.0,,0.0,Neutral,0.0,Neutral
2012-04-04,165.0,,0.0,Neutral,0.0,Neutral
2012-04-03,169.0,,0.0,Neutral,0.0,Neutral
2012-04-02,165.0,,0.0,Neutral,0.0,Neutral
2012-04-01,163.0,,0.0,Neutral,0.0,Neutral
2012-03-29,163.0,,0.0,Neutral,0.0,Neutral
2012-03-28,163.0,,0.0,Neutral,0.0,Neutral
2012-03-27,162.0,,0.0,Neutral,0.0,Neutral
2012-03-26,159.0,,0.0,Neutral,0.0,Neutral
2012-03-25,161.0,,0.0,Neutral,0.0,Neutral
2012-03-21,160.0,,0.0,Neutral,0.0,Neutral
2012-03-20,165.0,,0.0,Neutral,0.0,Neutral
2012-03-19,166.0,,0.0,Neutral,0.0,Neutral
2012-03-18,165.0,,0.0,Neutral,0.0,Neutral
2012-03-15,163.0,,0.0,Neutral,0.0,Neutral
2012-03-14,166.0,,0.0,Neutral,0.0,Neutral
2012-03-13,164.0,,0.0,Neutral,0.0,Neutral
2012-03-12,165.0,,0.0,Neutral,0.0,Neutral
2012-03-11,169.0,,0.0,Neutral,0.0,Neutral
2012-03-06,170.0,,0.0,Neutral,0.0,Neutral
2012-03-05,169.0,,0.0,Neutral,0.0,Neutral
2012-03-04,173.0,,0.0,Neutral,0.0,Neutral
2012-03-01,167.0,,0.0,Neutral,0.0,Neutral
2012-02-29,169.0,,0.0,Neutral,0.0,Neutral
2012-02-28,170.0,,0.0,Neutral,0.0,Neutral
2012-02-27,170.0,,0.0,Neutral,0.0,Neutral
2012-02-26,165.0,,0.0,Neutral,0.0,Neutral
2012-02-23,164.0,,0.0,Neutral,0.0,Neutral
2012-02-21,165.0,,0.0,Neutral,0.0,Neutral
2012-02-16,162.0,,0.0,Neutral,0.0,Neutral
2012-02-15,164.0,,0.0,Neutral,0.0,Neutral
2012-02-14,164.0,,0.0,Neutral,0.0,Neutral
2012-02-13,166.0,,0.0,Neutral,0.0,Neutral
2012-02-12,165.0,,0.0,Neutral,0.0,Neutral
2012-02-09,166.0,,0.0,Neutral,0.0,Neutral
2012-02-08,169.0,,0.0,Neutral,0.0,Neutral
2012-02-07,170.0,,0.0,Neutral,0.0,Neutral
2012-02-06,167.0,,0.0,Neutral,0.0,Neutral
2012-02-05,167.0,,0.0,Neutral,0.0,Neutral
2012-02-02,170.0,,0.0,Neutral,0.0,Neutral
2012-02-01,170.0,,0.0,Neutral,0.0,Neutral
2012-01-31,169.0,,0.0,Neutral,0.0,Neutral
2012-01-29,176.0,,0.0,Neutral,0.0,Neutral
2012-01-26,173.0,,0.0,Neutral,0.0,Neutral
2012-01-25,171.0,,0.0,Neutral,0.0,Neutral
2012-01-23,171.0,,0.0,Neutral,0.0,Neutral
2012-01-22,169.0,,0.0,Neutral,0.0,Neutral
2012-01-19,175.0,,0.0,Neutral,0.0,Neutral
2012-01-18,174.0,,0.0,Neutral,0.0,Neutral
2012-01-17,174.0,,0.0,Neutral,0.0,Neutral
2012-01-16,174.0,,0.0,Neutral,0.0,Neutral
2012-01-12,177.0,,0.0,Neutral,0.0,Neutral
2012-01-11,176.0,,0.0,Neutral,0.0,Neutral
2012-01-10,175.0,,0.0,Neutral,0.0,Neutral
2012-01-09,168.0,,0.0,Neutral,0.0,Neutral
2012-01-08,167.0,,0.0,Neutral,0.0,Neutral
2012-01-05,164.0,,0.0,Neutral,0.0,Neutral
2012-01-04,170.0,,0.0,Neutral,0.0,Neutral
2012-01-03,178.0,,0.0,Neutral,0.0,Neutral
2012-01-02,181.0,,0.0,Neutral,0.0,Neutral
2012-01-01,173.0,,0.0,Neutral,0.0,Neutral
2011-12-29,170.0,,0.0,Neutral,0.0,Neutral
2011-12-28,164.0,,0.0,Neutral,0.0,Neutral
2011-12-27,164.0,,0.0,Neutral,0.0,Neutral
2011-12-26,165.0,,0.0,Neutral,0.0,Neutral
2011-12-22,162.0,,0.0,Neutral,0.0,Neutral
2011-12-21,165.0,,0.0,Neutral,0.0,Neutral
2011-12-20,162.0,,0.0,Neutral,0.0,Neutral
2011-12-19,163.0,,0.0,Neutral,0.0,Neutral
2011-12-18,165.0,,0.0,Neutral,0.0,Neutral
2011-12-15,166.0,,0.0,Neutral,0.0,Neutral
2011-12-14,165.0,,0.0,Neutral,0.0,Neutral
2011-12-13,160.0,,0.0,Neutral,0.0,Neutral
2011-12-12,163.0,,0.0,Neutral,0.0,Neutral
2011-12-11,164.0,,0.0,Neutral,0.0,Neutral
2011-12-08,166.0,,0.0,Neutral,0.0,Neutral
2011-12-07,166.0,,0.0,Neutral,0.0,Neutral
2011-12-06,166.0,,0.0,Neutral,0.0,Neutral
2011-12-05,167.0,,0.0,Neutral,0.0,Neutral
2011-12-04,170.0,,0.0,Neutral,0.0,Neutral
2011-12-01,167.0,,0.0,Neutral,0.0,Neutral
2011-11-28,168.0,,0.0,Neutral,0.0,Neutral
2011-11-27,168.0,,0.0,Neutral,0.0,Neutral
2011-11-24,169.0,,0.0,Neutral,0.0,Neutral
2011-11-23,169.0,,0.0,Neutral,0.0,Neutral
2011-11-22,170.0,,0.0,Neutral,0.0,Neutral
2011-11-21,173.0,,0.0,Neutral,0.0,Neutral
2011-11-20,171.0,,0.0,Neutral,0.0,Neutral
2011-11-17,173.0,,0.0,Neutral,0.0,Neutral
2011-11-16,168.0,,0.0,Neutral,0.0,Neutral
2011-11-15,174.0,,0.0,Neutral,0.0,Neutral
2011-11-14,176.0,,0.0,Neutral,0.0,Neutral
2011-11-13,175.0,,0.0,Neutral,0.0,Neutral
2011-11-10,178.0,,0.0,Neutral,0.0,Neutral
2011-11-09,181.0,,0.0,Neutral,0.0,Neutral
2011-11-08,184.0,,0.0,Neutral,0.0,Neutral
2011-11-06,185.0,,0.0,Neutral,0.0,Neutral
2011-11-03,190.0,,0.0,Neutral,0.0,Neutral
2011-11-02,189.0,,0.0,Neutral,0.0,Neutral
2011-10-31,177.0,2011-10-31,0.6547511518001556,Strongly Positive,0.6547511518001556,Strongly Positive
2011-10-30,171.0,,0.0,Neutral,0.3273755759000778,Positive
2011-10-25,168.0,,0.0,Neutral,0.1636877879500389,Slightly Positive
2011-10-23,168.0,2011-10-23,0.885678768157959,Strongly Positive,0.885678768157959,Strongly Positive
2011-10-20,169.0,,0.0,Neutral,0.4428393840789795,Positive
2011-10-19,168.0,,0.0,Neutral,0.22141969203948975,Positive
2011-10-18,164.0,,0.0,Neutral,0.0,Neutral
2011-10-17,164.0,,0.0,Neutral,0.0,Neutral
2011-10-16,169.0,,0.0,Neutral,0.0,Neutral
2011-10-13,170.0,,0.0,Neutral,0.0,Neutral
2011-10-12,170.0,,0.0,Neutral,0.0,Neutral
2011-10-02,176.0,,0.0,Neutral,0.0,Neutral
2011-09-27,185.0,2011-09-27,0.1179360896348953,Slightly Positive,0.1179360896348953,Slightly Positive
2011-09-26,182.0,,0.0,Neutral,0.05896804481744765,Slightly Positive
2011-09-25,189.0,,0.0,Neutral,0.029484022408723824,Neutral
2011-09-22,197.0,2011-09-22,0.9205016493797302,Strongly Positive,0.9205016493797302,Strongly Positive
2011-09-21,190.0,,0.0,Neutral,0.4602508246898651,Positive
2011-09-20,178.0,2011-09-20,0.915716290473938,Strongly Positive,1.1458417028188705,Strongly Positive
2011-09-19,176.0,,0.0,Neutral,0.457858145236969,Positive
2011-09-18,176.0,,0.0,Neutral,0.2289290726184845,Positive
2011-09-15,176.0,,0.0,Neutral,0.0,Neutral
2011-09-14,173.0,,0.0,Neutral,0.0,Neutral
2011-09-13,173.0,,0.0,Neutral,0.0,Neutral
2011-09-12,173.0,,0.0,Neutral,0.0,Neutral
2011-09-08,175.0,,0.0,Neutral,0.0,Neutral
2011-09-07,184.0,,0.0,Neutral,0.0,Neutral
2011-09-06,180.0,,0.0,Neutral,0.0,Neutral
2011-09-05,186.0,,0.0,Neutral,0.0,Neutral
2011-09-04,194.0,,0.0,Neutral,0.0,Neutral
2011-09-01,195.0,,0.0,Neutral,0.0,Neutral
2011-08-30,194.0,,0.0,Neutral,0.0,Neutral
2011-08-29,193.0,,0.0,Neutral,0.0,Neutral
2011-08-28,188.0,,0.0,Neutral,0.0,Neutral
2011-08-25,190.0,,0.0,Neutral,0.0,Neutral
2011-08-24,189.0,,0.0,Neutral,0.0,Neutral
2011-08-23,190.0,,0.0,Neutral,0.0,Neutral
2011-08-22,190.0,,0.0,Neutral,0.0,Neutral
2011-08-18,199.0,,0.0,Neutral,0.0,Neutral
2011-08-17,199.0,2011-08-17,0.8718088865280151,Strongly Positive,0.8718088865280151,Strongly Positive
2011-08-16,208.0,,0.0,Neutral,0.43590444326400757,Positive
2011-08-15,211.0,,0.0,Neutral,0.21795222163200378,Positive
2011-08-11,210.0,,0.0,Neutral,0.0,Neutral
2011-08-10,208.0,,0.0,Neutral,0.0,Neutral
2011-08-09,203.0,,0.0,Neutral,0.0,Neutral
2011-08-08,200.0,,0.0,Neutral,0.0,Neutral
2011-08-07,207.0,,0.0,Neutral,0.0,Neutral
2011-08-04,213.0,,0.0,Neutral,0.0,Neutral
2011-08-03,211.0,,0.0,Neutral,0.0,Neutral
2011-08-02,217.0,,0.0,Neutral,0.0,Neutral
2011-08-01,219.0,,0.0,Neutral,0.0,Neutral
2011-07-31,214.0,,0.0,Neutral,0.0,Neutral
2011-07-28,225.0,2011-07-28,0.9249092936515808,Strongly Positive,0.9249092936515808,Strongly Positive
2011-07-27,221.0,,0.0,Neutral,0.4624546468257904,Positive
2011-07-26,215.0,,0.0,Neutral,0.2312273234128952,Positive
2011-07-25,218.0,,0.0,Neutral,0.0,Neutral
2011-07-24,226.0,,0.0,Neutral,0.0,Neutral
2011-07-21,236.0,,0.0,Neutral,0.0,Neutral
2011-07-20,234.0,,0.0,Neutral,0.0,Neutral
2011-07-19,230.0,,0.0,Neutral,0.0,Neutral
2011-07-18,233.0,,0.0,Neutral,0.0,Neutral
2011-07-17,226.0,,0.0,Neutral,0.0,Neutral
2011-07-14,222.0,,0.0,Neutral,0.0,Neutral
2011-07-13,218.0,,0.0,Neutral,0.0,Neutral
2011-07-12,213.0,,0.0,Neutral,0.0,Neutral
2011-07-11,212.0,,0.0,Neutral,0.0,Neutral
2011-07-10,216.0,,0.0,Neutral,0.0,Neutral
2011-07-07,204.0,,0.0,Neutral,0.0,Neutral
2011-07-06,212.0,,0.0,Neutral,0.0,Neutral
2011-07-05,203.0,,0.0,Neutral,0.0,Neutral
2011-07-04,197.0,,0.0,Neutral,0.0,Neutral
2011-07-03,192.0,,0.0,Neutral,0.0,Neutral
2011-06-30,186.0,,0.0,Neutral,0.0,Neutral
2011-06-29,181.0,,0.0,Neutral,0.0,Neutral
2011-06-27,179.0,,0.0,Neutral,0.0,Neutral
2011-06-26,198.0,,0.0,Neutral,0.0,Neutral
2011-06-23,184.0,,0.0,Neutral,0.0,Neutral
2011-06-21,169.0,,0.0,Neutral,0.0,Neutral
2011-06-20,154.0,,0.0,Neutral,0.0,Neutral
2011-06-19,154.0,,0.0,Neutral,0.0,Neutral
2011-06-16,151.0,,0.0,Neutral,0.0,Neutral
2011-06-15,153.0,,0.0,Neutral,0.0,Neutral
2011-06-14,158.0,,0.0,Neutral,0.0,Neutral
2011-06-13,159.0,,0.0,Neutral,0.0,Neutral
2011-06-12,150.0,,0.0,Neutral,0.0,Neutral
2011-06-09,159.0,,0.0,Neutral,0.0,Neutral
2011-06-08,165.0,,0.0,Neutral,0.0,Neutral
2011-06-07,167.0,,0.0,Neutral,0.0,Neutral
2011-06-06,173.0,,0.0,Neutral,0.0,Neutral
2011-06-05,175.0,,0.0,Neutral,0.0,Neutral
2011-06-02,189.0,,0.0,Neutral,0.0,Neutral
2011-06-01,194.0,,0.0,Neutral,0.0,Neutral
2011-05-31,193.0,,0.0,Neutral,0.0,Neutral
2011-05-30,196.0,,0.0,Neutral,0.0,Neutral
2011-05-26,193.0,,0.0,Neutral,0.0,Neutral
2011-05-25,198.0,,0.0,Neutral,0.0,Neutral
2011-05-24,197.0,,0.0,Neutral,0.0,Neutral
2011-05-23,193.0,,0.0,Neutral,0.0,Neutral
2011-05-22,199.0,,0.0,Neutral,0.0,Neutral
2011-05-19,204.0,,0.0,Neutral,0.0,Neutral
2011-05-18,204.0,,0.0,Neutral,0.0,Neutral
2011-05-16,204.0,,0.0,Neutral,0.0,Neutral
2011-05-15,205.0,,0.0,Neutral,0.0,Neutral
2011-05-12,208.0,,0.0,Neutral,0.0,Neutral
2011-05-11,200.0,,0.0,Neutral,0.0,Neutral
2011-05-10,201.0,,0.0,Neutral,0.0,Neutral
2011-05-09,185.0,,0.0,Neutral,0.0,Neutral
2011-05-08,188.0,,0.0,Neutral,0.0,Neutral
2011-05-05,181.0,,0.0,Neutral,0.0,Neutral
2011-05-04,170.0,,0.0,Neutral,0.0,Neutral
2011-05-03,167.0,2011-05-03,0.9153393507003784,Strongly Positive,0.9153393507003784,Strongly Positive
2011-05-02,176.0,,0.0,Neutral,0.4576696753501892,Positive
2011-04-28,175.0,,0.0,Neutral,0.2288348376750946,Positive
2011-04-27,184.0,,0.0,Neutral,0.0,Neutral
2011-04-25,181.0,,0.0,Neutral,0.0,Neutral
2011-04-21,186.0,2011-04-21,-0.8625680208206177,Strongly Negative,-0.8625680208206177,Strongly Negative
2011-04-20,192.0,,0.0,Neutral,-0.43128401041030884,Negative
2011-04-19,197.0,,0.0,Neutral,-0.21564200520515442,Negative
2011-04-18,190.0,,0.0,Neutral,0.0,Neutral
2011-04-17,193.0,,0.0,Neutral,0.0,Neutral
2011-04-13,196.0,,0.0,Neutral,0.0,Neutral
2011-04-11,201.0,,0.0,Neutral,0.0,Neutral
2011-04-10,206.0,,0.0,Neutral,0.0,Neutral
2011-04-07,208.0,,0.0,Neutral,0.0,Neutral
2011-04-06,208.0,,0.0,Neutral,0.0,Neutral
2011-04-05,209.0,,0.0,Neutral,0.0,Neutral
2011-04-04,208.0,,0.0,Neutral,0.0,Neutral
2011-03-31,206.0,,0.0,Neutral,0.0,Neutral
2011-03-30,200.0,,0.0,Neutral,0.0,Neutral
2011-03-29,200.0,,0.0,Neutral,0.0,Neutral
2011-03-28,200.0,,0.0,Neutral,0.0,Neutral
2011-03-27,208.0,2011-03-27,0.878710150718689,Strongly Positive,0.878710150718689,Strongly Positive
2011-03-25,215.0,,0.0,Neutral,0.4393550753593445,Positive
2011-03-24,218.0,,0.0,Neutral,0.21967753767967224,Positive
2011-03-20,217.0,,0.0,Neutral,0.0,Neutral
2011-03-17,207.0,,0.0,Neutral,0.0,Neutral
2011-03-16,210.0,,0.0,Neutral,0.0,Neutral
2011-03-15,205.0,,0.0,Neutral,0.0,Neutral
2011-03-14,217.0,,0.0,Neutral,0.0,Neutral
2011-03-13,213.0,,0.0,Neutral,0.0,Neutral
2011-03-10,218.0,,0.0,Neutral,0.0,Neutral
2011-03-09,228.0,,0.0,Neutral,0.0,Neutral
2011-03-07,230.0,,0.0,Neutral,0.0,Neutral
2011-03-03,226.0,,0.0,Neutral,0.0,Neutral
2011-02-28,223.0,,0.0,Neutral,0.0,Neutral
2011-02-27,223.0,,0.0,Neutral,0.0,Neutral
2011-02-24,230.0,,0.0,Neutral,0.0,Neutral
2011-02-23,234.0,,0.0,Neutral,0.0,Neutral
2011-02-22,235.0,,0.0,Neutral,0.0,Neutral
2011-02-21,237.0,,0.0,Neutral,0.0,Neutral
2011-02-20,240.0,,0.0,Neutral,0.0,Neutral
2011-02-17,239.0,,0.0,Neutral,0.0,Neutral
2011-02-16,242.0,,0.0,Neutral,0.0,Neutral
2011-02-15,238.0,,0.0,Neutral,0.0,Neutral
2011-02-14,240.0,,0.0,Neutral,0.0,Neutral
2011-02-13,243.0,,0.0,Neutral,0.0,Neutral
2011-02-10,242.0,,0.0,Neutral,0.0,Neutral
2011-02-09,248.0,,0.0,Neutral,0.0,Neutral
2011-02-08,252.0,,0.0,Neutral,0.0,Neutral
2011-02-07,251.0,,0.0,Neutral,0.0,Neutral
2011-02-06,247.0,,0.0,Neutral,0.0,Neutral
2011-02-03,248.0,,0.0,Neutral,0.0,Neutral
2011-02-02,248.0,,0.0,Neutral,0.0,Neutral
2011-02-01,246.0,,0.0,Neutral,0.0,Neutral
2011-01-31,255.0,,0.0,Neutral,0.0,Neutral
2011-01-24,255.0,,0.0,Neutral,0.0,Neutral
2011-01-23,247.0,,0.0,Neutral,0.0,Neutral
2011-01-20,251.0,,0.0,Neutral,0.0,Neutral
2011-01-19,252.0,,0.0,Neutral,0.0,Neutral
2011-01-18,252.0,,0.0,Neutral,0.0,Neutral
2011-01-17,251.0,,0.0,Neutral,0.0,Neutral
2011-01-16,250.0,,0.0,Neutral,0.0,Neutral
2011-01-13,250.0,,0.0,Neutral,0.0,Neutral
2011-01-12,248.0,,0.0,Neutral,0.0,Neutral
2011-01-11,249.0,,0.0,Neutral,0.0,Neutral
2011-01-10,245.0,,0.0,Neutral,0.0,Neutral
2011-01-09,245.0,,0.0,Neutral,0.0,Neutral
2011-01-06,253.0,,0.0,Neutral,0.0,Neutral
2011-01-05,248.0,,0.0,Neutral,0.0,Neutral
2011-01-04,245.0,,0.0,Neutral,0.0,Neutral
2011-01-03,241.0,,0.0,Neutral,0.0,Neutral
2011-01-03,222.0,,0.0,Neutral,0.0,Neutral
2011-01-02,250.0,,0.0,Neutral,0.0,Neutral
2010-12-29,260.0,,0.0,Neutral,0.0,Neutral
2010-12-28,255.0,,0.0,Neutral,0.0,Neutral
2010-12-27,258.0,,0.0,Neutral,0.0,Neutral
2010-12-26,260.0,,0.0,Neutral,0.0,Neutral
2010-12-23,251.0,,0.0,Neutral,0.0,Neutral
2010-12-22,249.0,,0.0,Neutral,0.0,Neutral
2010-12-20,242.0,,0.0,Neutral,0.0,Neutral
2010-12-19,242.0,,0.0,Neutral,0.0,Neutral
2010-12-16,241.0,,0.0,Neutral,0.0,Neutral
2010-12-15,253.0,,0.0,Neutral,0.0,Neutral
2010-12-14,256.0,,0.0,Neutral,0.0,Neutral
2010-12-13,270.0,,0.0,Neutral,0.0,Neutral
2010-12-12,270.0,,0.0,Neutral,0.0,Neutral
2010-12-09,270.0,,0.0,Neutral,0.0,Neutral
2010-12-08,270.0,,0.0,Neutral,0.0,Neutral
2010-12-07,270.0,,0.0,Neutral,0.0,Neutral
2010-12-06,270.0,,0.0,Neutral,0.0,Neutral
2010-12-05,270.0,,0.0,Neutral,0.0,Neutral
2010-12-02,276.0,,0.0,Neutral,0.0,Neutral
2010-12-01,285.0,,0.0,Neutral,0.0,Neutral
2010-11-30,287.0,,0.0,Neutral,0.0,Neutral
2010-11-29,285.0,,0.0,Neutral,0.0,Neutral
2010-11-28,287.0,,0.0,Neutral,0.0,Neutral
2010-11-25,286.0,,0.0,Neutral,0.0,Neutral
2010-11-24,285.0,,0.0,Neutral,0.0,Neutral
2010-11-23,281.0,,0.0,Neutral,0.0,Neutral
2010-11-22,295.0,,0.0,Neutral,0.0,Neutral
2010-11-21,300.0,,0.0,Neutral,0.0,Neutral
2010-11-18,295.0,,0.0,Neutral,0.0,Neutral
2010-11-16,300.0,,0.0,Neutral,0.0,Neutral
2010-11-15,300.0,,0.0,Neutral,0.0,Neutral
2010-11-14,305.0,,0.0,Neutral,0.0,Neutral
2010-11-11,300.0,,0.0,Neutral,0.0,Neutral
2010-11-10,300.0,,0.0,Neutral,0.0,Neutral
2010-11-09,300.0,,0.0,Neutral,0.0,Neutral
2010-11-04,294.0,,0.0,Neutral,0.0,Neutral
2010-11-03,295.0,,0.0,Neutral,0.0,Neutral
2010-11-02,296.0,,0.0,Neutral,0.0,Neutral
2010-11-01,292.0,,0.0,Neutral,0.0,Neutral
2010-10-31,293.0,,0.0,Neutral,0.0,Neutral
2010-10-28,297.0,,0.0,Neutral,0.0,Neutral
2010-10-27,300.0,,0.0,Neutral,0.0,Neutral
2010-10-26,295.0,,0.0,Neutral,0.0,Neutral
2010-10-25,302.0,,0.0,Neutral,0.0,Neutral
2010-10-24,295.0,,0.0,Neutral,0.0,Neutral
2010-10-21,290.0,,0.0,Neutral,0.0,Neutral
2010-10-20,290.0,,0.0,Neutral,0.0,Neutral
2010-10-13,292.0,,0.0,Neutral,0.0,Neutral
2010-10-12,299.0,,0.0,Neutral,0.0,Neutral
2010-10-11,302.0,,0.0,Neutral,0.0,Neutral
2010-10-10,300.0,,0.0,Neutral,0.0,Neutral
2010-10-07,304.0,,0.0,Neutral,0.0,Neutral
2010-10-06,305.0,,0.0,Neutral,0.0,Neutral
2010-10-05,295.0,,0.0,Neutral,0.0,Neutral
2010-10-04,291.0,,0.0,Neutral,0.0,Neutral
2010-10-03,290.0,,0.0,Neutral,0.0,Neutral
2010-09-30,290.0,,0.0,Neutral,0.0,Neutral
2010-09-29,290.0,,0.0,Neutral,0.0,Neutral
2010-09-28,290.0,,0.0,Neutral,0.0,Neutral
2010-09-27,290.0,,0.0,Neutral,0.0,Neutral
2010-09-26,284.0,,0.0,Neutral,0.0,Neutral
2010-09-23,288.0,,0.0,Neutral,0.0,Neutral
2010-09-21,283.0,,0.0,Neutral,0.0,Neutral
2010-09-20,291.0,,0.0,Neutral,0.0,Neutral
2010-09-19,292.0,,0.0,Neutral,0.0,Neutral
2010-09-16,290.0,,0.0,Neutral,0.0,Neutral
2010-09-15,290.0,,0.0,Neutral,0.0,Neutral
2010-09-14,287.0,,0.0,Neutral,0.0,Neutral
2010-09-13,285.0,,0.0,Neutral,0.0,Neutral
2010-09-12,290.0,,0.0,Neutral,0.0,Neutral
2010-09-09,290.0,,0.0,Neutral,0.0,Neutral
2010-09-08,295.0,,0.0,Neutral,0.0,Neutral
2010-09-07,293.0,,0.0,Neutral,0.0,Neutral
2010-09-02,288.0,,0.0,Neutral,0.0,Neutral
2010-07-29,300.0,,0.0,Neutral,0.0,Neutral
2010-07-28,300.0,,0.0,Neutral,0.0,Neutral
2010-07-27,300.0,,0.0,Neutral,0.0,Neutral
2010-07-26,292.0,,0.0,Neutral,0.0,Neutral
2010-07-25,292.0,,0.0,Neutral,0.0,Neutral
2010-07-22,300.0,,0.0,Neutral,0.0,Neutral
2010-07-16,490.0,,0.0,Neutral,0.0,Neutral
2010-07-14,491.0,,0.0,Neutral,0.0,Neutral
2010-07-13,500.0,,0.0,Neutral,0.0,Neutral
2010-07-12,501.0,,0.0,Neutral,0.0,Neutral
2010-07-11,509.0,,0.0,Neutral,0.0,Neutral
2010-07-08,512.0,,0.0,Neutral,0.0,Neutral
2010-07-07,510.0,,0.0,Neutral,0.0,Neutral
2010-07-06,506.0,,0.0,Neutral,0.0,Neutral
2010-07-05,509.0,,0.0,Neutral,0.0,Neutral
2010-07-04,529.0,,0.0,Neutral,0.0,Neutral
2010-07-01,532.0,,0.0,Neutral,0.0,Neutral
2010-06-30,530.0,,0.0,Neutral,0.0,Neutral
2010-06-29,530.0,,0.0,Neutral,0.0,Neutral
2010-06-26,507.0,,0.0,Neutral,0.0,Neutral
2010-06-23,500.0,,0.0,Neutral,0.0,Neutral
2010-06-22,495.0,,0.0,Neutral,0.0,Neutral
2010-06-21,495.0,,0.0,Neutral,0.0,Neutral
2010-06-20,490.0,,0.0,Neutral,0.0,Neutral
2010-06-17,495.0,,0.0,Neutral,0.0,Neutral
2010-06-15,495.0,,0.0,Neutral,0.0,Neutral
2010-06-14,500.0,,0.0,Neutral,0.0,Neutral
2010-06-13,511.0,,0.0,Neutral,0.0,Neutral
2010-06-10,518.0,,0.0,Neutral,0.0,Neutral
2010-06-09,522.0,,0.0,Neutral,0.0,Neutral
2010-06-08,515.0,,0.0,Neutral,0.0,Neutral
2010-06-07,510.0,,0.0,Neutral,0.0,Neutral
2010-06-06,505.0,,0.0,Neutral,0.0,Neutral
2010-06-03,513.0,,0.0,Neutral,0.0,Neutral
2010-06-02,502.0,,0.0,Neutral,0.0,Neutral
2010-06-01,508.0,,0.0,Neutral,0.0,Neutral
2010-05-31,527.0,,0.0,Neutral,0.0,Neutral
2010-05-30,559.0,,0.0,Neutral,0.0,Neutral
2010-05-26,525.0,,0.0,Neutral,0.0,Neutral
2010-05-25,504.0,,0.0,Neutral,0.0,Neutral
2010-05-24,467.0,,0.0,Neutral,0.0,Neutral
2010-05-23,450.0,,0.0,Neutral,0.0,Neutral
2010-05-20,455.0,,0.0,Neutral,0.0,Neutral
2010-05-19,450.0,,0.0,Neutral,0.0,Neutral
2010-05-18,453.0,,0.0,Neutral,0.0,Neutral
2010-05-17,415.0,,0.0,Neutral,0.0,Neutral
2010-05-16,418.0,,0.0,Neutral,0.0,Neutral
2010-05-13,439.0,,0.0,Neutral,0.0,Neutral
2010-05-12,400.0,,0.0,Neutral,0.0,Neutral
2010-05-11,364.0,,0.0,Neutral,0.0,Neutral
2010-05-10,370.0,,0.0,Neutral,0.0,Neutral
2010-05-09,360.0,,0.0,Neutral,0.0,Neutral
2010-04-29,361.0,,0.0,Neutral,0.0,Neutral
2010-04-28,358.0,,0.0,Neutral,0.0,Neutral
2010-04-27,355.0,,0.0,Neutral,0.0,Neutral
2010-04-26,380.0,,0.0,Neutral,0.0,Neutral
2010-04-25,395.0,,0.0,Neutral,0.0,Neutral
2010-04-22,397.0,,0.0,Neutral,0.0,Neutral
2010-04-21,384.0,,0.0,Neutral,0.0,Neutral
2010-04-20,405.0,,0.0,Neutral,0.0,Neutral
2010-04-19,408.0,,0.0,Neutral,0.0,Neutral
2010-04-18,405.0,,0.0,Neutral,0.0,Neutral
2010-04-15,406.0,,0.0,Neutral,0.0,Neutral
2010-04-13,409.0,,0.0,Neutral,0.0,Neutral
2010-04-12,430.0,,0.0,Neutral,0.0,Neutral
2010-04-11,434.0,,0.0,Neutral,0.0,Neutral
2010-04-08,444.0,,0.0,Neutral,0.0,Neutral
2010-04-07,440.0,,0.0,Neutral,0.0,Neutral
2010-04-06,430.0,,0.0,Neutral,0.0,Neutral
2010-04-05,444.0,,0.0,Neutral,0.0,Neutral
2010-04-04,430.0,,0.0,Neutral,0.0,Neutral
2010-04-01,423.0,,0.0,Neutral,0.0,Neutral
2010-03-31,401.0,,0.0,Neutral,0.0,Neutral
2010-03-30,393.0,,0.0,Neutral,0.0,Neutral
2010-03-29,432.0,,0.0,Neutral,0.0,Neutral
2010-03-28,435.0,,0.0,Neutral,0.0,Neutral
2010-03-25,445.0,,0.0,Neutral,0.0,Neutral
2010-03-23,440.0,,0.0,Neutral,0.0,Neutral
2010-03-22,442.0,,0.0,Neutral,0.0,Neutral
2010-03-18,475.0,,0.0,Neutral,0.0,Neutral
2010-03-17,485.0,,0.0,Neutral,0.0,Neutral
2010-03-16,482.0,,0.0,Neutral,0.0,Neutral
2010-03-14,485.0,,0.0,Neutral,0.0,Neutral
2010-03-11,486.0,,0.0,Neutral,0.0,Neutral
2010-03-10,499.0,,0.0,Neutral,0.0,Neutral
2010-03-09,512.0,,0.0,Neutral,0.0,Neutral
2010-03-07,513.0,,0.0,Neutral,0.0,Neutral
2010-03-04,535.0,,0.0,Neutral,0.0,Neutral
2010-03-03,532.0,,0.0,Neutral,0.0,Neutral
2010-03-02,515.0,,0.0,Neutral,0.0,Neutral
2010-03-01,516.0,,0.0,Neutral,0.0,Neutral
2010-02-18,510.0,,0.0,Neutral,0.0,Neutral
2010-02-17,495.0,,0.0,Neutral,0.0,Neutral
2010-02-16,510.0,,0.0,Neutral,0.0,Neutral
2010-02-15,517.0,,0.0,Neutral,0.0,Neutral
2010-02-11,510.0,,0.0,Neutral,0.0,Neutral
2010-02-10,510.0,,0.0,Neutral,0.0,Neutral
2010-02-09,495.0,,0.0,Neutral,0.0,Neutral
2010-02-08,490.0,,0.0,Neutral,0.0,Neutral
2010-02-07,500.0,,0.0,Neutral,0.0,Neutral
2010-02-04,520.0,,0.0,Neutral,0.0,Neutral
2010-02-03,520.0,,0.0,Neutral,0.0,Neutral
2010-02-02,525.0,,0.0,Neutral,0.0,Neutral
2010-02-01,530.0,,0.0,Neutral,0.0,Neutral
2010-01-31,518.0,,0.0,Neutral,0.0,Neutral
2010-01-28,517.0,,0.0,Neutral,0.0,Neutral
2010-01-27,525.0,,0.0,Neutral,0.0,Neutral
2010-01-26,510.0,,0.0,Neutral,0.0,Neutral
2010-01-25,515.0,,0.0,Neutral,0.0,Neutral
2010-01-21,520.0,,0.0,Neutral,0.0,Neutral
2010-01-20,531.0,,0.0,Neutral,0.0,Neutral
2010-01-19,535.0,,0.0,Neutral,0.0,Neutral
2010-01-18,540.0,,0.0,Neutral,0.0,Neutral
2010-01-17,550.0,,0.0,Neutral,0.0,Neutral
2010-01-14,570.0,,0.0,Neutral,0.0,Neutral
2010-01-13,570.0,,0.0,Neutral,0.0,Neutral
2010-01-12,566.0,,0.0,Neutral,0.0,Neutral
2010-01-11,569.0,,0.0,Neutral,0.0,Neutral
2010-01-10,577.0,,0.0,Neutral,0.0,Neutral
2010-01-07,571.0,,0.0,Neutral,0.0,Neutral
2010-01-06,566.0,,0.0,Neutral,0.0,Neutral
2010-01-05,580.0,,0.0,Neutral,0.0,Neutral
2010-01-04,590.0,,0.0,Neutral,0.0,Neutral
2010-01-03,590.0,,0.0,Neutral,0.0,Neutral
2009-12-31,600.0,,0.0,Neutral,0.0,Neutral
2009-12-29,590.0,,0.0,Neutral,0.0,Neutral
2009-12-28,593.0,,0.0,Neutral,0.0,Neutral
2009-12-24,590.0,,0.0,Neutral,0.0,Neutral
2009-12-23,610.0,,0.0,Neutral,0.0,Neutral
2009-12-22,600.0,,0.0,Neutral,0.0,Neutral
2009-12-21,578.0,,0.0,Neutral,0.0,Neutral
2009-12-20,578.0,,0.0,Neutral,0.0,Neutral
2009-12-17,579.0,,0.0,Neutral,0.0,Neutral
2009-12-16,600.0,,0.0,Neutral,0.0,Neutral
2009-12-15,608.0,,0.0,Neutral,0.0,Neutral
2009-12-14,630.0,,0.0,Neutral,0.0,Neutral
2009-12-13,630.0,,0.0,Neutral,0.0,Neutral
2009-12-10,620.0,,0.0,Neutral,0.0,Neutral
2009-12-09,580.0,,0.0,Neutral,0.0,Neutral
2009-12-08,560.0,,0.0,Neutral,0.0,Neutral
2009-12-07,530.0,,0.0,Neutral,0.0,Neutral
2009-12-06,520.0,,0.0,Neutral,0.0,Neutral
2009-12-03,500.0,,0.0,Neutral,0.0,Neutral
2009-12-01,506.0,,0.0,Neutral,0.0,Neutral
2009-11-30,540.0,,0.0,Neutral,0.0,Neutral
2009-11-26,556.0,,0.0,Neutral,0.0,Neutral
2009-11-25,565.0,,0.0,Neutral,0.0,Neutral
2009-11-24,580.0,,0.0,Neutral,0.0,Neutral
2009-11-22,610.0,,0.0,Neutral,0.0,Neutral
2009-11-19,609.0,,0.0,Neutral,0.0,Neutral
2009-11-18,612.0,,0.0,Neutral,0.0,Neutral
2009-11-17,615.0,,0.0,Neutral,0.0,Neutral
2009-11-16,620.0,,0.0,Neutral,0.0,Neutral
2009-11-15,625.0,,0.0,Neutral,0.0,Neutral
2009-11-12,625.0,,0.0,Neutral,0.0,Neutral
2009-11-11,650.0,,0.0,Neutral,0.0,Neutral
2009-11-10,650.0,,0.0,Neutral,0.0,Neutral
2009-11-09,648.0,,0.0,Neutral,0.0,Neutral
2009-11-08,640.0,,0.0,Neutral,0.0,Neutral
2009-11-05,647.0,,0.0,Neutral,0.0,Neutral
2009-11-04,636.0,,0.0,Neutral,0.0,Neutral
2009-11-03,615.0,,0.0,Neutral,0.0,Neutral
2009-11-02,612.0,,0.0,Neutral,0.0,Neutral
2009-11-01,608.0,,0.0,Neutral,0.0,Neutral
2009-10-29,622.0,,0.0,Neutral,0.0,Neutral
2009-10-28,635.0,,0.0,Neutral,0.0,Neutral
2009-10-27,683.0,,0.0,Neutral,0.0,Neutral
2009-10-26,660.0,,0.0,Neutral,0.0,Neutral
2009-10-25,670.0,,0.0,Neutral,0.0,Neutral
2009-10-22,680.0,,0.0,Neutral,0.0,Neutral
2009-10-21,685.0,,0.0,Neutral,0.0,Neutral
2009-10-15,681.0,,0.0,Neutral,0.0,Neutral
2009-10-14,680.0,,0.0,Neutral,0.0,Neutral
2009-10-13,676.0,,0.0,Neutral,0.0,Neutral
2009-10-12,670.0,,0.0,Neutral,0.0,Neutral
2009-10-11,638.0,,0.0,Neutral,0.0,Neutral
2009-10-08,680.0,,0.0,Neutral,0.0,Neutral
2009-10-07,690.0,,0.0,Neutral,0.0,Neutral
2009-10-06,700.0,,0.0,Neutral,0.0,Neutral
2009-10-05,705.0,,0.0,Neutral,0.0,Neutral
2009-10-04,701.0,,0.0,Neutral,0.0,Neutral
2009-09-28,675.0,,0.0,Neutral,0.0,Neutral
2009-09-27,666.0,,0.0,Neutral,0.0,Neutral
2009-09-24,700.0,,0.0,Neutral,0.0,Neutral
2009-09-23,700.0,,0.0,Neutral,0.0,Neutral
2009-09-22,700.0,,0.0,Neutral,0.0,Neutral
2009-09-20,675.0,,0.0,Neutral,0.0,Neutral
2009-09-17,681.0,,0.0,Neutral,0.0,Neutral
2009-09-16,688.0,,0.0,Neutral,0.0,Neutral
2009-09-15,671.0,,0.0,Neutral,0.0,Neutral
2009-09-14,670.0,,0.0,Neutral,0.0,Neutral
2009-09-13,642.0,,0.0,Neutral,0.0,Neutral
2009-09-10,628.0,,0.0,Neutral,0.0,Neutral
2009-09-09,649.0,,0.0,Neutral,0.0,Neutral
2009-09-08,662.0,,0.0,Neutral,0.0,Neutral
2009-09-07,662.0,,0.0,Neutral,0.0,Neutral
2009-09-06,668.0,,0.0,Neutral,0.0,Neutral
2009-09-06,290.0,,0.0,Neutral,0.0,Neutral
2009-09-05,283.0,,0.0,Neutral,0.0,Neutral
2009-09-02,670.0,,0.0,Neutral,0.0,Neutral
2009-09-01,678.0,,0.0,Neutral,0.0,Neutral
2009-08-31,694.0,,0.0,Neutral,0.0,Neutral
2009-08-30,685.0,,0.0,Neutral,0.0,Neutral
2009-08-27,700.0,,0.0,Neutral,0.0,Neutral
2009-08-26,700.0,,0.0,Neutral,0.0,Neutral
2009-08-25,695.0,,0.0,Neutral,0.0,Neutral
2009-08-24,701.0,,0.0,Neutral,0.0,Neutral
2009-08-23,720.0,,0.0,Neutral,0.0,Neutral
2009-08-20,740.0,,0.0,Neutral,0.0,Neutral
2009-08-19,740.0,,0.0,Neutral,0.0,Neutral
2009-08-18,695.0,,0.0,Neutral,0.0,Neutral
2009-08-17,680.0,,0.0,Neutral,0.0,Neutral
2009-08-16,710.0,,0.0,Neutral,0.0,Neutral
2009-08-12,680.0,,0.0,Neutral,0.0,Neutral
2009-08-11,672.0,,0.0,Neutral,0.0,Neutral
2009-08-10,660.0,,0.0,Neutral,0.0,Neutral
2009-08-09,662.0,,0.0,Neutral,0.0,Neutral
2009-08-04,660.0,,0.0,Neutral,0.0,Neutral
2009-08-03,659.0,,0.0,Neutral,0.0,Neutral
2009-08-02,660.0,,0.0,Neutral,0.0,Neutral
2009-07-30,670.0,,0.0,Neutral,0.0,Neutral
2009-07-29,670.0,,0.0,Neutral,0.0,Neutral
2009-07-26,632.0,,0.0,Neutral,0.0,Neutral
2009-07-23,661.0,,0.0,Neutral,0.0,Neutral
2009-07-21,654.0,,0.0,Neutral,0.0,Neutral
2009-07-20,651.0,,0.0,Neutral,0.0,Neutral
2009-07-19,645.0,,0.0,Neutral,0.0,Neutral
2009-07-16,628.0,,0.0,Neutral,0.0,Neutral
2009-07-15,660.0,,0.0,Neutral,0.0,Neutral
2009-07-14,680.0,,0.0,Neutral,0.0,Neutral
2009-07-13,626.0,,0.0,Neutral,0.0,Neutral
2009-07-09,615.0,,0.0,Neutral,0.0,Neutral
2009-07-08,595.0,,0.0,Neutral,0.0,Neutral
2009-07-07,571.0,,0.0,Neutral,0.0,Neutral
2009-07-06,559.0,,0.0,Neutral,0.0,Neutral
2009-07-05,549.0,,0.0,Neutral,0.0,Neutral
2009-07-02,536.0,,0.0,Neutral,0.0,Neutral
2009-07-01,517.0,,0.0,Neutral,0.0,Neutral
2009-06-30,519.0,,0.0,Neutral,0.0,Neutral
2009-06-29,520.0,,0.0,Neutral,0.0,Neutral
2009-06-28,520.0,,0.0,Neutral,0.0,Neutral
2009-06-25,520.0,,0.0,Neutral,0.0,Neutral
2009-06-24,530.0,,0.0,Neutral,0.0,Neutral
2009-06-23,544.0,,0.0,Neutral,0.0,Neutral
2009-06-22,547.0,,0.0,Neutral,0.0,Neutral
2009-06-21,550.0,,0.0,Neutral,0.0,Neutral
2009-06-18,563.0,,0.0,Neutral,0.0,Neutral
2009-06-17,562.0,,0.0,Neutral,0.0,Neutral
2009-06-16,575.0,,0.0,Neutral,0.0,Neutral
2009-06-15,570.0,,0.0,Neutral,0.0,Neutral
2009-06-12,620.0,,0.0,Neutral,0.0,Neutral
2009-01-23,590.0,,0.0,Neutral,0.0,Neutral
2007-12-27,585.0,,0.0,Neutral,0.0,Neutral
